114
21
172
0	1.570392732195782e+03 3.025315410553647e+02 8.256108849411653e+02	0.000000000000000e+00 0.000000000000000e+00 0.000000000000000e+00	1.000000000000000e+00	0	0	0
1	 1.130451827073287e+03 -5.773502691896260e+02  1.265551790063660e+03	0.000000000000000e+00 0.000000000000000e+00 0.000000000000000e+00	1.000000000000000e+00	0	0	1
2	-1.974537920628516e+02 -1.241303078757696e+03  6.015989804955904e+02	0.000000000000000e+00 0.000000000000000e+00 0.000000000000000e+00	1.000000000000000e+00	0	0	2
3	 2.032272947547480e+02 -1.641984165575296e+03  1.402961154130791e+03	0.000000000000000e+00 0.000000000000000e+00 0.000000000000000e+00	1.000000000000000e+00	0	0	3
4	 6.431681998772439e+02 -7.621023553303065e+02  9.630202490082960e+02	0.000000000000000e+00 0.000000000000000e+00 0.000000000000000e+00	1.000000000000000e+00	0	0	4
5	 1.971073819013383e+03 -9.814954576223676e+01  1.626973058576365e+03	0.000000000000000e+00 0.000000000000000e+00 0.000000000000000e+00	1.000000000000000e+00	0	0	5
6	1.569753879186927e+03 3.031703940642196e+02 8.262497379500203e+02	-1.200928963953629e-04  1.252162910532206e-04  1.175114593934268e-04	1.000000000000000e+00	0	0	6
7	 1.128004453107815e+03 -5.749028952241543e+02  1.267999164029132e+03	-9.329787183863421e-04  9.329787183863422e-04  9.329787183863421e-04	1.000000000000000e+00	0	0	7
8	-1.968319383168093e+02 -1.241924932503738e+03  6.009771267495480e+02	 1.091359154088423e-04 -1.100341614801437e-04 -1.100324734579772e-04	1.000000000000000e+00	0	0	8
9	 2.032306712032957e+02 -1.641987542023843e+03  1.402957777682243e+03	 5.415783107309835e-06 -5.783374490420101e-06 -5.024719484936213e-06	1.000000000000000e+00	0	0	9
10	 6.450502545941382e+02 -7.639844100472009e+02  9.611381942914016e+02	 8.504442909422021e-04 -8.504442909422020e-04 -8.504442909422021e-04	1.000000000000000e+00	0	0	10
11	 1.971233220252063e+03 -9.830894700091636e+01  1.626813657337686e+03	 3.506487701088190e-05 -3.470641968306154e-05 -3.459055369603448e-05	1.000000000000000e+00	0	0	11
12	-2.170837012152994e+02  1.154700538379251e+02  5.877425740350395e+02	0.000000000000000e+00 0.000000000000000e+00 0.000000000000000e+00	1.000000000000000e+00	12	0	12
13	 1.408734656822689e+02 -6.004442799572098e+02  9.456997409326077e+02	0.000000000000000e+00 0.000000000000000e+00 0.000000000000000e+00	1.000000000000000e+00	12	0	13
14	 9.214510296266424e+02 -9.907330619293978e+02  5.554109589604201e+02	0.000000000000000e+00 0.000000000000000e+00 0.000000000000000e+00	1.000000000000000e+00	12	0	14
15	 1.853294364098699e+03 -5.888972745734176e+01 -1.308275709983692e+03	0.000000000000000e+00 0.000000000000000e+00 0.000000000000000e+00	1.000000000000000e+00	12	0	15
16	 1.495337197201131e+03  6.570246063377946e+02 -1.666232876881260e+03	0.000000000000000e+00 0.000000000000000e+00 0.000000000000000e+00	1.000000000000000e+00	12	0	16
17	 7.147596332567570e+02  1.047313388309982e+03 -1.275944094909073e+03	0.000000000000000e+00 0.000000000000000e+00 0.000000000000000e+00	1.000000000000000e+00	12	0	17
18	-2.184585472408980e+02  1.140952078123264e+02  5.863677280094410e+02	-2.374354420074573e-04 -2.374354420074572e-04 -2.374354420074572e-04	1.000000000000000e+00	12	0	18
19	 1.428522322357597e+02 -5.984655134037190e+02  9.476785074860985e+02	3.370774017336468e-04 3.370774017336468e-04 3.370774017336468e-04	1.000000000000000e+00	12	0	19
20	 9.219122505808482e+02 -9.902718409751919e+02  5.558721799146259e+02	9.992980631068349e-05 9.492107346886769e-05 9.586210944689810e-05	1.000000000000000e+00	12	0	20
21	 1.853979235476631e+03 -5.820485607941023e+01 -1.307590838605761e+03	1.207155219162814e-04 1.205038352054544e-04 1.207187742693350e-04	1.000000000000000e+00	12	0	21
22	 1.497208100595521e+03  6.588955097321840e+02 -1.664361973486871e+03	3.386040334589779e-04 3.386040334589779e-04 3.386040334589779e-04	1.000000000000000e+00	12	0	22
23	 7.223816677307894e+02  1.054935422784014e+03 -1.268322060435041e+03	1.316012426589926e-03 1.316012426589926e-03 1.316012426589926e-03	1.000000000000000e+00	12	0	23
24	-7.597929542535472e+02  6.027536810339691e+02  3.059956426705008e+02	0.000000000000000e+00 0.000000000000000e+00 0.000000000000000e+00	1.000000000000000e+00	24	0	24
25	-1.191650955607388e+03 -2.609623216737101e+02 -1.258623586833382e+02	0.000000000000000e+00 0.000000000000000e+00 0.000000000000000e+00	1.000000000000000e+00	24	0	25
26	 5.126870390403868e+02  5.912066756501777e+02 -9.780313560072266e+02	0.000000000000000e+00 0.000000000000000e+00 0.000000000000000e+00	1.000000000000000e+00	24	0	26
27	 9.572467463163994e+02  1.466469683741651e+02 -1.867150770559250e+03	0.000000000000000e+00 0.000000000000000e+00 0.000000000000000e+00	1.000000000000000e+00	24	0	27
28	 1.389104747670240e+03  1.010362971081845e+03 -1.435292769205410e+03	0.000000000000000e+00 0.000000000000000e+00 0.000000000000000e+00	1.000000000000000e+00	24	0	28
29	-3.152332469775362e+02  1.581939737579582e+02 -5.831237718815206e+02	0.000000000000000e+00 0.000000000000000e+00 0.000000000000000e+00	1.000000000000000e+00	24	0	29
30	-7.602097576334008e+02  6.031704844138227e+02  3.055788392906472e+02	-7.440007902914658e-05  7.456921593984589e-05 -7.219026156235486e-05	1.000000000000000e+00	24	0	30
31	-1.192473704644416e+03 -2.601395726366817e+02 -1.266851077203666e+02	-1.493265444878489e-04  1.475980388931930e-04 -1.492006122134626e-04	1.000000000000000e+00	24	0	31
32	 5.016880639316811e+02  6.022056507588834e+02 -9.890303311159323e+02	-1.731707792108257e-04  1.731707792108257e-04 -1.731707792108258e-04	1.000000000000000e+00	24	0	32
33	 9.539990572871400e+02  1.498946574034244e+02 -1.870398459588509e+03	-5.910345159160594e-04  5.910345159160594e-04 -5.910345159160595e-04	1.000000000000000e+00	24	0	33
34	 1.382924077690589e+03  1.016543641061495e+03 -1.441473439185060e+03	-1.126999074282746e-03  1.126999074282746e-03 -1.126999074282746e-03	1.000000000000000e+00	24	0	34
35	-3.049417886239242e+02  1.479025154043462e+02 -5.728323135279086e+02	 1.951446271656702e-04 -1.951446271656703e-04  1.951446271656702e-04	1.000000000000000e+00	24	0	35
36	-3.300922347849601e+02  1.730529615653821e+02 -5.598776419224298e+02	 4.972819806425832e-05 -6.056956408428960e-05  2.629925729706883e-04	1.000000000000000e+00	24	0	36
38	 6.025714760227523e+02 -8.392850863904990e+02  1.003616972862787e+03	-3.289247397333384e-04  3.289247397333384e-04  3.289247397333384e-04	1.000000000000000e+00	0	0	38
40	 5.279567173304736e+02  5.759369973600911e+02 -1.000866795483655e+03	-7.893539441283792e-05  8.657594298711047e-05 -1.991620665648952e-04	1.000000000000000e+00	24	0	40
42	 1.170240292282380e+03 -4.993592794840350e+02  1.225763324854567e+03	 2.218301524408162e-04 -1.621260889805853e-04 -1.878039765870199e-04	1.000000000000000e+00	0	0	42
44	1.770841344877024e+03 1.020829283741227e+02 1.226184133389804e+03	 2.137919909728225e-05 -2.137919909728225e-05 -2.128953929059207e-05	1.000000000000000e+00	0	0	44
45	 1.368444240792664e+03 -9.654490902043841e+01  1.027559376344284e+03	-3.030097577720881e-04  3.017927228938788e-04  3.030097577720881e-04	1.000000000000000e+00	0	0	45
46	 8.626788441981565e+02 -7.044933882971732e+02  1.138408670956113e+03	-1.660514157265425e-03  1.655138796195388e-03  1.655138796195388e-03	1.000000000000000e+00	0	0	46
47	 3.436659022572731e+00 -1.442193529843121e+03  1.001730372415951e+03	 9.844247688306496e-05 -9.844247688306496e-05 -9.837744437390938e-05	1.000000000000000e+00	0	0	47
48	 2.043010435938532e+02 -1.042033665044675e+03  8.008683942086116e+02	 1.788149966159835e-04 -1.779309677658603e-04 -1.779309677658603e-04	1.000000000000000e+00	0	0	48
49	 4.028481018970890e+02 -1.240586879616388e+03  1.203340346988450e+03	-1.274926034966484e-04  1.262507576029748e-04  1.274926034966484e-04	1.000000000000000e+00	0	0	49
50	 9.115116966398118e+02 -6.354956711844256e+02  1.089626933154177e+03	 1.765846158377826e-03 -1.741005922667682e-03 -1.741005922667682e-03	1.000000000000000e+00	0	0	50
51	 1.571027764909722e+03 -2.991241821449066e+02  1.425998422193696e+03	 1.300273434026167e-04 -1.296304835705087e-04 -1.296304835705087e-04	1.000000000000000e+00	0	0	51
52	-3.750749795789059e+01 -2.418889490222668e+02  7.673187772924481e+02	1.145881979027763e-04 1.148347364505753e-04 1.145881979027763e-04	1.000000000000000e+00	12	0	52
53	 2.489685955058508e+02  5.815223505590753e+02 -3.439699986295780e+02	1.139414143835893e-05 1.139414143835893e-05 1.144559064414352e-05	1.000000000000000e+00	12	0	53
54	 5.311514177689570e+02 -7.955837650146494e+02  7.505602558751688e+02	2.199960181314964e-05 2.746353129623458e-05 2.746353129623458e-05	1.000000000000000e+00	12	0	54
55	 1.387433907326253e+03 -5.247501842297879e+02 -3.763711097404112e+02	1.266460367332911e-05 1.266460367332911e-05 1.268573487323010e-05	1.000000000000000e+00	12	0	55
56	 1.675878424573097e+03  3.006270560350018e+02 -1.485691649509294e+03	2.621616586111486e-04 2.611186355352402e-04 2.621616586111486e-04	1.000000000000000e+00	12	0	56
57	 1.099161914118111e+03  8.459833070331540e+02 -1.477274176185901e+03	-7.950278813950717e-04 -8.947808528319001e-04 -8.947808528319001e-04	1.000000000000000e+00	12	0	57
58	-9.768977688669290e+02  1.720759122068568e+02  8.889082805712060e+01	-1.952010206878185e-04  1.967045100172982e-04 -1.952010206878185e-04	1.000000000000000e+00	24	0	58
59	-5.442718878174301e+02  3.872326145978518e+02 -1.262715708707379e+02	-6.140498589957133e-05  6.140498589957133e-05 -6.169860716909170e-05	1.000000000000000e+00	24	0	59
60	-7.608007474886890e+02 -4.403134872230601e+01 -3.427933316347434e+02	-1.960469962796196e-04  1.937376655405387e-04 -1.937376655405387e-04	1.000000000000000e+00	24	0	60
61	 8.430473133018555e+01  3.890494388325616e+02 -7.758741191896111e+02	 3.843137892545201e-05 -3.839083001366816e-05  3.839083001366816e-05	1.000000000000000e+00	24	0	61
62	 1.171740607099966e+03  5.799062957974315e+02 -1.652656909775684e+03	-3.710769233293831e-04  3.555534058250487e-04 -3.710769233293831e-04	1.000000000000000e+00	24	0	62
63	 7.356181947148568e+02  3.682755199757080e+02 -1.440986925330105e+03	-1.034768996760249e-03  1.034768996760249e-03 -1.033221953548491e-03	1.000000000000000e+00	24	0	63
64	 9.607323091220301e+02  7.910760270870778e+02 -1.216005825210643e+03	 5.699491593986750e-04 -5.271536647342145e-04  5.271536647342145e-04	1.000000000000000e+00	24	0	64
65	 1.134683330951746e+02  3.598968134048855e+02 -7.848266115284503e+02	 4.476190224522725e-05 -4.441106284502894e-05  4.441106284502894e-05	1.000000000000000e+00	24	0	65
66	1.670975069269143e+03 2.019492039820041e+02 1.025537187887006e+03	 7.940392970340326e-05 -7.940392970340326e-05 -8.029877790249884e-05	1.000000000000000e+00	0	0	66
67	1.468385037806040e+03 1.040358468662013e+02 9.276185793309076e+02	-3.461891901679337e-04  3.490570234134793e-04  3.461891901679337e-04	1.000000000000000e+00	0	0	67
68	 9.949428262643864e+02 -6.392506295400995e+02  1.203651429713187e+03	-1.453690929338336e-03  1.486891298554838e-03  1.486891298554838e-03	1.000000000000000e+00	0	0	68
69	-9.677448042179820e+01 -1.341982390398750e+03  8.014305735838734e+02	 8.809017163002864e-05 -8.809017163002864e-05 -8.806429104879498e-05	1.000000000000000e+00	0	0	69
70	 4.059103312866142e+00 -1.142306892836101e+03  7.005951664171848e+02	 2.003736444748938e-04 -2.009525633184239e-04 -2.009525633184239e-04	1.000000000000000e+00	0	0	70
71	 1.034667871793772e+02 -1.542223657999925e+03  1.202211690559996e+03	 7.925292447907850e-05 -7.925292447907850e-05 -7.893468864494935e-05	1.000000000000000e+00	0	0	71
72	 3.029838014944746e+02 -1.441230939234782e+03  1.303204647391065e+03	-7.219023245852441e-05  7.180470129242167e-05  7.219023245852441e-05	1.000000000000000e+00	0	0	72
73	 7.799464534599238e+02 -7.015206444836354e+02  1.023601959854967e+03	 1.659039175137877e-03 -1.716942759230733e-03 -1.716942759230733e-03	1.000000000000000e+00	0	0	73
74	1.870844205758325e+03 2.080067492822108e+00 1.426691942124482e+03	-1.153290031652432e-05  1.153290031652432e-05  1.157167207566090e-05	1.000000000000000e+00	0	0	74
75	 1.771234486173036e+03 -1.988201371410759e+02  1.526302467197527e+03	 1.041987343342043e-04 -1.038316477206536e-04 -1.038316477206536e-04	1.000000000000000e+00	0	0	75
76	-1.270603896498976e+02 -6.296976569223659e+01  6.777658856004410e+02	8.658762817503884e-05 8.821719529805705e-05 8.658762817503884e-05	1.000000000000000e+00	12	0	76
77	1.449454169524786e+01 3.470482967484724e+02 1.204240889827420e+02	-2.481674600858241e-04 -2.481674600858241e-04 -2.531753270886838e-04	1.000000000000000e+00	12	0	77
78	 5.216869480910994e+01 -4.206760050754726e+02  8.569949700594486e+02	1.537785719847307e-04 1.556506031192839e-04 1.537785719847307e-04	1.000000000000000e+00	12	0	78
79	 3.364917439193943e+02 -6.975540991555081e+02  8.485899217343101e+02	1.119778826250695e-04 1.078539498848841e-04 1.078539498848841e-04	1.000000000000000e+00	12	0	79
80	 7.285114602961974e+02 -8.909522269379787e+02  6.551917939518395e+02	3.659353824332356e-04 3.670528240036219e-04 3.670528240036219e-04	1.000000000000000e+00	12	0	80
81	 1.154313430600880e+03 -7.578706609551614e+02  8.939072708122811e+01	-1.598011840542313e-05 -1.598011840542313e-05 -1.602186966920272e-05	1.000000000000000e+00	12	0	81
82	 1.620787326414789e+03 -2.913967651412527e+02 -8.418995506514863e+02	8.141664147842675e-05 8.141664147842675e-05 8.166204497683793e-05	1.000000000000000e+00	12	0	82
83	 1.764764734576058e+03  1.210446397856343e+02 -1.396805339506334e+03	1.650990161579102e-04 1.637950626900420e-04 1.650990161579102e-04	1.000000000000000e+00	12	0	83
84	 1.586354912295573e+03  4.795733572873512e+02 -1.575215161786819e+03	2.674734860192984e-04 2.669912064447999e-04 2.674734860192984e-04	1.000000000000000e+00	12	0	84
85	 1.303289343698586e+03  7.575902674249869e+02 -1.565667215794068e+03	4.501417861320078e-04 4.085940599907190e-04 4.085940599907190e-04	1.000000000000000e+00	12	0	85
86	 4.822005875484622e+02  8.147543426016867e+02 -8.096100519943236e+02	8.423928375123069e-05 8.423928375123069e-05 8.830804290482774e-05	1.000000000000000e+00	12	0	86
87	 9.182941418463627e+02  9.578055968357826e+02 -1.365451886383272e+03	1.439435989595950e-03 1.330798608250916e-03 1.330798608250916e-03	1.000000000000000e+00	12	0	87
88	-8.680387504466100e+02  3.871082158344673e+02  1.977498464774397e+02	-4.015388185507618e-05  4.093753886991180e-05 -4.015388185507618e-05	1.000000000000000e+00	24	0	88
89	-6.532149024046962e+02  4.961756291851179e+02  8.868060279990451e+01	-2.395610936218873e-04  2.395610936218873e-04 -2.393939212197438e-04	1.000000000000000e+00	24	0	89
90	-1.085181137214873e+03 -4.354078555405664e+01 -1.939254029082332e+01	-2.564921742305160e-04  2.557791303843260e-04 -2.564921742305160e-04	1.000000000000000e+00	24	0	90
91	-9.761535388685814e+02 -1.525671084305042e+02 -2.342575719265452e+02	-8.789522689767182e-05  8.753998554311693e-05 -8.753998554311693e-05	1.000000000000000e+00	24	0	91
92	 2.930061259101607e+02  4.956243108801772e+02 -8.824489912372266e+02	-6.889015639899299e-05  6.741769902873784e-05 -6.741769902873784e-05	1.000000000000000e+00	24	0	92
93	 1.063185897204784e+03  3.646159043613951e+02 -1.761211619670867e+03	-3.621588984970003e-04  3.667875134851784e-04 -3.621588984970003e-04	1.000000000000000e+00	24	0	93
94	 8.439452974532768e+02  2.599484172372880e+02 -1.656602167072666e+03	-9.655037429183722e-04  9.655037429183722e-04 -9.813526412472129e-04	1.000000000000000e+00	24	0	94
95	 1.273632936686294e+03  8.017361919179200e+02 -1.550764580189356e+03	-1.194498967379332e-03  1.144594862125814e-03 -1.194498967379332e-03	1.000000000000000e+00	24	0	95
96	 1.170040396322428e+03  9.055210129277907e+02 -1.330450811051355e+03	-5.689291865564883e-04  5.624333280138671e-04 -5.624333280138671e-04	1.000000000000000e+00	24	0	96
97	-9.624635924978352e+01  2.543719124836482e+02 -6.793017106072130e+02	 8.149939094437286e-05 -7.846879452699795e-05  7.846879452699795e-05	1.000000000000000e+00	24	0	97
98	-4.338674202045466e+02  2.768281469849683e+02 -3.398142587360209e+02	 3.659882058855146e-04 -3.659882058855146e-04  3.510391979943961e-04	1.000000000000000e+00	24	0	98
99	-5.459196047908520e+02  6.496690853858156e+01 -4.517915888956310e+02	-3.984590293839574e-04  3.960897156503052e-04 -3.960897156503052e-04	1.000000000000000e+00	24	0	99
100	-1.261616285843175e+02  2.840380614693773e+02 -6.708627418264267e+02	 8.802670345176011e-05 -1.005589001579210e-04  1.005589001579210e-04	1.000000000000000e+00	24	0	100
101	 7.318878431164147e+02 -7.712055450213602e+02  1.071696514231926e+03	-1.425573369488120e-03  1.378143555484712e-03  1.378143555484712e-03	1.000000000000000e+00	0	0	101
102	 4.038615823844927e+02 -9.410825349634290e+02  9.018195242898571e+02	 4.019036714453250e-05 -3.902345997630619e-05 -3.902345997630619e-05	1.000000000000000e+00	0	0	102
103	 5.021345422604902e+02 -1.039359082523631e+03  1.104053906625049e+03	-2.786287805065513e-04  2.782479277811944e-04  2.786287805065513e-04	1.000000000000000e+00	0	0	103
104	 6.281750891155510e+02  4.757186255750137e+02 -1.224353517386880e+03	-9.825031738728285e-04  9.825031738728285e-04 -9.240509243682027e-04	1.000000000000000e+00	24	0	104
105	 7.433642702153059e+02  6.844528597560482e+02 -1.109382657879613e+03	 4.398711607791483e-04 -4.380851460155100e-04  4.380851460155100e-04	1.000000000000000e+00	24	0	105
106	 3.243000364080332e+02  4.646346846578152e+02 -8.895644827813799e+02	-6.295085768215358e-05  7.794620614731684e-05 -7.794620614731684e-05	1.000000000000000e+00	24	0	106
107	 1.268579638515033e+03 -2.971974472460780e+02  1.127423978621914e+03	-2.547025214880705e-04  2.506438468117267e-04  2.547025214880705e-04	1.000000000000000e+00	0	0	107
108	 1.042059874305102e+03 -5.685344025118136e+02  1.156588201826789e+03	 1.468556118197739e-03 -1.398139400407672e-03 -1.398139400407672e-03	1.000000000000000e+00	0	0	108
109	 1.370949016252295e+03 -3.995584065625560e+02  1.325564197776047e+03	 1.938018394866958e-04 -1.941722439369187e-04 -1.941722439369187e-04	1.000000000000000e+00	0	0	109
110	-1.035655574871380e+02  2.289881975660865e+02  3.518218512861907e+02	-5.150148062966764e-04 -5.150148062966764e-04 -5.140905268490314e-04	1.000000000000000e+00	12	0	110
111	 1.037577487224857e+03 -8.746066043311844e+02  3.220973535881453e+02	-5.275675357552245e-05 -5.275675357552245e-05 -5.235372736933641e-05	1.000000000000000e+00	12	0	111
112	 1.737495264811205e+03 -1.746888267448362e+02 -1.074633081858483e+03	1.202007479150780e-04 1.202007479150780e-04 1.203663487103768e-04	1.000000000000000e+00	12	0	112
113	 6.023649417724947e+02  9.349186968257192e+02 -1.038802174897800e+03	7.109025027602911e-04 7.109025027602911e-04 7.439797627739608e-04	1.000000000000000e+00	12	0	113
114	 1.324683446454530e+02  4.650220996986776e+02 -1.110297269867225e+02	7.392128736682935e-06 7.392128736682935e-06 7.109943453542655e-06	1.000000000000000e+00	12	0	114
115	 3.651072821673575e+02  6.976610372205821e+02 -5.772729969305681e+02	-4.883734436589293e-05 -4.883734436589293e-05 -4.896438986179419e-05	1.000000000000000e+00	12	0	115
116	 1.270878333561286e+03 -6.413057579947556e+02 -1.434854943766552e+02	-1.153020093624946e-06 -1.153020093624946e-06 -1.154402639258478e-06	1.000000000000000e+00	12	0	116
117	 1.504063624910931e+03 -4.081204666451101e+02 -6.091824033369772e+02	3.923163967556320e-05 3.923163967556320e-05 3.933816333301365e-05	1.000000000000000e+00	12	0	117
0	-5.773502691896258e-01  5.773502691896258e-01  5.773502691896258e-01	-7.071067811865476e-01  3.124842898819631e-18 -7.071067811865476e-01	 1.198001808568474e+03 -5.294203851356715e-15  1.198001808568474e+03	1	0	0.000000000000000e+00	0.000000000000000e+00	0.000000000000000e+00
1	-5.773502691896258e-01  5.773502691896258e-01  5.773502691896258e-01	 0.000000000000000e+00  7.071067811865476e-01 -7.071067811865476e-01	 0.000000000000000e+00 -9.214510296266430e+02  9.214510296266430e+02	1	0	0.000000000000000e+00	0.000000000000000e+00	0.000000000000000e+00
2	-5.773502691896258e-01  5.773502691896258e-01  5.773502691896258e-01	 7.071067811865476e-01  7.071067811865476e-01 -3.124842898819631e-18	-7.193784354102739e+02 -7.193784354102739e+02  3.179073734356852e-15	1	0	0.000000000000000e+00	0.000000000000000e+00	0.000000000000000e+00
3	-5.773502691896258e-01  5.773502691896258e-01  5.773502691896258e-01	 7.071067811865476e-01 -3.124842898819631e-18  7.071067811865476e-01	 8.030942244427697e+02 -3.549030148066116e-15  8.030942244427697e+02	1	0	0.000000000000000e+00	0.000000000000000e+00	0.000000000000000e+00
4	-5.773502691896258e-01  5.773502691896258e-01  5.773502691896258e-01	 0.000000000000000e+00  7.071067811865476e-01 -7.071067811865476e-01	 0.000000000000000e+00 -8.625613021693013e+02  8.625613021693013e+02	1	0	0.000000000000000e+00	0.000000000000000e+00	0.000000000000000e+00
5	-5.773502691896258e-01  5.773502691896258e-01  5.773502691896258e-01	-7.071067811865476e-01 -7.071067811865476e-01  3.124842898819631e-18	 9.364621366255734e+02  9.364621366255734e+02 -4.138408986458117e-15	1	0	0.000000000000000e+00	0.000000000000000e+00	0.000000000000000e+00
6	 5.773502691896258e-01 -5.773502691896258e-01 -5.773502691896258e-01	0.000000000000000e+00 0.000000000000000e+00 0.000000000000000e+00	1.570392732195782e+03 3.025315410553647e+02 8.256108849411653e+02	1	1	0.000000000000000e+00	0.000000000000000e+00	0.000000000000000e+00
7	-5.773502691896258e-01 -5.773502691896258e-01 -5.773502691896258e-01	-7.071067811865476e-01  0.000000000000000e+00  7.071067811865476e-01	-4.024131376251693e+02  0.000000000000000e+00  4.024131376251693e+02	1	0	0.000000000000000e+00	0.000000000000000e+00	0.000000000000000e+00
8	-5.773502691896258e-01 -5.773502691896258e-01 -5.773502691896258e-01	 0.000000000000000e+00 -7.071067811865476e-01  7.071067811865476e-01	 0.000000000000000e+00 -7.730720104449091e+02  7.730720104449091e+02	1	0	0.000000000000000e+00	0.000000000000000e+00	0.000000000000000e+00
9	-5.773502691896258e-01 -5.773502691896258e-01 -5.773502691896258e-01	 7.071067811865476e-01 -7.071067811865476e-01  0.000000000000000e+00	 9.560920457780206e+02 -9.560920457780206e+02  0.000000000000000e+00	1	0	0.000000000000000e+00	0.000000000000000e+00	0.000000000000000e+00
10	-5.773502691896258e-01 -5.773502691896258e-01 -5.773502691896258e-01	 7.071067811865476e-01  0.000000000000000e+00 -7.071067811865476e-01	 1.580785037041196e+03  0.000000000000000e+00 -1.580785037041196e+03	1	0	0.000000000000000e+00	0.000000000000000e+00	0.000000000000000e+00
11	-5.773502691896258e-01 -5.773502691896258e-01 -5.773502691896258e-01	 0.000000000000000e+00  7.071067811865476e-01 -7.071067811865476e-01	 0.000000000000000e+00  1.161628741609527e+03 -1.161628741609527e+03	1	0	0.000000000000000e+00	0.000000000000000e+00	0.000000000000000e+00
12	-5.773502691896258e-01 -5.773502691896258e-01 -5.773502691896258e-01	-7.071067811865476e-01  7.071067811865476e-01  0.000000000000000e+00	-1.662768775266123e+02  1.662768775266123e+02  0.000000000000000e+00	1	0	0.000000000000000e+00	0.000000000000000e+00	0.000000000000000e+00
13	5.773502691896258e-01 5.773502691896258e-01 5.773502691896258e-01	0.000000000000000e+00 0.000000000000000e+00 0.000000000000000e+00	-2.170837012152994e+02  1.154700538379251e+02  5.877425740350395e+02	1	1	0.000000000000000e+00	0.000000000000000e+00	0.000000000000000e+00
14	-5.773502691896258e-01  5.773502691896258e-01 -5.773502691896258e-01	 7.071067811865476e-01  0.000000000000000e+00 -7.071067811865476e-01	-5.328942984620248e+02  0.000000000000000e+00  5.328942984620248e+02	1	0	0.000000000000000e+00	0.000000000000000e+00	0.000000000000000e+00
15	-5.773502691896258e-01  5.773502691896258e-01 -5.773502691896258e-01	-3.124842898819631e-18  7.071067811865476e-01  7.071067811865476e-01	 8.547268868455420e-16 -1.934123401785247e+02 -1.934123401785247e+02	1	0	0.000000000000000e+00	0.000000000000000e+00	0.000000000000000e+00
16	-5.773502691896258e-01  5.773502691896258e-01 -5.773502691896258e-01	 7.071067811865476e-01  7.071067811865476e-01 -3.124842898819631e-18	 5.519468573452824e+02  5.519468573452824e+02 -2.439160906938323e-15	1	0	0.000000000000000e+00	0.000000000000000e+00	0.000000000000000e+00
17	-5.773502691896258e-01  5.773502691896258e-01 -5.773502691896258e-01	-7.071067811865476e-01  0.000000000000000e+00  7.071067811865476e-01	 1.412198758437825e+03  0.000000000000000e+00 -1.412198758437825e+03	1	0	0.000000000000000e+00	0.000000000000000e+00	0.000000000000000e+00
18	-5.773502691896258e-01  5.773502691896258e-01 -5.773502691896258e-01	-3.124842898819631e-18  7.071067811865476e-01  7.071067811865476e-01	 9.389238637586849e-16 -2.124648990617823e+02 -2.124648990617823e+02	1	0	0.000000000000000e+00	0.000000000000000e+00	0.000000000000000e+00
19	-5.773502691896258e-01  5.773502691896258e-01 -5.773502691896258e-01	-7.071067811865476e-01 -7.071067811865476e-01  3.124842898819631e-18	-7.851963660978913e+01 -7.851963660978913e+01  3.469936018238618e-16	1	0	0.000000000000000e+00	0.000000000000000e+00	0.000000000000000e+00
20	 5.773502691896258e-01 -5.773502691896258e-01  5.773502691896258e-01	0.000000000000000e+00 0.000000000000000e+00 0.000000000000000e+00	-7.597929542535472e+02  6.027536810339691e+02  3.059956426705008e+02	1	1	0.000000000000000e+00	0.000000000000000e+00	0.000000000000000e+00
0	0	1	0
6	0	1	0
5	5	0	0
6	5	0	0
0	6	0	0
5	0	6	0
1	1	2	0
6	1	2	0
0	1	7	0
1	7	1	0
2	2	3	0
6	2	3	0
1	2	8	0
2	8	2	0
3	3	4	0
6	3	4	0
2	3	9	0
3	9	3	0
4	4	5	0
6	4	5	0
3	4	10	0
4	10	4	0
4	5	11	0
5	11	5	0
5	6	66	0
0	67	6	0
0	7	42	0
1	68	7	0
2	69	8	0
1	8	70	0
2	9	71	0
3	72	9	0
3	10	38	0
4	73	10	0
5	74	11	0
4	11	75	0
7	12	13	0
13	12	13	0
12	17	12	0
13	17	12	0
7	18	12	0
12	12	18	0
8	13	14	0
13	13	14	0
7	13	19	0
8	19	13	0
9	14	15	0
13	14	15	0
8	14	20	0
9	20	14	0
10	15	16	0
13	15	16	0
9	15	21	0
10	21	15	0
11	16	17	0
13	16	17	0
10	16	22	0
11	22	16	0
11	17	23	0
12	23	17	0
7	76	18	0
12	18	110	0
7	19	78	0
8	79	19	0
8	20	80	0
9	111	20	0
10	83	21	0
9	21	112	0
10	22	84	0
11	85	22	0
11	23	87	0
12	113	23	0
14	24	25	0
20	24	25	0
19	29	24	0
20	29	24	0
14	30	24	0
19	24	30	0
15	25	26	0
20	25	26	0
14	25	31	0
15	31	25	0
16	26	27	0
20	26	27	0
15	26	32	0
16	32	26	0
17	27	28	0
20	27	28	0
16	27	33	0
17	33	27	0
18	28	29	0
20	28	29	0
17	28	34	0
18	34	28	0
18	29	35	0
19	35	29	0
14	88	30	0
19	30	89	0
14	31	90	0
15	91	31	0
16	40	32	0
15	32	92	0
17	93	33	0
16	33	94	0
17	34	95	0
18	96	34	0
19	36	35	0
18	35	97	0
19	98	36	0
15	36	99	0
15	100	36	0
1	38	101	0
1	102	38	0
3	38	103	0
16	104	40	0
18	40	105	0
18	106	40	0
0	42	107	0
4	42	108	0
4	109	42	0
5	66	44	0
5	44	74	0
0	45	67	0
0	107	45	0
1	46	68	0
1	101	46	0
2	47	69	0
2	71	47	0
1	70	48	0
1	48	102	0
3	49	72	0
3	103	49	0
4	50	73	0
4	108	50	0
4	75	51	0
4	51	109	0
7	52	76	0
7	78	52	0
12	114	53	0
12	53	115	0
8	54	79	0
8	80	54	0
9	55	116	0
9	117	55	0
10	56	83	0
10	84	56	0
11	57	85	0
11	87	57	0
14	58	88	0
14	90	58	0
19	89	59	0
19	59	98	0
15	60	91	0
15	99	60	0
15	92	61	0
15	61	100	0
17	62	93	0
17	95	62	0
16	94	63	0
16	63	104	0
18	64	96	0
18	105	64	0
18	97	65	0
18	65	106	0
12	110	77	0
12	77	114	0
9	81	111	0
9	116	81	0
9	112	82	0
9	82	117	0
12	86	113	0
12	115	86	0
