114
21
172
0	1.570392732195782e+03 3.025315410553647e+02 8.256108849411653e+02	0.000000000000000e+00 0.000000000000000e+00 0.000000000000000e+00	1.000000000000000e+00	0	0	0
1	 1.130451827073287e+03 -5.773502691896260e+02  1.265551790063660e+03	0.000000000000000e+00 0.000000000000000e+00 0.000000000000000e+00	1.000000000000000e+00	0	0	1
2	-1.974537920628516e+02 -1.241303078757696e+03  6.015989804955904e+02	0.000000000000000e+00 0.000000000000000e+00 0.000000000000000e+00	1.000000000000000e+00	0	0	2
3	 2.032272947547480e+02 -1.641984165575296e+03  1.402961154130791e+03	0.000000000000000e+00 0.000000000000000e+00 0.000000000000000e+00	1.000000000000000e+00	0	0	3
4	 6.431681998772439e+02 -7.621023553303065e+02  9.630202490082960e+02	0.000000000000000e+00 0.000000000000000e+00 0.000000000000000e+00	1.000000000000000e+00	0	0	4
5	 1.971073819013383e+03 -9.814954576223676e+01  1.626973058576365e+03	0.000000000000000e+00 0.000000000000000e+00 0.000000000000000e+00	1.000000000000000e+00	0	0	5
6	1.569882972966409e+03 3.030413002847374e+02 8.261206441705380e+02	-1.174858407466672e-04  1.212306524394080e-04  1.156976868514903e-04	1.000000000000000e+00	0	0	6
7	 1.128869056006060e+03 -5.757674981223986e+02  1.267134561130888e+03	-6.771996850147843e-04  6.771996850147843e-04  6.771996850147843e-04	1.000000000000000e+00	0	0	7
8	-1.969507346759431e+02 -1.241806136144605e+03  6.010959231086819e+02	 1.097813001251779e-04 -1.104847760871053e-04 -1.104763650801033e-04	1.000000000000000e+00	0	0	8
9	 2.032258712302941e+02 -1.641982742050842e+03  1.402962577655245e+03	 3.496977569739101e-06 -3.760265599339618e-06 -3.222135774194612e-06	1.000000000000000e+00	0	0	9
10	 6.442784234666649e+02 -7.632125789197277e+02  9.619100254188749e+02	 5.876110129368802e-04 -5.876110129368802e-04 -5.876110129368802e-04	1.000000000000000e+00	0	0	10
11	 1.971197001582487e+03 -9.827272833134015e+01  1.626849876007262e+03	 3.248191933380440e-05 -3.223261956009082e-05 -3.215674951206893e-05	1.000000000000000e+00	0	0	11
12	-2.170837012152994e+02  1.154700538379251e+02  5.877425740350395e+02	0.000000000000000e+00 0.000000000000000e+00 0.000000000000000e+00	1.000000000000000e+00	12	0	12
13	 1.408734656822689e+02 -6.004442799572098e+02  9.456997409326077e+02	0.000000000000000e+00 0.000000000000000e+00 0.000000000000000e+00	1.000000000000000e+00	12	0	13
14	 9.214510296266424e+02 -9.907330619293978e+02  5.554109589604201e+02	0.000000000000000e+00 0.000000000000000e+00 0.000000000000000e+00	1.000000000000000e+00	12	0	14
15	 1.853294364098699e+03 -5.888972745734176e+01 -1.308275709983692e+03	0.000000000000000e+00 0.000000000000000e+00 0.000000000000000e+00	1.000000000000000e+00	12	0	15
16	 1.495337197201131e+03  6.570246063377946e+02 -1.666232876881260e+03	0.000000000000000e+00 0.000000000000000e+00 0.000000000000000e+00	1.000000000000000e+00	12	0	16
17	 7.147596332567570e+02  1.047313388309982e+03 -1.275944094909073e+03	0.000000000000000e+00 0.000000000000000e+00 0.000000000000000e+00	1.000000000000000e+00	12	0	17
18	-2.182005541442659e+02  1.143532009089586e+02  5.866257211060731e+02	-2.403545610529060e-04 -2.403545610529060e-04 -2.403545610529060e-04	1.000000000000000e+00	12	0	18
19	 1.424853372516045e+02 -5.988324083878742e+02  9.473116125019433e+02	3.424337191972882e-04 3.424337191972882e-04 3.424337191972882e-04	1.000000000000000e+00	12	0	19
20	 9.218106867435542e+02 -9.903734048124859e+02  5.557706160773320e+02	9.364835568703711e-05 8.960868581198156e-05 9.037122072186321e-05	1.000000000000000e+00	12	0	20
21	 1.853848543541011e+03 -5.833554801503013e+01 -1.307721530541381e+03	1.214286239701323e-04 1.212517527164891e-04 1.214314324897714e-04	1.000000000000000e+00	12	0	21
22	 1.496842882732935e+03  6.585302918695983e+02 -1.664727191349456e+03	3.375614663430800e-04 3.375614663430800e-04 3.375614663430800e-04	1.000000000000000e+00	12	0	22
23	 7.209516327391590e+02  1.053505387792384e+03 -1.269752095426671e+03	1.332186628133059e-03 1.332186628133059e-03 1.332186628133059e-03	1.000000000000000e+00	12	0	23
24	-7.597929542535472e+02  6.027536810339691e+02  3.059956426705008e+02	0.000000000000000e+00 0.000000000000000e+00 0.000000000000000e+00	1.000000000000000e+00	24	0	24
25	-1.191650955607388e+03 -2.609623216737101e+02 -1.258623586833382e+02	0.000000000000000e+00 0.000000000000000e+00 0.000000000000000e+00	1.000000000000000e+00	24	0	25
26	 5.126870390403868e+02  5.912066756501777e+02 -9.780313560072266e+02	0.000000000000000e+00 0.000000000000000e+00 0.000000000000000e+00	1.000000000000000e+00	24	0	26
27	 9.572467463163994e+02  1.466469683741651e+02 -1.867150770559250e+03	0.000000000000000e+00 0.000000000000000e+00 0.000000000000000e+00	1.000000000000000e+00	24	0	27
28	 1.389104747670240e+03  1.010362971081845e+03 -1.435292769205410e+03	0.000000000000000e+00 0.000000000000000e+00 0.000000000000000e+00	1.000000000000000e+00	24	0	28
29	-3.152332469775362e+02  1.581939737579582e+02 -5.831237718815206e+02	0.000000000000000e+00 0.000000000000000e+00 0.000000000000000e+00	1.000000000000000e+00	24	0	29
30	-7.601300271469695e+02  6.030907539273915e+02  3.056585697770785e+02	-7.444213406415656e-05  7.455443119397387e-05 -7.275085226865485e-05	1.000000000000000e+00	24	0	30
31	-1.192313514747205e+03 -2.602997625338929e+02 -1.265249178231553e+02	-1.484138774685562e-04  1.470653951400891e-04 -1.483352389186621e-04	1.000000000000000e+00	24	0	31
32	 5.018998970111642e+02  6.019938176794003e+02 -9.888184980364492e+02	-2.302616388381770e-04  2.302616388381769e-04 -2.302616388381770e-04	1.000000000000000e+00	24	0	32
33	 9.546349402678266e+02  1.492587744227378e+02 -1.869762576607823e+03	-5.865256534889340e-04  5.865256534889340e-04 -5.865256534889340e-04	1.000000000000000e+00	24	0	33
34	 1.384138041362477e+03  1.015329677389608e+03 -1.440259475513172e+03	-1.120662394290169e-03  1.120662394290169e-03 -1.120662394290169e-03	1.000000000000000e+00	24	0	34
35	-3.051908563774880e+02  1.481515831579100e+02 -5.730813812814724e+02	 2.817587325504670e-04 -2.817587325504670e-04  2.817587325504671e-04	1.000000000000000e+00	24	0	35
36	-3.302163112435887e+02  1.731770380240107e+02 -5.600017183810584e+02	 1.812021764635574e-05 -3.603096774895675e-05  2.463827549945563e-04	1.000000000000000e+00	24	0	36
38	 6.028991319681862e+02 -8.396127423359329e+02  1.003289316917353e+03	-2.799518018340071e-04  2.799518018340071e-04  2.799518018340071e-04	1.000000000000000e+00	0	0	38
40	 5.280789224435617e+02  5.758147922470030e+02 -1.000744590370567e+03	-4.788857040693983e-05  6.377569661708549e-05 -1.913680753204972e-04	1.000000000000000e+00	24	0	40
42	 1.170063043876852e+03 -4.991820310785073e+02  1.225940573260095e+03	 1.536112831672654e-04 -1.275024987990037e-04 -1.381601177854463e-04	1.000000000000000e+00	0	0	42
44	1.770818629526766e+03 1.021056437243810e+02 1.226206763118157e+03	 2.066919478238560e-05 -2.066919478238560e-05 -2.060006227111444e-05	1.000000000000000e+00	0	0	44
45	 1.368767972851618e+03 -9.686746318669253e+01  1.027235644285330e+03	-2.965262683574110e-04  2.955604286398739e-04  2.965262683574110e-04	1.000000000000000e+00	0	0	45
46	 8.642472122224657e+02 -7.060573426885735e+02  1.136844716564713e+03	-1.248561195097864e-03  1.245587598532438e-03  1.245587598532438e-03	1.000000000000000e+00	0	0	46
47	 3.330508201765080e+00 -1.442087379022313e+03  1.001836456870967e+03	 9.815745579544455e-05 -9.815745579544455e-05 -9.809996845433488e-05	1.000000000000000e+00	0	0	47
48	 2.041051078850188e+02 -1.041838605398579e+03  8.010634538547072e+02	 1.839629694586620e-04 -1.832263078540564e-04 -1.832263078540564e-04	1.000000000000000e+00	0	0	48
49	 4.029860323068681e+02 -1.240723592337122e+03  1.203202416578671e+03	-1.279201533179730e-04  1.269077038159594e-04  1.279201533179730e-04	1.000000000000000e+00	0	0	49
50	 9.098321153005736e+02 -6.338371423157346e+02  1.091285462022868e+03	 1.349842641502619e-03 -1.335140434093773e-03 -1.335140434093773e-03	1.000000000000000e+00	0	0	50
51	 1.570891187857847e+03 -2.989879728852384e+02  1.426134631453364e+03	 1.229909539688379e-04 -1.227029570145532e-04 -1.227029570145532e-04	1.000000000000000e+00	0	0	51
52	-3.762969196182278e+01 -2.420113696905777e+02  7.671965832885159e+02	1.116560961236246e-04 1.118311338359490e-04 1.116560961236246e-04	1.000000000000000e+00	12	0	52
53	 2.489556662848304e+02  5.815094213380549e+02 -3.439829773722375e+02	1.256306768482318e-05 1.256306768482318e-05 1.260344015463488e-05	1.000000000000000e+00	12	0	53
54	 5.311317228924983e+02 -7.956088495025086e+02  7.505351713873096e+02	1.424925812898437e-05 1.875347697932739e-05 1.875347697932739e-05	1.000000000000000e+00	12	0	54
55	 1.387420482168677e+03 -5.247636093873643e+02 -3.763845551967507e+02	1.220043577632168e-05 1.220043577632168e-05 1.221694492414827e-05	1.000000000000000e+00	12	0	55
56	 1.675591982706614e+03  3.003416412319562e+02 -1.485978091375777e+03	2.683167112991214e-04 2.674586430657655e-04 2.683167112991214e-04	1.000000000000000e+00	12	0	56
57	 1.100068337338057e+03  8.469883272349423e+02 -1.476269155984113e+03	-8.844003314152360e-04 -9.671042789705098e-04 -9.671042789705098e-04	1.000000000000000e+00	12	0	57
58	-9.766841060601616e+02  1.718607625603337e+02  8.910449086388805e+01	-2.004776761168614e-04  2.017251827055588e-04 -2.004776761168614e-04	1.000000000000000e+00	24	0	58
59	-5.442032206655449e+02  3.871639474459666e+02 -1.262025728245986e+02	-6.575872976100072e-05  6.575872976100072e-05 -6.607191608054563e-05	1.000000000000000e+00	24	0	59
60	-7.605921081245233e+02 -4.423778188332233e+01 -3.425868984737271e+02	-1.903229858726263e-04  1.885424426291138e-04 -1.885424426291138e-04	1.000000000000000e+00	24	0	60
61	 8.426395748710516e+01  3.890902214202662e+02 -7.759149017773157e+02	 3.524054409353994e-05 -3.531235415721312e-05  3.531235415721312e-05	1.000000000000000e+00	24	0	61
62	 1.172122255390257e+03  5.795391339197163e+02 -1.652275261485393e+03	-3.353039501234889e-04  3.239526413381100e-04 -3.353039501234889e-04	1.000000000000000e+00	24	0	62
63	 7.367317094216985e+02  3.671620052688663e+02 -1.439875028646526e+03	-1.027328544296324e-03  1.027328544296324e-03 -1.025895006023347e-03	1.000000000000000e+00	24	0	63
64	 9.601066035143290e+02  7.916592440366767e+02 -1.216589042160241e+03	 5.889316089451313e-04 -5.531285423785448e-04  5.531285423785448e-04	1.000000000000000e+00	24	0	64
65	 1.134181186993562e+02  3.599466730188624e+02 -7.848764711424271e+02	 5.008755033486523e-05 -4.978799915988930e-05  4.978799915988930e-05	1.000000000000000e+00	24	0	65
66	1.670890474245627e+03 2.020337990055203e+02 1.025622622819624e+03	 7.723667658865452e-05 -7.723667658865452e-05 -7.790226663928479e-05	1.000000000000000e+00	0	0	66
67	1.468754984147536e+03 1.036631632887290e+02 9.272486329894116e+02	-3.389178018551320e-04  3.411285288166255e-04  3.389178018551320e-04	1.000000000000000e+00	0	0	67
68	 9.963056588995619e+02 -6.406392274708810e+02  1.202262831782405e+03	-1.077592489309609e-03  1.093678059987724e-03  1.093678059987724e-03	1.000000000000000e+00	0	0	68
69	-9.687008737905488e+01 -1.341886783441493e+03  8.015261535653499e+02	 8.898231317289174e-05 -8.898231317289174e-05 -8.895849168766290e-05	1.000000000000000e+00	0	0	69
70	 3.840820532459844e+00 -1.142088034245082e+03  7.008140250082038e+02	 2.038246166193858e-04 -2.043105632765219e-04 -2.043105632765219e-04	1.000000000000000e+00	0	0	70
71	 1.033825502183081e+02 -1.542139421038856e+03  1.202295621864350e+03	 7.676487439312041e-05 -7.676487439312041e-05 -7.651626219740137e-05	1.000000000000000e+00	0	0	71
72	 3.030621142217917e+02 -1.441308875558527e+03  1.303126334663748e+03	-7.283072045538574e-05  7.251917122630402e-05  7.283072045538574e-05	1.000000000000000e+00	0	0	72
73	 7.783514214315355e+02 -6.998779862983051e+02  1.025244618040297e+03	 1.299795694649220e-03 -1.332038547843695e-03 -1.332038547843695e-03	1.000000000000000e+00	0	0	73
74	1.870856399064062e+03 2.067874187084998e+00 1.426679713451827e+03	-1.106490526581183e-05  1.106490526581183e-05  1.109204367821803e-05	1.000000000000000e+00	0	0	74
75	 1.771125199126434e+03 -1.987111939093521e+02  1.526411410429251e+03	 9.822675201576203e-05 -9.795475489227101e-05 -9.795475489227101e-05	1.000000000000000e+00	0	0	75
76	-1.271554397979887e+02 -6.306642118779597e+01  6.776708354523499e+02	8.945656009018421e-05 9.079837764147669e-05 8.945656009018421e-05	1.000000000000000e+00	12	0	76
77	1.476236021256143e+01 3.473161152657860e+02 1.206968123519260e+02	-2.477952803019434e-04 -2.477952803019434e-04 -2.518692344892770e-04	1.000000000000000e+00	12	0	77
78	 5.200513641906025e+01 -4.208413857266039e+02  8.568314116693989e+02	1.490158319938928e-04 1.505184191046283e-04 1.490158319938928e-04	1.000000000000000e+00	12	0	78
79	 3.363768580175003e+02 -6.976649636488273e+02  8.484790572409909e+02	1.008760154945776e-04 9.755220526130870e-05 9.755220526130870e-05	1.000000000000000e+00	12	0	79
80	 7.281102912871854e+02 -8.913545575594154e+02  6.547894633304028e+02	3.768524911720306e-04 3.778748214244843e-04 3.778748214244843e-04	1.000000000000000e+00	12	0	80
81	 1.154331090342121e+03 -7.578530012139204e+02  8.940842919276227e+01	-1.668580807745457e-05 -1.668580807745457e-05 -1.672223152127117e-05	1.000000000000000e+00	12	0	81
82	 1.620699379111861e+03 -2.914847124441799e+02 -8.419877383028239e+02	8.144784078467637e-05 8.144784078467637e-05 8.164746395777911e-05	1.000000000000000e+00	12	0	82
83	 1.764585091223251e+03  1.208662900108960e+02 -1.396984982859141e+03	1.675678795436397e-04 1.664787705522031e-04 1.675678795436397e-04	1.000000000000000e+00	12	0	83
84	 1.586065061706656e+03  4.792839529448472e+02 -1.575505012375736e+03	2.693033602554351e-04 2.689562679734081e-04 2.693033602554351e-04	1.000000000000000e+00	12	0	84
85	 1.302782771619207e+03  7.571224074535335e+02 -1.566135075765521e+03	4.883838118985295e-04 4.581338434945792e-04 4.581338434945792e-04	1.000000000000000e+00	12	0	85
86	 4.821129168845812e+02  8.146666719378057e+02 -8.097016254985454e+02	7.809178350726143e-05 7.809178350726143e-05 8.125917520374060e-05	1.000000000000000e+00	12	0	86
87	 9.167286232935760e+02  9.563480094139109e+02 -1.366909473805144e+03	1.459794584661722e-03 1.368756056763232e-03 1.368756056763232e-03	1.000000000000000e+00	12	0	87
88	-8.679934694017950e+02  3.870621666020218e+02  1.977951275222547e+02	-4.370474562165327e-05  4.434347647475079e-05 -4.370474562165327e-05	1.000000000000000e+00	24	0	88
89	-6.529546076853881e+02  4.959153344658097e+02  8.894074005133726e+01	-2.424622216494754e-04  2.424622216494754e-04 -2.423369442112744e-04	1.000000000000000e+00	24	0	89
90	-1.084902061263237e+03 -4.381915193634865e+01 -1.911346433918769e+01	-2.603026514407247e-04  2.597033453639597e-04 -2.603026514407247e-04	1.000000000000000e+00	24	0	90
91	-9.760608984675354e+02 -1.526594138418342e+02 -2.341652665152152e+02	-8.368132694158703e-05  8.341459033545107e-05 -8.341459033545107e-05	1.000000000000000e+00	24	0	91
92	 2.930869711823074e+02  4.955451102337300e+02 -8.823697905907794e+02	-8.560495189158246e-05  8.396410703426227e-05 -8.396410703426227e-05	1.000000000000000e+00	24	0	92
93	 1.063576550663702e+03  3.642205971943693e+02 -1.760820966211948e+03	-3.613369772210717e-04  3.653112798929214e-04 -3.613369772210717e-04	1.000000000000000e+00	24	0	93
94	 8.449851337091685e+02  2.589085809813963e+02 -1.655546962735902e+03	-9.601243073120713e-04  9.601243073120713e-04 -9.727521683089435e-04	1.000000000000000e+00	24	0	94
95	 1.274962879040296e+03  8.004602465233872e+02 -1.549434637835355e+03	-1.270962762646377e-03  1.221060869283974e-03 -1.270962762646377e-03	1.000000000000000e+00	24	0	95
96	 1.170652425936762e+03  9.049148437425388e+02 -1.329844641866103e+03	-5.645136698149145e-04  5.601064185611904e-04 -5.601064185611904e-04	1.000000000000000e+00	24	0	96
97	-9.633676536733688e+01  2.544591464613170e+02 -6.793889445848818e+02	 9.077291906578466e-05 -8.789527782937512e-05  8.789527782937512e-05	1.000000000000000e+00	24	0	97
98	-4.342619005104160e+02  2.772226272908377e+02 -3.401931220011476e+02	 3.645450051408261e-04 -3.645450051408261e-04  3.505791246425360e-04	1.000000000000000e+00	24	0	98
99	-5.454906859451041e+02  6.454141050822929e+01 -4.513660908652787e+02	-3.956974251195788e-04  3.917696594726294e-04 -3.917696594726294e-04	1.000000000000000e+00	24	0	99
100	-1.262515826786385e+02  2.841422434677066e+02 -6.709669238247560e+02	 7.264540909091011e-05 -8.683691703481600e-05  8.683691703481600e-05	1.000000000000000e+00	24	0	100
101	 7.332123411367601e+02 -7.724945192446694e+02  1.070407540008617e+03	-1.037495560012758e-03  1.016339170746505e-03  1.016339170746505e-03	1.000000000000000e+00	0	0	101
102	 4.038140694937254e+02 -9.410361963865473e+02  9.018658628667388e+02	 4.735535549116321e-05 -4.635885488823988e-05 -4.635885488823988e-05	1.000000000000000e+00	0	0	102
103	 5.024370490957774e+02 -1.039661338326244e+03  1.103751399789762e+03	-2.815505722537637e-04  2.814405306708068e-04  2.815505722537637e-04	1.000000000000000e+00	0	0	103
104	 6.292238226048479e+02  4.746698920857169e+02 -1.223363238565557e+03	-9.596165036782622e-04  9.596165036782622e-04 -9.097550064325333e-04	1.000000000000000e+00	24	0	104
105	 7.428996031776526e+02  6.849139510252633e+02 -1.109843749148828e+03	 4.203962744213641e-04 -4.156477225478739e-04  4.156477225478739e-04	1.000000000000000e+00	24	0	105
106	 3.243608418920964e+02  4.645570083489282e+02 -8.894868064724928e+02	-4.419616016093642e-05  6.074827251723036e-05 -6.074827251723036e-05	1.000000000000000e+00	24	0	106
107	 1.268849827583372e+03 -2.974638752652892e+02  1.127153789553576e+03	-2.457067312207073e-04  2.427610888844356e-04  2.457067312207073e-04	1.000000000000000e+00	0	0	107
108	 1.040689598971578e+03 -5.672192216952424e+02  1.157903382643360e+03	 1.080990070477128e-03 -1.046019839122891e-03 -1.046019839122891e-03	1.000000000000000e+00	0	0	108
109	 1.370748344336719e+03 -3.993573398298729e+02  1.325765264508730e+03	 1.782625040505081e-04 -1.786123175406829e-04 -1.786123175406829e-04	1.000000000000000e+00	0	0	109
110	-1.030066694052112e+02  2.295470856480134e+02  3.523798561744309e+02	-5.199909792281687e-04 -5.199909792281687e-04 -5.192772368900478e-04	1.000000000000000e+00	12	0	110
111	 1.037636884292746e+03 -8.745472072632951e+02  3.221563502178573e+02	-5.715157749364153e-05 -5.715157749364153e-05 -5.681451148120686e-05	1.000000000000000e+00	12	0	111
112	 1.737365096296006e+03 -1.748189952600355e+02 -1.074763413169560e+03	1.208522007800639e-04 1.208522007800639e-04 1.209879555972293e-04	1.000000000000000e+00	12	0	112
113	 6.015932517196189e+02  9.341470067728434e+02 -1.039606400023034e+03	7.181778782978654e-04 7.181778782978654e-04 7.453233702108264e-04	1.000000000000000e+00	12	0	113
114	 1.324583449719901e+02  4.650121000252146e+02 -1.110394673574298e+02	1.113668804464396e-05 1.113668804464396e-05 1.093671016860753e-05	1.000000000000000e+00	12	0	114
115	 3.651615402509402e+02  6.977152953041648e+02 -5.772186165311348e+02	-5.159547799848951e-05 -5.159547799848951e-05 -5.169475844013505e-05	1.000000000000000e+00	12	0	115
116	 1.270879804461715e+03 -6.413042870943266e+02 -1.434840219181181e+02	-1.556848701511626e-06 -1.556848701511626e-06 -1.558309691063187e-06	1.000000000000000e+00	12	0	116
117	 1.504021474304064e+03 -4.081626172519771e+02 -6.092246576219874e+02	3.882496457663365e-05 3.882496457663365e-05 3.891049345838837e-05	1.000000000000000e+00	12	0	117
0	-5.773502691896258e-01  5.773502691896258e-01  5.773502691896258e-01	-7.071067811865476e-01  3.124842898819631e-18 -7.071067811865476e-01	 1.198001808568474e+03 -5.294203851356715e-15  1.198001808568474e+03	1	0	0.000000000000000e+00	0.000000000000000e+00	0.000000000000000e+00
1	-5.773502691896258e-01  5.773502691896258e-01  5.773502691896258e-01	 0.000000000000000e+00  7.071067811865476e-01 -7.071067811865476e-01	 0.000000000000000e+00 -9.214510296266430e+02  9.214510296266430e+02	1	0	0.000000000000000e+00	0.000000000000000e+00	0.000000000000000e+00
2	-5.773502691896258e-01  5.773502691896258e-01  5.773502691896258e-01	 7.071067811865476e-01  7.071067811865476e-01 -3.124842898819631e-18	-7.193784354102739e+02 -7.193784354102739e+02  3.179073734356852e-15	1	0	0.000000000000000e+00	0.000000000000000e+00	0.000000000000000e+00
3	-5.773502691896258e-01  5.773502691896258e-01  5.773502691896258e-01	 7.071067811865476e-01 -3.124842898819631e-18  7.071067811865476e-01	 8.030942244427697e+02 -3.549030148066116e-15  8.030942244427697e+02	1	0	0.000000000000000e+00	0.000000000000000e+00	0.000000000000000e+00
4	-5.773502691896258e-01  5.773502691896258e-01  5.773502691896258e-01	 0.000000000000000e+00  7.071067811865476e-01 -7.071067811865476e-01	 0.000000000000000e+00 -8.625613021693013e+02  8.625613021693013e+02	1	0	0.000000000000000e+00	0.000000000000000e+00	0.000000000000000e+00
5	-5.773502691896258e-01  5.773502691896258e-01  5.773502691896258e-01	-7.071067811865476e-01 -7.071067811865476e-01  3.124842898819631e-18	 9.364621366255734e+02  9.364621366255734e+02 -4.138408986458117e-15	1	0	0.000000000000000e+00	0.000000000000000e+00	0.000000000000000e+00
6	 5.773502691896258e-01 -5.773502691896258e-01 -5.773502691896258e-01	0.000000000000000e+00 0.000000000000000e+00 0.000000000000000e+00	1.570392732195782e+03 3.025315410553647e+02 8.256108849411653e+02	1	1	0.000000000000000e+00	0.000000000000000e+00	0.000000000000000e+00
7	-5.773502691896258e-01 -5.773502691896258e-01 -5.773502691896258e-01	-7.071067811865476e-01  0.000000000000000e+00  7.071067811865476e-01	-4.024131376251693e+02  0.000000000000000e+00  4.024131376251693e+02	1	0	0.000000000000000e+00	0.000000000000000e+00	0.000000000000000e+00
8	-5.773502691896258e-01 -5.773502691896258e-01 -5.773502691896258e-01	 0.000000000000000e+00 -7.071067811865476e-01  7.071067811865476e-01	 0.000000000000000e+00 -7.730720104449091e+02  7.730720104449091e+02	1	0	0.000000000000000e+00	0.000000000000000e+00	0.000000000000000e+00
9	-5.773502691896258e-01 -5.773502691896258e-01 -5.773502691896258e-01	 7.071067811865476e-01 -7.071067811865476e-01  0.000000000000000e+00	 9.560920457780206e+02 -9.560920457780206e+02  0.000000000000000e+00	1	0	0.000000000000000e+00	0.000000000000000e+00	0.000000000000000e+00
10	-5.773502691896258e-01 -5.773502691896258e-01 -5.773502691896258e-01	 7.071067811865476e-01  0.000000000000000e+00 -7.071067811865476e-01	 1.580785037041196e+03  0.000000000000000e+00 -1.580785037041196e+03	1	0	0.000000000000000e+00	0.000000000000000e+00	0.000000000000000e+00
11	-5.773502691896258e-01 -5.773502691896258e-01 -5.773502691896258e-01	 0.000000000000000e+00  7.071067811865476e-01 -7.071067811865476e-01	 0.000000000000000e+00  1.161628741609527e+03 -1.161628741609527e+03	1	0	0.000000000000000e+00	0.000000000000000e+00	0.000000000000000e+00
12	-5.773502691896258e-01 -5.773502691896258e-01 -5.773502691896258e-01	-7.071067811865476e-01  7.071067811865476e-01  0.000000000000000e+00	-1.662768775266123e+02  1.662768775266123e+02  0.000000000000000e+00	1	0	0.000000000000000e+00	0.000000000000000e+00	0.000000000000000e+00
13	5.773502691896258e-01 5.773502691896258e-01 5.773502691896258e-01	0.000000000000000e+00 0.000000000000000e+00 0.000000000000000e+00	-2.170837012152994e+02  1.154700538379251e+02  5.877425740350395e+02	1	1	0.000000000000000e+00	0.000000000000000e+00	0.000000000000000e+00
14	-5.773502691896258e-01  5.773502691896258e-01 -5.773502691896258e-01	 7.071067811865476e-01  0.000000000000000e+00 -7.071067811865476e-01	-5.328942984620248e+02  0.000000000000000e+00  5.328942984620248e+02	1	0	0.000000000000000e+00	0.000000000000000e+00	0.000000000000000e+00
15	-5.773502691896258e-01  5.773502691896258e-01 -5.773502691896258e-01	-3.124842898819631e-18  7.071067811865476e-01  7.071067811865476e-01	 8.547268868455420e-16 -1.934123401785247e+02 -1.934123401785247e+02	1	0	0.000000000000000e+00	0.000000000000000e+00	0.000000000000000e+00
16	-5.773502691896258e-01  5.773502691896258e-01 -5.773502691896258e-01	 7.071067811865476e-01  7.071067811865476e-01 -3.124842898819631e-18	 5.519468573452824e+02  5.519468573452824e+02 -2.439160906938323e-15	1	0	0.000000000000000e+00	0.000000000000000e+00	0.000000000000000e+00
17	-5.773502691896258e-01  5.773502691896258e-01 -5.773502691896258e-01	-7.071067811865476e-01  0.000000000000000e+00  7.071067811865476e-01	 1.412198758437825e+03  0.000000000000000e+00 -1.412198758437825e+03	1	0	0.000000000000000e+00	0.000000000000000e+00	0.000000000000000e+00
18	-5.773502691896258e-01  5.773502691896258e-01 -5.773502691896258e-01	-3.124842898819631e-18  7.071067811865476e-01  7.071067811865476e-01	 9.389238637586849e-16 -2.124648990617823e+02 -2.124648990617823e+02	1	0	0.000000000000000e+00	0.000000000000000e+00	0.000000000000000e+00
19	-5.773502691896258e-01  5.773502691896258e-01 -5.773502691896258e-01	-7.071067811865476e-01 -7.071067811865476e-01  3.124842898819631e-18	-7.851963660978913e+01 -7.851963660978913e+01  3.469936018238618e-16	1	0	0.000000000000000e+00	0.000000000000000e+00	0.000000000000000e+00
20	 5.773502691896258e-01 -5.773502691896258e-01  5.773502691896258e-01	0.000000000000000e+00 0.000000000000000e+00 0.000000000000000e+00	-7.597929542535472e+02  6.027536810339691e+02  3.059956426705008e+02	1	1	0.000000000000000e+00	0.000000000000000e+00	0.000000000000000e+00
0	0	1	0
6	0	1	0
5	5	0	0
6	5	0	0
0	6	0	0
5	0	6	0
1	1	2	0
6	1	2	0
0	1	7	0
1	7	1	0
2	2	3	0
6	2	3	0
1	2	8	0
2	8	2	0
3	3	4	0
6	3	4	0
2	3	9	0
3	9	3	0
4	4	5	0
6	4	5	0
3	4	10	0
4	10	4	0
4	5	11	0
5	11	5	0
5	6	66	0
0	67	6	0
0	7	42	0
1	68	7	0
2	69	8	0
1	8	70	0
2	9	71	0
3	72	9	0
3	10	38	0
4	73	10	0
5	74	11	0
4	11	75	0
7	12	13	0
13	12	13	0
12	17	12	0
13	17	12	0
7	18	12	0
12	12	18	0
8	13	14	0
13	13	14	0
7	13	19	0
8	19	13	0
9	14	15	0
13	14	15	0
8	14	20	0
9	20	14	0
10	15	16	0
13	15	16	0
9	15	21	0
10	21	15	0
11	16	17	0
13	16	17	0
10	16	22	0
11	22	16	0
11	17	23	0
12	23	17	0
7	76	18	0
12	18	110	0
7	19	78	0
8	79	19	0
8	20	80	0
9	111	20	0
10	83	21	0
9	21	112	0
10	22	84	0
11	85	22	0
11	23	87	0
12	113	23	0
14	24	25	0
20	24	25	0
19	29	24	0
20	29	24	0
14	30	24	0
19	24	30	0
15	25	26	0
20	25	26	0
14	25	31	0
15	31	25	0
16	26	27	0
20	26	27	0
15	26	32	0
16	32	26	0
17	27	28	0
20	27	28	0
16	27	33	0
17	33	27	0
18	28	29	0
20	28	29	0
17	28	34	0
18	34	28	0
18	29	35	0
19	35	29	0
14	88	30	0
19	30	89	0
14	31	90	0
15	91	31	0
16	40	32	0
15	32	92	0
17	93	33	0
16	33	94	0
17	34	95	0
18	96	34	0
19	36	35	0
18	35	97	0
19	98	36	0
15	36	99	0
15	100	36	0
1	38	101	0
1	102	38	0
3	38	103	0
16	104	40	0
18	40	105	0
18	106	40	0
0	42	107	0
4	42	108	0
4	109	42	0
5	66	44	0
5	44	74	0
0	45	67	0
0	107	45	0
1	46	68	0
1	101	46	0
2	47	69	0
2	71	47	0
1	70	48	0
1	48	102	0
3	49	72	0
3	103	49	0
4	50	73	0
4	108	50	0
4	75	51	0
4	51	109	0
7	52	76	0
7	78	52	0
12	114	53	0
12	53	115	0
8	54	79	0
8	80	54	0
9	55	116	0
9	117	55	0
10	56	83	0
10	84	56	0
11	57	85	0
11	87	57	0
14	58	88	0
14	90	58	0
19	89	59	0
19	59	98	0
15	60	91	0
15	99	60	0
15	92	61	0
15	61	100	0
17	62	93	0
17	95	62	0
16	94	63	0
16	63	104	0
18	64	96	0
18	105	64	0
18	97	65	0
18	65	106	0
12	110	77	0
12	77	114	0
9	81	111	0
9	116	81	0
9	112	82	0
9	82	117	0
12	86	113	0
12	115	86	0
