114
21
172
0	1.570392732195782e+03 3.025315410553647e+02 8.256108849411653e+02	0.000000000000000e+00 0.000000000000000e+00 0.000000000000000e+00	1.000000000000000e+00	0	0	0
1	 1.130451827073287e+03 -5.773502691896260e+02  1.265551790063660e+03	0.000000000000000e+00 0.000000000000000e+00 0.000000000000000e+00	1.000000000000000e+00	0	0	1
2	-1.974537920628516e+02 -1.241303078757696e+03  6.015989804955904e+02	0.000000000000000e+00 0.000000000000000e+00 0.000000000000000e+00	1.000000000000000e+00	0	0	2
3	 2.032272947547480e+02 -1.641984165575296e+03  1.402961154130791e+03	0.000000000000000e+00 0.000000000000000e+00 0.000000000000000e+00	1.000000000000000e+00	0	0	3
4	 6.431681998772439e+02 -7.621023553303065e+02  9.630202490082960e+02	0.000000000000000e+00 0.000000000000000e+00 0.000000000000000e+00	1.000000000000000e+00	0	0	4
5	 1.971073819013383e+03 -9.814954576223676e+01  1.626973058576365e+03	0.000000000000000e+00 0.000000000000000e+00 0.000000000000000e+00	1.000000000000000e+00	0	0	5
6	1.569625428534285e+03 3.032988447168610e+02 8.263781886026616e+02	-1.226902240887284e-04  1.293542154598981e-04  1.191845294670202e-04	1.000000000000000e+00	0	0	6
7	 1.126876999298504e+03 -5.737754414148426e+02  1.269126617838444e+03	-1.217299102184673e-03  1.217299102184673e-03  1.217299102184673e-03	1.000000000000000e+00	0	0	7
8	-1.967170070507318e+02 -1.242039863769816e+03  6.008621954834706e+02	 1.084395044017583e-04 -1.095337283913977e-04 -1.095418410841376e-04	1.000000000000000e+00	0	0	8
9	 2.032373532136594e+02 -1.641994224034207e+03  1.402951095671880e+03	 7.344538516917964e-06 -7.830343747627921e-06 -6.820168437116081e-06	1.000000000000000e+00	0	0	9
10	 6.460934149318707e+02 -7.650275703849334e+02  9.600950339536691e+02	 1.138578091437618e-03 -1.138578091437618e-03 -1.138578091437618e-03	1.000000000000000e+00	0	0	10
11	 1.971271029890702e+03 -9.834675663955503e+01  1.626775847699047e+03	 3.761782500077970e-05 -3.712975012604147e-05 -3.696388739626855e-05	1.000000000000000e+00	0	0	11
12	-2.170837012152994e+02  1.154700538379251e+02  5.877425740350395e+02	0.000000000000000e+00 0.000000000000000e+00 0.000000000000000e+00	1.000000000000000e+00	12	0	12
13	 1.408734656822689e+02 -6.004442799572098e+02  9.456997409326077e+02	0.000000000000000e+00 0.000000000000000e+00 0.000000000000000e+00	1.000000000000000e+00	12	0	13
14	 9.214510296266424e+02 -9.907330619293978e+02  5.554109589604201e+02	0.000000000000000e+00 0.000000000000000e+00 0.000000000000000e+00	1.000000000000000e+00	12	0	14
15	 1.853294364098699e+03 -5.888972745734176e+01 -1.308275709983692e+03	0.000000000000000e+00 0.000000000000000e+00 0.000000000000000e+00	1.000000000000000e+00	12	0	15
16	 1.495337197201131e+03  6.570246063377946e+02 -1.666232876881260e+03	0.000000000000000e+00 0.000000000000000e+00 0.000000000000000e+00	1.000000000000000e+00	12	0	16
17	 7.147596332567570e+02  1.047313388309982e+03 -1.275944094909073e+03	0.000000000000000e+00 0.000000000000000e+00 0.000000000000000e+00	1.000000000000000e+00	12	0	17
18	-2.187064370982820e+02  1.138473179549425e+02  5.861198381520570e+02	-2.347596697897340e-04 -2.347596697897340e-04 -2.347596697897340e-04	1.000000000000000e+00	12	0	18
19	 1.432036322743816e+02 -5.981141133650972e+02  9.480299075247203e+02	3.323248529341072e-04 3.323248529341072e-04 3.323248529341072e-04	1.000000000000000e+00	12	0	19
20	 9.220169765291312e+02 -9.901671150269090e+02  5.559769058629089e+02	1.061911316355690e-04 1.002581775537692e-04 1.013649962260388e-04	1.000000000000000e+00	12	0	20
21	 1.854105533456661e+03 -5.807855809938052e+01 -1.307464540625731e+03	1.199968828586861e-04 1.197540332213975e-04 1.200004771817476e-04	1.000000000000000e+00	12	0	21
22	 1.497563745709428e+03  6.592511548460908e+02 -1.664006328372964e+03	3.386808384675533e-04 3.386808384675533e-04 3.386808384675533e-04	1.000000000000000e+00	12	0	22
23	 7.237552362082872e+02  1.056308991261512e+03 -1.266948491957543e+03	1.300297522296508e-03 1.300297522296508e-03 1.300297522296508e-03	1.000000000000000e+00	12	0	23
24	-7.597929542535472e+02  6.027536810339691e+02  3.059956426705008e+02	0.000000000000000e+00 0.000000000000000e+00 0.000000000000000e+00	1.000000000000000e+00	24	0	24
25	-1.191650955607388e+03 -2.609623216737101e+02 -1.258623586833382e+02	0.000000000000000e+00 0.000000000000000e+00 0.000000000000000e+00	1.000000000000000e+00	24	0	25
26	 5.126870390403868e+02  5.912066756501777e+02 -9.780313560072266e+02	0.000000000000000e+00 0.000000000000000e+00 0.000000000000000e+00	1.000000000000000e+00	24	0	26
27	 9.572467463163994e+02  1.466469683741651e+02 -1.867150770559250e+03	0.000000000000000e+00 0.000000000000000e+00 0.000000000000000e+00	1.000000000000000e+00	24	0	27
28	 1.389104747670240e+03  1.010362971081845e+03 -1.435292769205410e+03	0.000000000000000e+00 0.000000000000000e+00 0.000000000000000e+00	1.000000000000000e+00	24	0	28
29	-3.152332469775362e+02  1.581939737579582e+02 -5.831237718815206e+02	0.000000000000000e+00 0.000000000000000e+00 0.000000000000000e+00	1.000000000000000e+00	24	0	29
30	-7.602870298204483e+02  6.032477566008703e+02  3.055015671035997e+02	-7.429075049003586e-05  7.452900172211230e-05 -7.153705519158393e-05	1.000000000000000e+00	24	0	30
31	-1.192630242983689e+03 -2.599830342974093e+02 -1.268416460596389e+02	-1.502192753832787e-04  1.481102517573163e-04 -1.500408106949180e-04	1.000000000000000e+00	24	0	31
32	 5.015170161086376e+02  6.023766985819268e+02 -9.892013789389757e+02	-1.557597909898807e-04  1.557597909898807e-04 -1.557597909898808e-04	1.000000000000000e+00	24	0	32
33	 9.533761865746868e+02  1.505175281158776e+02 -1.871021330300963e+03	-5.953860624382893e-04  5.953860624382893e-04 -5.953860624382893e-04	1.000000000000000e+00	24	0	33
34	 1.381738494866627e+03  1.017729223885458e+03 -1.442659022009022e+03	-1.130922619874279e-03  1.130922619874279e-03 -1.130922619874279e-03	1.000000000000000e+00	24	0	34
35	-3.047552283131954e+02  1.477159550936174e+02 -5.726457532171798e+02	 1.646686966220538e-04 -1.646686966220538e-04  1.646686966220538e-04	1.000000000000000e+00	24	0	35
36	-3.299577532542633e+02  1.729184800346852e+02 -5.597431603917330e+02	 6.060267696739174e-05 -6.584893708350137e-05  2.642596082296222e-04	1.000000000000000e+00	24	0	36
38	 6.021966552548782e+02 -8.389102656226249e+02  1.003991793630661e+03	-3.861116420011967e-04  3.861116420011967e-04  3.861116420011967e-04	1.000000000000000e+00	0	0	38
40	 5.278247783624568e+02  5.760689363281080e+02 -1.000998734451672e+03	-9.545804641675204e-05  9.530772513244301e-05 -1.953080354724079e-04	1.000000000000000e+00	24	0	40
42	 1.170470878821630e+03 -4.995898660232853e+02  1.225532738315317e+03	 2.497782940433050e-04 -2.497782940433050e-04 -2.497782940433050e-04	1.000000000000000e+00	0	0	42
44	1.770864106901053e+03 1.020601663500934e+02 1.226161476473072e+03	 2.195562410634011e-05 -2.195562410634011e-05 -2.184490404033568e-05	1.000000000000000e+00	0	0	44
45	 1.368122707648620e+03 -9.622478517804490e+01  1.027880909488328e+03	-3.094658604823053e-04  3.079970192629844e-04  3.094658604823053e-04	1.000000000000000e+00	0	0	45
46	 8.607326484357849e+02 -7.025544712878968e+02  1.140347587965389e+03	-2.031781710684299e-03  2.023181179538369e-03  2.023181179538369e-03	1.000000000000000e+00	0	0	46
47	 3.540231391500181e+00 -1.442297102212048e+03  1.001626871226364e+03	 9.886215411825106e-05 -9.886215411825106e-05 -9.879196295514703e-05	1.000000000000000e+00	0	0	47
48	 2.044860089054173e+02 -1.042217631550889e+03  8.006844277023972e+02	 1.734287798171863e-04 -1.724119065329432e-04 -1.724119065329432e-04	1.000000000000000e+00	0	0	48
49	 4.027144869767474e+02 -1.240454683268926e+03  1.203473961908792e+03	-1.269986241823062e-04  1.255391398444772e-04  1.269986241823062e-04	1.000000000000000e+00	0	0	49
50	 9.135722893840784e+02 -6.375239383256244e+02  1.087598666012978e+03	 2.144940197467804e-03 -2.108075888827443e-03 -2.108075888827443e-03	1.000000000000000e+00	0	0	50
51	 1.571168123816238e+03 -2.992640585838953e+02  1.425858545754707e+03	 1.374254497932270e-04 -1.368987432215363e-04 -1.368987432215363e-04	1.000000000000000e+00	0	0	51
52	-3.738579699105798e+01 -2.417669483731683e+02  7.674404782592807e+02	1.171841504401527e-04 1.175100696855225e-04 1.171841504401527e-04	1.000000000000000e+00	12	0	52
53	 2.489799889707260e+02  5.815337440239506e+02 -3.439585452399268e+02	1.031020019581774e-05 1.031020019581774e-05 1.037299807649106e-05	1.000000000000000e+00	12	0	53
54	 5.311778764259126e+02 -7.955511180893644e+02  7.505929028004538e+02	2.818037319229916e-05 3.448793722782284e-05 3.448793722782284e-05	1.000000000000000e+00	12	0	54
55	 1.387447449223612e+03 -5.247366423324293e+02 -3.763575431802838e+02	1.313437678618357e-05 1.313437678618357e-05 1.316027373832185e-05	1.000000000000000e+00	12	0	55
56	 1.676150645815204e+03  3.008980903271800e+02 -1.485419428267188e+03	2.563823654782027e-04 2.551652723923326e-04 2.563823654782027e-04	1.000000000000000e+00	12	0	56
57	 1.098370578101673e+03  8.450789290684213e+02 -1.478178554150634e+03	-7.129529258236289e-04 -8.283847710117698e-04 -8.283847710117698e-04	1.000000000000000e+00	12	0	57
58	-9.771000669245147e+02  1.722799127553746e+02  8.868852999953489e+01	-1.901333016576245e-04  1.918703783303499e-04 -1.901333016576245e-04	1.000000000000000e+00	24	0	58
59	-5.443341600408412e+02  3.872948868212629e+02 -1.263341265530304e+02	-5.721168054151349e-05  5.721168054151349e-05 -5.745242015109397e-05	1.000000000000000e+00	24	0	59
60	-7.610095106656718e+02 -4.382528949965798e+01 -3.429993908573915e+02	-2.016028738580644e-04  1.987577998079360e-04 -1.987577998079360e-04	1.000000000000000e+00	24	0	60
61	 8.434476639679511e+01  3.890094830120990e+02 -7.758341633691484e+02	 3.784122600336559e-05 -3.773295975406654e-05  3.773295975406654e-05	1.000000000000000e+00	24	0	61
62	 1.171333747929233e+03  5.802946342821165e+02 -1.653063768946417e+03	-4.035523161292076e-04  3.837690746877342e-04 -4.035523161292076e-04	1.000000000000000e+00	24	0	62
63	 7.345278304627561e+02  3.693658842278087e+02 -1.442075647732218e+03	-1.042143790982664e-03  1.042143790982664e-03 -1.040578703396022e-03	1.000000000000000e+00	24	0	63
64	 9.613215315549010e+02  7.905350845763714e+02 -1.215464882699936e+03	 5.525305168703198e-04 -5.034372443333268e-04  5.034372443333268e-04	1.000000000000000e+00	24	0	64
65	 1.135146692955320e+02  3.598508619800459e+02 -7.847806601036107e+02	 4.352469113655388e-05 -4.314412581152283e-05  4.314412581152283e-05	1.000000000000000e+00	24	0	65
66	1.671059498767563e+03 2.018647744835842e+02 1.025451689530250e+03	 8.139709098031744e-05 -8.139709098031744e-05 -8.254314161604270e-05	1.000000000000000e+00	0	0	66
67	1.468017794686728e+03 1.044064592849751e+02 9.279858224502193e+02	-3.533420385792851e-04  3.569014370441437e-04  3.533420385792851e-04	1.000000000000000e+00	0	0	67
68	 9.932200791507144e+02 -6.374803138031016e+02  1.205421745450185e+03	-1.820228644646704e-03  1.878966111689806e-03  1.878966111689806e-03	1.000000000000000e+00	0	0	68
69	-9.668238023080265e+01 -1.342074490589745e+03  8.013385009519861e+02	 8.736104791751131e-05 -8.736104791751131e-05 -8.733468712307513e-05	1.000000000000000e+00	0	0	69
70	 4.267667329237526e+00 -1.142516108158276e+03  7.003859510950101e+02	 1.968610595213249e-04 -1.975212653633207e-04 -1.975212653633207e-04	1.000000000000000e+00	0	0	70
71	 1.035513267824263e+02 -1.542308197602974e+03  1.202127522597306e+03	 8.179814903996885e-05 -8.179814903996885e-05 -8.140764839481562e-05	1.000000000000000e+00	0	0	71
72	 3.029083336562019e+02 -1.441155913849871e+03  1.303280115229338e+03	-7.155534694902599e-05  7.109806756488979e-05  7.155534694902599e-05	1.000000000000000e+00	0	0	72
73	 7.818689377685214e+02 -7.035217998058201e+02  1.021600804532782e+03	 1.992140663787723e-03 -2.085614483803511e-03 -2.085614483803511e-03	1.000000000000000e+00	0	0	73
74	1.870831811067876e+03 2.092462183270749e+00 1.426704384529084e+03	-1.209791389555903e-05  1.209791389555903e-05  1.215046268043807e-05	1.000000000000000e+00	0	0	74
75	 1.771347035728502e+03 -1.989322466715385e+02  1.526190357667064e+03	 1.102242968045175e-04 -1.097506828955375e-04 -1.097506828955375e-04	1.000000000000000e+00	0	0	75
76	-1.269708702590758e+02 -6.287839280448713e+01  6.778554049912628e+02	8.394551696255803e-05 8.584514580434188e-05 8.394551696255803e-05	1.000000000000000e+00	12	0	76
77	1.423376870006275e+01 3.467875237532873e+02 1.201575866845601e+02	-2.485464792698622e-04 -2.485464792698622e-04 -2.544505405239761e-04	1.000000000000000e+00	12	0	77
78	 5.233235055882132e+01 -4.205101964828989e+02  8.571586258091600e+02	1.578636583872139e-04 1.600919204065576e-04 1.578636583872139e-04	1.000000000000000e+00	12	0	78
79	 3.366152216051834e+02 -6.974353590794472e+02  8.487086618103710e+02	1.233172224601731e-04 1.184168650070205e-04 1.184168650070205e-04	1.000000000000000e+00	12	0	79
80	 7.288898314680835e+02 -8.905726643178178e+02  6.555713565720004e+02	3.546457155607641e-04 3.557856834959239e-04 3.557856834959239e-04	1.000000000000000e+00	12	0	80
81	 1.154297106351263e+03 -7.578869852047787e+02  8.937435706063323e+01	-1.507723754912149e-05 -1.507723754912149e-05 -1.512235940026585e-05	1.000000000000000e+00	12	0	81
82	 1.620872797318533e+03 -2.913112942375078e+02 -8.418137989973135e+02	8.138530392898247e-05 8.138530392898247e-05 8.167461055563763e-05	1.000000000000000e+00	12	0	82
83	 1.764936822171944e+03  1.212152552171813e+02 -1.396633251910449e+03	1.626824669074267e-04 1.611844782019034e-04 1.626824669074267e-04	1.000000000000000e+00	12	0	83
84	 1.586634855396885e+03  4.798527183420890e+02 -1.574935218685507e+03	2.657621807884425e-04 2.651333634275943e-04 2.657621807884425e-04	1.000000000000000e+00	12	0	84
85	 1.303744463658305e+03  7.579959601318610e+02 -1.565261523087194e+03	4.175338253844529e-04 3.649701247923076e-04 3.649701247923076e-04	1.000000000000000e+00	12	0	85
86	 4.822920863244155e+02  8.148458413776401e+02 -8.095138021170303e+02	9.001482249004766e-05 9.001482249004766e-05 9.500365558778867e-05	1.000000000000000e+00	12	0	86
87	 9.197954658386327e+02  9.591844025024789e+02 -1.364073080716576e+03	1.420319546014071e-03 1.295759342610836e-03 1.295759342610836e-03	1.000000000000000e+00	12	0	87
88	-8.680791200367032e+02  3.871494814629280e+02  1.977094768873465e+02	-3.674350227811374e-05  3.766650115721859e-05 -3.674350227811374e-05	1.000000000000000e+00	24	0	88
89	-6.534649584543372e+02  4.964256852347589e+02  8.843074571136813e+01	-2.367319539189339e-04  2.367319539189339e-04 -2.365192922297865e-04	1.000000000000000e+00	24	0	89
90	-1.085448487618145e+03 -4.327423743154446e+01 -1.965989069409513e+01	-2.527339966036379e-04  2.519204281270504e-04 -2.527339966036379e-04	1.000000000000000e+00	24	0	90
91	-9.762480235254051e+02 -1.524730457950402e+02 -2.343516345620093e+02	-9.209482232108712e-05  9.164463699562475e-05 -9.164463699562475e-05	1.000000000000000e+00	24	0	91
92	 2.929353707014856e+02  4.956935098568409e+02 -8.825181902138903e+02	-6.670120637863874e-05  6.519988528452814e-05 -6.519988528452814e-05	1.000000000000000e+00	24	0	92
93	 1.062805055492694e+03  3.650019005527791e+02 -1.761592461382955e+03	-3.633117885328829e-04  3.684872062876821e-04 -3.633117885328829e-04	1.000000000000000e+00	24	0	93
94	 8.429287757598366e+02  2.609649389307282e+02 -1.657637009290589e+03	-9.707320714369416e-04  9.707320714369416e-04 -9.897964773699641e-04	1.000000000000000e+00	24	0	94
95	 1.272411913043720e+03  8.029051344412253e+02 -1.551985603831930e+03	-1.132931443862617e-03  1.083683106116951e-03 -1.132931443862617e-03	1.000000000000000e+00	24	0	95
96	 1.169440670159461e+03  9.061127420864427e+02 -1.331042540210007e+03	-5.734339938499033e-04  5.646594217978418e-04 -5.646594217978418e-04	1.000000000000000e+00	24	0	96
97	-9.615929377819990e+01  2.542881407819498e+02 -6.792179389055145e+02	 8.471550972899422e-05 -8.147668995661661e-05  8.147668995661661e-05	1.000000000000000e+00	24	0	97
98	-4.334823657177429e+02  2.764430924981646e+02 -3.394454028217161e+02	 3.674609761219472e-04 -3.674609761219472e-04  3.515477292239666e-04	1.000000000000000e+00	24	0	98
99	-5.463391608315762e+02  6.538484747406481e+01 -4.522095278311143e+02	-4.006548842880875e-04  3.999681212007999e-04 -3.999681212007999e-04	1.000000000000000e+00	24	0	99
100	-1.260693651598322e+02  2.839329129726599e+02 -6.707575933297093e+02	 8.701068873051554e-05 -9.910103835863993e-05  9.910103835863993e-05	1.000000000000000e+00	24	0	100
101	 7.301793802047567e+02 -7.695680349534605e+02  1.073334024299826e+03	-1.825709943659604e-03  1.734867808409035e-03  1.734867808409035e-03	1.000000000000000e+00	0	0	101
102	 4.038989841210721e+02 -9.411186610377938e+02  9.017833982154923e+02	 3.060268500121310e-05 -2.935796146630310e-05 -2.935796146630310e-05	1.000000000000000e+00	0	0	102
103	 5.018435109925015e+02 -1.039068660051576e+03  1.104344937893038e+03	-2.756998583208770e-04  2.748915285337716e-04  2.756998583208770e-04	1.000000000000000e+00	0	0	103
104	 6.271318031876993e+02  4.767619115028654e+02 -1.225330885308612e+03	-1.004717545583844e-03  1.004717545583844e-03 -9.375344379805028e-04	1.000000000000000e+00	24	0	104
105	 7.438355211420615e+02  6.839817748840203e+02 -1.108911573007585e+03	 4.575909697450697e-04 -4.591328324750066e-04  4.591328324750066e-04	1.000000000000000e+00	24	0	105
106	 3.242324507629134e+02  4.647177061549508e+02 -8.896475042785155e+02	-6.476420094259083e-05  7.924543751869351e-05 -7.924543751869351e-05	1.000000000000000e+00	24	0	106
107	 1.268307480230973e+03 -2.969302249975946e+02  1.127696136905975e+03	-2.637552970554680e-04  2.583649475127459e-04  2.637552970554680e-04	1.000000000000000e+00	0	0	107
108	 1.043818547834359e+03 -5.701919041993422e+02  1.154930700139260e+03	 1.880815136246383e-03 -1.754894270561635e-03 -1.754894270561635e-03	1.000000000000000e+00	0	0	108
109	 1.371161586636949e+03 -3.997713415598380e+02  1.325351262778765e+03	 2.115620009135455e-04 -2.118687407346442e-04 -2.118687407346442e-04	1.000000000000000e+00	0	0	109
110	-1.041038685088315e+02  2.284498865443930e+02  3.512846237133757e+02	-5.103658768348396e-04 -5.103658768348396e-04 -5.092241917736828e-04	1.000000000000000e+00	12	0	110
111	 1.037524545335908e+03 -8.746595462201335e+02  3.220448642370024e+02	-4.800263923243620e-05 -4.800263923243620e-05 -4.754545807372779e-05	1.000000000000000e+00	12	0	111
112	 1.737621146328460e+03 -1.745629452275811e+02 -1.074507011610331e+03	1.195743898279034e-04 1.195743898279034e-04 1.197681631310843e-04	1.000000000000000e+00	12	0	112
113	 6.031077671899831e+02  9.356615222432075e+02 -1.038021675050602e+03	7.040322525426745e-04 7.040322525426745e-04 7.426912779919803e-04	1.000000000000000e+00	12	0	113
114	 1.324742283303151e+02  4.650279833835397e+02 -1.110241862670974e+02	3.821806785708759e-06 3.821806785708759e-06 3.448878942435840e-06	1.000000000000000e+00	12	0	114
115	 3.650574572569373e+02  6.976112123101618e+02 -5.773229688007439e+02	-4.606296351994388e-05 -4.606296351994388e-05 -4.621562038664706e-05	1.000000000000000e+00	12	0	115
116	 1.270877352730254e+03 -6.413067388257878e+02 -1.434864765173401e+02	-7.017451935098507e-07 -7.017451935098507e-07 -7.028110644569097e-07	1.000000000000000e+00	12	0	116
117	 1.504105026098886e+03 -4.080790654571554e+02 -6.091408794988525e+02	3.962891059927642e-05 3.962891059927642e-05 3.975606159656309e-05	1.000000000000000e+00	12	0	117
0	-5.773502691896258e-01  5.773502691896258e-01  5.773502691896258e-01	-7.071067811865476e-01  3.124842898819631e-18 -7.071067811865476e-01	 1.198001808568474e+03 -5.294203851356715e-15  1.198001808568474e+03	1	0	0.000000000000000e+00	0.000000000000000e+00	0.000000000000000e+00
1	-5.773502691896258e-01  5.773502691896258e-01  5.773502691896258e-01	 0.000000000000000e+00  7.071067811865476e-01 -7.071067811865476e-01	 0.000000000000000e+00 -9.214510296266430e+02  9.214510296266430e+02	1	0	0.000000000000000e+00	0.000000000000000e+00	0.000000000000000e+00
2	-5.773502691896258e-01  5.773502691896258e-01  5.773502691896258e-01	 7.071067811865476e-01  7.071067811865476e-01 -3.124842898819631e-18	-7.193784354102739e+02 -7.193784354102739e+02  3.179073734356852e-15	1	0	0.000000000000000e+00	0.000000000000000e+00	0.000000000000000e+00
3	-5.773502691896258e-01  5.773502691896258e-01  5.773502691896258e-01	 7.071067811865476e-01 -3.124842898819631e-18  7.071067811865476e-01	 8.030942244427697e+02 -3.549030148066116e-15  8.030942244427697e+02	1	0	0.000000000000000e+00	0.000000000000000e+00	0.000000000000000e+00
4	-5.773502691896258e-01  5.773502691896258e-01  5.773502691896258e-01	 0.000000000000000e+00  7.071067811865476e-01 -7.071067811865476e-01	 0.000000000000000e+00 -8.625613021693013e+02  8.625613021693013e+02	1	0	0.000000000000000e+00	0.000000000000000e+00	0.000000000000000e+00
5	-5.773502691896258e-01  5.773502691896258e-01  5.773502691896258e-01	-7.071067811865476e-01 -7.071067811865476e-01  3.124842898819631e-18	 9.364621366255734e+02  9.364621366255734e+02 -4.138408986458117e-15	1	0	0.000000000000000e+00	0.000000000000000e+00	0.000000000000000e+00
6	 5.773502691896258e-01 -5.773502691896258e-01 -5.773502691896258e-01	0.000000000000000e+00 0.000000000000000e+00 0.000000000000000e+00	1.570392732195782e+03 3.025315410553647e+02 8.256108849411653e+02	1	1	0.000000000000000e+00	0.000000000000000e+00	0.000000000000000e+00
7	-5.773502691896258e-01 -5.773502691896258e-01 -5.773502691896258e-01	-7.071067811865476e-01  0.000000000000000e+00  7.071067811865476e-01	-4.024131376251693e+02  0.000000000000000e+00  4.024131376251693e+02	1	0	0.000000000000000e+00	0.000000000000000e+00	0.000000000000000e+00
8	-5.773502691896258e-01 -5.773502691896258e-01 -5.773502691896258e-01	 0.000000000000000e+00 -7.071067811865476e-01  7.071067811865476e-01	 0.000000000000000e+00 -7.730720104449091e+02  7.730720104449091e+02	1	0	0.000000000000000e+00	0.000000000000000e+00	0.000000000000000e+00
9	-5.773502691896258e-01 -5.773502691896258e-01 -5.773502691896258e-01	 7.071067811865476e-01 -7.071067811865476e-01  0.000000000000000e+00	 9.560920457780206e+02 -9.560920457780206e+02  0.000000000000000e+00	1	0	0.000000000000000e+00	0.000000000000000e+00	0.000000000000000e+00
10	-5.773502691896258e-01 -5.773502691896258e-01 -5.773502691896258e-01	 7.071067811865476e-01  0.000000000000000e+00 -7.071067811865476e-01	 1.580785037041196e+03  0.000000000000000e+00 -1.580785037041196e+03	1	0	0.000000000000000e+00	0.000000000000000e+00	0.000000000000000e+00
11	-5.773502691896258e-01 -5.773502691896258e-01 -5.773502691896258e-01	 0.000000000000000e+00  7.071067811865476e-01 -7.071067811865476e-01	 0.000000000000000e+00  1.161628741609527e+03 -1.161628741609527e+03	1	0	0.000000000000000e+00	0.000000000000000e+00	0.000000000000000e+00
12	-5.773502691896258e-01 -5.773502691896258e-01 -5.773502691896258e-01	-7.071067811865476e-01  7.071067811865476e-01  0.000000000000000e+00	-1.662768775266123e+02  1.662768775266123e+02  0.000000000000000e+00	1	0	0.000000000000000e+00	0.000000000000000e+00	0.000000000000000e+00
13	5.773502691896258e-01 5.773502691896258e-01 5.773502691896258e-01	0.000000000000000e+00 0.000000000000000e+00 0.000000000000000e+00	-2.170837012152994e+02  1.154700538379251e+02  5.877425740350395e+02	1	1	0.000000000000000e+00	0.000000000000000e+00	0.000000000000000e+00
14	-5.773502691896258e-01  5.773502691896258e-01 -5.773502691896258e-01	 7.071067811865476e-01  0.000000000000000e+00 -7.071067811865476e-01	-5.328942984620248e+02  0.000000000000000e+00  5.328942984620248e+02	1	0	0.000000000000000e+00	0.000000000000000e+00	0.000000000000000e+00
15	-5.773502691896258e-01  5.773502691896258e-01 -5.773502691896258e-01	-3.124842898819631e-18  7.071067811865476e-01  7.071067811865476e-01	 8.547268868455420e-16 -1.934123401785247e+02 -1.934123401785247e+02	1	0	0.000000000000000e+00	0.000000000000000e+00	0.000000000000000e+00
16	-5.773502691896258e-01  5.773502691896258e-01 -5.773502691896258e-01	 7.071067811865476e-01  7.071067811865476e-01 -3.124842898819631e-18	 5.519468573452824e+02  5.519468573452824e+02 -2.439160906938323e-15	1	0	0.000000000000000e+00	0.000000000000000e+00	0.000000000000000e+00
17	-5.773502691896258e-01  5.773502691896258e-01 -5.773502691896258e-01	-7.071067811865476e-01  0.000000000000000e+00  7.071067811865476e-01	 1.412198758437825e+03  0.000000000000000e+00 -1.412198758437825e+03	1	0	0.000000000000000e+00	0.000000000000000e+00	0.000000000000000e+00
18	-5.773502691896258e-01  5.773502691896258e-01 -5.773502691896258e-01	-3.124842898819631e-18  7.071067811865476e-01  7.071067811865476e-01	 9.389238637586849e-16 -2.124648990617823e+02 -2.124648990617823e+02	1	0	0.000000000000000e+00	0.000000000000000e+00	0.000000000000000e+00
19	-5.773502691896258e-01  5.773502691896258e-01 -5.773502691896258e-01	-7.071067811865476e-01 -7.071067811865476e-01  3.124842898819631e-18	-7.851963660978913e+01 -7.851963660978913e+01  3.469936018238618e-16	1	0	0.000000000000000e+00	0.000000000000000e+00	0.000000000000000e+00
20	 5.773502691896258e-01 -5.773502691896258e-01  5.773502691896258e-01	0.000000000000000e+00 0.000000000000000e+00 0.000000000000000e+00	-7.597929542535472e+02  6.027536810339691e+02  3.059956426705008e+02	1	1	0.000000000000000e+00	0.000000000000000e+00	0.000000000000000e+00
0	0	1	0
6	0	1	0
5	5	0	0
6	5	0	0
0	6	0	0
5	0	6	0
1	1	2	0
6	1	2	0
0	1	7	0
1	7	1	0
2	2	3	0
6	2	3	0
1	2	8	0
2	8	2	0
3	3	4	0
6	3	4	0
2	3	9	0
3	9	3	0
4	4	5	0
6	4	5	0
3	4	10	0
4	10	4	0
4	5	11	0
5	11	5	0
5	6	66	0
0	67	6	0
0	7	42	0
1	68	7	0
2	69	8	0
1	8	70	0
2	9	71	0
3	72	9	0
3	10	38	0
4	73	10	0
5	74	11	0
4	11	75	0
7	12	13	0
13	12	13	0
12	17	12	0
13	17	12	0
7	18	12	0
12	12	18	0
8	13	14	0
13	13	14	0
7	13	19	0
8	19	13	0
9	14	15	0
13	14	15	0
8	14	20	0
9	20	14	0
10	15	16	0
13	15	16	0
9	15	21	0
10	21	15	0
11	16	17	0
13	16	17	0
10	16	22	0
11	22	16	0
11	17	23	0
12	23	17	0
7	76	18	0
12	18	110	0
7	19	78	0
8	79	19	0
8	20	80	0
9	111	20	0
10	83	21	0
9	21	112	0
10	22	84	0
11	85	22	0
11	23	87	0
12	113	23	0
14	24	25	0
20	24	25	0
19	29	24	0
20	29	24	0
14	30	24	0
19	24	30	0
15	25	26	0
20	25	26	0
14	25	31	0
15	31	25	0
16	26	27	0
20	26	27	0
15	26	32	0
16	32	26	0
17	27	28	0
20	27	28	0
16	27	33	0
17	33	27	0
18	28	29	0
20	28	29	0
17	28	34	0
18	34	28	0
18	29	35	0
19	35	29	0
14	88	30	0
19	30	89	0
14	31	90	0
15	91	31	0
16	40	32	0
15	32	92	0
17	93	33	0
16	33	94	0
17	34	95	0
18	96	34	0
19	36	35	0
18	35	97	0
19	98	36	0
15	36	99	0
15	100	36	0
1	38	101	0
1	102	38	0
3	38	103	0
16	104	40	0
18	40	105	0
18	106	40	0
0	42	107	0
4	42	108	0
4	109	42	0
5	66	44	0
5	44	74	0
0	45	67	0
0	107	45	0
1	46	68	0
1	101	46	0
2	47	69	0
2	71	47	0
1	70	48	0
1	48	102	0
3	49	72	0
3	103	49	0
4	50	73	0
4	108	50	0
4	75	51	0
4	51	109	0
7	52	76	0
7	78	52	0
12	114	53	0
12	53	115	0
8	54	79	0
8	80	54	0
9	55	116	0
9	117	55	0
10	56	83	0
10	84	56	0
11	57	85	0
11	87	57	0
14	58	88	0
14	90	58	0
19	89	59	0
19	59	98	0
15	60	91	0
15	99	60	0
15	92	61	0
15	61	100	0
17	62	93	0
17	95	62	0
16	94	63	0
16	63	104	0
18	64	96	0
18	105	64	0
18	97	65	0
18	65	106	0
12	110	77	0
12	77	114	0
9	81	111	0
9	116	81	0
9	112	82	0
9	82	117	0
12	86	113	0
12	115	86	0
