114
21
172
0	1.570392732195782e+03 3.025315410553647e+02 8.256108849411653e+02	0.000000000000000e+00 0.000000000000000e+00 0.000000000000000e+00	1.000000000000000e+00	0	0	0
1	 1.130451827073287e+03 -5.773502691896260e+02  1.265551790063660e+03	0.000000000000000e+00 0.000000000000000e+00 0.000000000000000e+00	1.000000000000000e+00	0	0	1
2	-1.974537920628516e+02 -1.241303078757696e+03  6.015989804955904e+02	0.000000000000000e+00 0.000000000000000e+00 0.000000000000000e+00	1.000000000000000e+00	0	0	2
3	 2.032272947547480e+02 -1.641984165575296e+03  1.402961154130791e+03	0.000000000000000e+00 0.000000000000000e+00 0.000000000000000e+00	1.000000000000000e+00	0	0	3
4	 6.431681998772439e+02 -7.621023553303065e+02  9.630202490082960e+02	0.000000000000000e+00 0.000000000000000e+00 0.000000000000000e+00	1.000000000000000e+00	0	0	4
5	 1.971073819013383e+03 -9.814954576223676e+01  1.626973058576365e+03	0.000000000000000e+00 0.000000000000000e+00 0.000000000000000e+00	1.000000000000000e+00	0	0	5
6	1.569690633397599e+03 3.032336398535475e+02 8.263129837393482e+02	-1.213716532220133e-04  1.272326917387545e-04  1.183518688776530e-04	1.000000000000000e+00	0	0	6
7	 1.127483553835912e+03 -5.743819959522513e+02  1.268520063301035e+03	-1.071897917427123e-03  1.071897917427123e-03  1.071897917427123e-03	1.000000000000000e+00	0	0	7
8	-1.967749461692392e+02 -1.241981924651308e+03  6.009201346019780e+02	 1.087993732653558e-04 -1.097939748433419e-04 -1.097967397072352e-04	1.000000000000000e+00	0	0	8
9	 2.032337279201182e+02 -1.641990598740666e+03  1.402954720965421e+03	 6.363187367242062e-06 -6.787201982660918e-06 -5.908662387810182e-06	1.000000000000000e+00	0	0	9
10	 6.455289015953385e+02 -7.644630570484012e+02  9.606595472902013e+02	 9.917773616810639e-04 -9.917773616810639e-04 -9.917773616810639e-04	1.000000000000000e+00	0	0	10
11	 1.971251623547885e+03 -9.832735029673883e+01  1.626795254041863e+03	 3.632416701293550e-05 -3.590458800317720e-05 -3.576543895178474e-05	1.000000000000000e+00	0	0	11
12	-2.170837012152994e+02  1.154700538379251e+02  5.877425740350395e+02	0.000000000000000e+00 0.000000000000000e+00 0.000000000000000e+00	1.000000000000000e+00	12	0	12
13	 1.408734656822689e+02 -6.004442799572098e+02  9.456997409326077e+02	0.000000000000000e+00 0.000000000000000e+00 0.000000000000000e+00	1.000000000000000e+00	12	0	13
14	 9.214510296266424e+02 -9.907330619293978e+02  5.554109589604201e+02	0.000000000000000e+00 0.000000000000000e+00 0.000000000000000e+00	1.000000000000000e+00	12	0	14
15	 1.853294364098699e+03 -5.888972745734176e+01 -1.308275709983692e+03	0.000000000000000e+00 0.000000000000000e+00 0.000000000000000e+00	1.000000000000000e+00	12	0	15
16	 1.495337197201131e+03  6.570246063377946e+02 -1.666232876881260e+03	0.000000000000000e+00 0.000000000000000e+00 0.000000000000000e+00	1.000000000000000e+00	12	0	16
17	 7.147596332567570e+02  1.047313388309982e+03 -1.275944094909073e+03	0.000000000000000e+00 0.000000000000000e+00 0.000000000000000e+00	1.000000000000000e+00	12	0	17
18	-2.185816629094126e+02  1.139720921438119e+02  5.862446123409264e+02	-2.360904084828993e-04 -2.360904084828993e-04 -2.360904084828993e-04	1.000000000000000e+00	12	0	18
19	 1.430268827293880e+02 -5.982908629100907e+02  9.478531579797268e+02	3.346687299199402e-04 3.346687299199402e-04 3.346687299199402e-04	1.000000000000000e+00	12	0	19
20	 9.219633666338658e+02 -9.902207249221743e+02  5.559232959676435e+02	1.030128405545838e-04 9.754353959579021e-05 9.856782708084211e-05	1.000000000000000e+00	12	0	20
21	 1.854041878700888e+03 -5.814221285515352e+01 -1.307528195381504e+03	1.203625579364598e-04 1.201351042254828e-04 1.203659921884537e-04	1.000000000000000e+00	12	0	21
22	 1.497384218964779e+03  6.590716281014419e+02 -1.664185855117613e+03	3.387440616885821e-04 3.387440616885821e-04 3.387440616885821e-04	1.000000000000000e+00	12	0	22
23	 7.230639735871428e+02  1.055617728640368e+03 -1.267639754578687e+03	1.308227113137643e-03 1.308227113137643e-03 1.308227113137643e-03	1.000000000000000e+00	12	0	23
24	-7.597929542535472e+02  6.027536810339691e+02  3.059956426705008e+02	0.000000000000000e+00 0.000000000000000e+00 0.000000000000000e+00	1.000000000000000e+00	24	0	24
25	-1.191650955607388e+03 -2.609623216737101e+02 -1.258623586833382e+02	0.000000000000000e+00 0.000000000000000e+00 0.000000000000000e+00	1.000000000000000e+00	24	0	25
26	 5.126870390403868e+02  5.912066756501777e+02 -9.780313560072266e+02	0.000000000000000e+00 0.000000000000000e+00 0.000000000000000e+00	1.000000000000000e+00	24	0	26
27	 9.572467463163994e+02  1.466469683741651e+02 -1.867150770559250e+03	0.000000000000000e+00 0.000000000000000e+00 0.000000000000000e+00	1.000000000000000e+00	24	0	27
28	 1.389104747670240e+03  1.010362971081845e+03 -1.435292769205410e+03	0.000000000000000e+00 0.000000000000000e+00 0.000000000000000e+00	1.000000000000000e+00	24	0	28
29	-3.152332469775362e+02  1.581939737579582e+02 -5.831237718815206e+02	0.000000000000000e+00 0.000000000000000e+00 0.000000000000000e+00	1.000000000000000e+00	24	0	29
30	-7.602480608608776e+02  6.032087876412995e+02  3.055405360631704e+02	-7.435448060277849e-05  7.455606100847945e-05 -7.188013842096552e-05	1.000000000000000e+00	24	0	30
31	-1.192551130727495e+03 -2.600621465536034e+02 -1.267625338034449e+02	-1.497694174759090e-04  1.478535414207727e-04 -1.496181794209406e-04	1.000000000000000e+00	24	0	31
32	 5.016011230242140e+02  6.022925916663505e+02 -9.891172720233994e+02	-1.622013514861465e-04  1.622013514861464e-04 -1.622013514861465e-04	1.000000000000000e+00	24	0	32
33	 9.536911590485438e+02  1.502025556420207e+02 -1.870706357827106e+03	-5.931925649444262e-04  5.931925649444262e-04 -5.931925649444262e-04	1.000000000000000e+00	24	0	33
34	 1.382337446430016e+03  1.017130272322069e+03 -1.442060070445633e+03	-1.129193464294076e-03  1.129193464294076e-03 -1.129193464294076e-03	1.000000000000000e+00	24	0	34
35	-3.048454710062646e+02  1.478061977866866e+02 -5.727359959102490e+02	 1.766979500340919e-04 -1.766979500340919e-04  1.766979500340919e-04	1.000000000000000e+00	24	0	35
36	-3.300263720681447e+02  1.729870988485667e+02 -5.598117792056144e+02	 5.634822082356550e-05 -6.436037074308842e-05  2.645570493768901e-04	1.000000000000000e+00	24	0	36
38	 6.023933773338283e+02 -8.391069877015750e+02  1.003795071551711e+03	-3.564607274408142e-04  3.564607274408142e-04  3.564607274408142e-04	1.000000000000000e+00	0	0	38
40	 5.278922944045281e+02  5.760014202860366e+02 -1.000931218409601e+03	-8.790600259089842e-05  9.173509170068428e-05 -1.980287197511643e-04	1.000000000000000e+00	24	0	40
42	 1.170346695168767e+03 -4.994656823704225e+02  1.225656921968180e+03	 2.190700373224293e-04 -2.190700373224293e-04 -2.190700373224293e-04	1.000000000000000e+00	0	0	42
44	1.770852541687050e+03 1.020717315640964e+02 1.226172985868495e+03	 2.168164064642042e-05 -2.168164064642042e-05 -2.158166716981214e-05	1.000000000000000e+00	0	0	44
45	 1.368285852571260e+03 -9.638718569295094e+01  1.027717764565688e+03	-3.061880415771157e-04  3.048472281079739e-04  3.061880415771157e-04	1.000000000000000e+00	0	0	45
46	 8.617641404583495e+02 -7.035818639808772e+02  1.139320195272409e+03	-1.855663955211639e-03  1.848773565143347e-03  1.848773565143347e-03	1.000000000000000e+00	0	0	46
47	 3.487896940652722e+00 -1.442244767761201e+03  1.001679169071279e+03	 9.863265586318448e-05 -9.863265586318448e-05 -9.856479300651699e-05	1.000000000000000e+00	0	0	47
48	 2.043933522036141e+02 -1.042125496446276e+03  8.007765628070099e+02	 1.761970634106547e-04 -1.752459502313286e-04 -1.752459502313286e-04	1.000000000000000e+00	0	0	48
49	 4.027818658883882e+02 -1.240521317573820e+03  1.203406582997151e+03	-1.272576482733712e-04  1.259073324035853e-04  1.272576482733712e-04	1.000000000000000e+00	0	0	49
50	 9.124820221728796e+02 -6.364515766130476e+02  1.088671027725555e+03	 1.964431256055832e-03 -1.933728926815093e-03 -1.933728926815093e-03	1.000000000000000e+00	0	0	50
51	 1.571096305281691e+03 -2.991925005976509e+02  1.425930103740952e+03	 1.336195418844000e-04 -1.331617240794003e-04 -1.331617240794003e-04	1.000000000000000e+00	0	0	51
52	-3.744756769972194e+01 -2.418288807662415e+02  7.673787075506167e+02	1.159049570560455e-04 1.161896361736581e-04 1.159049570560455e-04	1.000000000000000e+00	12	0	52
53	 2.489743801829395e+02  5.815281352361641e+02 -3.439641857649438e+02	1.085470012185397e-05 1.085470012185397e-05 1.091169906430878e-05	1.000000000000000e+00	12	0	53
54	 5.311637097734348e+02 -7.955685191362444e+02  7.505755017535738e+02	2.522819886507932e-05 3.112229387625121e-05 3.112229387625121e-05	1.000000000000000e+00	12	0	54
55	 1.387440552098746e+03 -5.247435394572949e+02 -3.763644533792850e+02	1.289406372961821e-05 1.289406372961821e-05 1.291751959797693e-05	1.000000000000000e+00	12	0	55
56	 1.676013997384832e+03  3.007620638711883e+02 -1.485556076697560e+03	2.592748787719756e-04 2.581449516583234e-04 2.592748787719756e-04	1.000000000000000e+00	12	0	56
57	 1.098759240831667e+03  8.455267086362753e+02 -1.477730774582780e+03	-7.538199424743652e-04 -8.614491671323776e-04 -8.614491671323776e-04	1.000000000000000e+00	12	0	57
58	-9.769986196418938e+02  1.721775754604325e+02  8.878997728215583e+01	-1.926841505337507e-04  1.943052047863603e-04 -1.926841505337507e-04	1.000000000000000e+00	24	0	58
59	-5.443032777384205e+02  3.872640045188423e+02 -1.263031081042697e+02	-5.932312706136145e-05  5.932312706136145e-05 -5.959469126537442e-05	1.000000000000000e+00	24	0	59
60	-7.609034058592424e+02 -4.392995914758955e+01 -3.428947212094599e+02	-1.987981522688642e-04  1.962261303560808e-04 -1.962261303560808e-04	1.000000000000000e+00	24	0	60
61	 8.432464084672998e+01  3.890295597290144e+02 -7.758542400860638e+02	 3.812414797721431e-05 -3.804843800025992e-05  3.804843800025992e-05	1.000000000000000e+00	24	0	61
62	 1.171543377283446e+03  5.800949127047429e+02 -1.652854139592204e+03	-3.874386602547020e-04  3.698244690895081e-04 -3.874386602547020e-04	1.000000000000000e+00	24	0	62
63	 7.350791726724408e+02  3.688145420181240e+02 -1.441525136660410e+03	-1.038405112922192e-03  1.038405112922192e-03 -1.036837697029114e-03	1.000000000000000e+00	24	0	63
64	 9.610264007006031e+02  7.908050190414906e+02 -1.215734817165055e+03	 5.611968808807433e-04 -5.152232479304075e-04  5.152232479304075e-04	1.000000000000000e+00	24	0	64
65	 1.134914375960223e+02  3.598738955793788e+02 -7.848036937029435e+02	 4.413090573507361e-05 -4.376420110929757e-05  4.376420110929757e-05	1.000000000000000e+00	24	0	65
66	1.671016620387954e+03 2.019076528631929e+02 1.025495140386235e+03	 8.040526881814003e-05 -8.040526881814003e-05 -8.142096339724958e-05	1.000000000000000e+00	0	0	66
67	1.468204103723527e+03 1.042183588091281e+02 9.277995134134205e+02	-3.497212601359934e-04  3.529249515850097e-04  3.497212601359934e-04	1.000000000000000e+00	0	0	67
68	 9.941380818836274e+02 -6.384256892552689e+02  1.204476369998017e+03	-1.641061739064753e-03  1.685923663899302e-03  1.685923663899302e-03	1.000000000000000e+00	0	0	68
69	-9.672877318197060e+01 -1.342028097638577e+03  8.013848799291900e+02	 8.771184366196394e-05 -8.771184366196394e-05 -8.768553379923105e-05	1.000000000000000e+00	0	0	69
70	 4.162853099064165e+00 -1.142410954500722e+03  7.004911047525643e+02	 1.986541465157643e-04 -1.992744801100343e-04 -1.992744801100343e-04	1.000000000000000e+00	0	0	70
71	 1.035083203828017e+02 -1.542265191203350e+03  1.202170331926614e+03	 8.049776806728914e-05 -8.049776806728914e-05 -8.014433115022257e-05	1.000000000000000e+00	0	0	71
72	 3.029463436287681e+02 -1.441193691073546e+03  1.303242105256771e+03	-7.187737355707213e-05  7.145629206206650e-05  7.187737355707213e-05	1.000000000000000e+00	0	0	72
73	 7.808544959259589e+02 -7.024629650616685e+02  1.022659639276934e+03	 1.832227222621441e-03 -1.906619640067220e-03 -1.906619640067220e-03	1.000000000000000e+00	0	0	73
74	1.870838142124969e+03 2.086131126177669e+00 1.426698027578201e+03	-1.178976071969373e-05  1.178976071969373e-05  1.183501535706455e-05	1.000000000000000e+00	0	0	74
75	 1.771289434292082e+03 -1.988748813144121e+02  1.526247723024190e+03	 1.071549195330590e-04 -1.067369157681242e-04 -1.067369157681242e-04	1.000000000000000e+00	0	0	75
76	-1.270157094759377e+02 -6.292420303881260e+01  6.778105657744010e+02	8.526226883986965e-05 8.702672494109720e-05 8.526226883986965e-05	1.000000000000000e+00	12	0	76
77	1.436544672259431e+01 3.469192017758189e+02 1.202922742590822e+02	-2.483528223820031e-04 -2.483528223820031e-04 -2.538059197831899e-04	1.000000000000000e+00	12	0	77
78	 5.224920727900633e+01 -4.205944731920806e+02  8.570754825293450e+02	1.558668882353231e-04 1.579158561071381e-04 1.558668882353231e-04	1.000000000000000e+00	12	0	78
79	 3.365514065387890e+02 -6.974966808740046e+02  8.486473400158136e+02	1.175268916995265e-04 1.130180971813388e-04 1.130180971813388e-04	1.000000000000000e+00	12	0	79
80	 7.287003257052845e+02 -8.907627744681932e+02  6.553812464216250e+02	3.604308294598013e-04 3.615684690885246e-04 3.615684690885246e-04	1.000000000000000e+00	12	0	80
81	 1.154305227726051e+03 -7.578788638299907e+02  8.938250198218637e+01	-1.555970084154978e-05 -1.555970084154978e-05 -1.560335658723488e-05	1.000000000000000e+00	12	0	81
82	 1.620829658980695e+03 -2.913544325753460e+02 -8.418570848087862e+02	8.140092540998012e-05 8.140092540998012e-05 8.166814950527623e-05	1.000000000000000e+00	12	0	82
83	 1.764850276055901e+03  1.211294776601920e+02 -1.396719798026491e+03	1.639038237044588e-04 1.625020086066797e-04 1.639038237044588e-04	1.000000000000000e+00	12	0	83
84	 1.586493775004476e+03  4.797119509837000e+02 -1.575076299077915e+03	2.666172222234309e-04 2.660641039256006e-04 2.666172222234309e-04	1.000000000000000e+00	12	0	84
85	 1.303519015387657e+03  7.577969076555951e+02 -1.565460575563460e+03	4.333826946094632e-04 3.863444726448506e-04 3.863444726448506e-04	1.000000000000000e+00	12	0	85
86	 4.822451432057653e+02  8.147988982589899e+02 -8.095632641551590e+02	8.712564158486202e-05 8.712564158486202e-05 9.164480434264988e-05	1.000000000000000e+00	12	0	86
87	 9.190401659166703e+02  9.584930343907204e+02 -1.364764448828334e+03	1.429883879609406e-03 1.313222106546164e-03 1.313222106546164e-03	1.000000000000000e+00	12	0	87
88	-8.680591905650920e+02  3.871290814189799e+02  1.977294063589577e+02	-3.846029721898958e-05  3.931312312488444e-05 -3.846029721898958e-05	1.000000000000000e+00	24	0	88
89	-6.533391109805530e+02  4.962998377609746e+02  8.855648678914432e+01	-2.381611266173422e-04  2.381611266173422e-04 -2.379720390308648e-04	1.000000000000000e+00	24	0	89
90	-1.085314032511516e+03 -4.340827438426146e+01 -1.952543558746650e+01	-2.546378236729652e-04  2.538737608119845e-04 -2.546378236729652e-04	1.000000000000000e+00	24	0	90
91	-9.761997804290376e+02 -1.525210634121806e+02 -2.343036169448689e+02	-8.996292308438569e-05  8.956177043728530e-05 -8.956177043728530e-05	1.000000000000000e+00	24	0	91
92	 2.929708204582824e+02  4.956588497588581e+02 -8.824835301159075e+02	-6.719535304000601e-05  6.571564154000953e-05 -6.571564154000953e-05	1.000000000000000e+00	24	0	92
93	 1.062997441139209e+03  3.648068413411164e+02 -1.761400075736441e+03	-3.626872494351119e-04  3.675975603982806e-04 -3.626872494351119e-04	1.000000000000000e+00	24	0	93
94	 8.434425633669169e+02  2.604511513236479e+02 -1.657113552224200e+03	-9.680936927907169e-04  9.680936927907169e-04 -9.855246171355247e-04	1.000000000000000e+00	24	0	94
95	 1.273020165486395e+03  8.023230830878126e+02 -1.551377351389255e+03	-1.162711880169809e-03  1.113095786422491e-03 -1.162711880169809e-03	1.000000000000000e+00	24	0	95
96	 1.169743980561897e+03  9.058137674175446e+02 -1.330743565541109e+03	-5.711426492780447e-04  5.635452107526362e-04 -5.635452107526362e-04	1.000000000000000e+00	24	0	96
97	-9.620368516124577e+01  2.543308420609085e+02 -6.792606401844732e+02	 8.281929331133142e-05 -7.968203863129020e-05  7.968203863129020e-05	1.000000000000000e+00	24	0	97
98	-4.336769198461359e+02  2.766376466265577e+02 -3.396316541082789e+02	 3.667095734272152e-04 -3.667095734272152e-04  3.512882394716144e-04	1.000000000000000e+00	24	0	98
99	-5.461270973955873e+02  6.517337941333098e+01 -4.519980597703803e+02	-3.995782753918320e-04  3.980253823101521e-04 -3.980253823101521e-04	1.000000000000000e+00	24	0	99
100	-1.261157759444814e+02  2.839857714409142e+02 -6.708104517979635e+02	 8.804202661849558e-05 -1.002958088065498e-04  1.002958088065498e-04	1.000000000000000e+00	24	0	100
101	 7.310945502259955e+02 -7.704416936896969e+02  1.072460365563589e+03	-1.626173849217594e-03  1.559562748298049e-03  1.559562748298049e-03	1.000000000000000e+00	0	0	101
102	 4.038813632660683e+02 -9.411016944511869e+02  9.018003648020992e+02	 3.577276220312342e-05 -3.455359546933323e-05 -3.455359546933323e-05	1.000000000000000e+00	0	0	102
103	 5.019900280909753e+02 -1.039214813842772e+03  1.104198420794564e+03	-2.771886647678912e-04  2.766179968602955e-04  2.771886647678912e-04	1.000000000000000e+00	0	0	103
104	 6.276613297688722e+02  4.762323849216926e+02 -1.224835777208317e+03	-9.935133857652545e-04  9.935133857652545e-04 -9.307889849878848e-04	1.000000000000000e+00	24	0	104
105	 7.435953262604646e+02  6.842223226676349e+02 -1.109152120791200e+03	 4.487782425712794e-04 -4.485886311158538e-04  4.485886311158538e-04	1.000000000000000e+00	24	0	105
106	 3.242667774610279e+02  4.646756540199775e+02 -8.896054521435422e+02	-6.460881559178233e-05  7.929325511213392e-05 -7.929325511213392e-05	1.000000000000000e+00	24	0	106
107	 1.268446043307997e+03 -2.970661220062385e+02  1.127557573828951e+03	-2.591464435681701e-04  2.544625895097852e-04  2.591464435681701e-04	1.000000000000000e+00	0	0	107
108	 1.042876447641822e+03 -5.693081574830319e+02  1.155814446855571e+03	 1.673323917202652e-03 -1.578109688125551e-03 -1.578109688125551e-03	1.000000000000000e+00	0	0	108
109	 1.371051959109342e+03 -3.996615381998970e+02  1.325461066138706e+03	 2.022588305408135e-04 -2.026106812991202e-04 -2.026106812991202e-04	1.000000000000000e+00	0	0	109
110	-1.038327597388452e+02  2.287209953143793e+02  3.515551570639048e+02	-5.126893520355225e-04 -5.126893520355225e-04 -5.116589600220323e-04	1.000000000000000e+00	12	0	110
111	 1.037550644409965e+03 -8.746334471460764e+02  3.220707277720534e+02	-5.046075239079073e-05 -5.046075239079073e-05 -5.002953912480734e-05	1.000000000000000e+00	12	0	111
112	 1.737557688341276e+03 -1.746264032147651e+02 -1.074570568558913e+03	1.198894897243008e-04 1.198894897243008e-04 1.200691476697102e-04	1.000000000000000e+00	12	0	112
113	 6.027337189456003e+02  9.352874739988248e+02 -1.038415472480171e+03	7.074732566252351e-04 7.074732566252351e-04 7.433372084051371e-04	1.000000000000000e+00	12	0	113
114	 1.324717270341173e+02  4.650254820873419e+02 -1.110265025408195e+02	5.616252110485220e-06 5.616252110485220e-06 5.290447461447911e-06	1.000000000000000e+00	12	0	114
115	 3.650822426768342e+02  6.976359977300588e+02 -5.772981058391913e+02	-4.746455306303687e-05 -4.746455306303687e-05 -4.760446608997881e-05	1.000000000000000e+00	12	0	115
116	 1.270877787940254e+03 -6.413063036157871e+02 -1.434860406883595e+02	-9.364039783577027e-07 -9.364039783577027e-07 -9.376611274092284e-07	1.000000000000000e+00	12	0	116
117	 1.504084076225598e+03 -4.081000153304428e+02 -6.091618939883662e+02	3.942780676879920e-05 3.942780676879920e-05 3.954451676690951e-05	1.000000000000000e+00	12	0	117
0	-5.773502691896258e-01  5.773502691896258e-01  5.773502691896258e-01	-7.071067811865476e-01  3.124842898819631e-18 -7.071067811865476e-01	 1.198001808568474e+03 -5.294203851356715e-15  1.198001808568474e+03	1	0	0.000000000000000e+00	0.000000000000000e+00	0.000000000000000e+00
1	-5.773502691896258e-01  5.773502691896258e-01  5.773502691896258e-01	 0.000000000000000e+00  7.071067811865476e-01 -7.071067811865476e-01	 0.000000000000000e+00 -9.214510296266430e+02  9.214510296266430e+02	1	0	0.000000000000000e+00	0.000000000000000e+00	0.000000000000000e+00
2	-5.773502691896258e-01  5.773502691896258e-01  5.773502691896258e-01	 7.071067811865476e-01  7.071067811865476e-01 -3.124842898819631e-18	-7.193784354102739e+02 -7.193784354102739e+02  3.179073734356852e-15	1	0	0.000000000000000e+00	0.000000000000000e+00	0.000000000000000e+00
3	-5.773502691896258e-01  5.773502691896258e-01  5.773502691896258e-01	 7.071067811865476e-01 -3.124842898819631e-18  7.071067811865476e-01	 8.030942244427697e+02 -3.549030148066116e-15  8.030942244427697e+02	1	0	0.000000000000000e+00	0.000000000000000e+00	0.000000000000000e+00
4	-5.773502691896258e-01  5.773502691896258e-01  5.773502691896258e-01	 0.000000000000000e+00  7.071067811865476e-01 -7.071067811865476e-01	 0.000000000000000e+00 -8.625613021693013e+02  8.625613021693013e+02	1	0	0.000000000000000e+00	0.000000000000000e+00	0.000000000000000e+00
5	-5.773502691896258e-01  5.773502691896258e-01  5.773502691896258e-01	-7.071067811865476e-01 -7.071067811865476e-01  3.124842898819631e-18	 9.364621366255734e+02  9.364621366255734e+02 -4.138408986458117e-15	1	0	0.000000000000000e+00	0.000000000000000e+00	0.000000000000000e+00
6	 5.773502691896258e-01 -5.773502691896258e-01 -5.773502691896258e-01	0.000000000000000e+00 0.000000000000000e+00 0.000000000000000e+00	1.570392732195782e+03 3.025315410553647e+02 8.256108849411653e+02	1	1	0.000000000000000e+00	0.000000000000000e+00	0.000000000000000e+00
7	-5.773502691896258e-01 -5.773502691896258e-01 -5.773502691896258e-01	-7.071067811865476e-01  0.000000000000000e+00  7.071067811865476e-01	-4.024131376251693e+02  0.000000000000000e+00  4.024131376251693e+02	1	0	0.000000000000000e+00	0.000000000000000e+00	0.000000000000000e+00
8	-5.773502691896258e-01 -5.773502691896258e-01 -5.773502691896258e-01	 0.000000000000000e+00 -7.071067811865476e-01  7.071067811865476e-01	 0.000000000000000e+00 -7.730720104449091e+02  7.730720104449091e+02	1	0	0.000000000000000e+00	0.000000000000000e+00	0.000000000000000e+00
9	-5.773502691896258e-01 -5.773502691896258e-01 -5.773502691896258e-01	 7.071067811865476e-01 -7.071067811865476e-01  0.000000000000000e+00	 9.560920457780206e+02 -9.560920457780206e+02  0.000000000000000e+00	1	0	0.000000000000000e+00	0.000000000000000e+00	0.000000000000000e+00
10	-5.773502691896258e-01 -5.773502691896258e-01 -5.773502691896258e-01	 7.071067811865476e-01  0.000000000000000e+00 -7.071067811865476e-01	 1.580785037041196e+03  0.000000000000000e+00 -1.580785037041196e+03	1	0	0.000000000000000e+00	0.000000000000000e+00	0.000000000000000e+00
11	-5.773502691896258e-01 -5.773502691896258e-01 -5.773502691896258e-01	 0.000000000000000e+00  7.071067811865476e-01 -7.071067811865476e-01	 0.000000000000000e+00  1.161628741609527e+03 -1.161628741609527e+03	1	0	0.000000000000000e+00	0.000000000000000e+00	0.000000000000000e+00
12	-5.773502691896258e-01 -5.773502691896258e-01 -5.773502691896258e-01	-7.071067811865476e-01  7.071067811865476e-01  0.000000000000000e+00	-1.662768775266123e+02  1.662768775266123e+02  0.000000000000000e+00	1	0	0.000000000000000e+00	0.000000000000000e+00	0.000000000000000e+00
13	5.773502691896258e-01 5.773502691896258e-01 5.773502691896258e-01	0.000000000000000e+00 0.000000000000000e+00 0.000000000000000e+00	-2.170837012152994e+02  1.154700538379251e+02  5.877425740350395e+02	1	1	0.000000000000000e+00	0.000000000000000e+00	0.000000000000000e+00
14	-5.773502691896258e-01  5.773502691896258e-01 -5.773502691896258e-01	 7.071067811865476e-01  0.000000000000000e+00 -7.071067811865476e-01	-5.328942984620248e+02  0.000000000000000e+00  5.328942984620248e+02	1	0	0.000000000000000e+00	0.000000000000000e+00	0.000000000000000e+00
15	-5.773502691896258e-01  5.773502691896258e-01 -5.773502691896258e-01	-3.124842898819631e-18  7.071067811865476e-01  7.071067811865476e-01	 8.547268868455420e-16 -1.934123401785247e+02 -1.934123401785247e+02	1	0	0.000000000000000e+00	0.000000000000000e+00	0.000000000000000e+00
16	-5.773502691896258e-01  5.773502691896258e-01 -5.773502691896258e-01	 7.071067811865476e-01  7.071067811865476e-01 -3.124842898819631e-18	 5.519468573452824e+02  5.519468573452824e+02 -2.439160906938323e-15	1	0	0.000000000000000e+00	0.000000000000000e+00	0.000000000000000e+00
17	-5.773502691896258e-01  5.773502691896258e-01 -5.773502691896258e-01	-7.071067811865476e-01  0.000000000000000e+00  7.071067811865476e-01	 1.412198758437825e+03  0.000000000000000e+00 -1.412198758437825e+03	1	0	0.000000000000000e+00	0.000000000000000e+00	0.000000000000000e+00
18	-5.773502691896258e-01  5.773502691896258e-01 -5.773502691896258e-01	-3.124842898819631e-18  7.071067811865476e-01  7.071067811865476e-01	 9.389238637586849e-16 -2.124648990617823e+02 -2.124648990617823e+02	1	0	0.000000000000000e+00	0.000000000000000e+00	0.000000000000000e+00
19	-5.773502691896258e-01  5.773502691896258e-01 -5.773502691896258e-01	-7.071067811865476e-01 -7.071067811865476e-01  3.124842898819631e-18	-7.851963660978913e+01 -7.851963660978913e+01  3.469936018238618e-16	1	0	0.000000000000000e+00	0.000000000000000e+00	0.000000000000000e+00
20	 5.773502691896258e-01 -5.773502691896258e-01  5.773502691896258e-01	0.000000000000000e+00 0.000000000000000e+00 0.000000000000000e+00	-7.597929542535472e+02  6.027536810339691e+02  3.059956426705008e+02	1	1	0.000000000000000e+00	0.000000000000000e+00	0.000000000000000e+00
0	0	1	0
6	0	1	0
5	5	0	0
6	5	0	0
0	6	0	0
5	0	6	0
1	1	2	0
6	1	2	0
0	1	7	0
1	7	1	0
2	2	3	0
6	2	3	0
1	2	8	0
2	8	2	0
3	3	4	0
6	3	4	0
2	3	9	0
3	9	3	0
4	4	5	0
6	4	5	0
3	4	10	0
4	10	4	0
4	5	11	0
5	11	5	0
5	6	66	0
0	67	6	0
0	7	42	0
1	68	7	0
2	69	8	0
1	8	70	0
2	9	71	0
3	72	9	0
3	10	38	0
4	73	10	0
5	74	11	0
4	11	75	0
7	12	13	0
13	12	13	0
12	17	12	0
13	17	12	0
7	18	12	0
12	12	18	0
8	13	14	0
13	13	14	0
7	13	19	0
8	19	13	0
9	14	15	0
13	14	15	0
8	14	20	0
9	20	14	0
10	15	16	0
13	15	16	0
9	15	21	0
10	21	15	0
11	16	17	0
13	16	17	0
10	16	22	0
11	22	16	0
11	17	23	0
12	23	17	0
7	76	18	0
12	18	110	0
7	19	78	0
8	79	19	0
8	20	80	0
9	111	20	0
10	83	21	0
9	21	112	0
10	22	84	0
11	85	22	0
11	23	87	0
12	113	23	0
14	24	25	0
20	24	25	0
19	29	24	0
20	29	24	0
14	30	24	0
19	24	30	0
15	25	26	0
20	25	26	0
14	25	31	0
15	31	25	0
16	26	27	0
20	26	27	0
15	26	32	0
16	32	26	0
17	27	28	0
20	27	28	0
16	27	33	0
17	33	27	0
18	28	29	0
20	28	29	0
17	28	34	0
18	34	28	0
18	29	35	0
19	35	29	0
14	88	30	0
19	30	89	0
14	31	90	0
15	91	31	0
16	40	32	0
15	32	92	0
17	93	33	0
16	33	94	0
17	34	95	0
18	96	34	0
19	36	35	0
18	35	97	0
19	98	36	0
15	36	99	0
15	100	36	0
1	38	101	0
1	102	38	0
3	38	103	0
16	104	40	0
18	40	105	0
18	106	40	0
0	42	107	0
4	42	108	0
4	109	42	0
5	66	44	0
5	44	74	0
0	45	67	0
0	107	45	0
1	46	68	0
1	101	46	0
2	47	69	0
2	71	47	0
1	70	48	0
1	48	102	0
3	49	72	0
3	103	49	0
4	50	73	0
4	108	50	0
4	75	51	0
4	51	109	0
7	52	76	0
7	78	52	0
12	114	53	0
12	53	115	0
8	54	79	0
8	80	54	0
9	55	116	0
9	117	55	0
10	56	83	0
10	84	56	0
11	57	85	0
11	87	57	0
14	58	88	0
14	90	58	0
19	89	59	0
19	59	98	0
15	60	91	0
15	99	60	0
15	92	61	0
15	61	100	0
17	62	93	0
17	95	62	0
16	94	63	0
16	63	104	0
18	64	96	0
18	105	64	0
18	97	65	0
18	65	106	0
12	110	77	0
12	77	114	0
9	81	111	0
9	116	81	0
9	112	82	0
9	82	117	0
12	86	113	0
12	115	86	0
