114
21
172
0	1.570392732195782e+03 3.025315410553647e+02 8.256108849411653e+02	0.000000000000000e+00 0.000000000000000e+00 0.000000000000000e+00	1.000000000000000e+00	0	0	0
1	 1.130451827073287e+03 -5.773502691896260e+02  1.265551790063660e+03	0.000000000000000e+00 0.000000000000000e+00 0.000000000000000e+00	1.000000000000000e+00	0	0	1
2	-1.974537920628516e+02 -1.241303078757696e+03  6.015989804955904e+02	0.000000000000000e+00 0.000000000000000e+00 0.000000000000000e+00	1.000000000000000e+00	0	0	2
3	 2.032272947547480e+02 -1.641984165575296e+03  1.402961154130791e+03	0.000000000000000e+00 0.000000000000000e+00 0.000000000000000e+00	1.000000000000000e+00	0	0	3
4	 6.431681998772439e+02 -7.621023553303065e+02  9.630202490082960e+02	0.000000000000000e+00 0.000000000000000e+00 0.000000000000000e+00	1.000000000000000e+00	0	0	4
5	 1.971073819013383e+03 -9.814954576223676e+01  1.626973058576365e+03	0.000000000000000e+00 0.000000000000000e+00 0.000000000000000e+00	1.000000000000000e+00	0	0	5
6	1.569805640535251e+03 3.031186327158951e+02 8.261979766016958e+02	-1.190473412862048e-04  1.235974195878953e-04  1.168003727798350e-04	1.000000000000000e+00	0	0	6
7	 1.128382067700834e+03 -5.752805098171729e+02  1.267621549436113e+03	-8.248552912846208e-04  8.248552912846208e-04  8.248552912846208e-04	1.000000000000000e+00	0	0	7
8	-1.968791701512361e+02 -1.241877700669311e+03  6.010243585839748e+02	 1.094016188289970e-04 -1.102213864214718e-04 -1.102166133932769e-04	1.000000000000000e+00	0	0	8
9	 2.032285120783337e+02 -1.641985382898881e+03  1.402959936807205e+03	 4.644102773454506e-06 -4.968111170455813e-06 -4.301800345274387e-06	1.000000000000000e+00	0	0	9
10	 6.447086679533825e+02 -7.636428234064451e+02  9.614797809321574e+02	 7.397567193644742e-04 -7.397567193644742e-04 -7.397567193644742e-04	1.000000000000000e+00	0	0	10
11	 1.971218476673914e+03 -9.829420342276710e+01  1.626828400915835e+03	 3.403146547498181e-05 -3.371923958184198e-05 -3.362059214850888e-05	1.000000000000000e+00	0	0	11
12	-2.170837012152994e+02  1.154700538379251e+02  5.877425740350395e+02	0.000000000000000e+00 0.000000000000000e+00 0.000000000000000e+00	1.000000000000000e+00	12	0	12
13	 1.408734656822689e+02 -6.004442799572098e+02  9.456997409326077e+02	0.000000000000000e+00 0.000000000000000e+00 0.000000000000000e+00	1.000000000000000e+00	12	0	13
14	 9.214510296266424e+02 -9.907330619293978e+02  5.554109589604201e+02	0.000000000000000e+00 0.000000000000000e+00 0.000000000000000e+00	1.000000000000000e+00	12	0	14
15	 1.853294364098699e+03 -5.888972745734176e+01 -1.308275709983692e+03	0.000000000000000e+00 0.000000000000000e+00 0.000000000000000e+00	1.000000000000000e+00	12	0	15
16	 1.495337197201131e+03  6.570246063377946e+02 -1.666232876881260e+03	0.000000000000000e+00 0.000000000000000e+00 0.000000000000000e+00	1.000000000000000e+00	12	0	16
17	 7.147596332567570e+02  1.047313388309982e+03 -1.275944094909073e+03	0.000000000000000e+00 0.000000000000000e+00 0.000000000000000e+00	1.000000000000000e+00	12	0	17
18	-2.183562048243772e+02  1.141975502288473e+02  5.864700704259618e+02	-2.385776800413927e-04 -2.385776800413927e-04 -2.385776800413927e-04	1.000000000000000e+00	12	0	18
19	 1.427068445951515e+02 -5.986109010443273e+02  9.475331198454903e+02	3.391519712749869e-04 3.391519712749869e-04 3.391519712749869e-04	1.000000000000000e+00	12	0	19
20	 9.218710756323464e+02 -9.903130159236937e+02  5.558310049661242e+02	9.740983659867197e-05 9.278530342271551e-05 9.365603909827769e-05	1.000000000000000e+00	12	0	20
21	 1.853927294638858e+03 -5.825679691718366e+01 -1.307642779443534e+03	1.210028494824655e-04 1.208046887768432e-04 1.210059344884939e-04	1.000000000000000e+00	12	0	21
22	 1.497062560609099e+03  6.587499697457624e+02 -1.664507513473292e+03	3.383082027236621e-04 3.383082027236621e-04 3.383082027236621e-04	1.000000000000000e+00	12	0	22
23	 7.218143949356406e+02  1.054368149988866e+03 -1.268889333230189e+03	1.322451125209530e-03 1.322451125209530e-03 1.322451125209530e-03	1.000000000000000e+00	12	0	23
24	-7.597929542535472e+02  6.027536810339691e+02  3.059956426705008e+02	0.000000000000000e+00 0.000000000000000e+00 0.000000000000000e+00	1.000000000000000e+00	24	0	24
25	-1.191650955607388e+03 -2.609623216737101e+02 -1.258623586833382e+02	0.000000000000000e+00 0.000000000000000e+00 0.000000000000000e+00	1.000000000000000e+00	24	0	25
26	 5.126870390403868e+02  5.912066756501777e+02 -9.780313560072266e+02	0.000000000000000e+00 0.000000000000000e+00 0.000000000000000e+00	1.000000000000000e+00	24	0	26
27	 9.572467463163994e+02  1.466469683741651e+02 -1.867150770559250e+03	0.000000000000000e+00 0.000000000000000e+00 0.000000000000000e+00	1.000000000000000e+00	24	0	27
28	 1.389104747670240e+03  1.010362971081845e+03 -1.435292769205410e+03	0.000000000000000e+00 0.000000000000000e+00 0.000000000000000e+00	1.000000000000000e+00	24	0	28
29	-3.152332469775362e+02  1.581939737579582e+02 -5.831237718815206e+02	0.000000000000000e+00 0.000000000000000e+00 0.000000000000000e+00	1.000000000000000e+00	24	0	29
30	-7.601780387752971e+02  6.031387655557190e+02  3.056105581487510e+02	-7.442521746270359e-05  7.457007450284436e-05 -7.242689025588334e-05	1.000000000000000e+00	24	0	30
31	-1.192409825762168e+03 -2.602034515189296e+02 -1.266212288381187e+02	-1.489638962084427e-04  1.473883894504979e-04 -1.488577254349366e-04	1.000000000000000e+00	24	0	31
32	 5.017655214184180e+02  6.021281932721465e+02 -9.889528736291954e+02	-1.882348345437398e-04  1.882348345437397e-04 -1.882348345437398e-04	1.000000000000000e+00	24	0	32
33	 9.542528162077732e+02  1.496408984827912e+02 -1.870144700667876e+03	-5.892428453080356e-04  5.892428453080356e-04 -5.892428453080356e-04	1.000000000000000e+00	24	0	33
34	 1.383408222728182e+03  1.016059496023902e+03 -1.440989294147467e+03	-1.124779810197651e-03  1.124779810197651e-03 -1.124779810197651e-03	1.000000000000000e+00	24	0	34
35	-3.050304557320176e+02  1.479911825124396e+02 -5.729209806360020e+02	 2.188552365017434e-04 -2.188552365017434e-04  2.188552365017434e-04	1.000000000000000e+00	24	0	35
36	-3.301445414144028e+02  1.731052681948248e+02 -5.599299485518725e+02	 4.112381429877132e-05 -5.449761010822840e-05  2.593526442069560e-04	1.000000000000000e+00	24	0	36
38	 6.027083282548369e+02 -8.394219386225836e+02  1.003480120630703e+03	-3.079499583691359e-04  3.079499583691359e-04  3.079499583691359e-04	1.000000000000000e+00	0	0	38
40	 5.280078635715610e+02  5.758858511190039e+02 -1.000815649242568e+03	-6.938576552784070e-05  8.018984226509929e-05 -1.982722751563415e-04	1.000000000000000e+00	24	0	40
42	 1.170163084224668e+03 -4.992820714263237e+02  1.225840532912279e+03	 1.917639601742849e-04 -1.482341758674011e-04 -1.666230091359466e-04	1.000000000000000e+00	0	0	42
44	1.770832209347041e+03 1.020920639041055e+02 1.226193232167138e+03	 2.110932837240398e-05 -2.110932837240398e-05 -2.102799408021383e-05	1.000000000000000e+00	0	0	44
45	 1.368573973732748e+03 -9.667414044471303e+01  1.027429643404200e+03	-3.004095051437616e-04  2.992934605572373e-04  3.004095051437616e-04	1.000000000000000e+00	0	0	45
46	 8.633569369567934e+02 -7.051694086147677e+02  1.137732650638518e+03	-1.493726158514619e-03  1.489432179369032e-03  1.489432179369032e-03	1.000000000000000e+00	0	0	46
47	 3.394357806293587e+00 -1.442151228626841e+03  1.001772646242623e+03	 9.831161150941625e-05 -9.831161150941625e-05 -9.824930748436600e-05	1.000000000000000e+00	0	0	47
48	 2.042236996675538e+02 -1.041956688941185e+03  8.009453703121014e+02	 1.809089881135151e-04 -1.800823520170525e-04 -1.800823520170525e-04	1.000000000000000e+00	0	0	48
49	 4.029029629633262e+02 -1.240641226200695e+03  1.203285485922213e+03	-1.276725670322776e-04  1.265214086743072e-04  1.276725670322776e-04	1.000000000000000e+00	0	0	49
50	 9.107887862378184e+02 -6.347824712692941e+02  1.090340133069308e+03	 1.596964313648641e-03 -1.576551236212254e-03 -1.576551236212254e-03	1.000000000000000e+00	0	0	50
51	 1.570972474362596e+03 -2.990690521991046e+02  1.426053552139498e+03	 1.271598011953756e-04 -1.268089399673045e-04 -1.268089399673045e-04	1.000000000000000e+00	0	0	51
52	-3.755652760930870e+01 -2.419380782195462e+02  7.672697476410300e+02	1.134522535721771e-04 1.136690625571646e-04 1.134522535721771e-04	1.000000000000000e+00	12	0	52
53	 2.489635986918661e+02  5.815173537450906e+02 -3.439750165980684e+02	1.184725169878220e-05 1.184725169878220e-05 1.189422255265526e-05	1.000000000000000e+00	12	0	53
54	 5.311425790970371e+02 -7.955948734532357e+02  7.505491474365825e+02	1.907993100758176e-05 2.417156974843238e-05 2.417156974843238e-05	1.000000000000000e+00	12	0	54
55	 1.387428502260203e+03 -5.247555892958380e+02 -3.763765234874009e+02	1.247815544047626e-05 1.247815544047626e-05 1.249741490028100e-05	1.000000000000000e+00	12	0	55
56	 1.675765173780634e+03  3.005142380668763e+02 -1.485804900301757e+03	2.645862987264991e-04 2.636161516420543e-04 2.645862987264991e-04	1.000000000000000e+00	12	0	56
57	 1.099511269591353e+03  8.463741213953060e+02 -1.476883361823749e+03	-8.299366454593837e-04 -9.230070281773806e-04 -9.230070281773806e-04	1.000000000000000e+00	12	0	57
58	-9.768133818662934e+02  1.719909001685457e+02  8.897521505775623e+01	-1.972935569938272e-04  1.986970310099423e-04 -1.972935569938272e-04	1.000000000000000e+00	24	0	58
59	-5.442451113416419e+02  3.872058381220636e+02 -1.262446653383282e+02	-6.313381163636222e-05  6.313381163636222e-05 -6.343948916764930e-05	1.000000000000000e+00	24	0	59
60	-7.607169376901784e+02 -4.411421159848703e+01 -3.427104687585624e+02	-1.937709894264117e-04  1.916749315569177e-04 -1.916749315569177e-04	1.000000000000000e+00	24	0	60
61	 8.428820148141918e+01  3.890659584437137e+02 -7.758906388007631e+02	 3.834459130303003e-05 -3.833871960523538e-05  3.833871960523538e-05	1.000000000000000e+00	24	0	61
62	 1.171897177669345e+03  5.797560342861620e+02 -1.652500339206305e+03	-3.571268753148615e-04  3.432958910707384e-04 -3.571268753148615e-04	1.000000000000000e+00	24	0	62
63	 7.360625020672730e+02  3.678312126232918e+02 -1.440543276470246e+03	-1.031787716783583e-03  1.031787716783583e-03 -1.030274434015155e-03	1.000000000000000e+00	24	0	63
64	 9.604856367853195e+02  7.913048803044039e+02 -1.216234678427969e+03	 5.773752927780151e-04 -5.372989107854664e-04  5.372989107854664e-04	1.000000000000000e+00	24	0	64
65	 1.134489132296774e+02  3.599160857279758e+02 -7.848458838515405e+02	 4.567439827951603e-05 -4.533954052021727e-05  4.533954052021727e-05	1.000000000000000e+00	24	0	65
66	1.670941107914999e+03 2.019831653361478e+02 1.025571513438087e+03	 7.855468720663339e-05 -7.855468720663339e-05 -7.935477333376184e-05	1.000000000000000e+00	0	0	66
67	1.468533272536393e+03 1.038864370570515e+02 9.274703446005540e+02	-3.432837256696075e-04  3.458834544289857e-04  3.432837256696075e-04	1.000000000000000e+00	0	0	67
68	 9.955344512964016e+02 -6.398547631868018e+02  1.203047296066484e+03	-1.299018040299416e-03  1.324275624938309e-03  1.324275624938309e-03	1.000000000000000e+00	0	0	68
69	-9.681243128681307e+01 -1.341944439533735e+03  8.014685134484916e+02	 8.842850365908816e-05 -8.842850365908816e-05 -8.840325608616695e-05	1.000000000000000e+00	0	0	69
70	 3.972641585315074e+00 -1.142220189859405e+03  7.006818693938808e+02	 2.017663791775703e-04 -2.023093984462321e-04 -2.023093984462321e-04	1.000000000000000e+00	0	0	70
71	 1.034329259435163e+02 -1.542189796764064e+03  1.202245421071069e+03	 7.824703061487526e-05 -7.824703061487526e-05 -7.795706187607720e-05	1.000000000000000e+00	0	0	71
72	 3.030148986348124e+02 -1.441261876938413e+03  1.303173550250727e+03	-7.244670268846676e-05  7.209060277091339e-05  7.244670268846676e-05	1.000000000000000e+00	0	0	72
73	 7.792646018174846e+02 -7.008164639213487e+02  1.024306140417254e+03	 1.512857503257692e-03 -1.559150987304747e-03 -1.559150987304747e-03	1.000000000000000e+00	0	0	73
74	1.870849121471449e+03 2.075151779697818e+00 1.426687010814923e+03	-1.133416844822932e-05  1.133416844822932e-05  1.136801620305050e-05	1.000000000000000e+00	0	0	74
75	 1.771190200089940e+03 -1.987760003071089e+02  1.526346604031494e+03	 1.017946269712411e-04 -1.014670633594505e-04 -1.014670633594505e-04	1.000000000000000e+00	0	0	75
76	-1.270978632953663e+02 -6.300791569031605e+01  6.777284119549723e+02	8.770991553319618e-05 8.922616689233109e-05 8.770991553319618e-05	1.000000000000000e+00	12	0	76
77	1.460122130985207e+01 3.471549763630766e+02 1.205328422436073e+02	-2.480176335666329e-04 -2.480176335666329e-04 -2.526551543269306e-04	1.000000000000000e+00	12	0	77
78	 5.210296051476496e+01 -4.207425127070653e+02  8.569292357651036e+02	1.519513170933351e-04 1.536764757474884e-04 1.519513170933351e-04	1.000000000000000e+00	12	0	78
79	 3.364445635896392e+02 -6.975995748311379e+02  8.485444460586803e+02	1.074911779141985e-04 1.036857720464468e-04 1.036857720464468e-04	1.000000000000000e+00	12	0	79
80	 7.283531505397684e+02 -8.911110112197031e+02  6.550330096701151e+02	3.703602415043861e-04 3.714480844791979e-04 3.714480844791979e-04	1.000000000000000e+00	12	0	80
81	 1.154320369598234e+03 -7.578637219578072e+02  8.939768363058036e+01	-1.628756581339985e-05 -1.628756581339985e-05 -1.632740895729512e-05	1.000000000000000e+00	12	0	81
82	 1.620752314453555e+03 -2.914317771024866e+02 -8.419346642281549e+02	8.142962178681046e-05 8.142962178681046e-05 8.165687177097425e-05	1.000000000000000e+00	12	0	82
83	 1.764693529510094e+03  1.209739774836838e+02 -1.396876544572298e+03	1.660845737205818e-04 1.648642646614462e-04 1.660845737205818e-04	1.000000000000000e+00	12	0	83
84	 1.586239745583282e+03  4.794583858165358e+02 -1.575330328499109e+03	2.681895857676864e-04 2.677631855476648e-04 2.681895857676864e-04	1.000000000000000e+00	12	0	84
85	 1.303092606924848e+03  7.574104120091565e+02 -1.565847071209898e+03	4.650055489037186e-04 4.280208668205887e-04 4.280208668205887e-04	1.000000000000000e+00	12	0	85
86	 4.821648860500075e+02  8.147186411032320e+02 -8.096474242494467e+02	8.181413431884721e-05 8.181413431884721e-05 8.551840437576175e-05	1.000000000000000e+00	12	0	86
87	 9.176734642869590e+02  9.572301631601172e+02 -1.366027320058938e+03	1.447440241463482e-03 1.345657510682940e-03 1.345657510682940e-03	1.000000000000000e+00	12	0	87
88	-8.680211811108431e+02  3.870903219027771e+02  1.977674158132066e+02	-4.156187424086966e-05  4.228805482853204e-05 -4.156187424086966e-05	1.000000000000000e+00	24	0	88
89	-6.531116419627947e+02  4.960723687432164e+02  8.878379510591176e+01	-2.407170977676287e-04  2.407170977676287e-04 -2.405671839369461e-04	1.000000000000000e+00	24	0	89
90	-1.085070516927626e+03 -4.365110865685216e+01 -1.928192000357625e+01	-2.580157597549260e-04  2.573467500042170e-04 -2.580157597549260e-04	1.000000000000000e+00	24	0	90
91	-9.761161086022483e+02 -1.526043938294799e+02 -2.342202865275696e+02	-8.620588050689548e-05  8.588698983658105e-05 -8.588698983658105e-05	1.000000000000000e+00	24	0	91
92	 2.930363931034921e+02  4.955946801345325e+02 -8.824193604915819e+02	-7.231500057969242e-05  7.082120282575488e-05 -7.082120282575488e-05	1.000000000000000e+00	24	0	92
93	 1.063341543170848e+03  3.644583212751093e+02 -1.761055973704802e+03	-3.617865440901369e-04  3.661659138742834e-04 -3.617865440901369e-04	1.000000000000000e+00	24	0	93
94	 8.443600024499618e+02  2.595337122406030e+02 -1.656180926134304e+03	-9.633617009967566e-04  9.633617009967566e-04 -9.779178071767092e-04	1.000000000000000e+00	24	0	94
95	 1.274152643325174e+03  8.012379765471085e+02 -1.550244873550477e+03	-1.223047496750951e-03  1.173013821244240e-03 -1.223047496750951e-03	1.000000000000000e+00	24	0	95
96	 1.170284647966026e+03  9.052793663010593e+02 -1.330209164424624e+03	-5.671356339007616e-04  5.615059635601938e-04 -5.615059635601938e-04	1.000000000000000e+00	24	0	96
97	-9.628142293175475e+01  2.544056913510415e+02 -6.793354894746062e+02	 8.196507405955344e-05 -7.901751087047160e-05  7.901751087047160e-05	1.000000000000000e+00	24	0	97
98	-4.340246689054282e+02  2.769853956858499e+02 -3.399651628494477e+02	 3.654044121503830e-04 -3.654044121503830e-04  3.508428344503045e-04	1.000000000000000e+00	24	0	98
99	-5.457484803979062e+02  6.479694320684781e+01 -4.516216235638973e+02	-3.974557039327919e-04  3.944403724744916e-04 -3.944403724744916e-04	1.000000000000000e+00	24	0	99
100	-1.261991189445090e+02  2.840810201892951e+02 -6.709057005463445e+02	 8.585856267018244e-05 -9.879581193672493e-05  9.879581193672493e-05	1.000000000000000e+00	24	0	100
101	 7.324657933290536e+02 -7.717658954524895e+02  1.071136163800797e+03	-1.264089718461037e-03  1.229143585078418e-03  1.229143585078418e-03	1.000000000000000e+00	0	0	101
102	 4.038436025999952e+02 -9.410650445953363e+02  9.018370146579498e+02	 4.335722405812703e-05 -4.224979420541786e-05 -4.224979420541786e-05	1.000000000000000e+00	0	0	102
103	 5.022546063094599e+02 -1.039479011017785e+03  1.103933842576080e+03	-2.798034402076155e-04  2.795491018332541e-04  2.798034402076155e-04	1.000000000000000e+00	0	0	103
104	 6.285956020635616e+02  4.752981126270031e+02 -1.223957390725895e+03	-9.733915794640779e-04  9.733915794640779e-04 -9.184009977616370e-04	1.000000000000000e+00	24	0	104
105	 7.431767516938028e+02  6.846393404417674e+02 -1.109569138565332e+03	 4.322911263443530e-04 -4.292654048185796e-04  4.292654048185796e-04	1.000000000000000e+00	24	0	105
106	 3.243264018198612e+02  4.646017893462620e+02 -8.895315874698267e+02	-5.917960515944287e-05  7.458581967512146e-05 -7.458581967512146e-05	1.000000000000000e+00	24	0	106
107	 1.268688379058281e+03 -2.973045454698650e+02  1.127315238078666e+03	-2.510841877665371e-04  2.474965003784746e-04  2.510841877665371e-04	1.000000000000000e+00	0	0	107
108	 1.041463735632781e+03 -5.679648560394160e+02  1.157157748299187e+03	 1.306023681536317e-03 -1.252140384167433e-03 -1.252140384167433e-03	1.000000000000000e+00	0	0	108
109	 1.370867098175858e+03 -3.994763288066285e+02  1.325646275531974e+03	 1.873000001069158e-04 -1.876702444860712e-04 -1.876702444860712e-04	1.000000000000000e+00	0	0	109
110	-1.033436803333498e+02  2.292100747198748e+02  3.520433494996080e+02	-5.169726209715009e-04 -5.169726209715009e-04 -5.161338485777378e-04	1.000000000000000e+00	12	0	110
111	 1.037600565391431e+03 -8.745835261646102e+02  3.221202638185200e+02	-5.456590224639513e-05 -5.456590224639513e-05 -5.418803266366012e-05	1.000000000000000e+00	12	0	111
112	 1.737443522760205e+03 -1.747405687958367e+02 -1.074684892585240e+03	1.204595391754992e-04 1.204595391754992e-04 1.206133601954207e-04	1.000000000000000e+00	12	0	112
113	 6.020586356038249e+02  9.346123906570493e+02 -1.039122201529500e+03	7.137762149795890e-04 7.137762149795890e-04 7.445153314620256e-04	1.000000000000000e+00	12	0	113
114	 1.324648473464165e+02  4.650186023996411e+02 -1.110331103576324e+02	8.872900252754334e-06 8.872900252754334e-06 8.624808288004715e-06	1.000000000000000e+00	12	0	114
115	 3.651285250985590e+02  6.976822801517835e+02 -5.772517017102862e+02	-4.996168718207628e-05 -4.996168718207628e-05 -5.007783693145029e-05	1.000000000000000e+00	12	0	115
116	 1.270878867279421e+03 -6.413052242766205e+02 -1.434849600486069e+02	-1.317807914347213e-06 -1.317807914347213e-06 -1.319246621278580e-06	1.000000000000000e+00	12	0	116
117	 1.504046790152669e+03 -4.081373014033722e+02 -6.091992820921183e+02	3.906997517333366e-05 3.906997517333366e-05 3.916811328963377e-05	1.000000000000000e+00	12	0	117
0	-5.773502691896258e-01  5.773502691896258e-01  5.773502691896258e-01	-7.071067811865476e-01  3.124842898819631e-18 -7.071067811865476e-01	 1.198001808568474e+03 -5.294203851356715e-15  1.198001808568474e+03	1	0	0.000000000000000e+00	0.000000000000000e+00	0.000000000000000e+00
1	-5.773502691896258e-01  5.773502691896258e-01  5.773502691896258e-01	 0.000000000000000e+00  7.071067811865476e-01 -7.071067811865476e-01	 0.000000000000000e+00 -9.214510296266430e+02  9.214510296266430e+02	1	0	0.000000000000000e+00	0.000000000000000e+00	0.000000000000000e+00
2	-5.773502691896258e-01  5.773502691896258e-01  5.773502691896258e-01	 7.071067811865476e-01  7.071067811865476e-01 -3.124842898819631e-18	-7.193784354102739e+02 -7.193784354102739e+02  3.179073734356852e-15	1	0	0.000000000000000e+00	0.000000000000000e+00	0.000000000000000e+00
3	-5.773502691896258e-01  5.773502691896258e-01  5.773502691896258e-01	 7.071067811865476e-01 -3.124842898819631e-18  7.071067811865476e-01	 8.030942244427697e+02 -3.549030148066116e-15  8.030942244427697e+02	1	0	0.000000000000000e+00	0.000000000000000e+00	0.000000000000000e+00
4	-5.773502691896258e-01  5.773502691896258e-01  5.773502691896258e-01	 0.000000000000000e+00  7.071067811865476e-01 -7.071067811865476e-01	 0.000000000000000e+00 -8.625613021693013e+02  8.625613021693013e+02	1	0	0.000000000000000e+00	0.000000000000000e+00	0.000000000000000e+00
5	-5.773502691896258e-01  5.773502691896258e-01  5.773502691896258e-01	-7.071067811865476e-01 -7.071067811865476e-01  3.124842898819631e-18	 9.364621366255734e+02  9.364621366255734e+02 -4.138408986458117e-15	1	0	0.000000000000000e+00	0.000000000000000e+00	0.000000000000000e+00
6	 5.773502691896258e-01 -5.773502691896258e-01 -5.773502691896258e-01	0.000000000000000e+00 0.000000000000000e+00 0.000000000000000e+00	1.570392732195782e+03 3.025315410553647e+02 8.256108849411653e+02	1	1	0.000000000000000e+00	0.000000000000000e+00	0.000000000000000e+00
7	-5.773502691896258e-01 -5.773502691896258e-01 -5.773502691896258e-01	-7.071067811865476e-01  0.000000000000000e+00  7.071067811865476e-01	-4.024131376251693e+02  0.000000000000000e+00  4.024131376251693e+02	1	0	0.000000000000000e+00	0.000000000000000e+00	0.000000000000000e+00
8	-5.773502691896258e-01 -5.773502691896258e-01 -5.773502691896258e-01	 0.000000000000000e+00 -7.071067811865476e-01  7.071067811865476e-01	 0.000000000000000e+00 -7.730720104449091e+02  7.730720104449091e+02	1	0	0.000000000000000e+00	0.000000000000000e+00	0.000000000000000e+00
9	-5.773502691896258e-01 -5.773502691896258e-01 -5.773502691896258e-01	 7.071067811865476e-01 -7.071067811865476e-01  0.000000000000000e+00	 9.560920457780206e+02 -9.560920457780206e+02  0.000000000000000e+00	1	0	0.000000000000000e+00	0.000000000000000e+00	0.000000000000000e+00
10	-5.773502691896258e-01 -5.773502691896258e-01 -5.773502691896258e-01	 7.071067811865476e-01  0.000000000000000e+00 -7.071067811865476e-01	 1.580785037041196e+03  0.000000000000000e+00 -1.580785037041196e+03	1	0	0.000000000000000e+00	0.000000000000000e+00	0.000000000000000e+00
11	-5.773502691896258e-01 -5.773502691896258e-01 -5.773502691896258e-01	 0.000000000000000e+00  7.071067811865476e-01 -7.071067811865476e-01	 0.000000000000000e+00  1.161628741609527e+03 -1.161628741609527e+03	1	0	0.000000000000000e+00	0.000000000000000e+00	0.000000000000000e+00
12	-5.773502691896258e-01 -5.773502691896258e-01 -5.773502691896258e-01	-7.071067811865476e-01  7.071067811865476e-01  0.000000000000000e+00	-1.662768775266123e+02  1.662768775266123e+02  0.000000000000000e+00	1	0	0.000000000000000e+00	0.000000000000000e+00	0.000000000000000e+00
13	5.773502691896258e-01 5.773502691896258e-01 5.773502691896258e-01	0.000000000000000e+00 0.000000000000000e+00 0.000000000000000e+00	-2.170837012152994e+02  1.154700538379251e+02  5.877425740350395e+02	1	1	0.000000000000000e+00	0.000000000000000e+00	0.000000000000000e+00
14	-5.773502691896258e-01  5.773502691896258e-01 -5.773502691896258e-01	 7.071067811865476e-01  0.000000000000000e+00 -7.071067811865476e-01	-5.328942984620248e+02  0.000000000000000e+00  5.328942984620248e+02	1	0	0.000000000000000e+00	0.000000000000000e+00	0.000000000000000e+00
15	-5.773502691896258e-01  5.773502691896258e-01 -5.773502691896258e-01	-3.124842898819631e-18  7.071067811865476e-01  7.071067811865476e-01	 8.547268868455420e-16 -1.934123401785247e+02 -1.934123401785247e+02	1	0	0.000000000000000e+00	0.000000000000000e+00	0.000000000000000e+00
16	-5.773502691896258e-01  5.773502691896258e-01 -5.773502691896258e-01	 7.071067811865476e-01  7.071067811865476e-01 -3.124842898819631e-18	 5.519468573452824e+02  5.519468573452824e+02 -2.439160906938323e-15	1	0	0.000000000000000e+00	0.000000000000000e+00	0.000000000000000e+00
17	-5.773502691896258e-01  5.773502691896258e-01 -5.773502691896258e-01	-7.071067811865476e-01  0.000000000000000e+00  7.071067811865476e-01	 1.412198758437825e+03  0.000000000000000e+00 -1.412198758437825e+03	1	0	0.000000000000000e+00	0.000000000000000e+00	0.000000000000000e+00
18	-5.773502691896258e-01  5.773502691896258e-01 -5.773502691896258e-01	-3.124842898819631e-18  7.071067811865476e-01  7.071067811865476e-01	 9.389238637586849e-16 -2.124648990617823e+02 -2.124648990617823e+02	1	0	0.000000000000000e+00	0.000000000000000e+00	0.000000000000000e+00
19	-5.773502691896258e-01  5.773502691896258e-01 -5.773502691896258e-01	-7.071067811865476e-01 -7.071067811865476e-01  3.124842898819631e-18	-7.851963660978913e+01 -7.851963660978913e+01  3.469936018238618e-16	1	0	0.000000000000000e+00	0.000000000000000e+00	0.000000000000000e+00
20	 5.773502691896258e-01 -5.773502691896258e-01  5.773502691896258e-01	0.000000000000000e+00 0.000000000000000e+00 0.000000000000000e+00	-7.597929542535472e+02  6.027536810339691e+02  3.059956426705008e+02	1	1	0.000000000000000e+00	0.000000000000000e+00	0.000000000000000e+00
0	0	1	0
6	0	1	0
5	5	0	0
6	5	0	0
0	6	0	0
5	0	6	0
1	1	2	0
6	1	2	0
0	1	7	0
1	7	1	0
2	2	3	0
6	2	3	0
1	2	8	0
2	8	2	0
3	3	4	0
6	3	4	0
2	3	9	0
3	9	3	0
4	4	5	0
6	4	5	0
3	4	10	0
4	10	4	0
4	5	11	0
5	11	5	0
5	6	66	0
0	67	6	0
0	7	42	0
1	68	7	0
2	69	8	0
1	8	70	0
2	9	71	0
3	72	9	0
3	10	38	0
4	73	10	0
5	74	11	0
4	11	75	0
7	12	13	0
13	12	13	0
12	17	12	0
13	17	12	0
7	18	12	0
12	12	18	0
8	13	14	0
13	13	14	0
7	13	19	0
8	19	13	0
9	14	15	0
13	14	15	0
8	14	20	0
9	20	14	0
10	15	16	0
13	15	16	0
9	15	21	0
10	21	15	0
11	16	17	0
13	16	17	0
10	16	22	0
11	22	16	0
11	17	23	0
12	23	17	0
7	76	18	0
12	18	110	0
7	19	78	0
8	79	19	0
8	20	80	0
9	111	20	0
10	83	21	0
9	21	112	0
10	22	84	0
11	85	22	0
11	23	87	0
12	113	23	0
14	24	25	0
20	24	25	0
19	29	24	0
20	29	24	0
14	30	24	0
19	24	30	0
15	25	26	0
20	25	26	0
14	25	31	0
15	31	25	0
16	26	27	0
20	26	27	0
15	26	32	0
16	32	26	0
17	27	28	0
20	27	28	0
16	27	33	0
17	33	27	0
18	28	29	0
20	28	29	0
17	28	34	0
18	34	28	0
18	29	35	0
19	35	29	0
14	88	30	0
19	30	89	0
14	31	90	0
15	91	31	0
16	40	32	0
15	32	92	0
17	93	33	0
16	33	94	0
17	34	95	0
18	96	34	0
19	36	35	0
18	35	97	0
19	98	36	0
15	36	99	0
15	100	36	0
1	38	101	0
1	102	38	0
3	38	103	0
16	104	40	0
18	40	105	0
18	106	40	0
0	42	107	0
4	42	108	0
4	109	42	0
5	66	44	0
5	44	74	0
0	45	67	0
0	107	45	0
1	46	68	0
1	101	46	0
2	47	69	0
2	71	47	0
1	70	48	0
1	48	102	0
3	49	72	0
3	103	49	0
4	50	73	0
4	108	50	0
4	75	51	0
4	51	109	0
7	52	76	0
7	78	52	0
12	114	53	0
12	53	115	0
8	54	79	0
8	80	54	0
9	55	116	0
9	117	55	0
10	56	83	0
10	84	56	0
11	57	85	0
11	87	57	0
14	58	88	0
14	90	58	0
19	89	59	0
19	59	98	0
15	60	91	0
15	99	60	0
15	92	61	0
15	61	100	0
17	62	93	0
17	95	62	0
16	94	63	0
16	63	104	0
18	64	96	0
18	105	64	0
18	97	65	0
18	65	106	0
12	110	77	0
12	77	114	0
9	81	111	0
9	116	81	0
9	112	82	0
9	82	117	0
12	86	113	0
12	115	86	0
