114
21
172
0	1.570392732195782e+03 3.025315410553647e+02 8.256108849411653e+02	0.000000000000000e+00 0.000000000000000e+00 0.000000000000000e+00	1.000000000000000e+00	0	0	0
1	 1.130451827073287e+03 -5.773502691896260e+02  1.265551790063660e+03	0.000000000000000e+00 0.000000000000000e+00 0.000000000000000e+00	1.000000000000000e+00	0	0	1
2	-1.974537920628515e+02 -1.241303078757696e+03  6.015989804955898e+02	0.000000000000000e+00 0.000000000000000e+00 0.000000000000000e+00	1.000000000000000e+00	0	0	2
3	 2.032272947547480e+02 -1.641984165575296e+03  1.402961154130791e+03	0.000000000000000e+00 0.000000000000000e+00 0.000000000000000e+00	1.000000000000000e+00	0	0	3
4	 6.431681998772440e+02 -7.621023553303055e+02  9.630202490082953e+02	0.000000000000000e+00 0.000000000000000e+00 0.000000000000000e+00	1.000000000000000e+00	0	0	4
5	 1.971073819013383e+03 -9.814954576223676e+01  1.626973058576365e+03	0.000000000000000e+00 0.000000000000000e+00 0.000000000000000e+00	1.000000000000000e+00	0	0	5
6	1.569450788424559e+03 3.034734848265870e+02 8.265528287123877e+02	-1.262075820704922e-04  1.352321269223467e-04  1.212317220051773e-04	1.000000000000000e+00	0	0	6
7	 1.124938543403927e+03 -5.718369855202658e+02  1.271065073733020e+03	-1.551715269063910e-03  1.551715269063910e-03  1.551715269063910e-03	1.000000000000000e+00	0	0	7
8	-1.965658279320442e+02 -1.242191042888503e+03  6.007110163647825e+02	 1.074189058272168e-04 -1.087796554202214e-04 -1.088054486899637e-04	1.000000000000000e+00	0	0	8
9	 2.032493597137310e+02 -1.642006230534279e+03  1.402939089171808e+03	 9.978306479752064e-06 -1.064745720213978e-05 -9.245299224858172e-06	1.000000000000000e+00	0	0	9
10	 6.479220618919969e+02 -7.668562173450584e+02  9.582663869935424e+02	 1.471403675774733e-03 -1.471403675774733e-03 -1.471403675774733e-03	1.000000000000000e+00	0	0	10
11	 1.971325061305763e+03 -9.840078805461600e+01  1.626721816283986e+03	 4.106544656679034e-05 -4.036515383631922e-05 -4.011324926977977e-05	1.000000000000000e+00	0	0	11
12	-2.170837012152994e+02  1.154700538379251e+02  5.877425740350395e+02	0.000000000000000e+00 0.000000000000000e+00 0.000000000000000e+00	1.000000000000000e+00	12	0	12
13	 1.408734656822689e+02 -6.004442799572098e+02  9.456997409326077e+02	0.000000000000000e+00 0.000000000000000e+00 0.000000000000000e+00	1.000000000000000e+00	12	0	13
14	 9.214510296266424e+02 -9.907330619293978e+02  5.554109589604201e+02	0.000000000000000e+00 0.000000000000000e+00 0.000000000000000e+00	1.000000000000000e+00	12	0	14
15	 1.853294364098699e+03 -5.888972745734211e+01 -1.308275709983692e+03	0.000000000000000e+00 0.000000000000000e+00 0.000000000000000e+00	1.000000000000000e+00	12	0	15
16	 1.495337197201131e+03  6.570246063377944e+02 -1.666232876881260e+03	0.000000000000000e+00 0.000000000000000e+00 0.000000000000000e+00	1.000000000000000e+00	12	0	16
17	 7.147596332567570e+02  1.047313388309982e+03 -1.275944094909073e+03	0.000000000000000e+00 0.000000000000000e+00 0.000000000000000e+00	1.000000000000000e+00	12	0	17
18	-2.190304198072761e+02  1.135233352459484e+02  5.857958554430629e+02	-2.314354205736890e-04 -2.314354205736890e-04 -2.314354205736890e-04	1.000000000000000e+00	12	0	18
19	 1.436615735970393e+02 -5.976561720424395e+02  9.484878488473780e+02	3.267075323189298e-04 3.267075323189298e-04 3.267075323189298e-04	1.000000000000000e+00	12	0	19
20	 9.221649282404115e+02 -9.900191633156286e+02  5.561248575741893e+02	1.145855712820776e-04 1.074728352250531e-04 1.087838536477648e-04	1.000000000000000e+00	12	0	20
21	 1.854271528409138e+03 -5.791256314690305e+01 -1.307298545673253e+03	1.190086186397821e-04 1.187285160995089e-04 1.190124603454024e-04	1.000000000000000e+00	12	0	21
22	 1.498033909799312e+03  6.597213189359746e+02 -1.663536164283080e+03	3.376066548905025e-04 3.376066548905025e-04 3.376066548905025e-04	1.000000000000000e+00	12	0	22
23	 7.255482278947206e+02  1.058101982947946e+03 -1.265155500271109e+03	1.279545715078712e-03 1.279545715078712e-03 1.279545715078712e-03	1.000000000000000e+00	12	0	23
24	-7.597929542535480e+02  6.027536810339697e+02  3.059956426705016e+02	0.000000000000000e+00 0.000000000000000e+00 0.000000000000000e+00	1.000000000000000e+00	24	0	24
25	-1.191650955607388e+03 -2.609623216737101e+02 -1.258623586833382e+02	0.000000000000000e+00 0.000000000000000e+00 0.000000000000000e+00	1.000000000000000e+00	24	0	25
26	 5.126870390403867e+02  5.912066756501773e+02 -9.780313560072267e+02	0.000000000000000e+00 0.000000000000000e+00 0.000000000000000e+00	1.000000000000000e+00	24	0	26
27	 9.572467463163994e+02  1.466469683741651e+02 -1.867150770559250e+03	0.000000000000000e+00 0.000000000000000e+00 0.000000000000000e+00	1.000000000000000e+00	24	0	27
28	 1.389104747670240e+03  1.010362971081845e+03 -1.435292769205410e+03	0.000000000000000e+00 0.000000000000000e+00 0.000000000000000e+00	1.000000000000000e+00	24	0	28
29	-3.152332469775350e+02  1.581939737579566e+02 -5.831237718815215e+02	0.000000000000000e+00 0.000000000000000e+00 0.000000000000000e+00	1.000000000000000e+00	24	0	29
30	-7.603888161439623e+02  6.033495429243840e+02  3.053997807800873e+02	-7.403970084851608e-05  7.439256296493113e-05 -7.050769636407495e-05	1.000000000000000e+00	24	0	30
31	-1.192838669899679e+03 -2.597746073814189e+02 -1.270500729756293e+02	-1.513956376584247e-04  1.487742265453562e-04 -1.511406881036237e-04	1.000000000000000e+00	24	0	31
32	 5.013062588531138e+02  6.025874558374502e+02 -9.894121361944997e+02	-1.490558109556636e-04  1.490558109556635e-04 -1.490558109556636e-04	1.000000000000000e+00	24	0	32
33	 9.525446151093537e+02  1.513490995812108e+02 -1.871852901766296e+03	-6.011210498400033e-04  6.011210498400033e-04 -6.011210498400033e-04	1.000000000000000e+00	24	0	33
34	 1.380164512254102e+03  1.019303206497983e+03 -1.444233004621548e+03	-1.133319184494515e-03  1.133319184494515e-03 -1.133319184494515e-03	1.000000000000000e+00	24	0	34
35	-3.045394525895072e+02  1.475001793699288e+02 -5.724299774934938e+02	 1.481754879932851e-04 -1.481754879932850e-04  1.481754879932851e-04	1.000000000000000e+00	24	0	35
36	-3.297763435010574e+02  1.727370702814791e+02 -5.595617506385287e+02	 6.638690683757886e-05 -6.440272409236059e-05  2.591933589428663e-04	1.000000000000000e+00	24	0	36
38	 6.016066729207463e+02 -8.383202832884917e+02  1.004581775964793e+03	-4.603649140335619e-04  4.603649140335619e-04  4.603649140335619e-04	1.000000000000000e+00	0	0	38
40	 5.276428595808234e+02  5.762508551097415e+02 -1.001180653233306e+03	-1.124946793424897e-04  1.010264677461237e-04 -1.840223703766242e-04	1.000000000000000e+00	24	0	40
42	 1.170873600872266e+03 -4.999925880739212e+02  1.225130016264681e+03	 3.277335587578515e-04 -3.277335587578515e-04 -3.277335587578515e-04	1.000000000000000e+00	0	0	42
44	1.770895069108890e+03 1.020292041422567e+02 1.226130688344246e+03	 2.257620508316904e-05 -2.257620508316904e-05 -2.243614289909601e-05	1.000000000000000e+00	0	0	44
45	 1.367686482343308e+03 -9.579083942315270e+01  1.028317134793639e+03	-3.182470391038805e-04  3.164335794281214e-04  3.182470391038805e-04	1.000000000000000e+00	0	0	45
46	 8.576994718916625e+02 -6.995362934766079e+02  1.143365765776678e+03	-2.266892697662115e-03  2.254171296954155e-03  2.254171296954155e-03	1.000000000000000e+00	0	0	46
47	 3.678148929411931e+00 -1.442435019749960e+03  1.001489054130544e+03	 9.961226169252768e-05 -9.961226169252768e-05 -9.953856351785362e-05	1.000000000000000e+00	0	0	47
48	 2.047217910528753e+02 -1.042451887156412e+03  8.004501720968744e+02	 1.657217508181930e-04 -1.645450684009120e-04 -1.645450684009120e-04	1.000000000000000e+00	0	0	48
49	 4.025384790432402e+02 -1.240280899164270e+03  1.203649969842299e+03	-1.262281730305403e-04  1.244894519913942e-04  1.262281730305403e-04	1.000000000000000e+00	0	0	49
50	 9.167714407482335e+02 -6.406621474262045e+02  1.084460456912398e+03	 2.392039168626070e-03 -2.342669293284416e-03 -2.342669293284416e-03	1.000000000000000e+00	0	0	50
51	 1.571366435335349e+03 -2.994614927833018e+02  1.425661111555301e+03	 1.480759528931230e-04 -1.473301963414997e-04 -1.473301963414997e-04	1.000000000000000e+00	0	0	51
52	-3.722072291344852e+01 -2.416013404066784e+02  7.676055523368901e+02	1.202797138830647e-04 1.207246386911720e-04 1.202797138830647e-04	1.000000000000000e+00	12	0	52
53	 2.489933373999861e+02  5.815470924532107e+02 -3.439450986414921e+02	8.899248314264696e-06 8.899248314264696e-06 8.977837751444895e-06	1.000000000000000e+00	12	0	53
54	 5.312216403817948e+02 -7.954979013745777e+02  7.506461195152405e+02	3.448321513133124e-05 4.174614878138527e-05 4.174614878138527e-05	1.000000000000000e+00	12	0	54
55	 1.387466156745175e+03 -5.247179348108666e+02 -3.763387950373609e+02	1.378856268274831e-05 1.378856268274831e-05 1.382120080961613e-05	1.000000000000000e+00	12	0	55
56	 1.676501868422773e+03  3.012474656392510e+02 -1.485068205659619e+03	2.490205515641719e-04 2.475809887982905e-04 2.490205515641719e-04	1.000000000000000e+00	12	0	56
57	 1.097451148966804e+03  8.439853329935747e+02 -1.479272150225480e+03	-6.109779351390898e-04 -7.459578919224441e-04 -7.459578919224441e-04	1.000000000000000e+00	12	0	57
58	-9.773597382769547e+02  1.725422004141012e+02  8.842885864709500e+01	-1.835026050684974e-04  1.855258160503581e-04 -1.835026050684974e-04	1.000000000000000e+00	24	0	58
59	-5.444098668879406e+02  3.873705936683623e+02 -1.264100910496978e+02	-5.172906094230711e-05  5.172906094230711e-05 -5.184952533454634e-05	1.000000000000000e+00	24	0	59
60	-7.612948520095433e+02 -4.354441345487743e+01 -3.432802669021720e+02	-2.089679910568520e-04  2.053815987892449e-04 -2.053815987892449e-04	1.000000000000000e+00	24	0	60
61	 8.439714092802993e+01  3.889573142397687e+02 -7.757819945968181e+02	 3.759996252483688e-05 -3.741365071618930e-05  3.741365071618930e-05	1.000000000000000e+00	24	0	61
62	 1.170744826825665e+03  5.808520426090331e+02 -1.653652690049985e+03	-4.432415298651904e-04  4.176599031779915e-04 -4.432415298651904e-04	1.000000000000000e+00	24	0	62
63	 7.330723648522678e+02  3.708213498382970e+02 -1.443529001025924e+03	-1.052088802680373e-03  1.052088802680373e-03 -1.050641643814743e-03	1.000000000000000e+00	24	0	63
64	 9.620743895544279e+02  7.898558610969010e+02 -1.214785659220466e+03	 5.309822154231369e-04 -4.742474993690848e-04  4.742474993690848e-04	1.000000000000000e+00	24	0	64
65	 1.135739050282944e+02  3.597921769203249e+02 -7.847219750438896e+02	 4.166985308984295e-05 -4.125921986997128e-05  4.125921986997128e-05	1.000000000000000e+00	24	0	65
66	1.671174384855888e+03 2.017498883952585e+02 1.025334954337013e+03	 8.388669084524736e-05 -8.388669084524736e-05 -8.541026181774214e-05	1.000000000000000e+00	0	0	66
67	1.467520002506537e+03 1.049098819151402e+02 9.284836146304106e+02	-3.629358834587038e-04  3.674948820844293e-04  3.629358834587038e-04	1.000000000000000e+00	0	0	67
68	 9.904416509308735e+02 -6.345931463542252e+02  1.208308912899061e+03	-2.126648789271712e-03  2.223557559773326e-03  2.223557559773326e-03	1.000000000000000e+00	0	0	68
69	-9.656150402022851e+01 -1.342195366800319e+03  8.012176604380966e+02	 8.659590821480379e-05 -8.659590821480379e-05 -8.657138096168637e-05	1.000000000000000e+00	0	0	69
70	 4.537940505477678e+00 -1.142787365668161e+03  7.001146935851255e+02	 1.919770729728043e-04 -1.927304547280073e-04 -1.927304547280073e-04	1.000000000000000e+00	0	0	70
71	 1.036674631476180e+02 -1.542424333968166e+03  1.202011999588581e+03	 8.533116488251835e-05 -8.533116488251835e-05 -8.483764395350590e-05	1.000000000000000e+00	0	0	71
72	 3.028094660365805e+02 -1.441057747626714e+03  1.303378982848959e+03	-7.069634011713788e-05  7.014440052444115e-05  7.069634011713788e-05	1.000000000000000e+00	0	0	72
73	 7.848410761950208e+02 -7.066603245977445e+02  1.018462279740858e+03	 2.230611629784107e-03 -2.375330543145537e-03 -2.375330543145537e-03	1.000000000000000e+00	0	0	73
74	1.870814387371199e+03 2.109885879947628e+00 1.426721896332486e+03	-1.299593895964790e-05  1.299593895964790e-05  1.307107231696136e-05	1.000000000000000e+00	0	0	74
75	 1.771505977409045e+03 -1.990904186424884e+02  1.526032185696114e+03	 1.185349756269716e-04 -1.178960883407854e-04 -1.178960883407854e-04	1.000000000000000e+00	0	0	75
76	-1.268564965391595e+02 -6.276113783433572e+01  6.779697787111792e+02	8.066171722020954e-05 8.290573168778792e-05 8.066171722020954e-05	1.000000000000000e+00	12	0	76
77	1.388792925170226e+01 3.464416843049268e+02 1.198027263087502e+02	-2.490647020749748e-04 -2.490647020749748e-04 -2.561379515100271e-04	1.000000000000000e+00	12	0	77
78	 5.255512509911375e+01 -4.202840011228016e+02  8.573814003494524e+02	1.625655859243125e-04 1.652583741815761e-04 1.625655859243125e-04	1.000000000000000e+00	12	0	78
79	 3.367974481287804e+02 -6.972606534647985e+02  8.488833674250197e+02	1.389694807585329e-04 1.330503437202424e-04 1.330503437202424e-04	1.000000000000000e+00	12	0	79
80	 7.293718848671986e+02 -8.900890687061739e+02  6.560549521836443e+02	3.388305776752532e-04 3.398889966774732e-04 3.398889966774732e-04	1.000000000000000e+00	12	0	80
81	 1.154277147983252e+03 -7.579069435727893e+02  8.935433450773078e+01	-1.359352972940542e-05 -1.359352972940542e-05 -1.364022773486795e-05	1.000000000000000e+00	12	0	81
82	 1.620985895623689e+03 -2.911981959323527e+02 -8.417002587074700e+02	8.134641393553466e-05 8.134641393553466e-05 8.169293141691014e-05	1.000000000000000e+00	12	0	82
83	 1.765160717763423e+03  1.214369022482191e+02 -1.396409356318969e+03	1.594624627614394e-04 1.577288785483688e-04 1.594624627614394e-04	1.000000000000000e+00	12	0	83
84	 1.587002732780484e+03  4.802195758562237e+02 -1.574567341301908e+03	2.635632990859449e-04 2.627212379593402e-04 2.635632990859449e-04	1.000000000000000e+00	12	0	84
85	 1.304298658603652e+03  7.584673085674210e+02 -1.564790174651634e+03	3.810430353041738e-04 3.145713417325169e-04 3.145713417325169e-04	1.000000000000000e+00	12	0	85
86	 4.824223384643567e+02  8.149760935175813e+02 -8.093757343024652e+02	9.734484046930447e-05 9.734484046930447e-05 1.036139219650067e-04	1.000000000000000e+00	12	0	86
87	 9.217527697832586e+02  9.609548339135822e+02 -1.362302649305473e+03	1.396134844981134e-03 1.252085785381496e-03 1.252085785381496e-03	1.000000000000000e+00	12	0	87
88	-8.681270857580578e+02  3.871988573326619e+02  1.976615111659919e+02	-3.227539855288342e-05  3.338128226459958e-05 -3.227539855288342e-05	1.000000000000000e+00	24	0	88
89	-6.537914086857058e+02  4.967521354661276e+02  8.810463725167929e+01	-2.329770941287279e-04  2.329770941287279e-04 -2.326964022358879e-04	1.000000000000000e+00	24	0	89
90	-1.085796282947550e+03 -4.292765683956038e+01 -2.000768602350075e+01	-2.476689987815917e-04  2.467375015839934e-04 -2.476689987815917e-04	1.000000000000000e+00	24	0	90
91	-9.763799826383191e+02 -1.523418074125486e+02 -2.344828729445009e+02	-9.780759137356654e-05  9.721803508000448e-05 -9.721803508000448e-05	1.000000000000000e+00	24	0	91
92	 2.928426184286913e+02  4.957841319760026e+02 -8.826088123330520e+02	-6.685357220703736e-05  6.529231905005872e-05 -6.529231905005872e-05	1.000000000000000e+00	24	0	92
93	 1.062298703188766e+03  3.655158745166044e+02 -1.762098813686884e+03	-3.653495805338025e-04  3.711160388775170e-04 -3.653495805338025e-04	1.000000000000000e+00	24	0	93
94	 8.415746580841522e+02  2.623190566064126e+02 -1.659020655822668e+03	-9.776380611583591e-04  9.776380611583591e-04 -1.001089462079108e-03	1.000000000000000e+00	24	0	94
95	 1.270885791551572e+03  8.043634687191914e+02 -1.553511725324078e+03	-1.065142219886184e-03  1.016808091662824e-03 -1.065142219886184e-03	1.000000000000000e+00	24	0	95
96	 1.168639375973308e+03  9.068995797283492e+02 -1.331829377851914e+03	-5.795197212137282e-04  5.674453568644822e-04 -5.674453568644822e-04	1.000000000000000e+00	24	0	96
97	-9.603849663579891e+01  2.541719988197567e+02 -6.791017969433215e+02	 8.873453043634072e-05 -8.528969920007512e-05  8.528969920007512e-05	1.000000000000000e+00	24	0	97
98	-4.329701901921169e+02  2.759309169725387e+02 -3.389562810162761e+02	 3.694984479807317e-04 -3.694984479807317e-04  3.522197948768735e-04	1.000000000000000e+00	24	0	98
99	-5.468979433603711e+02  6.594432865448354e+01 -4.527690090115329e+02	-4.033241712022573e-04  4.050504358019680e-04 -4.050504358019680e-04	1.000000000000000e+00	24	0	99
100	-1.259505637413732e+02  2.837974818418575e+02 -6.706221621989069e+02	 8.409381553065032e-05 -9.595567098585889e-05  9.595567098585889e-05	1.000000000000000e+00	24	0	100
101	 7.273379324637307e+02 -7.669060663659122e+02  1.075995992887374e+03	-2.218857873231173e-03  2.049248898401856e-03  2.049248898401856e-03	1.000000000000000e+00	0	0	101
102	 4.039305388301871e+02 -9.411485285355595e+02  9.017535307177266e+02	 1.417589737684466e-05 -1.303980843658792e-05 -1.303980843658792e-05	1.000000000000000e+00	0	0	102
103	 5.014630447798377e+02 -1.038689862957675e+03  1.104725404105702e+03	-2.717138850130141e-04  2.700713812373579e-04  2.717138850130141e-04	1.000000000000000e+00	0	0	103
104	 6.257149130359006e+02  4.781788016546641e+02 -1.226645991480436e+03	-1.033948035910726e-03  1.033948035910726e-03 -9.545405628159642e-04	1.000000000000000e+00	24	0	104
105	 7.444869937325759e+02  6.833247512066216e+02 -1.108254549330186e+03	 4.795122367795557e-04 -4.860756162088364e-04  4.860756162088364e-04	1.000000000000000e+00	24	0	105
106	 3.241434480663126e+02  4.648265962176945e+02 -8.897563943412592e+02	-6.311119796009734e-05  7.727459160378203e-05 -7.727459160378203e-05	1.000000000000000e+00	24	0	106
107	 1.267932262641278e+03 -2.965639815190144e+02  1.128071354495670e+03	-2.762254443950951e-04  2.686075167730451e-04  2.762254443950951e-04	1.000000000000000e+00	0	0	107
108	 1.046759423043528e+03 -5.728915144718810e+02  1.152231089866722e+03	 2.309182658791542e-03 -2.085593296214938e-03 -2.085593296214938e-03	1.000000000000000e+00	0	0	108
109	 1.371474221648207e+03 -4.000842385934493e+02  1.325038365745153e+03	 2.389407600276172e-04 -2.389688743278384e-04 -2.389688743278384e-04	1.000000000000000e+00	0	0	109
110	-1.048091526046665e+02  2.277446024485581e+02  3.505811368326807e+02	-5.044702556915581e-04 -5.044702556915581e-04 -5.030224565416574e-04	1.000000000000000e+00	12	0	110
111	 1.037462545212287e+03 -8.747215463437540e+02  3.219835393772296e+02	-4.111875387025066e-05 -4.111875387025066e-05 -4.060777791892178e-05	1.000000000000000e+00	12	0	111
112	 1.737786786218280e+03 -1.743973053377618e+02 -1.074341077209575e+03	1.187581146950833e-04 1.187581146950833e-04 1.189878821605816e-04	1.000000000000000e+00	12	0	112
113	 6.040802421334220e+02  9.366339971866466e+02 -1.036990484765782e+03	6.952681578695774e-04 6.952681578695774e-04 7.410464459098876e-04	1.000000000000000e+00	12	0	113
114	 1.324763122663459e+02  4.650300673195704e+02 -1.110227131243364e+02	-8.070728085840528e-07 -8.070728085840528e-07 -1.316035536547133e-06	1.000000000000000e+00	12	0	114
115	 3.649959707329423e+02  6.975497257861668e+02 -5.773846896726234e+02	-4.241241549607366e-05 -4.241241549607366e-05 -4.259644992998801e-05	1.000000000000000e+00	12	0	115
116	 1.270876851934700e+03 -6.413072396213415e+02 -1.434869782577206e+02	-3.293558981098954e-09 -3.293558981098954e-09 -3.504096790507560e-09	1.000000000000000e+00	12	0	116
117	 1.504160479348962e+03 -4.080236122070796e+02 -6.090852303572570e+02	4.016115053673275e-05 4.016115053673275e-05 4.031593925901689e-05	1.000000000000000e+00	12	0	117
0	-5.773502691896258e-01  5.773502691896258e-01  5.773502691896258e-01	-7.071067811865476e-01  3.124842898819631e-18 -7.071067811865476e-01	 1.198001808568474e+03 -5.294203851356715e-15  1.198001808568474e+03	1	0	0.000000000000000e+00	0.000000000000000e+00	0.000000000000000e+00
1	-5.773502691896258e-01  5.773502691896258e-01  5.773502691896258e-01	 0.000000000000000e+00  7.071067811865476e-01 -7.071067811865476e-01	 0.000000000000000e+00 -9.214510296266430e+02  9.214510296266430e+02	1	0	0.000000000000000e+00	0.000000000000000e+00	0.000000000000000e+00
2	-5.773502691896258e-01  5.773502691896258e-01  5.773502691896258e-01	 7.071067811865476e-01  7.071067811865476e-01 -3.124842898819631e-18	-7.193784354102739e+02 -7.193784354102739e+02  3.179073734356852e-15	1	0	0.000000000000000e+00	0.000000000000000e+00	0.000000000000000e+00
3	-5.773502691896258e-01  5.773502691896258e-01  5.773502691896258e-01	 7.071067811865476e-01 -3.124842898819631e-18  7.071067811865476e-01	 8.030942244427697e+02 -3.549030148066116e-15  8.030942244427697e+02	1	0	0.000000000000000e+00	0.000000000000000e+00	0.000000000000000e+00
4	-5.773502691896258e-01  5.773502691896258e-01  5.773502691896258e-01	 0.000000000000000e+00  7.071067811865476e-01 -7.071067811865476e-01	 0.000000000000000e+00 -8.625613021693013e+02  8.625613021693013e+02	1	0	0.000000000000000e+00	0.000000000000000e+00	0.000000000000000e+00
5	-5.773502691896258e-01  5.773502691896258e-01  5.773502691896258e-01	-7.071067811865476e-01 -7.071067811865476e-01  3.124842898819631e-18	 9.364621366255734e+02  9.364621366255734e+02 -4.138408986458117e-15	1	0	0.000000000000000e+00	0.000000000000000e+00	0.000000000000000e+00
6	 5.773502691896258e-01 -5.773502691896258e-01 -5.773502691896258e-01	0.000000000000000e+00 0.000000000000000e+00 0.000000000000000e+00	1.570392732195782e+03 3.025315410553647e+02 8.256108849411653e+02	1	1	0.000000000000000e+00	0.000000000000000e+00	0.000000000000000e+00
7	-5.773502691896258e-01 -5.773502691896258e-01 -5.773502691896258e-01	-7.071067811865476e-01  0.000000000000000e+00  7.071067811865476e-01	-4.024131376251693e+02  0.000000000000000e+00  4.024131376251693e+02	1	0	0.000000000000000e+00	0.000000000000000e+00	0.000000000000000e+00
8	-5.773502691896258e-01 -5.773502691896258e-01 -5.773502691896258e-01	 0.000000000000000e+00 -7.071067811865476e-01  7.071067811865476e-01	 0.000000000000000e+00 -7.730720104449091e+02  7.730720104449091e+02	1	0	0.000000000000000e+00	0.000000000000000e+00	0.000000000000000e+00
9	-5.773502691896258e-01 -5.773502691896258e-01 -5.773502691896258e-01	 7.071067811865476e-01 -7.071067811865476e-01  0.000000000000000e+00	 9.560920457780206e+02 -9.560920457780206e+02  0.000000000000000e+00	1	0	0.000000000000000e+00	0.000000000000000e+00	0.000000000000000e+00
10	-5.773502691896258e-01 -5.773502691896258e-01 -5.773502691896258e-01	 7.071067811865476e-01  0.000000000000000e+00 -7.071067811865476e-01	 1.580785037041196e+03  0.000000000000000e+00 -1.580785037041196e+03	1	0	0.000000000000000e+00	0.000000000000000e+00	0.000000000000000e+00
11	-5.773502691896258e-01 -5.773502691896258e-01 -5.773502691896258e-01	 0.000000000000000e+00  7.071067811865476e-01 -7.071067811865476e-01	 0.000000000000000e+00  1.161628741609527e+03 -1.161628741609527e+03	1	0	0.000000000000000e+00	0.000000000000000e+00	0.000000000000000e+00
12	-5.773502691896258e-01 -5.773502691896258e-01 -5.773502691896258e-01	-7.071067811865476e-01  7.071067811865476e-01  0.000000000000000e+00	-1.662768775266123e+02  1.662768775266123e+02  0.000000000000000e+00	1	0	0.000000000000000e+00	0.000000000000000e+00	0.000000000000000e+00
13	5.773502691896258e-01 5.773502691896258e-01 5.773502691896258e-01	0.000000000000000e+00 0.000000000000000e+00 0.000000000000000e+00	-2.170837012152994e+02  1.154700538379251e+02  5.877425740350395e+02	1	1	0.000000000000000e+00	0.000000000000000e+00	0.000000000000000e+00
14	-5.773502691896258e-01  5.773502691896258e-01 -5.773502691896258e-01	 7.071067811865476e-01  0.000000000000000e+00 -7.071067811865476e-01	-5.328942984620248e+02  0.000000000000000e+00  5.328942984620248e+02	1	0	0.000000000000000e+00	0.000000000000000e+00	0.000000000000000e+00
15	-5.773502691896258e-01  5.773502691896258e-01 -5.773502691896258e-01	-3.124842898819631e-18  7.071067811865476e-01  7.071067811865476e-01	 8.547268868455420e-16 -1.934123401785247e+02 -1.934123401785247e+02	1	0	0.000000000000000e+00	0.000000000000000e+00	0.000000000000000e+00
16	-5.773502691896258e-01  5.773502691896258e-01 -5.773502691896258e-01	 7.071067811865476e-01  7.071067811865476e-01 -3.124842898819631e-18	 5.519468573452824e+02  5.519468573452824e+02 -2.439160906938323e-15	1	0	0.000000000000000e+00	0.000000000000000e+00	0.000000000000000e+00
17	-5.773502691896258e-01  5.773502691896258e-01 -5.773502691896258e-01	-7.071067811865476e-01  0.000000000000000e+00  7.071067811865476e-01	 1.412198758437825e+03  0.000000000000000e+00 -1.412198758437825e+03	1	0	0.000000000000000e+00	0.000000000000000e+00	0.000000000000000e+00
18	-5.773502691896258e-01  5.773502691896258e-01 -5.773502691896258e-01	-3.124842898819631e-18  7.071067811865476e-01  7.071067811865476e-01	 9.389238637586849e-16 -2.124648990617823e+02 -2.124648990617823e+02	1	0	0.000000000000000e+00	0.000000000000000e+00	0.000000000000000e+00
19	-5.773502691896258e-01  5.773502691896258e-01 -5.773502691896258e-01	-7.071067811865476e-01 -7.071067811865476e-01  3.124842898819631e-18	-7.851963660978913e+01 -7.851963660978913e+01  3.469936018238618e-16	1	0	0.000000000000000e+00	0.000000000000000e+00	0.000000000000000e+00
20	 5.773502691896258e-01 -5.773502691896258e-01  5.773502691896258e-01	0.000000000000000e+00 0.000000000000000e+00 0.000000000000000e+00	-7.597929542535480e+02  6.027536810339697e+02  3.059956426705016e+02	1	1	0.000000000000000e+00	0.000000000000000e+00	0.000000000000000e+00
0	0	1	0
6	0	1	0
5	5	0	0
6	5	0	0
0	6	0	0
5	0	6	0
1	1	2	0
6	1	2	0
0	1	7	0
1	7	1	0
2	2	3	0
6	2	3	0
1	2	8	0
2	8	2	0
3	3	4	0
6	3	4	0
2	3	9	0
3	9	3	0
4	4	5	0
6	4	5	0
3	4	10	0
4	10	4	0
4	5	11	0
5	11	5	0
5	6	66	0
0	67	6	0
0	7	42	0
1	68	7	0
2	69	8	0
1	8	70	0
2	9	71	0
3	72	9	0
3	10	38	0
4	73	10	0
5	74	11	0
4	11	75	0
7	12	13	0
13	12	13	0
12	17	12	0
13	17	12	0
7	18	12	0
12	12	18	0
8	13	14	0
13	13	14	0
7	13	19	0
8	19	13	0
9	14	15	0
13	14	15	0
8	14	20	0
9	20	14	0
10	15	16	0
13	15	16	0
9	15	21	0
10	21	15	0
11	16	17	0
13	16	17	0
10	16	22	0
11	22	16	0
11	17	23	0
12	23	17	0
7	76	18	0
12	18	110	0
7	19	78	0
8	79	19	0
8	20	80	0
9	111	20	0
10	83	21	0
9	21	112	0
10	22	84	0
11	85	22	0
11	23	87	0
12	113	23	0
14	24	25	0
20	24	25	0
19	29	24	0
20	29	24	0
14	30	24	0
19	24	30	0
15	25	26	0
20	25	26	0
14	25	31	0
15	31	25	0
16	26	27	0
20	26	27	0
15	26	32	0
16	32	26	0
17	27	28	0
20	27	28	0
16	27	33	0
17	33	27	0
18	28	29	0
20	28	29	0
17	28	34	0
18	34	28	0
18	29	35	0
19	35	29	0
14	88	30	0
19	30	89	0
14	31	90	0
15	91	31	0
16	40	32	0
15	32	92	0
17	93	33	0
16	33	94	0
17	34	95	0
18	96	34	0
19	36	35	0
18	35	97	0
19	98	36	0
15	36	99	0
15	100	36	0
1	38	101	0
1	102	38	0
3	38	103	0
16	104	40	0
18	40	105	0
18	106	40	0
0	42	107	0
4	42	108	0
4	109	42	0
5	66	44	0
5	44	74	0
0	45	67	0
0	107	45	0
1	46	68	0
1	101	46	0
2	47	69	0
2	71	47	0
1	70	48	0
1	48	102	0
3	49	72	0
3	103	49	0
4	50	73	0
4	108	50	0
4	75	51	0
4	51	109	0
7	52	76	0
7	78	52	0
12	114	53	0
12	53	115	0
8	54	79	0
8	80	54	0
9	55	116	0
9	117	55	0
10	56	83	0
10	84	56	0
11	57	85	0
11	87	57	0
14	58	88	0
14	90	58	0
19	89	59	0
19	59	98	0
15	60	91	0
15	99	60	0
15	92	61	0
15	61	100	0
17	62	93	0
17	95	62	0
16	94	63	0
16	63	104	0
18	64	96	0
18	105	64	0
18	97	65	0
18	65	106	0
12	110	77	0
12	77	114	0
9	81	111	0
9	116	81	0
9	112	82	0
9	82	117	0
12	86	113	0
12	115	86	0
