114
21
172
0	1.570392732195782e+03 3.025315410553647e+02 8.256108849411653e+02	0.000000000000000e+00 0.000000000000000e+00 0.000000000000000e+00	1.000000000000000e+00	0	0	0
1	 1.130451827073287e+03 -5.773502691896260e+02  1.265551790063660e+03	0.000000000000000e+00 0.000000000000000e+00 0.000000000000000e+00	1.000000000000000e+00	0	0	1
2	-1.974537920628516e+02 -1.241303078757696e+03  6.015989804955904e+02	0.000000000000000e+00 0.000000000000000e+00 0.000000000000000e+00	1.000000000000000e+00	0	0	2
3	 2.032272947547480e+02 -1.641984165575296e+03  1.402961154130791e+03	0.000000000000000e+00 0.000000000000000e+00 0.000000000000000e+00	1.000000000000000e+00	0	0	3
4	 6.431681998772439e+02 -7.621023553303065e+02  9.630202490082960e+02	0.000000000000000e+00 0.000000000000000e+00 0.000000000000000e+00	1.000000000000000e+00	0	0	4
5	 1.971073819013383e+03 -9.814954576223676e+01  1.626973058576365e+03	0.000000000000000e+00 0.000000000000000e+00 0.000000000000000e+00	1.000000000000000e+00	0	0	5
6	1.570264708963492e+03 3.026595642876541e+02 8.257389081734547e+02	-1.097197018680163e-04  1.104019684134983e-04  1.094728140742518e-04	1.000000000000000e+00	0	0	6
7	 1.130243001683781e+03 -5.771414438001199e+02  1.265760615453166e+03	-2.179459697799757e-04  2.179459697799757e-04  2.179459697799757e-04	1.000000000000000e+00	0	0	7
8	-1.973221901261104e+02 -1.241434680694437e+03  6.014673785588491e+02	 1.112941026804037e-04 -1.114562255679630e-04 -1.114486440201290e-04	1.000000000000000e+00	0	0	8
9	 2.032236932079315e+02 -1.641980564028479e+03  1.402964755677607e+03	-2.108575927195488e-06  2.065635044345981e-06  2.148580279026646e-06	1.000000000000000e+00	0	0	9
10	 6.432428304598905e+02 -7.621769859129531e+02  9.629456184256494e+02	 1.050785940606147e-04 -1.063931558746845e-04 -1.092287129722536e-04	1.000000000000000e+00	0	0	10
11	 1.971101602130508e+03 -9.817732887936172e+01  1.626945275459240e+03	 2.476900044712238e-05 -2.473122549417894e-05 -2.472270534781273e-05	1.000000000000000e+00	0	0	11
12	-2.170837012152994e+02  1.154700538379251e+02  5.877425740350395e+02	0.000000000000000e+00 0.000000000000000e+00 0.000000000000000e+00	1.000000000000000e+00	12	0	12
13	 1.408734656822689e+02 -6.004442799572098e+02  9.456997409326077e+02	0.000000000000000e+00 0.000000000000000e+00 0.000000000000000e+00	1.000000000000000e+00	12	0	13
14	 9.214510296266424e+02 -9.907330619293978e+02  5.554109589604201e+02	0.000000000000000e+00 0.000000000000000e+00 0.000000000000000e+00	1.000000000000000e+00	12	0	14
15	 1.853294364098699e+03 -5.888972745734176e+01 -1.308275709983692e+03	0.000000000000000e+00 0.000000000000000e+00 0.000000000000000e+00	1.000000000000000e+00	12	0	15
16	 1.495337197201131e+03  6.570246063377946e+02 -1.666232876881260e+03	0.000000000000000e+00 0.000000000000000e+00 0.000000000000000e+00	1.000000000000000e+00	12	0	16
17	 7.147596332567570e+02  1.047313388309982e+03 -1.275944094909073e+03	0.000000000000000e+00 0.000000000000000e+00 0.000000000000000e+00	1.000000000000000e+00	12	0	17
18	-2.173794419983135e+02  1.151743130549110e+02  5.874468332520255e+02	-2.495354177275051e-04 -2.495354177275051e-04 -2.495354177275051e-04	1.000000000000000e+00	12	0	18
19	 1.413061101241010e+02 -6.000116355153777e+02  9.461323853744398e+02	3.626123555780699e-04 3.626123555780699e-04 3.626123555780699e-04	1.000000000000000e+00	12	0	19
20	 9.215340879484346e+02 -9.906500036076055e+02  5.554940172822123e+02	7.440298213623464e-05 7.337606075452641e-05 7.357142749242485e-05	1.000000000000000e+00	12	0	20
21	 1.853438785934877e+03 -5.874530562116372e+01 -1.308131288147514e+03	1.228140463354066e-04 1.227634638780728e-04 1.228150795213878e-04	1.000000000000000e+00	12	0	21
22	 1.495723757814704e+03  6.574111669513676e+02 -1.665846316267687e+03	3.304187460647275e-04 3.304187460647275e-04 3.304187460647275e-04	1.000000000000000e+00	12	0	22
23	 7.164038779365585e+02  1.048957632989783e+03 -1.274299850229271e+03	1.383992882135014e-03 1.383992882135014e-03 1.383992882135014e-03	1.000000000000000e+00	12	0	23
24	-7.597929542535472e+02  6.027536810339691e+02  3.059956426705008e+02	0.000000000000000e+00 0.000000000000000e+00 0.000000000000000e+00	1.000000000000000e+00	24	0	24
25	-1.191650955607388e+03 -2.609623216737101e+02 -1.258623586833382e+02	0.000000000000000e+00 0.000000000000000e+00 0.000000000000000e+00	1.000000000000000e+00	24	0	25
26	 5.126870390403868e+02  5.912066756501777e+02 -9.780313560072266e+02	0.000000000000000e+00 0.000000000000000e+00 0.000000000000000e+00	1.000000000000000e+00	24	0	26
27	 9.572467463163994e+02  1.466469683741651e+02 -1.867150770559250e+03	0.000000000000000e+00 0.000000000000000e+00 0.000000000000000e+00	1.000000000000000e+00	24	0	27
28	 1.389104747670240e+03  1.010362971081845e+03 -1.435292769205410e+03	0.000000000000000e+00 0.000000000000000e+00 0.000000000000000e+00	1.000000000000000e+00	24	0	28
29	-3.152332469775362e+02  1.581939737579582e+02 -5.831237718815206e+02	0.000000000000000e+00 0.000000000000000e+00 0.000000000000000e+00	1.000000000000000e+00	24	0	29
30	-7.598816759628558e+02  6.028424027432777e+02  3.059069209611922e+02	-7.475321035599336e-05  7.476592872990295e-05 -7.439173350576311e-05	1.000000000000000e+00	24	0	30
31	-1.191822044567825e+03 -2.607912327132733e+02 -1.260334476437749e+02	-1.454992161598057e-04  1.451980351703241e-04 -1.455020101275295e-04	1.000000000000000e+00	24	0	31
32	 5.064669671783205e+02  5.974267475122440e+02 -9.842514278692929e+02	-5.736018996685743e-03  5.736018996685743e-03 -5.736018996685743e-03	1.000000000000000e+00	24	0	32
33	 9.565757717828484e+02  1.473179429077161e+02 -1.867821745092801e+03	-5.717346599946419e-04  5.717346599946419e-04 -5.717346599946419e-04	1.000000000000000e+00	24	0	33
34	 1.387836318088496e+03  1.011631400663589e+03 -1.436561198787154e+03	-1.083036302588880e-03  1.083036302588880e-03 -1.083036302588880e-03	1.000000000000000e+00	24	0	34
35	-3.112810738237800e+02  1.542418006042020e+02 -5.791715987277644e+02	 6.316186239322026e-03 -6.316186239322026e-03  6.316186239322026e-03	1.000000000000000e+00	24	0	35
36	-3.289693272314284e+02  1.719300540118504e+02 -5.587547343688981e+02	-1.768645248375833e-03  1.768645248375833e-03 -1.768645248375833e-03	1.000000000000000e+00	24	0	36
38	 6.036778816607732e+02 -8.403914920285199e+02  1.002510567224766e+03	-2.009142723788197e-04  2.009142723788197e-04  2.009142723788197e-04	1.000000000000000e+00	0	0	38
40	 5.271985160387283e+02  5.766951986518364e+02 -1.001624996775401e+03	 1.625339151360095e-03 -1.625339151360095e-03  1.625339151360095e-03	1.000000000000000e+00	24	0	40
42	 1.169765592114447e+03 -4.988845793161025e+02  1.226238025022500e+03	 5.334366505849175e-05 -5.280315599520691e-05 -5.285937731969170e-05	1.000000000000000e+00	0	0	42
44	1.770753772548311e+03 1.021705007028363e+02 1.226271483460693e+03	 1.794284253264777e-05 -1.794284253264777e-05 -1.792776311049238e-05	1.000000000000000e+00	0	0	44
45	 1.369728867029460e+03 -9.782636324696438e+01  1.026274750107487e+03	-2.773962041828781e-04  2.771583385765553e-04  2.773962041828781e-04	1.000000000000000e+00	0	0	45
46	 8.668028392999344e+02 -7.086089756777424e+02  1.134293083575544e+03	-3.997180028818548e-04  3.995010920334607e-04  3.995010920334607e-04	1.000000000000000e+00	0	0	46
47	 3.002218555961057e+00 -1.441759089376509e+03  1.002164611715264e+03	 9.793735080165789e-05 -9.793735080165789e-05 -9.791820775717497e-05	1.000000000000000e+00	0	0	47
48	 2.034642418672057e+02 -1.041199356401853e+03  8.017027028514328e+02	 1.984440314117819e-04 -1.982326211873442e-04 -1.982326211873442e-04	1.000000000000000e+00	0	0	48
49	 4.034161151567935e+02 -1.241151515140637e+03  1.202772333728746e+03	-1.286689948756248e-04  1.283988094655797e-04  1.286689948756248e-04	1.000000000000000e+00	0	0	49
50	 9.069382756674813e+02 -6.309641809988948e+02  1.094158423339708e+03	 5.018864176236093e-04 -5.006091669201851e-04 -5.006091669201851e-04	1.000000000000000e+00	0	0	50
51	 1.570512007455913e+03 -2.986093324985914e+02  1.426513271840011e+03	 1.040348070091568e-04 -1.039788330672309e-04 -1.039788330672309e-04	1.000000000000000e+00	0	0	51
52	-3.798695508882999e+01 -2.423689367312713e+02  7.668393201615087e+02	1.017049726215191e-04 1.017302565742284e-04 1.017049726215191e-04	1.000000000000000e+00	12	0	52
53	 2.488988253976827e+02  5.814525804509072e+02 -3.440398978471492e+02	3.144927904941142e-05 3.144927904941142e-05 3.145583832520060e-05	1.000000000000000e+00	12	0	53
54	 5.311341677143113e+02 -7.956160447636854e+02  7.505279761261327e+02	-1.741331288940273e-05 -1.621302726562135e-05 -1.621302726562135e-05	1.000000000000000e+00	12	0	54
55	 1.387382530220631e+03 -5.248015613354100e+02 -3.764225402703306e+02	9.739657798490953e-06 9.739657798490953e-06 9.743172086018603e-06	1.000000000000000e+00	12	0	55
56	 1.674659650329141e+03  2.994111672454670e+02 -1.486910423753251e+03	2.882997796405107e-04 2.880611282307655e-04 2.882997796405107e-04	1.000000000000000e+00	12	0	56
57	 1.103577657050756e+03  8.506822194768054e+02 -1.472575263742249e+03	-1.222435501404107e-03 -1.248969230800867e-03 -1.248969230800867e-03	1.000000000000000e+00	12	0	57
58	-9.759839460752444e+02  1.711578808739152e+02  8.980465084880530e+01	-2.182665775762871e-04  2.186193014495075e-04 -2.182665775762871e-04	1.000000000000000e+00	24	0	58
59	-5.439602621844633e+02  3.869209889648851e+02 -1.259587537798267e+02	-7.911779539426789e-05  7.911779539426789e-05 -7.925851241452619e-05	1.000000000000000e+00	24	0	59
60	-7.599864764216818e+02 -4.483998446596105e+01 -3.419846958910884e+02	-1.691196230240166e-04  1.687857584329322e-04 -1.687857584329322e-04	1.000000000000000e+00	24	0	60
61	 8.652530962521206e+01  3.868489173210615e+02 -7.736735976781109e+02	-4.663394298404455e-03  4.611335694789886e-03 -4.611335694789886e-03	1.000000000000000e+00	24	0	61
62	 1.173026417050505e+03  5.786541256772985e+02 -1.651371099825145e+03	-1.861828204710037e-04  1.852803106885403e-04 -1.861828204710037e-04	1.000000000000000e+00	24	0	62
63	 7.401361336575053e+02  3.637575810330595e+02 -1.436474076853225e+03	-1.005626749247313e-03  1.005626749247313e-03 -1.005126046948135e-03	1.000000000000000e+00	24	0	63
64	 9.580277258269330e+02  7.936591558219770e+02 -1.218588953945542e+03	 6.523637566715479e-04 -6.420103018172085e-04  6.420103018172085e-04	1.000000000000000e+00	24	0	64
65	 1.109276140042609e+02  3.624521396229948e+02 -7.873819377465595e+02	 4.609345458447933e-03 -4.654070828109980e-03  4.654070828109980e-03	1.000000000000000e+00	24	0	65
66	1.670643707598979e+03 2.022805656521676e+02 1.025870650741096e+03	 6.998234312050045e-05 -6.998234312050045e-05 -7.011255365796387e-05	1.000000000000000e+00	0	0	66
67	1.469853265169726e+03 1.025604800360158e+02 9.261503519672212e+02	-3.169299743603915e-04  3.174262528773397e-04  3.169299743603915e-04	1.000000000000000e+00	0	0	67
68	 9.984936635230201e+02 -6.428456004405484e+02  1.200056458812738e+03	-3.406751493457705e-04  3.413091762922704e-04  3.413091762922704e-04	1.000000000000000e+00	0	0	68
69	-9.717375871809416e+01 -1.341583112102454e+03  8.018297673721045e+02	 9.241117368219420e-05 -9.241117368219420e-05 -9.240279177902266e-05	1.000000000000000e+00	0	0	69
70	 3.141032438048939e+00 -1.141387172386631e+03  7.015148868666552e+02	 2.138860145350918e-04 -2.140273572877049e-04 -2.140273572877049e-04	1.000000000000000e+00	0	0	70
71	 1.031375419709348e+02 -1.541894412791483e+03  1.202540125872909e+03	 6.958017911529168e-05 -6.958017911529168e-05 -6.952164403628558e-05	1.000000000000000e+00	0	0	71
72	 3.033092837447532e+02 -1.441555387154775e+03  1.302879165140786e+03	-7.464463124051690e-05  7.456354796886444e-05  7.464463124051690e-05	1.000000000000000e+00	0	0	72
73	 7.753977941716576e+02 -6.968796527859654e+02  1.028242951552637e+03	 5.709611577913165e-04 -5.737663595937192e-04 -5.737663595937192e-04	1.000000000000000e+00	0	0	73
74	1.870891744049496e+03 2.032529201651187e+00 1.426644320799937e+03	-1.015830639516935e-05  1.015830639516935e-05  1.016260193864582e-05	1.000000000000000e+00	0	0	74
75	 1.770825575250177e+03 -1.984120863498247e+02  1.526710517988778e+03	 8.100097329588607e-05 -8.094704389804974e-05 -8.094704389804974e-05	1.000000000000000e+00	0	0	75
76	-1.274722560019907e+02 -6.338614949199870e+01  6.773540192483480e+02	1.007806422421709e-04 1.011590647976846e-04 1.007806422421709e-04	1.000000000000000e+00	12	0	76
77	1.558992478998796e+01 3.481436798432125e+02 1.215330608091831e+02	-2.454520727042109e-04 -2.454520727042109e-04 -2.465371508151293e-04	1.000000000000000e+00	12	0	77
78	 5.153489086414796e+01 -4.213147597231052e+02  8.563611661144867e+02	1.311283704126254e-04 1.315040281042457e-04 1.311283704126254e-04	1.000000000000000e+00	12	0	78
79	 3.360931366359929e+02 -6.979416975402110e+02  8.482023233496072e+02	6.901509914314374e-05 6.816034147050232e-05 6.816034147050232e-05	1.000000000000000e+00	12	0	79
80	 7.267944674202870e+02 -8.926728255446625e+02  6.534711953451557e+02	4.084503743797541e-04 4.088015994057059e-04 4.088015994057059e-04	1.000000000000000e+00	12	0	80
81	 1.154389486934191e+03 -7.577946046218499e+02  8.946690855922614e+01	-1.835174225561786e-05 -1.835174225561786e-05 -1.836305091273971e-05	1.000000000000000e+00	12	0	81
82	 1.620427011599651e+03 -2.917570799563905e+02 -8.422605308246954e+02	8.044813876040280e-05 8.044813876040280e-05 8.050083124544472e-05	1.000000000000000e+00	12	0	82
83	 1.764011499234790e+03  1.202950961049413e+02 -1.397558574847602e+03	1.743979082675651e-04 1.740840089041740e-04 1.743979082675651e-04	1.000000000000000e+00	12	0	83
84	 1.585152603242123e+03  4.783721087661331e+02 -1.576417470840268e+03	2.754418819677085e-04 2.753885637503117e-04 2.754418819677085e-04	1.000000000000000e+00	12	0	84
85	 1.301084659235227e+03  7.554864368644107e+02 -1.567771046354644e+03	5.337535985745490e-04 5.253634881228209e-04 5.253634881228209e-04	1.000000000000000e+00	12	0	85
86	 4.818813309827103e+02  8.144350860359349e+02 -8.099395209099700e+02	6.441698496928439e-05 6.441698496928439e-05 6.509645027108490e-05	1.000000000000000e+00	12	0	86
87	 9.117245843405865e+02  9.515458498793764e+02 -1.371711633339678e+03	1.530306297354400e-03 1.503600855357945e-03 1.503600855357945e-03	1.000000000000000e+00	12	0	87
88	-8.678275427476085e+02  3.868948718540616e+02  1.979610541764412e+02	-5.619500734610483e-05  5.636879723169841e-05 -5.619500734610483e-05	1.000000000000000e+00	24	0	88
89	-6.521272054009755e+02  4.950879321813972e+02  8.976790423593039e+01	-2.516268868930638e-04  2.516268868930638e-04 -2.516028180252761e-04	1.000000000000000e+00	24	0	89
90	-1.084010373594989e+03 -4.470950860514364e+01 -1.822177667093884e+01	-2.722894423641264e-04  2.721121127251536e-04 -2.722894423641264e-04	1.000000000000000e+00	24	0	90
91	-9.758021627632560e+02 -1.529176423600049e+02 -2.339070379970446e+02	-7.039689808152616e-05  7.034559530438855e-05 -7.034559530438855e-05	1.000000000000000e+00	24	0	91
92	 2.960038187641006e+02  4.926481919108900e+02 -8.794728722679394e+02	-4.729064181447029e-03  4.719525575637817e-03 -4.719525575637817e-03	1.000000000000000e+00	24	0	92
93	 1.064785513178204e+03  3.630025015930076e+02 -1.759612003697446e+03	-3.606740792747587e-04  3.619751078076661e-04 -3.606740792747587e-04	1.000000000000000e+00	24	0	93
94	 8.481735699407444e+02  2.557201447498204e+02 -1.652332297485282e+03	-9.433078230358660e-04  9.433078230358660e-04 -9.464684408158064e-04	1.000000000000000e+00	24	0	94
95	 1.279701678683416e+03  7.958616813788065e+02 -1.544695838192234e+03	-1.476470497436821e-03  1.455026911571622e-03 -1.476470497436821e-03	1.000000000000000e+00	24	0	95
96	 1.172524956226688e+03  9.030490968479203e+02 -1.327978894971485e+03	-5.546056199818850e-04  5.542471772059798e-04 -5.542471772059798e-04	1.000000000000000e+00	24	0	96
97	-1.000259759265420e+02  2.581648216363813e+02 -6.830946197599460e+02	 5.766797345131636e-03 -5.848350934684277e-03  5.848350934684277e-03	1.000000000000000e+00	24	0	97
98	-4.354759513951529e+02  2.784366781755746e+02 -3.413697200204052e+02	 3.602800134103745e-04 -3.602800134103745e-04  3.554348950274289e-04	1.000000000000000e+00	24	0	98
99	-5.442181930073314e+02  6.328483994486871e+01 -4.501095203019181e+02	-3.320135874673724e-04  3.298225637990981e-04 -3.298225637990981e-04	1.000000000000000e+00	24	0	99
100	-1.228010641763772e+02  2.808952570383439e+02 -6.677199373953932e+02	-5.939655937254429e-03  5.728620570152998e-03 -5.728620570152998e-03	1.000000000000000e+00	24	0	100
101	 7.352667012051342e+02 -7.745267639332096e+02  1.068375295320076e+03	-3.028255014214665e-04  3.022705495823175e-04  3.022705495823175e-04	1.000000000000000e+00	0	0	101
102	 4.036353251241969e+02 -9.408595961032190e+02  9.020424631500671e+02	 5.686817166861147e-05 -5.660449460265227e-05 -5.660449460265227e-05	1.000000000000000e+00	0	0	102
103	 5.033946878790414e+02 -1.040619080296266e+03  1.102793761006498e+03	-2.900120452977717e-04  2.900647523347288e-04  2.900120452977717e-04	1.000000000000000e+00	0	0	103
104	 6.323198329367855e+02  4.715738817537793e+02 -1.220387784574522e+03	-8.888063603080809e-04  8.888063603080809e-04 -8.705104701220989e-04	1.000000000000000e+00	24	0	104
105	 7.416271306549654e+02  6.861624887955320e+02 -1.111092286919097e+03	 3.134394064545631e-04 -3.078523732256144e-04  3.078523732256144e-04	1.000000000000000e+00	24	0	105
106	 3.217200674464806e+02  4.670342234366612e+02 -8.919640215602259e+02	 4.781458526849747e-03 -4.622763954102993e-03  4.622763954102993e-03	1.000000000000000e+00	24	0	106
107	 1.269628372395238e+03 -2.982368772017572e+02  1.126375244741709e+03	-2.194950502598658e-04  2.189141814596951e-04  2.194950502598658e-04	1.000000000000000e+00	0	0	107
108	 1.038444595428453e+03 -5.650164804680714e+02  1.160106123870531e+03	 3.750725882127881e-04 -3.732592158485204e-04 -3.732592158485204e-04	1.000000000000000e+00	0	0	108
109	 1.370214833782646e+03 -3.988230590404535e+02  1.326299545298149e+03	 1.428215764462948e-04 -1.429137628292665e-04 -1.429137628292665e-04	1.000000000000000e+00	0	0	109
110	-1.012376547658969e+02  2.313161002873277e+02  3.541474581518826e+02	-5.360636860132217e-04 -5.360636860132217e-04 -5.359086790122092e-04	1.000000000000000e+00	12	0	110
111	 1.037848114052429e+03 -8.743359775036120e+02  3.223668479797447e+02	-6.873618258396164e-05 -6.873618258396164e-05 -6.864309398224577e-05	1.000000000000000e+00	12	0	111
112	 1.736957277336737e+03 -1.752268142193047e+02 -1.075171524409722e+03	1.220961712533608e-04 1.220961712533608e-04 1.221332786371931e-04	1.000000000000000e+00	12	0	112
113	 5.991504315527992e+02  9.317041866060237e+02 -1.042107676513661e+03	7.381254108622670e-04 7.381254108622670e-04 7.455283775925636e-04	1.000000000000000e+00	12	0	113
114	 1.323986064447024e+02  4.649523614979270e+02 -1.110988730865844e+02	2.748200495261699e-05 2.748200495261699e-05 2.746545033005532e-05	1.000000000000000e+00	12	0	114
115	 3.653303836961755e+02  6.978841387494001e+02 -5.770495948344021e+02	-2.868394403776620e-05 -2.868394403776620e-05 -2.869183663278818e-05	1.000000000000000e+00	12	0	115
116	 1.270887138788194e+03 -6.412969527678474e+02 -1.434766836843106e+02	-3.345643790453323e-06 -3.345643790453323e-06 -3.346385256008944e-06	1.000000000000000e+00	12	0	116
117	 1.503894218064984e+03 -4.082898734910575e+02 -6.093520925623412e+02	3.636165638454258e-05 3.636165638454258e-05 3.638289126683958e-05	1.000000000000000e+00	12	0	117
0	-5.773502691896258e-01  5.773502691896258e-01  5.773502691896258e-01	-7.071067811865476e-01  3.124842898819631e-18 -7.071067811865476e-01	 1.198001808568474e+03 -5.294203851356715e-15  1.198001808568474e+03	1	0	0.000000000000000e+00	0.000000000000000e+00	0.000000000000000e+00
1	-5.773502691896258e-01  5.773502691896258e-01  5.773502691896258e-01	 0.000000000000000e+00  7.071067811865476e-01 -7.071067811865476e-01	 0.000000000000000e+00 -9.214510296266430e+02  9.214510296266430e+02	1	0	0.000000000000000e+00	0.000000000000000e+00	0.000000000000000e+00
2	-5.773502691896258e-01  5.773502691896258e-01  5.773502691896258e-01	 7.071067811865476e-01  7.071067811865476e-01 -3.124842898819631e-18	-7.193784354102739e+02 -7.193784354102739e+02  3.179073734356852e-15	1	0	0.000000000000000e+00	0.000000000000000e+00	0.000000000000000e+00
3	-5.773502691896258e-01  5.773502691896258e-01  5.773502691896258e-01	 7.071067811865476e-01 -3.124842898819631e-18  7.071067811865476e-01	 8.030942244427697e+02 -3.549030148066116e-15  8.030942244427697e+02	1	0	0.000000000000000e+00	0.000000000000000e+00	0.000000000000000e+00
4	-5.773502691896258e-01  5.773502691896258e-01  5.773502691896258e-01	 0.000000000000000e+00  7.071067811865476e-01 -7.071067811865476e-01	 0.000000000000000e+00 -8.625613021693013e+02  8.625613021693013e+02	1	0	0.000000000000000e+00	0.000000000000000e+00	0.000000000000000e+00
5	-5.773502691896258e-01  5.773502691896258e-01  5.773502691896258e-01	-7.071067811865476e-01 -7.071067811865476e-01  3.124842898819631e-18	 9.364621366255734e+02  9.364621366255734e+02 -4.138408986458117e-15	1	0	0.000000000000000e+00	0.000000000000000e+00	0.000000000000000e+00
6	 5.773502691896258e-01 -5.773502691896258e-01 -5.773502691896258e-01	0.000000000000000e+00 0.000000000000000e+00 0.000000000000000e+00	1.570392732195782e+03 3.025315410553647e+02 8.256108849411653e+02	1	1	0.000000000000000e+00	0.000000000000000e+00	0.000000000000000e+00
7	-5.773502691896258e-01 -5.773502691896258e-01 -5.773502691896258e-01	-7.071067811865476e-01  0.000000000000000e+00  7.071067811865476e-01	-4.024131376251693e+02  0.000000000000000e+00  4.024131376251693e+02	1	0	0.000000000000000e+00	0.000000000000000e+00	0.000000000000000e+00
8	-5.773502691896258e-01 -5.773502691896258e-01 -5.773502691896258e-01	 0.000000000000000e+00 -7.071067811865476e-01  7.071067811865476e-01	 0.000000000000000e+00 -7.730720104449091e+02  7.730720104449091e+02	1	0	0.000000000000000e+00	0.000000000000000e+00	0.000000000000000e+00
9	-5.773502691896258e-01 -5.773502691896258e-01 -5.773502691896258e-01	 7.071067811865476e-01 -7.071067811865476e-01  0.000000000000000e+00	 9.560920457780206e+02 -9.560920457780206e+02  0.000000000000000e+00	1	0	0.000000000000000e+00	0.000000000000000e+00	0.000000000000000e+00
10	-5.773502691896258e-01 -5.773502691896258e-01 -5.773502691896258e-01	 7.071067811865476e-01  0.000000000000000e+00 -7.071067811865476e-01	 1.580785037041196e+03  0.000000000000000e+00 -1.580785037041196e+03	1	0	0.000000000000000e+00	0.000000000000000e+00	0.000000000000000e+00
11	-5.773502691896258e-01 -5.773502691896258e-01 -5.773502691896258e-01	 0.000000000000000e+00  7.071067811865476e-01 -7.071067811865476e-01	 0.000000000000000e+00  1.161628741609527e+03 -1.161628741609527e+03	1	0	0.000000000000000e+00	0.000000000000000e+00	0.000000000000000e+00
12	-5.773502691896258e-01 -5.773502691896258e-01 -5.773502691896258e-01	-7.071067811865476e-01  7.071067811865476e-01  0.000000000000000e+00	-1.662768775266123e+02  1.662768775266123e+02  0.000000000000000e+00	1	0	0.000000000000000e+00	0.000000000000000e+00	0.000000000000000e+00
13	5.773502691896258e-01 5.773502691896258e-01 5.773502691896258e-01	0.000000000000000e+00 0.000000000000000e+00 0.000000000000000e+00	-2.170837012152994e+02  1.154700538379251e+02  5.877425740350395e+02	1	1	0.000000000000000e+00	0.000000000000000e+00	0.000000000000000e+00
14	-5.773502691896258e-01  5.773502691896258e-01 -5.773502691896258e-01	 7.071067811865476e-01  0.000000000000000e+00 -7.071067811865476e-01	-5.328942984620248e+02  0.000000000000000e+00  5.328942984620248e+02	1	0	0.000000000000000e+00	0.000000000000000e+00	0.000000000000000e+00
15	-5.773502691896258e-01  5.773502691896258e-01 -5.773502691896258e-01	-3.124842898819631e-18  7.071067811865476e-01  7.071067811865476e-01	 8.547268868455420e-16 -1.934123401785247e+02 -1.934123401785247e+02	1	0	0.000000000000000e+00	0.000000000000000e+00	0.000000000000000e+00
16	-5.773502691896258e-01  5.773502691896258e-01 -5.773502691896258e-01	 7.071067811865476e-01  7.071067811865476e-01 -3.124842898819631e-18	 5.519468573452824e+02  5.519468573452824e+02 -2.439160906938323e-15	1	0	0.000000000000000e+00	0.000000000000000e+00	0.000000000000000e+00
17	-5.773502691896258e-01  5.773502691896258e-01 -5.773502691896258e-01	-7.071067811865476e-01  0.000000000000000e+00  7.071067811865476e-01	 1.412198758437825e+03  0.000000000000000e+00 -1.412198758437825e+03	1	0	0.000000000000000e+00	0.000000000000000e+00	0.000000000000000e+00
18	-5.773502691896258e-01  5.773502691896258e-01 -5.773502691896258e-01	-3.124842898819631e-18  7.071067811865476e-01  7.071067811865476e-01	 9.389238637586849e-16 -2.124648990617823e+02 -2.124648990617823e+02	1	0	0.000000000000000e+00	0.000000000000000e+00	0.000000000000000e+00
19	-5.773502691896258e-01  5.773502691896258e-01 -5.773502691896258e-01	-7.071067811865476e-01 -7.071067811865476e-01  3.124842898819631e-18	-7.851963660978913e+01 -7.851963660978913e+01  3.469936018238618e-16	1	0	0.000000000000000e+00	0.000000000000000e+00	0.000000000000000e+00
20	 5.773502691896258e-01 -5.773502691896258e-01  5.773502691896258e-01	0.000000000000000e+00 0.000000000000000e+00 0.000000000000000e+00	-7.597929542535472e+02  6.027536810339691e+02  3.059956426705008e+02	1	1	0.000000000000000e+00	0.000000000000000e+00	0.000000000000000e+00
0	0	1	0
6	0	1	0
5	5	0	0
6	5	0	0
0	6	0	0
5	0	6	0
1	1	2	0
6	1	2	0
0	1	7	0
1	7	1	0
2	2	3	0
6	2	3	0
1	2	8	0
2	8	2	0
3	3	4	0
6	3	4	0
2	3	9	0
3	9	3	0
4	4	5	0
6	4	5	0
3	4	10	0
4	10	4	0
4	5	11	0
5	11	5	0
5	6	66	0
0	67	6	0
0	7	42	0
1	68	7	0
2	69	8	0
1	8	70	0
2	9	71	0
3	72	9	0
3	10	38	0
4	73	10	0
5	74	11	0
4	11	75	0
7	12	13	0
13	12	13	0
12	17	12	0
13	17	12	0
7	18	12	0
12	12	18	0
8	13	14	0
13	13	14	0
7	13	19	0
8	19	13	0
9	14	15	0
13	14	15	0
8	14	20	0
9	20	14	0
10	15	16	0
13	15	16	0
9	15	21	0
10	21	15	0
11	16	17	0
13	16	17	0
10	16	22	0
11	22	16	0
11	17	23	0
12	23	17	0
7	76	18	0
12	18	110	0
7	19	78	0
8	79	19	0
8	20	80	0
9	111	20	0
10	83	21	0
9	21	112	0
10	22	84	0
11	85	22	0
11	23	87	0
12	113	23	0
14	24	25	0
20	24	25	0
19	29	24	0
20	29	24	0
14	30	24	0
19	24	30	0
15	25	26	0
20	25	26	0
14	25	31	0
15	31	25	0
16	26	27	0
20	26	27	0
15	26	32	0
16	32	26	0
17	27	28	0
20	27	28	0
16	27	33	0
17	33	27	0
18	28	29	0
20	28	29	0
17	28	34	0
18	34	28	0
18	29	35	0
19	35	29	0
14	88	30	0
19	30	89	0
14	31	90	0
15	91	31	0
16	40	32	0
15	32	92	0
17	93	33	0
16	33	94	0
17	34	95	0
18	96	34	0
19	36	35	0
18	35	97	0
19	98	36	0
15	36	99	0
15	100	36	0
1	38	101	0
1	102	38	0
3	38	103	0
16	104	40	0
18	40	105	0
18	106	40	0
0	42	107	0
4	42	108	0
4	109	42	0
5	66	44	0
5	44	74	0
0	45	67	0
0	107	45	0
1	46	68	0
1	101	46	0
2	47	69	0
2	71	47	0
1	70	48	0
1	48	102	0
3	49	72	0
3	103	49	0
4	50	73	0
4	108	50	0
4	75	51	0
4	51	109	0
7	52	76	0
7	78	52	0
12	114	53	0
12	53	115	0
8	54	79	0
8	80	54	0
9	55	116	0
9	117	55	0
10	56	83	0
10	84	56	0
11	57	85	0
11	87	57	0
14	58	88	0
14	90	58	0
19	89	59	0
19	59	98	0
15	60	91	0
15	99	60	0
15	92	61	0
15	61	100	0
17	62	93	0
17	95	62	0
16	94	63	0
16	63	104	0
18	64	96	0
18	105	64	0
18	97	65	0
18	65	106	0
12	110	77	0
12	77	114	0
9	81	111	0
9	116	81	0
9	112	82	0
9	82	117	0
12	86	113	0
12	115	86	0
