114
21
172
0	1.570392732195782e+03 3.025315410553647e+02 8.256108849411653e+02	0.000000000000000e+00 0.000000000000000e+00 0.000000000000000e+00	1.000000000000000e+00	0	0	0
1	 1.130451827073287e+03 -5.773502691896260e+02  1.265551790063660e+03	0.000000000000000e+00 0.000000000000000e+00 0.000000000000000e+00	1.000000000000000e+00	0	0	1
2	-1.974537920628516e+02 -1.241303078757696e+03  6.015989804955904e+02	0.000000000000000e+00 0.000000000000000e+00 0.000000000000000e+00	1.000000000000000e+00	0	0	2
3	 2.032272947547480e+02 -1.641984165575296e+03  1.402961154130791e+03	0.000000000000000e+00 0.000000000000000e+00 0.000000000000000e+00	1.000000000000000e+00	0	0	3
4	 6.431681998772439e+02 -7.621023553303065e+02  9.630202490082960e+02	0.000000000000000e+00 0.000000000000000e+00 0.000000000000000e+00	1.000000000000000e+00	0	0	4
5	 1.971073819013383e+03 -9.814954576223676e+01  1.626973058576365e+03	0.000000000000000e+00 0.000000000000000e+00 0.000000000000000e+00	1.000000000000000e+00	0	0	5
6	1.570348607980479e+03 3.025756652706671e+02 8.256550091564677e+02	-1.080084766726941e-04  1.082233648048714e-04  1.079388021025807e-04	1.000000000000000e+00	0	0	6
7	 1.130389345332615e+03 -5.772877874489536e+02  1.265614271804332e+03	-1.643454597797245e-04  1.645421434659511e-04  1.644445292185992e-04	1.000000000000000e+00	0	0	7
8	-1.974080259726280e+02 -1.241348844847920e+03  6.015532144053668e+02	 1.115077538997866e-04 -1.115620179916732e-04 -1.115589911933057e-04	1.000000000000000e+00	0	0	8
9	 2.032257763718220e+02 -1.641982647192370e+03  1.402962672513717e+03	-3.302807044747169e-06  3.289875849077362e-06  3.314259402031894e-06	1.000000000000000e+00	0	0	9
10	 6.431834449668701e+02 -7.621176004199328e+02  9.630050039186697e+02	 4.922897642245516e-05 -4.952180097461678e-05 -5.041907206759788e-05	1.000000000000000e+00	0	0	10
11	 1.971083176860938e+03 -9.815890360979193e+01  1.626963700728810e+03	 2.312474134669174e-05 -2.311344178451691e-05 -2.311118805664591e-05	1.000000000000000e+00	0	0	11
12	-2.170837012152994e+02  1.154700538379251e+02  5.877425740350395e+02	0.000000000000000e+00 0.000000000000000e+00 0.000000000000000e+00	1.000000000000000e+00	12	0	12
13	 1.408734656822689e+02 -6.004442799572098e+02  9.456997409326077e+02	0.000000000000000e+00 0.000000000000000e+00 0.000000000000000e+00	1.000000000000000e+00	12	0	13
14	 9.214510296266424e+02 -9.907330619293978e+02  5.554109589604201e+02	0.000000000000000e+00 0.000000000000000e+00 0.000000000000000e+00	1.000000000000000e+00	12	0	14
15	 1.853294364098699e+03 -5.888972745734176e+01 -1.308275709983692e+03	0.000000000000000e+00 0.000000000000000e+00 0.000000000000000e+00	1.000000000000000e+00	12	0	15
16	 1.495337197201131e+03  6.570246063377946e+02 -1.666232876881260e+03	0.000000000000000e+00 0.000000000000000e+00 0.000000000000000e+00	1.000000000000000e+00	12	0	16
17	 7.147596332567570e+02  1.047313388309982e+03 -1.275944094909073e+03	0.000000000000000e+00 0.000000000000000e+00 0.000000000000000e+00	1.000000000000000e+00	12	0	17
18	-2.171867863959569e+02  1.153669686572676e+02  5.876394888543821e+02	-2.509613890045633e-04 -2.509613890045633e-04 -2.509613890045633e-04	1.000000000000000e+00	12	0	18
19	 1.410247321984668e+02 -6.002930134410119e+02  9.458510074488056e+02	3.682624568076183e-04 3.682624568076183e-04 3.682624568076183e-04	1.000000000000000e+00	12	0	19
20	 9.214789583140977e+02 -9.907051332419425e+02  5.554388876478754e+02	6.963161285966635e-05 6.927921640453860e-05 6.934647535672411e-05	1.000000000000000e+00	12	0	20
21	 1.853344451289018e+03 -5.883964026702368e+01 -1.308225622793374e+03	1.222543505718932e-04 1.222365535795689e-04 1.222547725774348e-04	1.000000000000000e+00	12	0	21
22	 1.495470567849759e+03  6.571579769864226e+02 -1.666099506232632e+03	3.266008085726450e-04 3.266008085726450e-04 3.266008085726450e-04	1.000000000000000e+00	12	0	22
23	 7.153326632485573e+02  1.047886418301782e+03 -1.275371064917273e+03	1.398333581164479e-03 1.398333581164479e-03 1.398333581164479e-03	1.000000000000000e+00	12	0	23
24	-7.597929542535472e+02  6.027536810339691e+02  3.059956426705008e+02	0.000000000000000e+00 0.000000000000000e+00 0.000000000000000e+00	1.000000000000000e+00	24	0	24
25	-1.191650955607388e+03 -2.609623216737101e+02 -1.258623586833382e+02	0.000000000000000e+00 0.000000000000000e+00 0.000000000000000e+00	1.000000000000000e+00	24	0	25
26	 5.126870390403868e+02  5.912066756501777e+02 -9.780313560072266e+02	0.000000000000000e+00 0.000000000000000e+00 0.000000000000000e+00	1.000000000000000e+00	24	0	26
27	 9.572467463163994e+02  1.466469683741651e+02 -1.867150770559250e+03	0.000000000000000e+00 0.000000000000000e+00 0.000000000000000e+00	1.000000000000000e+00	24	0	27
28	 1.389104747670240e+03  1.010362971081845e+03 -1.435292769205410e+03	0.000000000000000e+00 0.000000000000000e+00 0.000000000000000e+00	1.000000000000000e+00	24	0	28
29	-3.152332469775362e+02  1.581939737579582e+02 -5.831237718815206e+02	0.000000000000000e+00 0.000000000000000e+00 0.000000000000000e+00	1.000000000000000e+00	24	0	29
30	-7.598239162829736e+02  6.027846430633956e+02  3.059646806410743e+02	-7.534602627856657e-05  7.534934411523864e-05 -7.522715168306604e-05	1.000000000000000e+00	24	0	30
31	-1.191710367419796e+03 -2.609029098613023e+02 -1.259217704957460e+02	-1.447094109607860e-04  1.446100213797763e-04 -1.447125541744754e-04	1.000000000000000e+00	24	0	31
32	 5.115225904633914e+02  5.923711242271731e+02 -9.791958045842221e+02	-4.481017434348662e-03  4.481017434348662e-03 -4.481017434348662e-03	1.000000000000000e+00	24	0	32
33	 9.570143730778937e+02  1.468793416126708e+02 -1.867383143797756e+03	-5.675100643808643e-04  5.675100643808643e-04 -5.675100643808643e-04	1.000000000000000e+00	24	0	33
34	 1.388666409195578e+03  1.010801309556507e+03 -1.435731107680072e+03	-1.073630604272087e-03  1.073630604272087e-03 -1.073630604272087e-03	1.000000000000000e+00	24	0	34
35	-3.147982268023676e+02  1.577589535827896e+02 -5.826887517063520e+02	 1.807168941013515e-03 -1.807168941013515e-03  1.807168941013515e-03	1.000000000000000e+00	24	0	35
36	-3.280124637268856e+02  1.709731905073076e+02 -5.577978708643553e+02	-4.113088846982767e-04  4.113088846982767e-04 -4.113088846982767e-04	1.000000000000000e+00	24	0	36
38	 6.038296701879241e+02 -8.405432805556708e+02  1.002358778697616e+03	-1.936009794007987e-04  1.941723749041557e-04  1.937355118570849e-04	1.000000000000000e+00	0	0	38
40	 5.257246136002085e+02  5.781691010903562e+02 -1.003098899213921e+03	 1.307693581717710e-03 -1.307693581717710e-03  1.307693581717710e-03	1.000000000000000e+00	24	0	40
42	 1.169728616755328e+03 -4.988476039569833e+02  1.226275000381619e+03	 4.353651820565574e-05 -4.347390859038569e-05 -4.344681292423047e-05	1.000000000000000e+00	0	0	42
44	1.770740229354484e+03 1.021840438966633e+02 1.226285019002337e+03	 1.723635432426818e-05 -1.723635432426818e-05 -1.723139394016471e-05	1.000000000000000e+00	0	0	44
45	 1.369940852957612e+03 -9.803822654504989e+01  1.026062764179335e+03	-2.732361317612231e-04  2.731546119321138e-04  2.732361317612231e-04	1.000000000000000e+00	0	0	45
46	 8.670688277951934e+02 -7.088748647687521e+02  1.134027194484534e+03	-2.954795490950346e-04  2.954239898826927e-04  2.954239898826927e-04	1.000000000000000e+00	0	0	46
47	 2.926826364480835e+00 -1.441683697185029e+03  1.002239993757911e+03	 9.789835166884586e-05 -9.789835166884586e-05 -9.789132309379056e-05	1.000000000000000e+00	0	0	47
48	 2.033101619199052e+02 -1.041045387114665e+03  8.018566721386212e+02	 2.017413353314623e-04 -2.016662183450535e-04 -2.016662183450535e-04	1.000000000000000e+00	0	0	48
49	 4.035151730477048e+02 -1.241250432800664e+03  1.202673275837835e+03	-1.286213373532519e-04  1.285273319808766e-04  1.286213373532519e-04	1.000000000000000e+00	0	0	49
50	 9.065933358890097e+02 -6.306198395142105e+02  1.094502764824392e+03	 3.983617643825710e-04 -3.980150213465095e-04 -3.980150213465095e-04	1.000000000000000e+00	0	0	50
51	 1.570433373110933e+03 -2.985307264176508e+02  1.426591877920952e+03	 1.002274002530612e-04 -1.002091594273224e-04 -1.002091594273224e-04	1.000000000000000e+00	0	0	51
52	-3.806454778659579e+01 -2.424465415757754e+02  7.667617274637429e+02	9.975717694032937e-05 9.976451838156208e-05 9.975717694032937e-05	1.000000000000000e+00	12	0	52
53	 2.488638312689150e+02  5.814175863221395e+02 -3.440748947842292e+02	5.928397513343953e-05 5.928397513343953e-05 5.928565587964840e-05	1.000000000000000e+00	12	0	53
54	 5.311508753216616e+02 -7.955999587712110e+02  7.505440621186073e+02	-2.604840847197920e-05 -2.563307680247817e-05 -2.563307680247817e-05	1.000000000000000e+00	12	0	54
55	 1.387375829113379e+03 -5.248082624426625e+02 -3.764292430603419e+02	7.718664164713118e-06 7.718664164713118e-06 7.719667337369174e-06	1.000000000000000e+00	12	0	55
56	 1.674436073299953e+03  2.991877147450501e+02 -1.487134000782439e+03	2.924533328041434e-04 2.923690481111407e-04 2.924533328041434e-04	1.000000000000000e+00	12	0	56
57	 1.104533102650731e+03  8.516517265602185e+02 -1.471605756658836e+03	-1.254000701010227e-03 -1.263587619177997e-03 -1.263587619177997e-03	1.000000000000000e+00	12	0	57
58	-9.758139089335925e+02  1.709876592369703e+02  8.997468799045714e+01	-2.232643601018935e-04  2.233893465017900e-04 -2.232643601018935e-04	1.000000000000000e+00	24	0	58
59	-5.438981958168324e+02  3.868589225972541e+02 -1.258966118901204e+02	-8.214337140088901e-05  8.214337140088901e-05 -8.219645678764209e-05	1.000000000000000e+00	24	0	59
60	-7.598592034313388e+02 -4.496709289893932e+01 -3.418575874581101e+02	-1.619955874048173e-04  1.618912501726300e-04 -1.618912501726300e-04	1.000000000000000e+00	24	0	60
61	 9.141333581333976e+01  3.820114634863490e+02 -7.688361438433984e+02	-4.182711709290743e-03  4.162843804806471e-03 -4.162843804806471e-03	1.000000000000000e+00	24	0	61
62	 1.173142754696297e+03  5.785380043956543e+02 -1.651254762179353e+03	-1.081913942471147e-04  1.083133684005588e-04 -1.081913942471147e-04	1.000000000000000e+00	24	0	62
63	 7.409087211844442e+02  3.629849935061206e+02 -1.435701754499318e+03	-1.001082360744476e-03  1.001082360744476e-03 -1.000897842459381e-03	1.000000000000000e+00	24	0	63
64	 9.575204775335574e+02  7.941609901970041e+02 -1.219090788320569e+03	 6.654710741713643e-04 -6.618014886043966e-04  6.618014886043966e-04	1.000000000000000e+00	24	0	64
65	 1.060594914093642e+02  3.673655291539590e+02 -7.922953272775237e+02	 4.249120131134987e-03 -4.267300013452768e-03  4.267300013452768e-03	1.000000000000000e+00	24	0	65
66	1.670590493976893e+03 2.023337792742539e+02 1.025923929823678e+03	 6.824078445788473e-05 -6.824078445788473e-05 -6.828275945736095e-05	1.000000000000000e+00	0	0	66
67	1.470095410894990e+03 1.023180808772447e+02 9.259082062419573e+02	-3.120352921541780e-04  3.122014459222555e-04  3.120352921541780e-04	1.000000000000000e+00	0	0	67
68	 9.987206372671876e+02 -6.430728459091656e+02  1.199829213344120e+03	-2.526375174056739e-04  2.527740434743464e-04  2.527740434743464e-04	1.000000000000000e+00	0	0	68
69	-9.724521211304453e+01 -1.341511658707503e+03  8.019012163119569e+02	 9.319760283688083e-05 -9.319760283688083e-05 -9.319450327893719e-05	1.000000000000000e+00	0	0	69
70	 2.975434016313017e+00 -1.141221499967111e+03  7.016805592861751e+02	 2.162167947972193e-04 -2.162669698009267e-04 -2.162669698009267e-04	1.000000000000000e+00	0	0	70
71	 1.030846069471864e+02 -1.541841477767734e+03  1.202593030862537e+03	 6.792248314013705e-05 -6.792248314013705e-05 -6.790264160372317e-05	1.000000000000000e+00	0	0	71
72	 3.033668559703931e+02 -1.441612917405015e+03  1.302821592915146e+03	-7.489923154935241e-05  7.487116818083450e-05  7.489923154935241e-05	1.000000000000000e+00	0	0	72
73	 7.749934560014945e+02 -6.964739771127774e+02  1.028648627225825e+03	 4.830768448300660e-04 -4.838758031837642e-04 -4.838758031837642e-04	1.000000000000000e+00	0	0	73
74	1.870899521287271e+03 2.024751963875833e+00 1.426636541451116e+03	-1.004380646918435e-05  1.004380646918435e-05  1.004511614155490e-05	1.000000000000000e+00	0	0	74
75	 1.770764592338853e+03 -1.983511306624351e+02  1.526771473676167e+03	 7.740179717075080e-05 -7.738424028502777e-05 -7.738424028502777e-05	1.000000000000000e+00	0	0	75
76	-1.275514371251445e+02 -6.346552944651227e+01  6.772748381251942e+02	1.047862751875073e-04 1.049217898980714e-04 1.047862751875073e-04	1.000000000000000e+00	12	0	76
77	1.577799491908179e+01 3.483317499723063e+02 1.217216929299107e+02	-2.430898457532749e-04 -2.430898457532749e-04 -2.434653142699972e-04	1.000000000000000e+00	12	0	77
78	 5.143560333374067e+01 -4.214142409567628e+02  8.562618785840793e+02	1.266915787709877e-04 1.268202759092674e-04 1.266915787709877e-04	1.000000000000000e+00	12	0	78
79	 3.360426925143894e+02 -6.979916995780059e+02  8.481523213118123e+02	6.200490315677598e-05 6.171002314658836e-05 6.171002314658836e-05	1.000000000000000e+00	12	0	79
80	 7.264771929980477e+02 -8.929902859100813e+02  6.531537349797369e+02	4.156591894570738e-04 4.157871007919312e-04 4.157871007919312e-04	1.000000000000000e+00	12	0	80
81	 1.154404022518780e+03 -7.577800690372610e+02  8.948145015182243e+01	-1.935288310050964e-05 -1.935288310050964e-05 -1.935703039634973e-05	1.000000000000000e+00	12	0	81
82	 1.620365732616653e+03 -2.918183589393880e+02 -8.423218369480916e+02	7.875642040744424e-05 7.875642040744424e-05 7.877442840253934e-05	1.000000000000000e+00	12	0	82
83	 1.763876962406716e+03  1.201607232694717e+02 -1.397693111675676e+03	1.750645315041766e-04 1.749535003909841e-04 1.750645315041766e-04	1.000000000000000e+00	12	0	83
84	 1.584940103991378e+03  4.781596349284453e+02 -1.576629970091014e+03	2.765343233477324e-04 2.765193930827081e-04 2.765343233477324e-04	1.000000000000000e+00	12	0	84
85	 1.300567725135911e+03  7.549719957436232e+02 -1.568285487475432e+03	8.394487667828798e-04 8.401038940064609e-04 8.401038940064609e-04	1.000000000000000e+00	12	0	85
86	 4.818289050018004e+02  8.143826600550250e+02 -8.099922811102176e+02	7.154761988203973e-05 7.154761988203973e-05 7.175398786785081e-05	1.000000000000000e+00	12	0	86
87	 9.105388635072188e+02  9.503740967023064e+02 -1.372883386516748e+03	1.549301552586257e-03 1.539838151074946e-03 1.539838151074946e-03	1.000000000000000e+00	12	0	87
88	-8.677826703180956e+02  3.868499086251888e+02  1.980059266059541e+02	-6.021717854309827e-05  6.027858034940436e-05 -6.021717854309827e-05	1.000000000000000e+00	24	0	88
89	-6.519325731467547e+02  4.948932999271764e+02  8.996252440071103e+01	-2.538843255024403e-04  2.538843255024403e-04 -2.538764674682170e-04	1.000000000000000e+00	24	0	89
90	-1.083799503254231e+03 -4.492028590732895e+01 -1.801090633018138e+01	-2.753384760580957e-04  2.752752625383437e-04 -2.753384760580957e-04	1.000000000000000e+00	24	0	90
91	-9.757494147106926e+02 -1.529703648433035e+02 -2.338543155137460e+02	-6.674321048194543e-05  6.672692688880488e-05 -6.672692688880488e-05	1.000000000000000e+00	24	0	91
92	 3.012500113604877e+02  4.874093408786702e+02 -8.742340212357195e+02	-5.214710719883442e-03  5.207410082221031e-03 -5.207410082221031e-03	1.000000000000000e+00	24	0	92
93	 1.065063066537251e+03  3.627242511079601e+02 -1.759334450338399e+03	-3.604592347983271e-04  3.609500708989799e-04 -3.604592347983271e-04	1.000000000000000e+00	24	0	93
94	 8.488983331201169e+02  2.549953815704479e+02 -1.651605902969797e+03	-9.391897474415600e-04  9.391897474415600e-04 -9.402746218256652e-04	1.000000000000000e+00	24	0	94
95	 1.280742731925816e+03  7.948306097848215e+02 -1.543654784949834e+03	-1.147377304732800e-03  1.142365275882185e-03 -1.147377304732800e-03	1.000000000000000e+00	24	0	95
96	 1.172951134682506e+03  9.026230694606561e+02 -1.327552867584221e+03	-5.517510580830276e-04  5.516795790754259e-04 -5.516795790754259e-04	1.000000000000000e+00	24	0	96
97	-1.044365866754626e+02  2.626292725018996e+02 -6.875590706254643e+02	 2.830492565408349e-03 -2.842052141204476e-03  2.842052141204476e-03	1.000000000000000e+00	24	0	97
98	-4.357532093742437e+02  2.787139361546654e+02 -3.416452137154857e+02	 3.599713963922113e-04 -3.599713963922113e-04  3.593963338062167e-04	1.000000000000000e+00	24	0	98
99	-5.439813308174964e+02  6.304856962316077e+01 -4.498732499802102e+02	-2.897820959333330e-04  2.897911181207746e-04 -2.897911181207746e-04	1.000000000000000e+00	24	0	99
100	-1.183901215983875e+02  2.765822167424952e+02 -6.634068970995446e+02	-2.723859157413244e-03  2.707363106310368e-03 -2.707363106310368e-03	1.000000000000000e+00	24	0	100
101	 7.354645329208969e+02 -7.747243701531925e+02  1.068177689100094e+03	-2.146532206097618e-04  2.145496691809967e-04  2.145496691809967e-04	1.000000000000000e+00	0	0	101
102	 4.035912932635263e+02 -9.408157003348390e+02  9.020863589184471e+02	 5.741345739807002e-05 -5.732295539928600e-05 -5.732295539928600e-05	1.000000000000000e+00	0	0	102
103	 5.036186812909984e+02 -1.040843102555852e+03  1.102569767594541e+03	-2.917799574788660e-04  2.918004174716771e-04  2.917799574788660e-04	1.000000000000000e+00	0	0	103
104	 6.329982106081274e+02  4.708955040824374e+02 -1.219717979032887e+03	-8.735370356589556e-04  8.735370356589556e-04 -8.691422408446670e-04	1.000000000000000e+00	24	0	104
105	 7.414130408489630e+02  6.863742862284478e+02 -1.111304084352013e+03	 2.438235387671739e-04 -2.430915483273566e-04  2.430915483273566e-04	1.000000000000000e+00	24	0	105
106	 3.164832171074926e+02  4.721800362703429e+02 -8.971098343939076e+02	 5.132899619638920e-03 -5.109478253871202e-03  5.109478253871202e-03	1.000000000000000e+00	24	0	106
107	 1.269795185007055e+03 -2.984033956748964e+02  1.126208432129893e+03	-2.138090349035338e-04  2.136182592948899e-04  2.138090349035338e-04	1.000000000000000e+00	0	0	107
108	 1.038188466852567e+03 -5.647611623095906e+02  1.160361442029012e+03	 2.937499084509909e-04 -2.933124778792262e-04 -2.933124778792262e-04	1.000000000000000e+00	0	0	108
109	 1.370107330405803e+03 -3.987155086920363e+02  1.326407095646566e+03	 1.364827039651573e-04 -1.365133502986282e-04 -1.365133502986282e-04	1.000000000000000e+00	0	0	109
110	-1.008236745097711e+02  2.317300805434535e+02  3.545613601283088e+02	-5.392400780692697e-04 -5.392400780692697e-04 -5.391899030655622e-04	1.000000000000000e+00	12	0	110
111	 1.037902154676906e+03 -8.742819368791356e+02  3.224208401929386e+02	-7.158401422202587e-05 -7.158401422202587e-05 -7.155151251936331e-05	1.000000000000000e+00	12	0	111
112	 1.736863584890835e+03 -1.753205066652067e+02 -1.075265236121785e+03	1.212899733218364e-04 1.212899733218364e-04 1.213028954225592e-04	1.000000000000000e+00	12	0	112
113	 5.985819112579476e+02  9.311356663111720e+02 -1.042680040763103e+03	7.386276847682893e-04 7.386276847682893e-04 7.412064587697387e-04	1.000000000000000e+00	12	0	113
114	 1.323734776866611e+02  4.649272327398857e+02 -1.111239978428163e+02	3.764292341656983e-05 3.764292341656983e-05 3.764441862585954e-05	1.000000000000000e+00	12	0	114
115	 3.653319720076987e+02  6.978857270609233e+02 -5.770480047372268e+02	2.479942304489668e-05 2.479942304489668e-05 2.479982686054427e-05	1.000000000000000e+00	12	0	115
116	 1.270890317210929e+03 -6.412937743451118e+02 -1.434735048111789e+02	-4.858349711867049e-06 -4.858349711867049e-06 -4.858708962274250e-06	1.000000000000000e+00	12	0	116
117	 1.503867073819111e+03 -4.083170177369300e+02 -6.093792475673250e+02	3.419191489228979e-05 3.419191489228979e-05 3.419889253564179e-05	1.000000000000000e+00	12	0	117
0	-5.773502691896258e-01  5.773502691896258e-01  5.773502691896258e-01	-7.071067811865476e-01  3.124842898819631e-18 -7.071067811865476e-01	 1.198001808568474e+03 -5.294203851356715e-15  1.198001808568474e+03	1	0	0.000000000000000e+00	0.000000000000000e+00	0.000000000000000e+00
1	-5.773502691896258e-01  5.773502691896258e-01  5.773502691896258e-01	 0.000000000000000e+00  7.071067811865476e-01 -7.071067811865476e-01	 0.000000000000000e+00 -9.214510296266430e+02  9.214510296266430e+02	1	0	0.000000000000000e+00	0.000000000000000e+00	0.000000000000000e+00
2	-5.773502691896258e-01  5.773502691896258e-01  5.773502691896258e-01	 7.071067811865476e-01  7.071067811865476e-01 -3.124842898819631e-18	-7.193784354102739e+02 -7.193784354102739e+02  3.179073734356852e-15	1	0	0.000000000000000e+00	0.000000000000000e+00	0.000000000000000e+00
3	-5.773502691896258e-01  5.773502691896258e-01  5.773502691896258e-01	 7.071067811865476e-01 -3.124842898819631e-18  7.071067811865476e-01	 8.030942244427697e+02 -3.549030148066116e-15  8.030942244427697e+02	1	0	0.000000000000000e+00	0.000000000000000e+00	0.000000000000000e+00
4	-5.773502691896258e-01  5.773502691896258e-01  5.773502691896258e-01	 0.000000000000000e+00  7.071067811865476e-01 -7.071067811865476e-01	 0.000000000000000e+00 -8.625613021693013e+02  8.625613021693013e+02	1	0	0.000000000000000e+00	0.000000000000000e+00	0.000000000000000e+00
5	-5.773502691896258e-01  5.773502691896258e-01  5.773502691896258e-01	-7.071067811865476e-01 -7.071067811865476e-01  3.124842898819631e-18	 9.364621366255734e+02  9.364621366255734e+02 -4.138408986458117e-15	1	0	0.000000000000000e+00	0.000000000000000e+00	0.000000000000000e+00
6	 5.773502691896258e-01 -5.773502691896258e-01 -5.773502691896258e-01	0.000000000000000e+00 0.000000000000000e+00 0.000000000000000e+00	1.570392732195782e+03 3.025315410553647e+02 8.256108849411653e+02	1	1	0.000000000000000e+00	0.000000000000000e+00	0.000000000000000e+00
7	-5.773502691896258e-01 -5.773502691896258e-01 -5.773502691896258e-01	-7.071067811865476e-01  0.000000000000000e+00  7.071067811865476e-01	-4.024131376251693e+02  0.000000000000000e+00  4.024131376251693e+02	1	0	0.000000000000000e+00	0.000000000000000e+00	0.000000000000000e+00
8	-5.773502691896258e-01 -5.773502691896258e-01 -5.773502691896258e-01	 0.000000000000000e+00 -7.071067811865476e-01  7.071067811865476e-01	 0.000000000000000e+00 -7.730720104449091e+02  7.730720104449091e+02	1	0	0.000000000000000e+00	0.000000000000000e+00	0.000000000000000e+00
9	-5.773502691896258e-01 -5.773502691896258e-01 -5.773502691896258e-01	 7.071067811865476e-01 -7.071067811865476e-01  0.000000000000000e+00	 9.560920457780206e+02 -9.560920457780206e+02  0.000000000000000e+00	1	0	0.000000000000000e+00	0.000000000000000e+00	0.000000000000000e+00
10	-5.773502691896258e-01 -5.773502691896258e-01 -5.773502691896258e-01	 7.071067811865476e-01  0.000000000000000e+00 -7.071067811865476e-01	 1.580785037041196e+03  0.000000000000000e+00 -1.580785037041196e+03	1	0	0.000000000000000e+00	0.000000000000000e+00	0.000000000000000e+00
11	-5.773502691896258e-01 -5.773502691896258e-01 -5.773502691896258e-01	 0.000000000000000e+00  7.071067811865476e-01 -7.071067811865476e-01	 0.000000000000000e+00  1.161628741609527e+03 -1.161628741609527e+03	1	0	0.000000000000000e+00	0.000000000000000e+00	0.000000000000000e+00
12	-5.773502691896258e-01 -5.773502691896258e-01 -5.773502691896258e-01	-7.071067811865476e-01  7.071067811865476e-01  0.000000000000000e+00	-1.662768775266123e+02  1.662768775266123e+02  0.000000000000000e+00	1	0	0.000000000000000e+00	0.000000000000000e+00	0.000000000000000e+00
13	5.773502691896258e-01 5.773502691896258e-01 5.773502691896258e-01	0.000000000000000e+00 0.000000000000000e+00 0.000000000000000e+00	-2.170837012152994e+02  1.154700538379251e+02  5.877425740350395e+02	1	1	0.000000000000000e+00	0.000000000000000e+00	0.000000000000000e+00
14	-5.773502691896258e-01  5.773502691896258e-01 -5.773502691896258e-01	 7.071067811865476e-01  0.000000000000000e+00 -7.071067811865476e-01	-5.328942984620248e+02  0.000000000000000e+00  5.328942984620248e+02	1	0	0.000000000000000e+00	0.000000000000000e+00	0.000000000000000e+00
15	-5.773502691896258e-01  5.773502691896258e-01 -5.773502691896258e-01	-3.124842898819631e-18  7.071067811865476e-01  7.071067811865476e-01	 8.547268868455420e-16 -1.934123401785247e+02 -1.934123401785247e+02	1	0	0.000000000000000e+00	0.000000000000000e+00	0.000000000000000e+00
16	-5.773502691896258e-01  5.773502691896258e-01 -5.773502691896258e-01	 7.071067811865476e-01  7.071067811865476e-01 -3.124842898819631e-18	 5.519468573452824e+02  5.519468573452824e+02 -2.439160906938323e-15	1	0	0.000000000000000e+00	0.000000000000000e+00	0.000000000000000e+00
17	-5.773502691896258e-01  5.773502691896258e-01 -5.773502691896258e-01	-7.071067811865476e-01  0.000000000000000e+00  7.071067811865476e-01	 1.412198758437825e+03  0.000000000000000e+00 -1.412198758437825e+03	1	0	0.000000000000000e+00	0.000000000000000e+00	0.000000000000000e+00
18	-5.773502691896258e-01  5.773502691896258e-01 -5.773502691896258e-01	-3.124842898819631e-18  7.071067811865476e-01  7.071067811865476e-01	 9.389238637586849e-16 -2.124648990617823e+02 -2.124648990617823e+02	1	0	0.000000000000000e+00	0.000000000000000e+00	0.000000000000000e+00
19	-5.773502691896258e-01  5.773502691896258e-01 -5.773502691896258e-01	-7.071067811865476e-01 -7.071067811865476e-01  3.124842898819631e-18	-7.851963660978913e+01 -7.851963660978913e+01  3.469936018238618e-16	1	0	0.000000000000000e+00	0.000000000000000e+00	0.000000000000000e+00
20	 5.773502691896258e-01 -5.773502691896258e-01  5.773502691896258e-01	0.000000000000000e+00 0.000000000000000e+00 0.000000000000000e+00	-7.597929542535472e+02  6.027536810339691e+02  3.059956426705008e+02	1	1	0.000000000000000e+00	0.000000000000000e+00	0.000000000000000e+00
0	0	1	0
6	0	1	0
5	5	0	0
6	5	0	0
0	6	0	0
5	0	6	0
1	1	2	0
6	1	2	0
0	1	7	0
1	7	1	0
2	2	3	0
6	2	3	0
1	2	8	0
2	8	2	0
3	3	4	0
6	3	4	0
2	3	9	0
3	9	3	0
4	4	5	0
6	4	5	0
3	4	10	0
4	10	4	0
4	5	11	0
5	11	5	0
5	6	66	0
0	67	6	0
0	7	42	0
1	68	7	0
2	69	8	0
1	8	70	0
2	9	71	0
3	72	9	0
3	10	38	0
4	73	10	0
5	74	11	0
4	11	75	0
7	12	13	0
13	12	13	0
12	17	12	0
13	17	12	0
7	18	12	0
12	12	18	0
8	13	14	0
13	13	14	0
7	13	19	0
8	19	13	0
9	14	15	0
13	14	15	0
8	14	20	0
9	20	14	0
10	15	16	0
13	15	16	0
9	15	21	0
10	21	15	0
11	16	17	0
13	16	17	0
10	16	22	0
11	22	16	0
11	17	23	0
12	23	17	0
7	76	18	0
12	18	110	0
7	19	78	0
8	79	19	0
8	20	80	0
9	111	20	0
10	83	21	0
9	21	112	0
10	22	84	0
11	85	22	0
11	23	87	0
12	113	23	0
14	24	25	0
20	24	25	0
19	29	24	0
20	29	24	0
14	30	24	0
19	24	30	0
15	25	26	0
20	25	26	0
14	25	31	0
15	31	25	0
16	26	27	0
20	26	27	0
15	26	32	0
16	32	26	0
17	27	28	0
20	27	28	0
16	27	33	0
17	33	27	0
18	28	29	0
20	28	29	0
17	28	34	0
18	34	28	0
18	29	35	0
19	35	29	0
14	88	30	0
19	30	89	0
14	31	90	0
15	91	31	0
16	40	32	0
15	32	92	0
17	93	33	0
16	33	94	0
17	34	95	0
18	96	34	0
19	36	35	0
18	35	97	0
19	98	36	0
15	36	99	0
15	100	36	0
1	38	101	0
1	102	38	0
3	38	103	0
16	104	40	0
18	40	105	0
18	106	40	0
0	42	107	0
4	42	108	0
4	109	42	0
5	66	44	0
5	44	74	0
0	45	67	0
0	107	45	0
1	46	68	0
1	101	46	0
2	47	69	0
2	71	47	0
1	70	48	0
1	48	102	0
3	49	72	0
3	103	49	0
4	50	73	0
4	108	50	0
4	75	51	0
4	51	109	0
7	52	76	0
7	78	52	0
12	114	53	0
12	53	115	0
8	54	79	0
8	80	54	0
9	55	116	0
9	117	55	0
10	56	83	0
10	84	56	0
11	57	85	0
11	87	57	0
14	58	88	0
14	90	58	0
19	89	59	0
19	59	98	0
15	60	91	0
15	99	60	0
15	92	61	0
15	61	100	0
17	62	93	0
17	95	62	0
16	94	63	0
16	63	104	0
18	64	96	0
18	105	64	0
18	97	65	0
18	65	106	0
12	110	77	0
12	77	114	0
9	81	111	0
9	116	81	0
9	112	82	0
9	82	117	0
12	86	113	0
12	115	86	0
