114
21
172
0	1.570392732195782e+03 3.025315410553647e+02 8.256108849411653e+02	0.000000000000000e+00 0.000000000000000e+00 0.000000000000000e+00	1.000000000000000e+00	0	0	0
1	 1.130451827073287e+03 -5.773502691896260e+02  1.265551790063660e+03	0.000000000000000e+00 0.000000000000000e+00 0.000000000000000e+00	1.000000000000000e+00	0	0	1
2	-1.974537920628516e+02 -1.241303078757696e+03  6.015989804955904e+02	0.000000000000000e+00 0.000000000000000e+00 0.000000000000000e+00	1.000000000000000e+00	0	0	2
3	 2.032272947547480e+02 -1.641984165575296e+03  1.402961154130791e+03	0.000000000000000e+00 0.000000000000000e+00 0.000000000000000e+00	1.000000000000000e+00	0	0	3
4	 6.431681998772439e+02 -7.621023553303065e+02  9.630202490082960e+02	0.000000000000000e+00 0.000000000000000e+00 0.000000000000000e+00	1.000000000000000e+00	0	0	4
5	 1.971073819013383e+03 -9.814954576223676e+01  1.626973058576365e+03	0.000000000000000e+00 0.000000000000000e+00 0.000000000000000e+00	1.000000000000000e+00	0	0	5
6	1.570262511217188e+03 3.026617620339587e+02 8.257411059197593e+02	-1.097644344554283e-04  1.104599505197257e-04  1.095121333491988e-04	1.000000000000000e+00	0	0	6
7	 1.130238627825007e+03 -5.771370699413459e+02  1.265764989311940e+03	-2.195203220859791e-04  2.195203220859791e-04  2.195203220859791e-04	1.000000000000000e+00	0	0	7
8	-1.973199621759452e+02 -1.241436908644602e+03  6.014651506086839e+02	 1.112876780098304e-04 -1.114526967285201e-04 -1.114450133172795e-04	1.000000000000000e+00	0	0	8
9	 2.032236513549468e+02 -1.641980522175495e+03  1.402964797530592e+03	-2.077101953545935e-06  2.033281589319813e-06  2.117971462212154e-06	1.000000000000000e+00	0	0	9
10	 6.432449843714894e+02 -7.621791398245522e+02  9.629434645140503e+02	 1.067118864739314e-04 -1.080637011909857e-04 -1.109540971810929e-04	1.000000000000000e+00	0	0	10
11	 1.971102097355891e+03 -9.817782410474450e+01  1.626944780233858e+03	 2.481233059370425e-05 -2.477377347531728e-05 -2.476505324011669e-05	1.000000000000000e+00	0	0	11
12	-2.170837012152994e+02  1.154700538379251e+02  5.877425740350395e+02	0.000000000000000e+00 0.000000000000000e+00 0.000000000000000e+00	1.000000000000000e+00	12	0	12
13	 1.408734656822689e+02 -6.004442799572098e+02  9.456997409326077e+02	0.000000000000000e+00 0.000000000000000e+00 0.000000000000000e+00	1.000000000000000e+00	12	0	13
14	 9.214510296266424e+02 -9.907330619293978e+02  5.554109589604201e+02	0.000000000000000e+00 0.000000000000000e+00 0.000000000000000e+00	1.000000000000000e+00	12	0	14
15	 1.853294364098699e+03 -5.888972745734176e+01 -1.308275709983692e+03	0.000000000000000e+00 0.000000000000000e+00 0.000000000000000e+00	1.000000000000000e+00	12	0	15
16	 1.495337197201131e+03  6.570246063377946e+02 -1.666232876881260e+03	0.000000000000000e+00 0.000000000000000e+00 0.000000000000000e+00	1.000000000000000e+00	12	0	16
17	 7.147596332567570e+02  1.047313388309982e+03 -1.275944094909073e+03	0.000000000000000e+00 0.000000000000000e+00 0.000000000000000e+00	1.000000000000000e+00	12	0	17
18	-2.173844323515552e+02  1.151693227016693e+02  5.874418428987839e+02	-2.494979028900464e-04 -2.494979028900464e-04 -2.494979028900464e-04	1.000000000000000e+00	12	0	18
19	 1.413133610183618e+02 -6.000043846211170e+02  9.461396362687005e+02	3.624700087433060e-04 3.624700087433060e-04 3.624700087433060e-04	1.000000000000000e+00	12	0	19
20	 9.215355646752643e+02 -9.906485268807759e+02  5.554954940090420e+02	7.452486170222983e-05 7.348027429543436e-05 7.367898797383532e-05	1.000000000000000e+00	12	0	20
21	 1.853441241973185e+03 -5.874284958285620e+01 -1.308128832109207e+03	1.228234614245594e-04 1.227720495080575e-04 1.228245091624558e-04	1.000000000000000e+00	12	0	21
22	 1.495730366706752e+03  6.574177758434156e+02 -1.665839707375639e+03	3.304729082932075e-04 3.304729082932075e-04 3.304729082932075e-04	1.000000000000000e+00	12	0	22
23	 7.164315544073698e+02  1.048985309460595e+03 -1.274272173758460e+03	1.383636690055331e-03 1.383636690055331e-03 1.383636690055331e-03	1.000000000000000e+00	12	0	23
24	-7.597929542535472e+02  6.027536810339691e+02  3.059956426705008e+02	0.000000000000000e+00 0.000000000000000e+00 0.000000000000000e+00	1.000000000000000e+00	24	0	24
25	-1.191650955607388e+03 -2.609623216737101e+02 -1.258623586833382e+02	0.000000000000000e+00 0.000000000000000e+00 0.000000000000000e+00	1.000000000000000e+00	24	0	25
26	 5.126870390403868e+02  5.912066756501777e+02 -9.780313560072266e+02	0.000000000000000e+00 0.000000000000000e+00 0.000000000000000e+00	1.000000000000000e+00	24	0	26
27	 9.572467463163994e+02  1.466469683741651e+02 -1.867150770559250e+03	0.000000000000000e+00 0.000000000000000e+00 0.000000000000000e+00	1.000000000000000e+00	24	0	27
28	 1.389104747670240e+03  1.010362971081845e+03 -1.435292769205410e+03	0.000000000000000e+00 0.000000000000000e+00 0.000000000000000e+00	1.000000000000000e+00	24	0	28
29	-3.152332469775362e+02  1.581939737579582e+02 -5.831237718815206e+02	0.000000000000000e+00 0.000000000000000e+00 0.000000000000000e+00	1.000000000000000e+00	24	0	29
30	-7.598831685315229e+02  6.028438953119448e+02  3.059054283925252e+02	-7.473744335584342e-05  7.475047459593043e-05 -7.436934538418427e-05	1.000000000000000e+00	24	0	30
31	-1.191824952736865e+03 -2.607883245442328e+02 -1.260363558128155e+02	-1.455194287700579e-04  1.452127908123657e-04 -1.455221063224599e-04	1.000000000000000e+00	24	0	31
32	 5.063535266709169e+02  5.975401880196476e+02 -9.843648683766966e+02	-5.601414168874423e-03  5.601414168874423e-03 -5.601414168874423e-03	1.000000000000000e+00	24	0	32
33	 9.565643360939868e+02  1.473293785965777e+02 -1.867833180781663e+03	-5.718393561740717e-04  5.718393561740717e-04 -5.718393561740717e-04	1.000000000000000e+00	24	0	33
34	 1.387814654741625e+03  1.011653064010460e+03 -1.436582862134024e+03	-1.083312284511824e-03  1.083312284511824e-03 -1.083312284511824e-03	1.000000000000000e+00	24	0	34
35	-3.111551241134814e+02  1.541158508939035e+02 -5.790456490174658e+02	 6.275246695925792e-03 -6.275246695925792e-03  6.275246695925792e-03	1.000000000000000e+00	24	0	35
36	-3.290045790051657e+02  1.719653057855877e+02 -5.587899861426354e+02	-1.755401181677977e-03  1.755401181677977e-03 -1.755401181677977e-03	1.000000000000000e+00	24	0	36
38	 6.036738612528849e+02 -8.403874716206316e+02  1.002514587632655e+03	-2.011380614324783e-04  2.011380614324783e-04  2.011380614324783e-04	1.000000000000000e+00	0	0	38
40	 5.272306104233506e+02  5.766631042672141e+02 -1.001592902390778e+03	 1.581964859118064e-03 -1.581964859118064e-03  1.581964859118064e-03	1.000000000000000e+00	24	0	40
42	 1.169766654846700e+03 -4.988856420483554e+02  1.226236962290247e+03	 5.363961099646986e-05 -5.307774335960858e-05 -5.313965812092647e-05	1.000000000000000e+00	0	0	42
44	1.770754131578271e+03 1.021701416728761e+02 1.226271124734943e+03	 1.796105971152429e-05 -1.796105971152429e-05 -1.794570562196895e-05	1.000000000000000e+00	0	0	44
45	 1.369723318065380e+03 -9.782081907931212e+01  1.026280299071567e+03	-2.775056927930564e-04  2.772636944428086e-04  2.775056927930564e-04	1.000000000000000e+00	0	0	45
46	 8.667948159449819e+02 -7.086009567122296e+02  1.134301102541056e+03	-4.027734103146940e-04  4.025510861538351e-04  4.025510861538351e-04	1.000000000000000e+00	0	0	46
47	 3.004177313352610e+00 -1.441761048133900e+03  1.002162653343593e+03	 9.793842764338478e-05 -9.793842764338478e-05 -9.791898628463969e-05	1.000000000000000e+00	0	0	47
48	 2.034682099311804e+02 -1.041203320204998e+03  8.016987390482880e+02	 1.983580878004432e-04 -1.981432287720963e-04 -1.981432287720963e-04	1.000000000000000e+00	0	0	48
49	 4.034135417767359e+02 -1.241148947207667e+03  1.202774907108804e+03	-1.286689948756248e-04  1.283942401641980e-04  1.286689948756248e-04	1.000000000000000e+00	0	0	49
50	 9.069483422018156e+02 -6.309742217040452e+02  1.094148382634557e+03	 5.049219471402466e-04 -5.036147194914520e-04 -5.036147194914520e-04	1.000000000000000e+00	0	0	50
51	 1.570514089112807e+03 -2.986114130261039e+02  1.426511191312499e+03	 1.041359719238244e-04 -1.040789575199597e-04 -1.040789575199597e-04	1.000000000000000e+00	0	0	51
52	-3.798492051692051e+01 -2.423669016484150e+02  7.668413547334181e+02	1.017547692754306e-04 1.017806062009186e-04 1.017547692754306e-04	1.000000000000000e+00	12	0	52
53	 2.488994492712632e+02  5.814532043244877e+02 -3.440392738406043e+02	3.090680183959194e-05 3.090680183959194e-05 3.091355392825790e-05	1.000000000000000e+00	12	0	53
54	 5.311338215186728e+02 -7.956163667600364e+02  7.505276541297817e+02	-1.719541069178376e-05 -1.597474874870386e-05 -1.597474874870386e-05	1.000000000000000e+00	12	0	54
55	 1.387382725426817e+03 -5.248013661292243e+02 -3.764223449931579e+02	9.782948836800642e-06 9.782948836800642e-06 9.786536793399137e-06	1.000000000000000e+00	12	0	55
56	 1.674665415272746e+03  2.994169273783260e+02 -1.486904658809645e+03	2.881889522541314e-04 2.879463427234441e-04 2.881889522541314e-04	1.000000000000000e+00	12	0	56
57	 1.103553222033265e+03  8.506572499901692e+02 -1.472600233228886e+03	-1.220986712723970e-03 -1.247919397428632e-03 -1.247919397428632e-03	1.000000000000000e+00	12	0	57
58	-9.759883101588819e+02  1.711622520670509e+02  8.980028676516778e+01	-2.181353338528425e-04  2.184938348364085e-04 -2.181353338528425e-04	1.000000000000000e+00	24	0	58
59	-5.439618438302959e+02  3.869225706107177e+02 -1.259603382597248e+02	-7.904305675765499e-05  7.904305675765499e-05 -7.918585470179096e-05	1.000000000000000e+00	24	0	59
60	-7.599898607242412e+02 -4.483660690574049e+01 -3.419880734513089e+02	-1.693204103503376e-04  1.689796918071806e-04 -1.689796918071806e-04	1.000000000000000e+00	24	0	60
61	 8.643371469354253e+01  3.869394967269541e+02 -7.737641770840036e+02	-4.488083999603987e-03  4.438709467649460e-03 -4.438709467649460e-03	1.000000000000000e+00	24	0	61
62	 1.173022679354321e+03  5.786578449308513e+02 -1.651374837521329e+03	-1.876573369372636e-04  1.867134124040604e-04 -1.876573369372636e-04	1.000000000000000e+00	24	0	62
63	 7.401160199932917e+02  3.637776946972731e+02 -1.436494180428305e+03	-1.005745609290898e-03  1.005745609290898e-03 -1.005236990749836e-03	1.000000000000000e+00	24	0	63
64	 9.580407698170588e+02  7.936463205134751e+02 -1.218576118637040e+03	 6.520176539197564e-04 -6.414944655261934e-04  6.414944655261934e-04	1.000000000000000e+00	24	0	64
65	 1.110181752903416e+02  3.623607070404078e+02 -7.872905051639725e+02	 4.439025651663542e-03 -4.481323063373566e-03  4.481323063373566e-03	1.000000000000000e+00	24	0	65
66	1.670645107675552e+03 2.022791655755944e+02 1.025869248036927e+03	 7.002757047303021e-05 -7.002757047303021e-05 -7.016024028416723e-05	1.000000000000000e+00	0	0	66
67	1.469846925352622e+03 1.025668298631787e+02 9.261566917843254e+02	-3.170581767335534e-04  3.175633319187909e-04  3.170581767335534e-04	1.000000000000000e+00	0	0	67
68	 9.984868254309636e+02 -6.428387494911181e+02  1.200063309762168e+03	-3.432663797866553e-04  3.439190622884780e-04  3.439190622884780e-04	1.000000000000000e+00	0	0	68
69	-9.717191068752071e+01 -1.341584960133027e+03  8.018279195103769e+02	 9.239085920853540e-05 -9.239085920853540e-05 -9.238234633812681e-05	1.000000000000000e+00	0	0	69
70	 3.145309579231622e+00 -1.141391452376628e+03  7.015106068766586e+02	 2.138250711141154e-04 -2.139687130693346e-04 -2.139687130693346e-04	1.000000000000000e+00	0	0	70
71	 1.031389339828002e+02 -1.541895804803348e+03  1.202538735041611e+03	 6.962314364500344e-05 -6.962314364500344e-05 -6.956357538001612e-05	1.000000000000000e+00	0	0	71
72	 3.033077909230472e+02 -1.441553895967751e+03  1.302880657962492e+03	-7.463715155608952e-05  7.455469312844798e-05  7.463715155608952e-05	1.000000000000000e+00	0	0	72
73	 7.754092379646745e+02 -6.968911532825573e+02  1.028231451056045e+03	 5.735503509640694e-04 -5.764187662862241e-04 -5.764187662862241e-04	1.000000000000000e+00	0	0	73
74	1.870891540852561e+03 2.032732398585557e+00 1.426644524083603e+03	-1.016155420074938e-05  1.016155420074938e-05  1.016593614622252e-05	1.000000000000000e+00	0	0	74
75	 1.770827196172604e+03 -1.984137061841029e+02  1.526708898154500e+03	 8.109604823403060e-05 -8.104111475404352e-05 -8.104111475404352e-05	1.000000000000000e+00	0	0	75
76	-1.274702413579614e+02 -6.338412722150712e+01  6.773560338923772e+02	1.006788152153604e-04 1.010633422993124e-04 1.006788152153604e-04	1.000000000000000e+00	12	0	76
77	1.558501527722644e+01 3.481387703304510e+02 1.215281294197999e+02	-2.455014619044960e-04 -2.455014619044960e-04 -2.466049336362630e-04	1.000000000000000e+00	12	0	77
78	 5.153751450020524e+01 -4.213121285123395e+02  8.563637897505439e+02	1.312408712692559e-04 1.316230191150680e-04 1.312408712692559e-04	1.000000000000000e+00	12	0	78
79	 3.360945186671872e+02 -6.979403327427990e+02  8.482036881470192e+02	6.919713632669300e-05 6.832778308307752e-05 6.832778308307752e-05	1.000000000000000e+00	12	0	79
80	 7.268026346596587e+02 -8.926646512284034e+02  6.534793696614148e+02	4.082642553839833e-04 4.086209810338914e-04 4.086209810338914e-04	1.000000000000000e+00	12	0	80
81	 1.154389120119604e+03 -7.577949714364372e+02  8.946654151679402e+01	-1.832865564210806e-05 -1.832865564210806e-05 -1.834013892221265e-05	1.000000000000000e+00	12	0	81
82	 1.620428620897557e+03 -2.917554706584847e+02 -8.422589204643833e+02	8.048322342801839e-05 8.048322342801839e-05 8.053682540776208e-05	1.000000000000000e+00	12	0	82
83	 1.764014986979086e+03  1.202985775220353e+02 -1.397555087103306e+03	1.743752800393850e-04 1.740562147460878e-04 1.743752800393850e-04	1.000000000000000e+00	12	0	83
84	 1.585158111791256e+03  4.783776162381625e+02 -1.576411962291135e+03	2.754114684648812e-04 2.753569860942662e-04 2.754114684648812e-04	1.000000000000000e+00	12	0	84
85	 1.301095291921777e+03  7.554968992160198e+02 -1.567760584003035e+03	5.293322028592229e-04 5.206762580201030e-04 5.206762580201030e-04	1.000000000000000e+00	12	0	85
86	 4.818826182574060e+02  8.144363733106305e+02 -8.099382199191048e+02	6.430628127418458e-05 6.430628127418458e-05 6.499910523416474e-05	1.000000000000000e+00	12	0	86
87	 9.117551858308755e+02  9.515759131089894e+02 -1.371681570110065e+03	1.529818517155945e-03 1.502676284871995e-03 1.502676284871995e-03	1.000000000000000e+00	12	0	87
88	-8.678286656510948e+02  3.868959982605031e+02  1.979599312729549e+02	-5.609023719443940e-05  5.626688653137535e-05 -5.609023719443940e-05	1.000000000000000e+00	24	0	88
89	-6.521322373772132e+02  4.950929641576349e+02  8.976287274604684e+01	-2.515677770134062e-04  2.515677770134062e-04 -2.515432133805007e-04	1.000000000000000e+00	24	0	89
90	-1.084015818606269e+03 -4.470406716787198e+01 -1.822722168221914e+01	-2.722076314967126e-04  2.720274205785245e-04 -2.722076314967126e-04	1.000000000000000e+00	24	0	90
91	-9.758035716255844e+02 -1.529162345331690e+02 -2.339084458238805e+02	-7.049411215120926e-05  7.044181256787851e-05 -7.044181256787851e-05	1.000000000000000e+00	24	0	91
92	 2.959108012544278e+02  4.927410160225826e+02 -8.795656963796320e+02	-4.565312527120113e-03  4.555497784167528e-03 -4.555497784167528e-03	1.000000000000000e+00	24	0	92
93	 1.064778299604447e+03  3.630097413733673e+02 -1.759619217271204e+03	-3.606836835388094e-04  3.620042989496142e-04 -3.606836835388094e-04	1.000000000000000e+00	24	0	93
94	 8.481547027872447e+02  2.557390119033202e+02 -1.652351228367672e+03	-9.434127132408321e-04  9.434127132408321e-04 -9.466276969760656e-04	1.000000000000000e+00	24	0	94
95	 1.279672120347985e+03  7.958908067365517e+02 -1.544725396527665e+03	-1.479482743889093e-03  1.457607257179916e-03 -1.479482743889093e-03	1.000000000000000e+00	24	0	95
96	 1.172513863696765e+03  9.030601821080559e+02 -1.327989980231620e+03	-5.546495085582137e-04  5.542804719880223e-04 -5.542804719880223e-04	1.000000000000000e+00	24	0	96
97	-9.991203771414726e+01  2.580492839473139e+02 -6.829790820708786e+02	 5.619330331683159e-03 -5.697545595467091e-03  5.697545595467091e-03	1.000000000000000e+00	24	0	97
98	-4.354687456530326e+02  2.784294724334544e+02 -3.413626126660248e+02	 3.602950600907207e-04 -3.602950600907207e-04  3.552936832420528e-04	1.000000000000000e+00	24	0	98
99	-5.442248463070321e+02  6.329144850936265e+01 -4.501161288664121e+02	-3.333825443405658e-04  3.310952160973102e-04 -3.310952160973102e-04	1.000000000000000e+00	24	0	99
100	-1.229184679723199e+02  2.810084529708141e+02 -6.678331333278635e+02	-5.792919080704451e-03  5.583300720900297e-03 -5.583300720900297e-03	1.000000000000000e+00	24	0	100
101	 7.352606201827538e+02 -7.745206941836741e+02  1.068381365069612e+03	-3.054085245821625e-04  3.048352373298258e-04  3.048352373298258e-04	1.000000000000000e+00	0	0	101
102	 4.036364622950794e+02 -9.408607279574719e+02  9.020413312958142e+02	 5.684785719495267e-05 -5.657964720739983e-05 -5.657964720739983e-05	1.000000000000000e+00	0	0	102
103	 5.033888880849956e+02 -1.040613279441269e+03  1.102799560800544e+03	-2.899650135077536e-04  2.900183899328113e-04  2.899650135077536e-04	1.000000000000000e+00	0	0	103
104	 6.323020528206665e+02  4.715916618698982e+02 -1.220405195563674e+03	-8.892263867892325e-04  8.892263867892325e-04 -8.705935324542224e-04	1.000000000000000e+00	24	0	104
105	 7.416334144480400e+02  6.861563178658023e+02 -1.111086115989367e+03	 3.150136035401374e-04 -3.093089035246521e-04  3.093089035246521e-04	1.000000000000000e+00	24	0	105
106	 3.218141191922008e+02  4.669433244311289e+02 -8.918731225546936e+02	 4.616218619048595e-03 -4.459774587303400e-03  4.459774587303400e-03	1.000000000000000e+00	24	0	106
107	 1.269623981074446e+03 -2.982324976001029e+02  1.126379636062501e+03	-2.196445129811764e-04  2.190529339713976e-04  2.196445129811764e-04	1.000000000000000e+00	0	0	107
108	 1.038452119656613e+03 -5.650239679703407e+02  1.160098636368262e+03	 3.774728684220463e-04 -3.756110963877290e-04 -3.756110963877290e-04	1.000000000000000e+00	0	0	108
109	 1.370217691839319e+03 -3.988259189564967e+02  1.326296685382106e+03	 1.429927215212956e-04 -1.430865522706881e-04 -1.430865522706881e-04	1.000000000000000e+00	0	0	109
110	-1.012483752226726e+02  2.313053798305519e+02  3.541367408224881e+02	-5.359775968827307e-04 -5.359775968827307e-04 -5.358197377063334e-04	1.000000000000000e+00	12	0	110
111	 1.037846740021449e+03 -8.743373515345925e+02  3.223654758253501e+02	-6.866332842037082e-05 -6.866332842037082e-05 -6.856868276372552e-05	1.000000000000000e+00	12	0	111
112	 1.736959719397313e+03 -1.752243721587278e+02 -1.075169081601075e+03	1.221104612341151e-04 1.221104612341151e-04 1.221481943503022e-04	1.000000000000000e+00	12	0	112
113	 5.991651937291164e+02  9.317189487823408e+02 -1.042092765096161e+03	7.380900206044316e-04 7.380900206044316e-04 7.456173188984394e-04	1.000000000000000e+00	12	0	113
114	 1.323991539731821e+02  4.649529090264067e+02 -1.110983258963858e+02	2.726058301050216e-05 2.726058301050216e-05 2.724327168834861e-05	1.000000000000000e+00	12	0	114
115	 3.653298004541090e+02  6.978835555073335e+02 -5.770501782383824e+02	-2.968861190311145e-05 -2.968861190311145e-05 -2.969693196064327e-05	1.000000000000000e+00	12	0	115
116	 1.270887072175823e+03 -6.412970193802182e+02 -1.434767503115710e+02	-3.314150262667681e-06 -3.314150262667681e-06 -3.314898094686214e-06	1.000000000000000e+00	12	0	116
117	 1.503894945746794e+03 -4.082891458092470e+02 -6.093513644522096e+02	3.640867726062424e-05 3.640867726062424e-05 3.643029413069598e-05	1.000000000000000e+00	12	0	117
0	-5.773502691896258e-01  5.773502691896258e-01  5.773502691896258e-01	-7.071067811865476e-01  3.124842898819631e-18 -7.071067811865476e-01	 1.198001808568474e+03 -5.294203851356715e-15  1.198001808568474e+03	1	0	0.000000000000000e+00	0.000000000000000e+00	0.000000000000000e+00
1	-5.773502691896258e-01  5.773502691896258e-01  5.773502691896258e-01	 0.000000000000000e+00  7.071067811865476e-01 -7.071067811865476e-01	 0.000000000000000e+00 -9.214510296266430e+02  9.214510296266430e+02	1	0	0.000000000000000e+00	0.000000000000000e+00	0.000000000000000e+00
2	-5.773502691896258e-01  5.773502691896258e-01  5.773502691896258e-01	 7.071067811865476e-01  7.071067811865476e-01 -3.124842898819631e-18	-7.193784354102739e+02 -7.193784354102739e+02  3.179073734356852e-15	1	0	0.000000000000000e+00	0.000000000000000e+00	0.000000000000000e+00
3	-5.773502691896258e-01  5.773502691896258e-01  5.773502691896258e-01	 7.071067811865476e-01 -3.124842898819631e-18  7.071067811865476e-01	 8.030942244427697e+02 -3.549030148066116e-15  8.030942244427697e+02	1	0	0.000000000000000e+00	0.000000000000000e+00	0.000000000000000e+00
4	-5.773502691896258e-01  5.773502691896258e-01  5.773502691896258e-01	 0.000000000000000e+00  7.071067811865476e-01 -7.071067811865476e-01	 0.000000000000000e+00 -8.625613021693013e+02  8.625613021693013e+02	1	0	0.000000000000000e+00	0.000000000000000e+00	0.000000000000000e+00
5	-5.773502691896258e-01  5.773502691896258e-01  5.773502691896258e-01	-7.071067811865476e-01 -7.071067811865476e-01  3.124842898819631e-18	 9.364621366255734e+02  9.364621366255734e+02 -4.138408986458117e-15	1	0	0.000000000000000e+00	0.000000000000000e+00	0.000000000000000e+00
6	 5.773502691896258e-01 -5.773502691896258e-01 -5.773502691896258e-01	0.000000000000000e+00 0.000000000000000e+00 0.000000000000000e+00	1.570392732195782e+03 3.025315410553647e+02 8.256108849411653e+02	1	1	0.000000000000000e+00	0.000000000000000e+00	0.000000000000000e+00
7	-5.773502691896258e-01 -5.773502691896258e-01 -5.773502691896258e-01	-7.071067811865476e-01  0.000000000000000e+00  7.071067811865476e-01	-4.024131376251693e+02  0.000000000000000e+00  4.024131376251693e+02	1	0	0.000000000000000e+00	0.000000000000000e+00	0.000000000000000e+00
8	-5.773502691896258e-01 -5.773502691896258e-01 -5.773502691896258e-01	 0.000000000000000e+00 -7.071067811865476e-01  7.071067811865476e-01	 0.000000000000000e+00 -7.730720104449091e+02  7.730720104449091e+02	1	0	0.000000000000000e+00	0.000000000000000e+00	0.000000000000000e+00
9	-5.773502691896258e-01 -5.773502691896258e-01 -5.773502691896258e-01	 7.071067811865476e-01 -7.071067811865476e-01  0.000000000000000e+00	 9.560920457780206e+02 -9.560920457780206e+02  0.000000000000000e+00	1	0	0.000000000000000e+00	0.000000000000000e+00	0.000000000000000e+00
10	-5.773502691896258e-01 -5.773502691896258e-01 -5.773502691896258e-01	 7.071067811865476e-01  0.000000000000000e+00 -7.071067811865476e-01	 1.580785037041196e+03  0.000000000000000e+00 -1.580785037041196e+03	1	0	0.000000000000000e+00	0.000000000000000e+00	0.000000000000000e+00
11	-5.773502691896258e-01 -5.773502691896258e-01 -5.773502691896258e-01	 0.000000000000000e+00  7.071067811865476e-01 -7.071067811865476e-01	 0.000000000000000e+00  1.161628741609527e+03 -1.161628741609527e+03	1	0	0.000000000000000e+00	0.000000000000000e+00	0.000000000000000e+00
12	-5.773502691896258e-01 -5.773502691896258e-01 -5.773502691896258e-01	-7.071067811865476e-01  7.071067811865476e-01  0.000000000000000e+00	-1.662768775266123e+02  1.662768775266123e+02  0.000000000000000e+00	1	0	0.000000000000000e+00	0.000000000000000e+00	0.000000000000000e+00
13	5.773502691896258e-01 5.773502691896258e-01 5.773502691896258e-01	0.000000000000000e+00 0.000000000000000e+00 0.000000000000000e+00	-2.170837012152994e+02  1.154700538379251e+02  5.877425740350395e+02	1	1	0.000000000000000e+00	0.000000000000000e+00	0.000000000000000e+00
14	-5.773502691896258e-01  5.773502691896258e-01 -5.773502691896258e-01	 7.071067811865476e-01  0.000000000000000e+00 -7.071067811865476e-01	-5.328942984620248e+02  0.000000000000000e+00  5.328942984620248e+02	1	0	0.000000000000000e+00	0.000000000000000e+00	0.000000000000000e+00
15	-5.773502691896258e-01  5.773502691896258e-01 -5.773502691896258e-01	-3.124842898819631e-18  7.071067811865476e-01  7.071067811865476e-01	 8.547268868455420e-16 -1.934123401785247e+02 -1.934123401785247e+02	1	0	0.000000000000000e+00	0.000000000000000e+00	0.000000000000000e+00
16	-5.773502691896258e-01  5.773502691896258e-01 -5.773502691896258e-01	 7.071067811865476e-01  7.071067811865476e-01 -3.124842898819631e-18	 5.519468573452824e+02  5.519468573452824e+02 -2.439160906938323e-15	1	0	0.000000000000000e+00	0.000000000000000e+00	0.000000000000000e+00
17	-5.773502691896258e-01  5.773502691896258e-01 -5.773502691896258e-01	-7.071067811865476e-01  0.000000000000000e+00  7.071067811865476e-01	 1.412198758437825e+03  0.000000000000000e+00 -1.412198758437825e+03	1	0	0.000000000000000e+00	0.000000000000000e+00	0.000000000000000e+00
18	-5.773502691896258e-01  5.773502691896258e-01 -5.773502691896258e-01	-3.124842898819631e-18  7.071067811865476e-01  7.071067811865476e-01	 9.389238637586849e-16 -2.124648990617823e+02 -2.124648990617823e+02	1	0	0.000000000000000e+00	0.000000000000000e+00	0.000000000000000e+00
19	-5.773502691896258e-01  5.773502691896258e-01 -5.773502691896258e-01	-7.071067811865476e-01 -7.071067811865476e-01  3.124842898819631e-18	-7.851963660978913e+01 -7.851963660978913e+01  3.469936018238618e-16	1	0	0.000000000000000e+00	0.000000000000000e+00	0.000000000000000e+00
20	 5.773502691896258e-01 -5.773502691896258e-01  5.773502691896258e-01	0.000000000000000e+00 0.000000000000000e+00 0.000000000000000e+00	-7.597929542535472e+02  6.027536810339691e+02  3.059956426705008e+02	1	1	0.000000000000000e+00	0.000000000000000e+00	0.000000000000000e+00
0	0	1	0
6	0	1	0
5	5	0	0
6	5	0	0
0	6	0	0
5	0	6	0
1	1	2	0
6	1	2	0
0	1	7	0
1	7	1	0
2	2	3	0
6	2	3	0
1	2	8	0
2	8	2	0
3	3	4	0
6	3	4	0
2	3	9	0
3	9	3	0
4	4	5	0
6	4	5	0
3	4	10	0
4	10	4	0
4	5	11	0
5	11	5	0
5	6	66	0
0	67	6	0
0	7	42	0
1	68	7	0
2	69	8	0
1	8	70	0
2	9	71	0
3	72	9	0
3	10	38	0
4	73	10	0
5	74	11	0
4	11	75	0
7	12	13	0
13	12	13	0
12	17	12	0
13	17	12	0
7	18	12	0
12	12	18	0
8	13	14	0
13	13	14	0
7	13	19	0
8	19	13	0
9	14	15	0
13	14	15	0
8	14	20	0
9	20	14	0
10	15	16	0
13	15	16	0
9	15	21	0
10	21	15	0
11	16	17	0
13	16	17	0
10	16	22	0
11	22	16	0
11	17	23	0
12	23	17	0
7	76	18	0
12	18	110	0
7	19	78	0
8	79	19	0
8	20	80	0
9	111	20	0
10	83	21	0
9	21	112	0
10	22	84	0
11	85	22	0
11	23	87	0
12	113	23	0
14	24	25	0
20	24	25	0
19	29	24	0
20	29	24	0
14	30	24	0
19	24	30	0
15	25	26	0
20	25	26	0
14	25	31	0
15	31	25	0
16	26	27	0
20	26	27	0
15	26	32	0
16	32	26	0
17	27	28	0
20	27	28	0
16	27	33	0
17	33	27	0
18	28	29	0
20	28	29	0
17	28	34	0
18	34	28	0
18	29	35	0
19	35	29	0
14	88	30	0
19	30	89	0
14	31	90	0
15	91	31	0
16	40	32	0
15	32	92	0
17	93	33	0
16	33	94	0
17	34	95	0
18	96	34	0
19	36	35	0
18	35	97	0
19	98	36	0
15	36	99	0
15	100	36	0
1	38	101	0
1	102	38	0
3	38	103	0
16	104	40	0
18	40	105	0
18	106	40	0
0	42	107	0
4	42	108	0
4	109	42	0
5	66	44	0
5	44	74	0
0	45	67	0
0	107	45	0
1	46	68	0
1	101	46	0
2	47	69	0
2	71	47	0
1	70	48	0
1	48	102	0
3	49	72	0
3	103	49	0
4	50	73	0
4	108	50	0
4	75	51	0
4	51	109	0
7	52	76	0
7	78	52	0
12	114	53	0
12	53	115	0
8	54	79	0
8	80	54	0
9	55	116	0
9	117	55	0
10	56	83	0
10	84	56	0
11	57	85	0
11	87	57	0
14	58	88	0
14	90	58	0
19	89	59	0
19	59	98	0
15	60	91	0
15	99	60	0
15	92	61	0
15	61	100	0
17	62	93	0
17	95	62	0
16	94	63	0
16	63	104	0
18	64	96	0
18	105	64	0
18	97	65	0
18	65	106	0
12	110	77	0
12	77	114	0
9	81	111	0
9	116	81	0
9	112	82	0
9	82	117	0
12	86	113	0
12	115	86	0
