114
21
172
0	1.570392732195782e+03 3.025315410553647e+02 8.256108849411653e+02	0.000000000000000e+00 0.000000000000000e+00 0.000000000000000e+00	1.000000000000000e+00	0	0	0
1	 1.130451827073287e+03 -5.773502691896260e+02  1.265551790063660e+03	0.000000000000000e+00 0.000000000000000e+00 0.000000000000000e+00	1.000000000000000e+00	0	0	1
2	-1.974537920628516e+02 -1.241303078757696e+03  6.015989804955904e+02	0.000000000000000e+00 0.000000000000000e+00 0.000000000000000e+00	1.000000000000000e+00	0	0	2
3	 2.032272947547480e+02 -1.641984165575296e+03  1.402961154130791e+03	0.000000000000000e+00 0.000000000000000e+00 0.000000000000000e+00	1.000000000000000e+00	0	0	3
4	 6.431681998772439e+02 -7.621023553303065e+02  9.630202490082960e+02	0.000000000000000e+00 0.000000000000000e+00 0.000000000000000e+00	1.000000000000000e+00	0	0	4
5	 1.971073819013383e+03 -9.814954576223676e+01  1.626973058576365e+03	0.000000000000000e+00 0.000000000000000e+00 0.000000000000000e+00	1.000000000000000e+00	0	0	5
6	1.569629139566910e+03 3.032951336842368e+02 8.263744775700374e+02	-1.226152089657262e-04  1.292323577217758e-04  1.191381015814841e-04	1.000000000000000e+00	0	0	6
7	 1.126913391170523e+03 -5.738118332868618e+02  1.269090225966424e+03	-1.209096439803640e-03  1.209096439803640e-03  1.209096439803640e-03	1.000000000000000e+00	0	0	7
8	-1.967202824639845e+02 -1.242036588356563e+03  6.008654708967233e+02	 1.084603136405349e-04 -1.095488696591929e-04 -1.095566549338400e-04	1.000000000000000e+00	0	0	8
9	 2.032371341279442e+02 -1.641994004948492e+03  1.402951314757595e+03	 7.288582310138736e-06 -7.770772754156496e-06 -6.768306775484234e-06	1.000000000000000e+00	0	0	9
10	 6.460593854108993e+02 -7.649935408639619e+02  9.601290634746405e+02	 1.130328630097210e-03 -1.130328630097210e-03 -1.130328630097210e-03	1.000000000000000e+00	0	0	10
11	 1.971269913865872e+03 -9.834564061472520e+01  1.626776963723877e+03	 3.754429053515196e-05 -3.706026109284721e-05 -3.689599543577060e-05	1.000000000000000e+00	0	0	11
12	-2.170837012152994e+02  1.154700538379251e+02  5.877425740350395e+02	0.000000000000000e+00 0.000000000000000e+00 0.000000000000000e+00	1.000000000000000e+00	12	0	12
13	 1.408734656822689e+02 -6.004442799572098e+02  9.456997409326077e+02	0.000000000000000e+00 0.000000000000000e+00 0.000000000000000e+00	1.000000000000000e+00	12	0	13
14	 9.214510296266424e+02 -9.907330619293978e+02  5.554109589604201e+02	0.000000000000000e+00 0.000000000000000e+00 0.000000000000000e+00	1.000000000000000e+00	12	0	14
15	 1.853294364098699e+03 -5.888972745734176e+01 -1.308275709983692e+03	0.000000000000000e+00 0.000000000000000e+00 0.000000000000000e+00	1.000000000000000e+00	12	0	15
16	 1.495337197201131e+03  6.570246063377946e+02 -1.666232876881260e+03	0.000000000000000e+00 0.000000000000000e+00 0.000000000000000e+00	1.000000000000000e+00	12	0	16
17	 7.147596332567570e+02  1.047313388309982e+03 -1.275944094909073e+03	0.000000000000000e+00 0.000000000000000e+00 0.000000000000000e+00	1.000000000000000e+00	12	0	17
18	-2.186993931573940e+02  1.138543618958305e+02  5.861268820929449e+02	-2.348339379144212e-04 -2.348339379144212e-04 -2.348339379144212e-04	1.000000000000000e+00	12	0	18
19	 1.431936605191700e+02 -5.981240851203088e+02  9.480199357695087e+02	3.324545590051760e-04 3.324545590051760e-04 3.324545590051760e-04	1.000000000000000e+00	12	0	19
20	 9.220139009415932e+02 -9.901701906144469e+02  5.559738302753709e+02	1.060104186763056e-04 1.001035270746797e-04 1.012057400657795e-04	1.000000000000000e+00	12	0	20
21	 1.854101935615028e+03 -5.808215594101333e+01 -1.307468138467364e+03	1.200177648570389e-04 1.197757665067911e-04 1.200213519041426e-04	1.000000000000000e+00	12	0	21
22	 1.497553585143042e+03  6.592409942797055e+02 -1.664016488939349e+03	3.386898509537180e-04 3.386898509537180e-04 3.386898509537180e-04	1.000000000000000e+00	12	0	22
23	 7.237162203372010e+02  1.056269975390426e+03 -1.266987507828629e+03	1.300745760090649e-03 1.300745760090649e-03 1.300745760090649e-03	1.000000000000000e+00	12	0	23
24	-7.597929542535472e+02  6.027536810339691e+02  3.059956426705008e+02	0.000000000000000e+00 0.000000000000000e+00 0.000000000000000e+00	1.000000000000000e+00	24	0	24
25	-1.191650955607388e+03 -2.609623216737101e+02 -1.258623586833382e+02	0.000000000000000e+00 0.000000000000000e+00 0.000000000000000e+00	1.000000000000000e+00	24	0	25
26	 5.126870390403868e+02  5.912066756501777e+02 -9.780313560072266e+02	0.000000000000000e+00 0.000000000000000e+00 0.000000000000000e+00	1.000000000000000e+00	24	0	26
27	 9.572467463163994e+02  1.466469683741651e+02 -1.867150770559250e+03	0.000000000000000e+00 0.000000000000000e+00 0.000000000000000e+00	1.000000000000000e+00	24	0	27
28	 1.389104747670240e+03  1.010362971081845e+03 -1.435292769205410e+03	0.000000000000000e+00 0.000000000000000e+00 0.000000000000000e+00	1.000000000000000e+00	24	0	28
29	-3.152332469775362e+02  1.581939737579582e+02 -5.831237718815206e+02	0.000000000000000e+00 0.000000000000000e+00 0.000000000000000e+00	1.000000000000000e+00	24	0	29
30	-7.602848261173774e+02  6.032455528977993e+02  3.055037708066706e+02	-7.429481775034219e-05  7.453089347109199e-05 -7.155720231821761e-05	1.000000000000000e+00	24	0	30
31	-1.192625759610278e+03 -2.599875176708196e+02 -1.268371626862287e+02	-1.501937804277986e-04  1.480957289459184e-04 -1.500168873462826e-04	1.000000000000000e+00	24	0	31
32	 5.015216931868415e+02  6.023720215037230e+02 -9.891967018607719e+02	-1.560375967528671e-04  1.560375967528670e-04 -1.560375967528672e-04	1.000000000000000e+00	24	0	32
33	 9.533940462341551e+02  1.504996684564093e+02 -1.871003470641494e+03	-5.952620219128827e-04  5.952620219128827e-04 -5.952620219128827e-04	1.000000000000000e+00	24	0	33
34	 1.381772421232369e+03  1.017695297519716e+03 -1.442625095643280e+03	-1.130837675494452e-03  1.130837675494452e-03 -1.130837675494452e-03	1.000000000000000e+00	24	0	34
35	-3.047601769451061e+02  1.477209037255281e+02 -5.726507018490905e+02	 1.652236872663101e-04 -1.652236872663100e-04  1.652236872663101e-04	1.000000000000000e+00	24	0	35
36	-3.299616594345144e+02  1.729223862149364e+02 -5.597470665719841e+02	 6.040775042492896e-05 -6.580914487130940e-05  2.643118787091225e-04	1.000000000000000e+00	24	0	36
38	 6.022082122670636e+02 -8.389218226348103e+02  1.003980236618476e+03	-3.844126379893472e-04  3.844126379893472e-04  3.844126379893472e-04	1.000000000000000e+00	0	0	38
40	 5.278286371108508e+02  5.760650775797139e+02 -1.000994875703278e+03	-9.505765046924353e-05  9.513649274595082e-05 -1.954932376975194e-04	1.000000000000000e+00	24	0	40
42	 1.170463412790017e+03 -4.995823999916724e+02  1.225540204346930e+03	 2.480160765117034e-04 -2.480160765117034e-04 -2.480160765117034e-04	1.000000000000000e+00	0	0	42
44	1.770863448465834e+03 1.020608247853129e+02 1.226162131596252e+03	 2.194054650317412e-05 -2.194054650317412e-05 -2.183044307457749e-05	1.000000000000000e+00	0	0	44
45	 1.368131988732212e+03 -9.623402230964354e+01  1.027871628404736e+03	-3.092792758252472e-04  3.078177396673709e-04  3.092792758252472e-04	1.000000000000000e+00	0	0	45
46	 8.607934619784731e+02 -7.026150283527300e+02  1.140287030900556e+03	-2.022734610363841e-03  2.014233265072107e-03  2.014233265072107e-03	1.000000000000000e+00	0	0	46
47	 3.537265742885237e+00 -1.442294136563433e+03  1.001629834771041e+03	 9.884823521133512e-05 -9.884823521133512e-05 -9.877816046355292e-05	1.000000000000000e+00	0	0	47
48	 2.044808035708602e+02 -1.042212456665705e+03  8.006896025875810e+02	 1.735881669446826e-04 -1.725749461911619e-04 -1.725749461911619e-04	1.000000000000000e+00	0	0	48
49	 4.027182971711557e+02 -1.240458449773973e+03  1.203470151714384e+03	-1.270138163818046e-04  1.255604729522020e-04  1.270138163818046e-04	1.000000000000000e+00	0	0	49
50	 9.135080852262827e+02 -6.374608347615408e+02  1.087661769577062e+03	 2.135626273229718e-03 -2.099106321111321e-03 -2.099106321111321e-03	1.000000000000000e+00	0	0	50
51	 1.571164004453731e+03 -2.992599549591823e+02  1.425862649379420e+03	 1.372061087749898e-04 -1.366834912914783e-04 -1.366834912914783e-04	1.000000000000000e+00	0	0	51
52	-3.738931141914984e+01 -2.417704725416792e+02  7.674369638311888e+02	1.171133772004396e-04 1.174369026557542e-04 1.171133772004396e-04	1.000000000000000e+00	12	0	52
53	 2.489796791886642e+02  5.815334342418888e+02 -3.439588569007927e+02	1.034091565088602e-05 1.034091565088602e-05 1.040338156599319e-05	1.000000000000000e+00	12	0	53
54	 5.311770334641425e+02 -7.955521499265359e+02  7.505918709632823e+02	2.802217750286218e-05 3.430704600759782e-05 3.430704600759782e-05	1.000000000000000e+00	12	0	54
55	 1.387447055404421e+03 -5.247370361516205e+02 -3.763579377742081e+02	1.312069525738480e-05 1.312069525738480e-05 1.314645214733901e-05	1.000000000000000e+00	12	0	55
56	 1.676142951826933e+03  3.008904327760607e+02 -1.485427122255459e+03	2.565447939559817e-04 2.553325903136283e-04 2.565447939559817e-04	1.000000000000000e+00	12	0	56
57	 1.098392002036515e+03  8.451038092019905e+02 -1.478153674017064e+03	-7.152340840548277e-04 -8.302299538627267e-04 -8.302299538627267e-04	1.000000000000000e+00	12	0	57
58	-9.770943606932740e+02  1.722741545120963e+02  8.869423623077572e+01	-1.902773219626397e-04  1.920079230330884e-04 -1.902773219626397e-04	1.000000000000000e+00	24	0	58
59	-5.443324418424772e+02  3.872931686228990e+02 -1.263324011019591e+02	-5.733090802095830e-05  5.733090802095830e-05 -5.757361213909462e-05	1.000000000000000e+00	24	0	59
60	-7.610034650408397e+02 -4.383125001403403e+01 -3.429934303430154e+02	-2.014440688071772e-04  1.986145944101736e-04 -1.986145944101736e-04	1.000000000000000e+00	24	0	60
61	 8.434363096666735e+01  3.890106152219461e+02 -7.758352955789956e+02	 3.785376975429244e-05 -3.774729339056648e-05  3.774729339056648e-05	1.000000000000000e+00	24	0	61
62	 1.171345840597302e+03  5.802831331950661e+02 -1.653051676278349e+03	-4.026551614515483e-04  3.829955239780247e-04 -4.026551614515483e-04	1.000000000000000e+00	24	0	62
63	 7.345590914836782e+02  3.693346232068866e+02 -1.442044433675100e+03	-1.041931333020329e-03  1.041931333020329e-03 -1.040365546941757e-03	1.000000000000000e+00	24	0	63
64	 9.613049481431212e+02  7.905501978780048e+02 -1.215479996001570e+03	 5.530142807401717e-04 -5.040944670327008e-04  5.040944670327008e-04	1.000000000000000e+00	24	0	64
65	 1.135133629934978e+02  3.598521568765946e+02 -7.847819550001593e+02	 4.356086355983280e-05 -4.318103674449958e-05  4.318103674449958e-05	1.000000000000000e+00	24	0	65
66	1.671057057713316e+03 2.018672155378306e+02 1.025454164848684e+03	 8.134169183904305e-05 -8.134169183904305e-05 -8.248017547884956e-05	1.000000000000000e+00	0	0	66
67	1.468028391761947e+03 1.043957557448882e+02 9.279752253750000e+02	-3.531365073285997e-04  3.566754458006471e-04  3.531365073285997e-04	1.000000000000000e+00	0	0	67
68	 9.932745379525818e+02 -6.375365219059490e+02  1.205365537347337e+03	-1.810662797652185e-03  1.868573599494994e-03  1.868573599494994e-03	1.000000000000000e+00	0	0	68
69	-9.668500135533758e+01 -1.342071869465210e+03  8.013411212857118e+02	 8.737997995922342e-05 -8.737997995922342e-05 -8.735361188882962e-05	1.000000000000000e+00	0	0	69
70	 4.261759907058519e+00 -1.142510180963740e+03  7.003918782895457e+02	 1.969636359717697e-04 -1.976216590264812e-04 -1.976216590264812e-04	1.000000000000000e+00	0	0	70
71	 1.035488739918056e+02 -1.542305744812353e+03  1.202129963706100e+03	 8.172372326953337e-05 -8.172372326953337e-05 -8.133536175591871e-05	1.000000000000000e+00	0	0	71
72	 3.029104806004091e+02 -1.441158047107623e+03  1.303277968285130e+03	-7.157366053434089e-05  7.111843297025189e-05  7.157366053434089e-05	1.000000000000000e+00	0	0	72
73	 7.818093026974375e+02 -7.034593779689299e+02  1.021663226369673e+03	 1.983792288228869e-03 -2.076141070574522e-03 -2.076141070574522e-03	1.000000000000000e+00	0	0	73
74	1.870832173733450e+03 2.092099517697288e+00 1.426704020293731e+03	-1.208038884215057e-05  1.208038884215057e-05  1.213250652654096e-05	1.000000000000000e+00	0	0	74
75	 1.771343731716593e+03 -1.989289568175591e+02  1.526193647521043e+03	 1.100490335375071e-04 -1.095786792575382e-04 -1.095786792575382e-04	1.000000000000000e+00	0	0	75
76	-1.269733897654985e+02 -6.288096918216649e+01  6.778528854848402e+02	8.401914237765595e-05 8.591118239564821e-05 8.401914237765595e-05	1.000000000000000e+00	12	0	76
77	1.424122492278645e+01 3.467949799760110e+02 1.201652196348519e+02	-2.485353907104582e-04 -2.485353907104582e-04 -2.544140152167529e-04	1.000000000000000e+00	12	0	77
78	 5.232761634736548e+01 -4.205149973854475e+02  8.571538915977042e+02	1.577540242578834e-04 1.599721726961434e-04 1.577540242578834e-04	1.000000000000000e+00	12	0	78
79	 3.366115272222216e+02 -6.974389067948850e+02  8.487051140949332e+02	1.229860790772364e-04 1.181078623631038e-04 1.181078623631038e-04	1.000000000000000e+00	12	0	79
80	 7.288791869500408e+02 -8.905833430405738e+02  6.555606778492444e+02	3.549776738509536e-04 3.561180201359093e-04 3.561180201359093e-04	1.000000000000000e+00	12	0	80
81	 1.154297559113781e+03 -7.578865324422600e+02  8.937481117573614e+01	-1.510594665887766e-05 -1.510594665887766e-05 -1.515099847892998e-05	1.000000000000000e+00	12	0	81
82	 1.620870355745882e+03 -2.913137358101590e+02 -8.418162492297439e+02	8.138617704389617e-05 8.138617704389617e-05 8.167423220584169e-05	1.000000000000000e+00	12	0	82
83	 1.764931940624965e+03  1.212104185269039e+02 -1.396638133457427e+03	1.627516903681681e-04 1.612590567674488e-04 1.627516903681681e-04	1.000000000000000e+00	12	0	83
84	 1.586626881786316e+03  4.798447635288110e+02 -1.574943192296076e+03	2.658102603163570e-04 2.651857794262469e-04 2.658102603163570e-04	1.000000000000000e+00	12	0	84
85	 1.303731924229966e+03  7.579849928066456e+02 -1.565272490412409e+03	4.183994606137276e-04 3.661459195427597e-04 3.661459195427597e-04	1.000000000000000e+00	12	0	85
86	 4.822893883923182e+02  8.148431434455428e+02 -8.095166492975793e+02	8.985269232653081e-05 8.985269232653081e-05 9.481466258876026e-05	1.000000000000000e+00	12	0	86
87	 9.197528479461355e+02  9.591455145967070e+02 -1.364111968622348e+03	1.420855638571084e-03 1.296735368669033e-03 1.296735368669033e-03	1.000000000000000e+00	12	0	87
88	-8.680780162291096e+02  3.871483500267625e+02  1.977105806949401e+02	-3.684044349938631e-05  3.775948061957024e-05 -3.684044349938631e-05	1.000000000000000e+00	24	0	88
89	-6.534578552410098e+02  4.964185820214315e+02  8.843784256611971e+01	-2.368129062233493e-04  2.368129062233493e-04 -2.366016124142334e-04	1.000000000000000e+00	24	0	89
90	-1.085440903922215e+03 -4.328179676311498e+01 -1.965230699816558e+01	-2.528421173337847e-04  2.520313137210906e-04 -2.528421173337847e-04	1.000000000000000e+00	24	0	90
91	-9.762452625621453e+02 -1.524757932968470e+02 -2.343488870602024e+02	-9.197345934808254e-05  9.152611164608970e-05 -9.152611164608970e-05	1.000000000000000e+00	24	0	91
92	 2.929373718995161e+02  4.956915536771756e+02 -8.825162340342250e+02	-6.671188020845875e-05  6.521192699437961e-05 -6.521192699437961e-05	1.000000000000000e+00	24	0	92
93	 1.062815954262557e+03  3.649908467436979e+02 -1.761581562613093e+03	-3.632741572801024e-04  3.684351686388254e-04 -3.632741572801024e-04	1.000000000000000e+00	24	0	93
94	 8.429578954086327e+02  2.609358192819321e+02 -1.657607319154038e+03	-9.705828269943595e-04  9.705828269943595e-04 -9.895541006699204e-04	1.000000000000000e+00	24	0	94
95	 1.272445926102128e+03  8.028725991688077e+02 -1.551951590773522e+03	-1.134552992880344e-03  1.085283001884818e-03 -1.134552992880344e-03	1.000000000000000e+00	24	0	95
96	 1.169457871158131e+03  9.060958032714329e+02 -1.331025601394997e+03	-5.733036086894572e-04  5.645969649776816e-04 -5.645969649776816e-04	1.000000000000000e+00	24	0	96
97	-9.616183357371770e+01  2.542905834968826e+02 -6.792203816204474e+02	 8.460770914098248e-05 -8.137431723298505e-05  8.137431723298505e-05	1.000000000000000e+00	24	0	97
98	-4.334933888811018e+02  2.764541156615235e+02 -3.394559490252442e+02	 3.674180188681930e-04 -3.674180188681930e-04  3.515330026857555e-04	1.000000000000000e+00	24	0	98
99	-5.463271421102875e+02  6.537285012919034e+01 -4.521975304862398e+02	-4.005951632279903e-04  3.998585161752999e-04 -3.998585161752999e-04	1.000000000000000e+00	24	0	99
100	-1.260719765410086e+02  2.839358871771971e+02 -6.707605675342464e+02	 8.707902452442795e-05 -9.917667921399698e-05  9.917667921399698e-05	1.000000000000000e+00	24	0	100
101	 7.302339823862957e+02 -7.696199350108154e+02  1.073282124242471e+03	-1.814789371564984e-03  1.725437934510410e-03  1.725437934510410e-03	1.000000000000000e+00	0	0	101
102	 4.038980613061656e+02 -9.411177755532228e+02  9.017842837000633e+02	 3.090779500780627e-05 -2.966382271551993e-05 -2.966382271551993e-05	1.000000000000000e+00	0	0	102
103	 5.018517833032495e+02 -1.039076908340080e+03  1.104336665582290e+03	-2.757846668828279e-04  2.749910054262727e-04  2.757846668828279e-04	1.000000000000000e+00	0	0	103
104	 6.271619348954822e+02  4.767317797950826e+02 -1.225302765137741e+03	-1.004084013402462e-03  1.004084013402462e-03 -9.371561463922262e-04	1.000000000000000e+00	24	0	104
105	 7.438218010361063e+02  6.839955396826615e+02 -1.108925337806226e+03	 4.570990276988596e-04 -4.585401038639247e-04  4.585401038639247e-04	1.000000000000000e+00	24	0	105
106	 3.242343939102909e+02  4.647153284231088e+02 -8.896451265466735e+02	-6.477816350525245e-05  7.926893886178732e-05 -7.926893886178732e-05	1.000000000000000e+00	24	0	106
107	 1.268315388811798e+03 -2.969379725189566e+02  1.127688228325150e+03	-2.634922275319695e-04  2.581438457127661e-04  2.634922275319695e-04	1.000000000000000e+00	0	0	107
108	 1.043762301116549e+03 -5.701394059990159e+02  1.154983198339587e+03	 1.869340427219868e-03 -1.745295012369752e-03 -1.745295012369752e-03	1.000000000000000e+00	0	0	108
109	 1.371155248227073e+03 -3.997649938959046e+02  1.325357610442698e+03	 2.110171772073954e-04 -2.113272494170815e-04 -2.113272494170815e-04	1.000000000000000e+00	0	0	109
110	-1.040885555124296e+02  2.284651995407949e+02  3.512999025575385e+02	-5.104962037876248e-04 -5.104962037876248e-04 -5.093608633615077e-04	1.000000000000000e+00	12	0	110
111	 1.037525987618980e+03 -8.746581039370617e+02  3.220462928262527e+02	-4.814477142645046e-05 -4.814477142645046e-05 -4.768898361362517e-05	1.000000000000000e+00	12	0	111
112	 1.737617558821261e+03 -1.745665327347801e+02 -1.074510604918389e+03	1.195921649923548e-04 1.195921649923548e-04 1.197851452161558e-04	1.000000000000000e+00	12	0	112
113	 6.030866432272152e+02  9.356403982804396e+02 -1.038043956350587e+03	7.042255601845682e-04 7.042255601845682e-04 7.427275413647294e-04	1.000000000000000e+00	12	0	113
114	 1.324741121083114e+02  4.650278671615359e+02 -1.110242913437372e+02	3.922963514924049e-06 3.922963514924049e-06 3.552774160198169e-06	1.000000000000000e+00	12	0	114
115	 3.650588403744902e+02  6.976125954277147e+02 -5.773215811145517e+02	-4.614223144017160e-05 -4.614223144017160e-05 -4.629417890100740e-05	1.000000000000000e+00	12	0	115
116	 1.270877373988734e+03 -6.413067175673073e+02 -1.434864552266952e+02	-7.150351848395076e-07 -7.150351848395076e-07 -7.161132202782028e-07	1.000000000000000e+00	12	0	116
117	 1.504103837408523e+03 -4.080802541475184e+02 -6.091420719945705e+02	3.961749462177977e-05 3.961749462177977e-05 3.974405262852088e-05	1.000000000000000e+00	12	0	117
0	-5.773502691896258e-01  5.773502691896258e-01  5.773502691896258e-01	-7.071067811865476e-01  3.124842898819631e-18 -7.071067811865476e-01	 1.198001808568474e+03 -5.294203851356715e-15  1.198001808568474e+03	1	0	0.000000000000000e+00	0.000000000000000e+00	0.000000000000000e+00
1	-5.773502691896258e-01  5.773502691896258e-01  5.773502691896258e-01	 0.000000000000000e+00  7.071067811865476e-01 -7.071067811865476e-01	 0.000000000000000e+00 -9.214510296266430e+02  9.214510296266430e+02	1	0	0.000000000000000e+00	0.000000000000000e+00	0.000000000000000e+00
2	-5.773502691896258e-01  5.773502691896258e-01  5.773502691896258e-01	 7.071067811865476e-01  7.071067811865476e-01 -3.124842898819631e-18	-7.193784354102739e+02 -7.193784354102739e+02  3.179073734356852e-15	1	0	0.000000000000000e+00	0.000000000000000e+00	0.000000000000000e+00
3	-5.773502691896258e-01  5.773502691896258e-01  5.773502691896258e-01	 7.071067811865476e-01 -3.124842898819631e-18  7.071067811865476e-01	 8.030942244427697e+02 -3.549030148066116e-15  8.030942244427697e+02	1	0	0.000000000000000e+00	0.000000000000000e+00	0.000000000000000e+00
4	-5.773502691896258e-01  5.773502691896258e-01  5.773502691896258e-01	 0.000000000000000e+00  7.071067811865476e-01 -7.071067811865476e-01	 0.000000000000000e+00 -8.625613021693013e+02  8.625613021693013e+02	1	0	0.000000000000000e+00	0.000000000000000e+00	0.000000000000000e+00
5	-5.773502691896258e-01  5.773502691896258e-01  5.773502691896258e-01	-7.071067811865476e-01 -7.071067811865476e-01  3.124842898819631e-18	 9.364621366255734e+02  9.364621366255734e+02 -4.138408986458117e-15	1	0	0.000000000000000e+00	0.000000000000000e+00	0.000000000000000e+00
6	 5.773502691896258e-01 -5.773502691896258e-01 -5.773502691896258e-01	0.000000000000000e+00 0.000000000000000e+00 0.000000000000000e+00	1.570392732195782e+03 3.025315410553647e+02 8.256108849411653e+02	1	1	0.000000000000000e+00	0.000000000000000e+00	0.000000000000000e+00
7	-5.773502691896258e-01 -5.773502691896258e-01 -5.773502691896258e-01	-7.071067811865476e-01  0.000000000000000e+00  7.071067811865476e-01	-4.024131376251693e+02  0.000000000000000e+00  4.024131376251693e+02	1	0	0.000000000000000e+00	0.000000000000000e+00	0.000000000000000e+00
8	-5.773502691896258e-01 -5.773502691896258e-01 -5.773502691896258e-01	 0.000000000000000e+00 -7.071067811865476e-01  7.071067811865476e-01	 0.000000000000000e+00 -7.730720104449091e+02  7.730720104449091e+02	1	0	0.000000000000000e+00	0.000000000000000e+00	0.000000000000000e+00
9	-5.773502691896258e-01 -5.773502691896258e-01 -5.773502691896258e-01	 7.071067811865476e-01 -7.071067811865476e-01  0.000000000000000e+00	 9.560920457780206e+02 -9.560920457780206e+02  0.000000000000000e+00	1	0	0.000000000000000e+00	0.000000000000000e+00	0.000000000000000e+00
10	-5.773502691896258e-01 -5.773502691896258e-01 -5.773502691896258e-01	 7.071067811865476e-01  0.000000000000000e+00 -7.071067811865476e-01	 1.580785037041196e+03  0.000000000000000e+00 -1.580785037041196e+03	1	0	0.000000000000000e+00	0.000000000000000e+00	0.000000000000000e+00
11	-5.773502691896258e-01 -5.773502691896258e-01 -5.773502691896258e-01	 0.000000000000000e+00  7.071067811865476e-01 -7.071067811865476e-01	 0.000000000000000e+00  1.161628741609527e+03 -1.161628741609527e+03	1	0	0.000000000000000e+00	0.000000000000000e+00	0.000000000000000e+00
12	-5.773502691896258e-01 -5.773502691896258e-01 -5.773502691896258e-01	-7.071067811865476e-01  7.071067811865476e-01  0.000000000000000e+00	-1.662768775266123e+02  1.662768775266123e+02  0.000000000000000e+00	1	0	0.000000000000000e+00	0.000000000000000e+00	0.000000000000000e+00
13	5.773502691896258e-01 5.773502691896258e-01 5.773502691896258e-01	0.000000000000000e+00 0.000000000000000e+00 0.000000000000000e+00	-2.170837012152994e+02  1.154700538379251e+02  5.877425740350395e+02	1	1	0.000000000000000e+00	0.000000000000000e+00	0.000000000000000e+00
14	-5.773502691896258e-01  5.773502691896258e-01 -5.773502691896258e-01	 7.071067811865476e-01  0.000000000000000e+00 -7.071067811865476e-01	-5.328942984620248e+02  0.000000000000000e+00  5.328942984620248e+02	1	0	0.000000000000000e+00	0.000000000000000e+00	0.000000000000000e+00
15	-5.773502691896258e-01  5.773502691896258e-01 -5.773502691896258e-01	-3.124842898819631e-18  7.071067811865476e-01  7.071067811865476e-01	 8.547268868455420e-16 -1.934123401785247e+02 -1.934123401785247e+02	1	0	0.000000000000000e+00	0.000000000000000e+00	0.000000000000000e+00
16	-5.773502691896258e-01  5.773502691896258e-01 -5.773502691896258e-01	 7.071067811865476e-01  7.071067811865476e-01 -3.124842898819631e-18	 5.519468573452824e+02  5.519468573452824e+02 -2.439160906938323e-15	1	0	0.000000000000000e+00	0.000000000000000e+00	0.000000000000000e+00
17	-5.773502691896258e-01  5.773502691896258e-01 -5.773502691896258e-01	-7.071067811865476e-01  0.000000000000000e+00  7.071067811865476e-01	 1.412198758437825e+03  0.000000000000000e+00 -1.412198758437825e+03	1	0	0.000000000000000e+00	0.000000000000000e+00	0.000000000000000e+00
18	-5.773502691896258e-01  5.773502691896258e-01 -5.773502691896258e-01	-3.124842898819631e-18  7.071067811865476e-01  7.071067811865476e-01	 9.389238637586849e-16 -2.124648990617823e+02 -2.124648990617823e+02	1	0	0.000000000000000e+00	0.000000000000000e+00	0.000000000000000e+00
19	-5.773502691896258e-01  5.773502691896258e-01 -5.773502691896258e-01	-7.071067811865476e-01 -7.071067811865476e-01  3.124842898819631e-18	-7.851963660978913e+01 -7.851963660978913e+01  3.469936018238618e-16	1	0	0.000000000000000e+00	0.000000000000000e+00	0.000000000000000e+00
20	 5.773502691896258e-01 -5.773502691896258e-01  5.773502691896258e-01	0.000000000000000e+00 0.000000000000000e+00 0.000000000000000e+00	-7.597929542535472e+02  6.027536810339691e+02  3.059956426705008e+02	1	1	0.000000000000000e+00	0.000000000000000e+00	0.000000000000000e+00
0	0	1	0
6	0	1	0
5	5	0	0
6	5	0	0
0	6	0	0
5	0	6	0
1	1	2	0
6	1	2	0
0	1	7	0
1	7	1	0
2	2	3	0
6	2	3	0
1	2	8	0
2	8	2	0
3	3	4	0
6	3	4	0
2	3	9	0
3	9	3	0
4	4	5	0
6	4	5	0
3	4	10	0
4	10	4	0
4	5	11	0
5	11	5	0
5	6	66	0
0	67	6	0
0	7	42	0
1	68	7	0
2	69	8	0
1	8	70	0
2	9	71	0
3	72	9	0
3	10	38	0
4	73	10	0
5	74	11	0
4	11	75	0
7	12	13	0
13	12	13	0
12	17	12	0
13	17	12	0
7	18	12	0
12	12	18	0
8	13	14	0
13	13	14	0
7	13	19	0
8	19	13	0
9	14	15	0
13	14	15	0
8	14	20	0
9	20	14	0
10	15	16	0
13	15	16	0
9	15	21	0
10	21	15	0
11	16	17	0
13	16	17	0
10	16	22	0
11	22	16	0
11	17	23	0
12	23	17	0
7	76	18	0
12	18	110	0
7	19	78	0
8	79	19	0
8	20	80	0
9	111	20	0
10	83	21	0
9	21	112	0
10	22	84	0
11	85	22	0
11	23	87	0
12	113	23	0
14	24	25	0
20	24	25	0
19	29	24	0
20	29	24	0
14	30	24	0
19	24	30	0
15	25	26	0
20	25	26	0
14	25	31	0
15	31	25	0
16	26	27	0
20	26	27	0
15	26	32	0
16	32	26	0
17	27	28	0
20	27	28	0
16	27	33	0
17	33	27	0
18	28	29	0
20	28	29	0
17	28	34	0
18	34	28	0
18	29	35	0
19	35	29	0
14	88	30	0
19	30	89	0
14	31	90	0
15	91	31	0
16	40	32	0
15	32	92	0
17	93	33	0
16	33	94	0
17	34	95	0
18	96	34	0
19	36	35	0
18	35	97	0
19	98	36	0
15	36	99	0
15	100	36	0
1	38	101	0
1	102	38	0
3	38	103	0
16	104	40	0
18	40	105	0
18	106	40	0
0	42	107	0
4	42	108	0
4	109	42	0
5	66	44	0
5	44	74	0
0	45	67	0
0	107	45	0
1	46	68	0
1	101	46	0
2	47	69	0
2	71	47	0
1	70	48	0
1	48	102	0
3	49	72	0
3	103	49	0
4	50	73	0
4	108	50	0
4	75	51	0
4	51	109	0
7	52	76	0
7	78	52	0
12	114	53	0
12	53	115	0
8	54	79	0
8	80	54	0
9	55	116	0
9	117	55	0
10	56	83	0
10	84	56	0
11	57	85	0
11	87	57	0
14	58	88	0
14	90	58	0
19	89	59	0
19	59	98	0
15	60	91	0
15	99	60	0
15	92	61	0
15	61	100	0
17	62	93	0
17	95	62	0
16	94	63	0
16	63	104	0
18	64	96	0
18	105	64	0
18	97	65	0
18	65	106	0
12	110	77	0
12	77	114	0
9	81	111	0
9	116	81	0
9	112	82	0
9	82	117	0
12	86	113	0
12	115	86	0
