114
21
172
0	1.570392732195782e+03 3.025315410553647e+02 8.256108849411653e+02	0.000000000000000e+00 0.000000000000000e+00 0.000000000000000e+00	1.000000000000000e+00	0	0	0
1	 1.130451827073287e+03 -5.773502691896260e+02  1.265551790063660e+03	0.000000000000000e+00 0.000000000000000e+00 0.000000000000000e+00	1.000000000000000e+00	0	0	1
2	-1.974537920628516e+02 -1.241303078757696e+03  6.015989804955904e+02	0.000000000000000e+00 0.000000000000000e+00 0.000000000000000e+00	1.000000000000000e+00	0	0	2
3	 2.032272947547480e+02 -1.641984165575296e+03  1.402961154130791e+03	0.000000000000000e+00 0.000000000000000e+00 0.000000000000000e+00	1.000000000000000e+00	0	0	3
4	 6.431681998772439e+02 -7.621023553303065e+02  9.630202490082960e+02	0.000000000000000e+00 0.000000000000000e+00 0.000000000000000e+00	1.000000000000000e+00	0	0	4
5	 1.971073819013383e+03 -9.814954576223676e+01  1.626973058576365e+03	0.000000000000000e+00 0.000000000000000e+00 0.000000000000000e+00	1.000000000000000e+00	0	0	5
6	1.570082431027701e+03 3.028418422234459e+02 8.259211861092466e+02	-1.134442209149711e-04  1.153983466792852e-04  1.126118077081628e-04	1.000000000000000e+00	0	0	6
7	 1.129762921999210e+03 -5.766613641155492e+02  1.266240695137737e+03	-3.854828343416254e-04  3.854828343416254e-04  3.854828343416254e-04	1.000000000000000e+00	0	0	7
8	-1.971409690289721e+02 -1.241615901791576e+03  6.012861574617108e+02	 1.106555064325221e-04 -1.110674857045524e-04 -1.110554876504466e-04	1.000000000000000e+00	0	0	8
9	 2.032224071517752e+02 -1.641979277972323e+03  1.402966041733764e+03	 5.567916900872660e-07 -6.882042953293421e-07 -4.254868031239312e-07	1.000000000000000e+00	0	0	9
10	 6.435492382259987e+02 -7.624833936790614e+02  9.626392106595412e+02	 2.838195165774475e-04 -2.838195165774475e-04 -2.838195165774475e-04	1.000000000000000e+00	0	0	10
11	 1.971144851954900e+03 -9.822057870375303e+01  1.626902025634849e+03	 2.845129711204208e-05 -2.833210965036415e-05 -2.830005905707367e-05	1.000000000000000e+00	0	0	11
12	-2.170837012152994e+02  1.154700538379251e+02  5.877425740350395e+02	0.000000000000000e+00 0.000000000000000e+00 0.000000000000000e+00	1.000000000000000e+00	12	0	12
13	 1.408734656822689e+02 -6.004442799572098e+02  9.456997409326077e+02	0.000000000000000e+00 0.000000000000000e+00 0.000000000000000e+00	1.000000000000000e+00	12	0	13
14	 9.214510296266424e+02 -9.907330619293978e+02  5.554109589604201e+02	0.000000000000000e+00 0.000000000000000e+00 0.000000000000000e+00	1.000000000000000e+00	12	0	14
15	 1.853294364098699e+03 -5.888972745734176e+01 -1.308275709983692e+03	0.000000000000000e+00 0.000000000000000e+00 0.000000000000000e+00	1.000000000000000e+00	12	0	15
16	 1.495337197201131e+03  6.570246063377946e+02 -1.666232876881260e+03	0.000000000000000e+00 0.000000000000000e+00 0.000000000000000e+00	1.000000000000000e+00	12	0	16
17	 7.147596332567570e+02  1.047313388309982e+03 -1.275944094909073e+03	0.000000000000000e+00 0.000000000000000e+00 0.000000000000000e+00	1.000000000000000e+00	12	0	17
18	-2.177829374007927e+02  1.147708176524317e+02  5.870433378495462e+02	-2.452833335458611e-04 -2.452833335458611e-04 -2.452833335458611e-04	1.000000000000000e+00	12	0	18
19	 1.418882960105131e+02 -5.994294496289657e+02  9.467145712608518e+02	3.520241298247129e-04 3.520241298247129e-04 3.520241298247129e-04	1.000000000000000e+00	12	0	19
20	 9.216614358953500e+02 -9.905226556606901e+02  5.556213652291277e+02	8.386465196963400e-05 8.138030534610152e-05 8.185097976820543e-05	1.000000000000000e+00	12	0	20
21	 1.853638849718551e+03 -5.854524183749036e+01 -1.307931224363841e+03	1.224659645231441e-04 1.223504077643156e-04 1.224679144797847e-04	1.000000000000000e+00	12	0	21
22	 1.496265124607676e+03  6.579525337443393e+02 -1.665304949474715e+03	3.339290172637751e-04 3.339290172637751e-04 3.339290172637751e-04	1.000000000000000e+00	12	0	22
23	 7.186380810818007e+02  1.051191836135026e+03 -1.272065647084029e+03	1.358012086711824e-03 1.358012086711824e-03 1.358012086711824e-03	1.000000000000000e+00	12	0	23
24	-7.597929542535472e+02  6.027536810339691e+02  3.059956426705008e+02	0.000000000000000e+00 0.000000000000000e+00 0.000000000000000e+00	1.000000000000000e+00	24	0	24
25	-1.191650955607388e+03 -2.609623216737101e+02 -1.258623586833382e+02	0.000000000000000e+00 0.000000000000000e+00 0.000000000000000e+00	1.000000000000000e+00	24	0	25
26	 5.126870390403868e+02  5.912066756501777e+02 -9.780313560072266e+02	0.000000000000000e+00 0.000000000000000e+00 0.000000000000000e+00	1.000000000000000e+00	24	0	26
27	 9.572467463163994e+02  1.466469683741651e+02 -1.867150770559250e+03	0.000000000000000e+00 0.000000000000000e+00 0.000000000000000e+00	1.000000000000000e+00	24	0	27
28	 1.389104747670240e+03  1.010362971081845e+03 -1.435292769205410e+03	0.000000000000000e+00 0.000000000000000e+00 0.000000000000000e+00	1.000000000000000e+00	24	0	28
29	-3.152332469775362e+02  1.581939737579582e+02 -5.831237718815206e+02	0.000000000000000e+00 0.000000000000000e+00 0.000000000000000e+00	1.000000000000000e+00	24	0	29
30	-7.600027230851576e+02  6.029634498655796e+02  3.057858738388903e+02	-7.439667388098314e-05  7.444484072038904e-05 -7.344234472839162e-05	1.000000000000000e+00	24	0	30
31	-1.192060130138689e+03 -2.605531471424088e+02 -1.262715332146394e+02	-1.469596609240398e-04  1.461793290218338e-04 -1.469373237341642e-04	1.000000000000000e+00	24	0	31
32	 5.026023132965902e+02  6.012914013939743e+02 -9.881160817510232e+02	-7.643291561786706e-04  7.643291561786705e-04 -7.643291561786707e-04	1.000000000000000e+00	24	0	32
33	 9.556375326833355e+02  1.482561820072289e+02 -1.868759984192314e+03	-5.792523540245990e-04  5.792523540245990e-04 -5.792523540245990e-04	1.000000000000000e+00	24	0	33
34	 1.386052902987864e+03  1.013414815764220e+03 -1.438344613887785e+03	-1.104598903718094e-03  1.104598903718094e-03 -1.104598903718094e-03	1.000000000000000e+00	24	0	34
35	-3.061204750341146e+02  1.490812018145367e+02 -5.740109999380991e+02	 1.060023379977793e-03 -1.060023379977793e-03  1.060023379977793e-03	1.000000000000000e+00	24	0	35
36	-3.302504093206201e+02  1.732111361010421e+02 -5.600358164580897e+02	-2.597265411168337e-04  2.127931365976110e-04  5.017852527089417e-05	1.000000000000000e+00	24	0	36
38	 6.033312270675493e+02 -8.400448374352960e+02  1.002857221817990e+03	-2.274719542280460e-04  2.274719542280460e-04  2.274719542280460e-04	1.000000000000000e+00	0	0	38
40	 5.281490253461816e+02  5.757446893443831e+02 -1.000674487467947e+03	 1.648530160309747e-04 -1.245458697667345e-04 -5.723985304939561e-05	1.000000000000000e+00	24	0	40
42	 1.169874839328949e+03 -4.989938265306046e+02  1.226128777807998e+03	 8.681495091877878e-05 -8.155257091857493e-05 -8.333268488058820e-05	1.000000000000000e+00	0	0	42
44	1.770784185422670e+03 1.021400878284771e+02 1.226241114456049e+03	 1.935002910613548e-05 -1.935002910613548e-05 -1.931061888171826e-05	1.000000000000000e+00	0	0	44
45	 1.369269331366619e+03 -9.736749339841850e+01  1.026734285770329e+03	-2.865187707357109e-04  2.859364030882716e-04  2.865187707357109e-04	1.000000000000000e+00	0	0	45
46	 8.659110750158810e+02 -7.077180765363942e+02  1.135183982716892e+03	-7.204539142549038e-04  7.194901700131595e-04  7.194901700131595e-04	1.000000000000000e+00	0	0	46
47	 3.161881806434439e+00 -1.441918752626982e+03  1.002004997981131e+03	 9.796633821679279e-05 -9.796633821679279e-05 -9.792564378585666e-05	1.000000000000000e+00	0	0	47
48	 2.037820806994760e+02 -1.041516628348186e+03  8.013854309051001e+02	 1.915465109050274e-04 -1.910664432216436e-04 -1.910664432216436e-04	1.000000000000000e+00	0	0	48
49	 4.032065267547262e+02 -1.240942666966020e+03  1.202981922130813e+03	-1.284336321987212e-04  1.277969276998192e-04  1.284336321987212e-04	1.000000000000000e+00	0	0	49
50	 9.079952634072897e+02 -6.320163508769888e+02  1.093106253461614e+03	 8.210899541154504e-04 -8.158904383890331e-04 -8.158904383890331e-04	1.000000000000000e+00	0	0	50
51	 1.570688583747655e+03 -2.987857420981445e+02  1.426336862240458e+03	 1.127821160480380e-04 -1.126292627304792e-04 -1.126292627304792e-04	1.000000000000000e+00	0	0	51
52	-3.781738512428023e+01 -2.421992814624195e+02  7.670088901260584e+02	1.065158139681444e-04 1.065998367266729e-04 1.065158139681444e-04	1.000000000000000e+00	12	0	52
53	 2.489320424222101e+02  5.814857974754347e+02 -3.440066562036844e+02	1.531382440589368e-05 1.531382440589368e-05 1.533737849968020e-05	1.000000000000000e+00	12	0	53
54	 5.311196735189528e+02 -7.956272366941088e+02  7.505167841957094e+02	-7.276057658600621e-07  2.118497377523454e-06  2.118497377523454e-06	1.000000000000000e+00	12	0	54
55	 1.387400134483946e+03 -5.247839570720953e+02 -3.764049253024814e+02	1.143558074545581e-05 1.143558074545581e-05 1.144523776019923e-05	1.000000000000000e+00	12	0	55
56	 1.675121741637228e+03  2.998726133452070e+02 -1.486448332445164e+03	2.785510441754013e-04 2.780013019219041e-04 2.785510441754013e-04	1.000000000000000e+00	12	0	56
57	 1.101723079660046e+03  8.487609824855051e+02 -1.474496500733550e+03	-1.045694807544351e-03 -1.100066700018942e-03 -1.100066700018942e-03	1.000000000000000e+00	12	0	57
58	-9.763319296734151e+02  1.715068139128572e+02  8.945666725063465e+01	-2.090828929794952e-04  2.098896802635863e-04 -2.090828929794952e-04	1.000000000000000e+00	24	0	58
59	-5.440841080978817e+02  3.870448348783034e+02 -1.260829456844564e+02	-7.274006202351302e-05  7.274006202351302e-05 -7.300968718482181e-05	1.000000000000000e+00	24	0	59
60	-7.602727238992138e+02 -4.455479436420443e+01 -3.422698859928450e+02	-1.809469104046002e-04  1.799578603822738e-04 -1.799578603822738e-04	1.000000000000000e+00	24	0	60
61	 8.428967578435487e+01  3.890652478545158e+02 -7.758899282115652e+02	-1.585698191775009e-04  1.572972541907802e-04 -1.572972541907802e-04	1.000000000000000e+00	24	0	61
62	 1.172646035975873e+03  5.790296133420711e+02 -1.651751480899777e+03	-2.720640331972390e-04  2.666704240255058e-04 -2.720640331972390e-04	1.000000000000000e+00	24	0	62
63	 7.384887635013717e+02  3.654049511891931e+02 -1.438120151484011e+03	-1.015849877148867e-03  1.015849877148867e-03 -1.014790730550885e-03	1.000000000000000e+00	24	0	63
64	 9.590661530060302e+02  7.926484960742200e+02 -1.217578294197785e+03	 6.212735897861421e-04 -5.977895343676209e-04  5.977895343676209e-04	1.000000000000000e+00	24	0	64
65	 1.132441168187768e+02  3.601204842654379e+02 -7.850502823890026e+02	 2.433920453768224e-04 -2.437881485093385e-04  2.437881485093385e-04	1.000000000000000e+00	24	0	65
66	1.670760736802540e+03 2.021635364486072e+02 1.025753231035290e+03	 7.359015580732375e-05 -7.359015580732375e-05 -7.394891872536391e-05	1.000000000000000e+00	0	0	66
67	1.469328080008398e+03 1.030870913119867e+02 9.266755371285496e+02	-3.275161434430629e-04  3.287879517301917e-04  3.275161434430629e-04	1.000000000000000e+00	0	0	67
68	 9.977334141807164e+02 -6.420822184412714e+02  1.200819840812015e+03	-6.151366396807134e-04  6.190716521814466e-04  6.190716521814466e-04	1.000000000000000e+00	0	0	68
69	-9.702454416402541e+01 -1.341732326656522e+03  8.016805743026434e+02	 9.066544589586556e-05 -9.066544589586556e-05 -9.064794721780345e-05	1.000000000000000e+00	0	0	69
70	 3.485708464366695e+00 -1.141732226490624e+03  7.011698327626623e+02	 2.090468769893050e-04 -2.093662769766524e-04 -2.093662769766524e-04	1.000000000000000e+00	0	0	70
71	 1.032537664429965e+02 -1.542010637263544e+03  1.202424067353180e+03	 7.302252197405323e-05 -7.302252197405323e-05 -7.287602784344926e-05	1.000000000000000e+00	0	0	71
72	 3.031882432008117e+02 -1.441434570290694e+03  1.303000205684728e+03	-7.382360490737483e-05  7.363021722994745e-05  7.382360490737483e-05	1.000000000000000e+00	0	0	72
73	 7.765330947862376e+02 -6.980252129353016e+02  1.027097391403301e+03	 8.447624277323484e-04 -8.557336404919624e-04 -8.557336404919624e-04	1.000000000000000e+00	0	0	73
74	1.870874922770947e+03 2.049350480199567e+00 1.426661155813575e+03	-1.050934406521264e-05  1.050934406521264e-05  1.052253355737776e-05	1.000000000000000e+00	0	0	74
75	 1.770964143976807e+03 -1.985504946009605e+02  1.526572109737642e+03	 8.913125202525407e-05 -8.898438682081178e-05 -8.898438682081178e-05	1.000000000000000e+00	0	0	75
76	-1.273135260128290e+02 -6.322640575739239e+01  6.775127492375096e+02	9.448285709368065e-05 9.534395212540403e-05 9.448285709368065e-05	1.000000000000000e+00	12	0	76
77	1.518804504849784e+01 3.477418001017224e+02 1.211282058785660e+02	-2.471610787324607e-04 -2.471610787324607e-04 -2.497200621291995e-04	1.000000000000000e+00	12	0	77
78	 5.175614468875744e+01 -4.210924562022171e+02  8.565824199390961e+02	1.402954949298874e-04 1.412117853760719e-04 1.402954949298874e-04	1.000000000000000e+00	12	0	78
79	 3.362178802540422e+02 -6.978193200534060e+02  8.483247008364121e+02	8.415275806328282e-05 8.210130181396380e-05 8.210130181396380e-05	1.000000000000000e+00	12	0	79
80	 7.274478727958037e+02 -8.920185140284567e+02  6.541255068613615e+02	3.932566323783249e-04 3.939984890166670e-04 3.939984890166670e-04	1.000000000000000e+00	12	0	80
81	 1.154360482971628e+03 -7.578236085844133e+02  8.943787494182951e+01	-1.743274333421141e-05 -1.743274333421141e-05 -1.745753434079234e-05	1.000000000000000e+00	12	0	81
82	 1.620559278044198e+03 -2.916248135118435e+02 -8.421281190197939e+02	8.142906881403178e-05 8.142906881403178e-05 8.155435352819040e-05	1.000000000000000e+00	12	0	82
83	 1.764293543193076e+03  1.205762976500467e+02 -1.397276530889315e+03	1.714081299724057e-04 1.706953626126051e-04 1.714081299724057e-04	1.000000000000000e+00	12	0	83
84	 1.585599201661199e+03  4.788185309140179e+02 -1.575970872421193e+03	2.724408404901624e-04 2.722698845900595e-04 2.724408404901624e-04	1.000000000000000e+00	12	0	84
85	 1.301900572084119e+03  7.562793514576829e+02 -1.566978131761372e+03	5.221242317929864e-04 5.050153704360127e-04 5.050153704360127e-04	1.000000000000000e+00	12	0	85
86	 4.819872042091968e+02  8.145409592624213e+02 -8.098316181628059e+02	6.816934183007106e-05 6.816934183007106e-05 7.000007462920621e-05	1.000000000000000e+00	12	0	86
87	 9.141886464211887e+02  9.539385635271778e+02 -1.369318919691877e+03	1.494070282205939e-03 1.433954923413694e-03 1.433954923413694e-03	1.000000000000000e+00	12	0	87
88	-8.679133356600043e+02  3.869811359087309e+02  1.978752612640453e+02	-4.952354356646538e-05  4.992684989701957e-05 -4.952354356646538e-05	1.000000000000000e+00	24	0	88
89	-6.525336003206762e+02  4.954943271010979e+02  8.936158283765681e+01	-2.470827894285321e-04  2.470827894285321e-04 -2.470148319844157e-04	1.000000000000000e+00	24	0	89
90	-1.084449182908887e+03 -4.427117035190400e+01 -1.866058598483754e+01	-2.662883780431002e-04  2.658922167029232e-04 -2.662883780431002e-04	1.000000000000000e+00	24	0	90
91	-9.759226199864869e+02 -1.527973418010635e+02 -2.340273385559859e+02	-7.713055674685165e-05  7.698576519032940e-05 -7.698576519032940e-05	1.000000000000000e+00	24	0	91
92	 2.933823848760916e+02  4.952543199558985e+02 -8.820790003129479e+02	-3.718037041835487e-04  3.668946737889200e-04 -3.668946737889200e-04	1.000000000000000e+00	24	0	92
93	 1.064197452434767e+03  3.635938910059120e+02 -1.760200064440884e+03	-3.607909020502120e-04  3.635251778177917e-04 -3.607909020502120e-04	1.000000000000000e+00	24	0	93
94	 8.466291906605046e+02  2.572645240300602e+02 -1.653885480204324e+03	-9.515758138149977e-04  9.515758138149977e-04 -9.592480491846800e-04	1.000000000000000e+00	24	0	94
95	 1.277280548260331e+03  7.982254602466817e+02 -1.547116968615319e+03	-1.431376091204584e-03  1.386647578328848e-03 -1.431376091204584e-03	1.000000000000000e+00	24	0	95
96	 1.171617964691123e+03  9.039544916661466e+02 -1.328884289789711e+03	-5.584973259828985e-04  5.567068583332002e-04 -5.567068583332002e-04	1.000000000000000e+00	24	0	96
97	-9.665858623222007e+01  2.547754150071835e+02 -6.797052131307482e+02	 4.344957415014505e-04 -4.305744369048625e-04  4.305744369048625e-04	1.000000000000000e+00	24	0	97
98	-4.348870431644999e+02  2.778477699449216e+02 -3.407958525345467e+02	 3.623839002102613e-04 -3.623839002102613e-04  3.505264758132398e-04	1.000000000000000e+00	24	0	98
99	-5.448166293213619e+02  6.387574331518977e+01 -4.507004236722392e+02	-3.860040451399982e-04  3.804787411354482e-04 -3.804787411354482e-04	1.000000000000000e+00	24	0	99
100	-1.261820187450299e+02  2.841084384445452e+02 -6.709331188015946e+02	-3.201010404154658e-04  2.848338044714183e-04 -2.848338044714183e-04	1.000000000000000e+00	24	0	100
101	 7.345696359988605e+02 -7.738329240534449e+02  1.069069135199841e+03	-5.750227137468755e-04  5.706475349143147e-04  5.706475349143147e-04	1.000000000000000e+00	0	0	101
102	 4.037261105246296e+02 -9.409496493575464e+02  9.019524098957397e+02	 5.409458754002117e-05 -5.346000034478493e-05 -5.346000034478493e-05	1.000000000000000e+00	0	0	102
103	 5.029251885250235e+02 -1.040149472925418e+03  1.103263260360516e+03	-2.860126551240683e-04  2.860743261408061e-04  2.860126551240683e-04	1.000000000000000e+00	0	0	103
104	 6.308430396079033e+02  4.730506750826615e+02 -1.221818247714479e+03	-9.232411393895745e-04  9.232411393895745e-04 -8.868963923305273e-04	1.000000000000000e+00	24	0	104
105	 7.422064233165631e+02  6.855957943890887e+02 -1.110525592512653e+03	 3.838143020402640e-04 -3.757853410206735e-04  3.757853410206735e-04	1.000000000000000e+00	24	0	105
106	 3.242735923701078e+02  4.646070025781295e+02 -8.895368007016942e+02	 2.681224141269922e-04 -2.359882928431034e-04  2.359882928431034e-04	1.000000000000000e+00	24	0	106
107	 1.269260517960023e+03 -2.978707417339821e+02  1.126743099176924e+03	-2.319575578439981e-04  2.303872752236202e-04  2.319575578439981e-04	1.000000000000000e+00	0	0	107
108	 1.039247025674566e+03 -5.658109242447279e+02  1.159311680093875e+03	 6.319642998278141e-04 -6.224822718650103e-04 -6.224822718650103e-04	1.000000000000000e+00	0	0	108
109	 1.370459730866739e+03 -3.990682186351448e+02  1.326054385703458e+03	 1.581631950102746e-04 -1.583934645168483e-04 -1.583934645168483e-04	1.000000000000000e+00	0	0	109
110	-1.021052100908746e+02  2.304485449623499e+02  3.532803562996244e+02	-5.282748606987298e-04 -5.282748606987298e-04 -5.278668249957263e-04	1.000000000000000e+00	12	0	110
111	 1.037740581658485e+03 -8.744435098975559e+02  3.222595690953416e+02	-6.327426672214642e-05 -6.327426672214642e-05 -6.305733404587954e-05	1.000000000000000e+00	12	0	111
112	 1.737156349812092e+03 -1.750277417439488e+02 -1.074972350968376e+03	1.218554825754836e-04 1.218554825754836e-04 1.219418263644911e-04	1.000000000000000e+00	12	0	112
113	 6.003478684654248e+02  9.329016235186492e+02 -1.040890058245678e+03	7.298840209841728e-04 7.298840209841728e-04 7.471606950275600e-04	1.000000000000000e+00	12	0	113
114	 1.324338494329575e+02  4.649876044861820e+02 -1.110637155192177e+02	1.747766145854257e-05 1.747766145854257e-05 1.738508944981731e-05	1.000000000000000e+00	12	0	114
115	 3.652531421535410e+02  6.978068972067656e+02 -5.771268839633437e+02	-5.402535680332221e-05 -5.402535680332221e-05 -5.407747448771261e-05	1.000000000000000e+00	12	0	115
116	 1.270882958562156e+03 -6.413011329938849e+02 -1.434808654882078e+02	-2.112857146130409e-06 -2.112857146130409e-06 -2.114044264089898e-06	1.000000000000000e+00	12	0	116
117	 1.503955284094272e+03 -4.082288074617697e+02 -6.092909664458854e+02	3.810726047959179e-05 3.810726047959179e-05 3.815973468590528e-05	1.000000000000000e+00	12	0	117
0	-5.773502691896258e-01  5.773502691896258e-01  5.773502691896258e-01	-7.071067811865476e-01  3.124842898819631e-18 -7.071067811865476e-01	 1.198001808568474e+03 -5.294203851356715e-15  1.198001808568474e+03	1	0	0.000000000000000e+00	0.000000000000000e+00	0.000000000000000e+00
1	-5.773502691896258e-01  5.773502691896258e-01  5.773502691896258e-01	 0.000000000000000e+00  7.071067811865476e-01 -7.071067811865476e-01	 0.000000000000000e+00 -9.214510296266430e+02  9.214510296266430e+02	1	0	0.000000000000000e+00	0.000000000000000e+00	0.000000000000000e+00
2	-5.773502691896258e-01  5.773502691896258e-01  5.773502691896258e-01	 7.071067811865476e-01  7.071067811865476e-01 -3.124842898819631e-18	-7.193784354102739e+02 -7.193784354102739e+02  3.179073734356852e-15	1	0	0.000000000000000e+00	0.000000000000000e+00	0.000000000000000e+00
3	-5.773502691896258e-01  5.773502691896258e-01  5.773502691896258e-01	 7.071067811865476e-01 -3.124842898819631e-18  7.071067811865476e-01	 8.030942244427697e+02 -3.549030148066116e-15  8.030942244427697e+02	1	0	0.000000000000000e+00	0.000000000000000e+00	0.000000000000000e+00
4	-5.773502691896258e-01  5.773502691896258e-01  5.773502691896258e-01	 0.000000000000000e+00  7.071067811865476e-01 -7.071067811865476e-01	 0.000000000000000e+00 -8.625613021693013e+02  8.625613021693013e+02	1	0	0.000000000000000e+00	0.000000000000000e+00	0.000000000000000e+00
5	-5.773502691896258e-01  5.773502691896258e-01  5.773502691896258e-01	-7.071067811865476e-01 -7.071067811865476e-01  3.124842898819631e-18	 9.364621366255734e+02  9.364621366255734e+02 -4.138408986458117e-15	1	0	0.000000000000000e+00	0.000000000000000e+00	0.000000000000000e+00
6	 5.773502691896258e-01 -5.773502691896258e-01 -5.773502691896258e-01	0.000000000000000e+00 0.000000000000000e+00 0.000000000000000e+00	1.570392732195782e+03 3.025315410553647e+02 8.256108849411653e+02	1	1	0.000000000000000e+00	0.000000000000000e+00	0.000000000000000e+00
7	-5.773502691896258e-01 -5.773502691896258e-01 -5.773502691896258e-01	-7.071067811865476e-01  0.000000000000000e+00  7.071067811865476e-01	-4.024131376251693e+02  0.000000000000000e+00  4.024131376251693e+02	1	0	0.000000000000000e+00	0.000000000000000e+00	0.000000000000000e+00
8	-5.773502691896258e-01 -5.773502691896258e-01 -5.773502691896258e-01	 0.000000000000000e+00 -7.071067811865476e-01  7.071067811865476e-01	 0.000000000000000e+00 -7.730720104449091e+02  7.730720104449091e+02	1	0	0.000000000000000e+00	0.000000000000000e+00	0.000000000000000e+00
9	-5.773502691896258e-01 -5.773502691896258e-01 -5.773502691896258e-01	 7.071067811865476e-01 -7.071067811865476e-01  0.000000000000000e+00	 9.560920457780206e+02 -9.560920457780206e+02  0.000000000000000e+00	1	0	0.000000000000000e+00	0.000000000000000e+00	0.000000000000000e+00
10	-5.773502691896258e-01 -5.773502691896258e-01 -5.773502691896258e-01	 7.071067811865476e-01  0.000000000000000e+00 -7.071067811865476e-01	 1.580785037041196e+03  0.000000000000000e+00 -1.580785037041196e+03	1	0	0.000000000000000e+00	0.000000000000000e+00	0.000000000000000e+00
11	-5.773502691896258e-01 -5.773502691896258e-01 -5.773502691896258e-01	 0.000000000000000e+00  7.071067811865476e-01 -7.071067811865476e-01	 0.000000000000000e+00  1.161628741609527e+03 -1.161628741609527e+03	1	0	0.000000000000000e+00	0.000000000000000e+00	0.000000000000000e+00
12	-5.773502691896258e-01 -5.773502691896258e-01 -5.773502691896258e-01	-7.071067811865476e-01  7.071067811865476e-01  0.000000000000000e+00	-1.662768775266123e+02  1.662768775266123e+02  0.000000000000000e+00	1	0	0.000000000000000e+00	0.000000000000000e+00	0.000000000000000e+00
13	5.773502691896258e-01 5.773502691896258e-01 5.773502691896258e-01	0.000000000000000e+00 0.000000000000000e+00 0.000000000000000e+00	-2.170837012152994e+02  1.154700538379251e+02  5.877425740350395e+02	1	1	0.000000000000000e+00	0.000000000000000e+00	0.000000000000000e+00
14	-5.773502691896258e-01  5.773502691896258e-01 -5.773502691896258e-01	 7.071067811865476e-01  0.000000000000000e+00 -7.071067811865476e-01	-5.328942984620248e+02  0.000000000000000e+00  5.328942984620248e+02	1	0	0.000000000000000e+00	0.000000000000000e+00	0.000000000000000e+00
15	-5.773502691896258e-01  5.773502691896258e-01 -5.773502691896258e-01	-3.124842898819631e-18  7.071067811865476e-01  7.071067811865476e-01	 8.547268868455420e-16 -1.934123401785247e+02 -1.934123401785247e+02	1	0	0.000000000000000e+00	0.000000000000000e+00	0.000000000000000e+00
16	-5.773502691896258e-01  5.773502691896258e-01 -5.773502691896258e-01	 7.071067811865476e-01  7.071067811865476e-01 -3.124842898819631e-18	 5.519468573452824e+02  5.519468573452824e+02 -2.439160906938323e-15	1	0	0.000000000000000e+00	0.000000000000000e+00	0.000000000000000e+00
17	-5.773502691896258e-01  5.773502691896258e-01 -5.773502691896258e-01	-7.071067811865476e-01  0.000000000000000e+00  7.071067811865476e-01	 1.412198758437825e+03  0.000000000000000e+00 -1.412198758437825e+03	1	0	0.000000000000000e+00	0.000000000000000e+00	0.000000000000000e+00
18	-5.773502691896258e-01  5.773502691896258e-01 -5.773502691896258e-01	-3.124842898819631e-18  7.071067811865476e-01  7.071067811865476e-01	 9.389238637586849e-16 -2.124648990617823e+02 -2.124648990617823e+02	1	0	0.000000000000000e+00	0.000000000000000e+00	0.000000000000000e+00
19	-5.773502691896258e-01  5.773502691896258e-01 -5.773502691896258e-01	-7.071067811865476e-01 -7.071067811865476e-01  3.124842898819631e-18	-7.851963660978913e+01 -7.851963660978913e+01  3.469936018238618e-16	1	0	0.000000000000000e+00	0.000000000000000e+00	0.000000000000000e+00
20	 5.773502691896258e-01 -5.773502691896258e-01  5.773502691896258e-01	0.000000000000000e+00 0.000000000000000e+00 0.000000000000000e+00	-7.597929542535472e+02  6.027536810339691e+02  3.059956426705008e+02	1	1	0.000000000000000e+00	0.000000000000000e+00	0.000000000000000e+00
0	0	1	0
6	0	1	0
5	5	0	0
6	5	0	0
0	6	0	0
5	0	6	0
1	1	2	0
6	1	2	0
0	1	7	0
1	7	1	0
2	2	3	0
6	2	3	0
1	2	8	0
2	8	2	0
3	3	4	0
6	3	4	0
2	3	9	0
3	9	3	0
4	4	5	0
6	4	5	0
3	4	10	0
4	10	4	0
4	5	11	0
5	11	5	0
5	6	66	0
0	67	6	0
0	7	42	0
1	68	7	0
2	69	8	0
1	8	70	0
2	9	71	0
3	72	9	0
3	10	38	0
4	73	10	0
5	74	11	0
4	11	75	0
7	12	13	0
13	12	13	0
12	17	12	0
13	17	12	0
7	18	12	0
12	12	18	0
8	13	14	0
13	13	14	0
7	13	19	0
8	19	13	0
9	14	15	0
13	14	15	0
8	14	20	0
9	20	14	0
10	15	16	0
13	15	16	0
9	15	21	0
10	21	15	0
11	16	17	0
13	16	17	0
10	16	22	0
11	22	16	0
11	17	23	0
12	23	17	0
7	76	18	0
12	18	110	0
7	19	78	0
8	79	19	0
8	20	80	0
9	111	20	0
10	83	21	0
9	21	112	0
10	22	84	0
11	85	22	0
11	23	87	0
12	113	23	0
14	24	25	0
20	24	25	0
19	29	24	0
20	29	24	0
14	30	24	0
19	24	30	0
15	25	26	0
20	25	26	0
14	25	31	0
15	31	25	0
16	26	27	0
20	26	27	0
15	26	32	0
16	32	26	0
17	27	28	0
20	27	28	0
16	27	33	0
17	33	27	0
18	28	29	0
20	28	29	0
17	28	34	0
18	34	28	0
18	29	35	0
19	35	29	0
14	88	30	0
19	30	89	0
14	31	90	0
15	91	31	0
16	40	32	0
15	32	92	0
17	93	33	0
16	33	94	0
17	34	95	0
18	96	34	0
19	36	35	0
18	35	97	0
19	98	36	0
15	36	99	0
15	100	36	0
1	38	101	0
1	102	38	0
3	38	103	0
16	104	40	0
18	40	105	0
18	106	40	0
0	42	107	0
4	42	108	0
4	109	42	0
5	66	44	0
5	44	74	0
0	45	67	0
0	107	45	0
1	46	68	0
1	101	46	0
2	47	69	0
2	71	47	0
1	70	48	0
1	48	102	0
3	49	72	0
3	103	49	0
4	50	73	0
4	108	50	0
4	75	51	0
4	51	109	0
7	52	76	0
7	78	52	0
12	114	53	0
12	53	115	0
8	54	79	0
8	80	54	0
9	55	116	0
9	117	55	0
10	56	83	0
10	84	56	0
11	57	85	0
11	87	57	0
14	58	88	0
14	90	58	0
19	89	59	0
19	59	98	0
15	60	91	0
15	99	60	0
15	92	61	0
15	61	100	0
17	62	93	0
17	95	62	0
16	94	63	0
16	63	104	0
18	64	96	0
18	105	64	0
18	97	65	0
18	65	106	0
12	110	77	0
12	77	114	0
9	81	111	0
9	116	81	0
9	112	82	0
9	82	117	0
12	86	113	0
12	115	86	0
