114
21
172
0	1.570392732195782e+03 3.025315410553647e+02 8.256108849411653e+02	0.000000000000000e+00 0.000000000000000e+00 0.000000000000000e+00	1.000000000000000e+00	0	0	0
1	 1.130451827073287e+03 -5.773502691896260e+02  1.265551790063660e+03	0.000000000000000e+00 0.000000000000000e+00 0.000000000000000e+00	1.000000000000000e+00	0	0	1
2	-1.974537920628516e+02 -1.241303078757696e+03  6.015989804955904e+02	0.000000000000000e+00 0.000000000000000e+00 0.000000000000000e+00	1.000000000000000e+00	0	0	2
3	 2.032272947547480e+02 -1.641984165575296e+03  1.402961154130791e+03	0.000000000000000e+00 0.000000000000000e+00 0.000000000000000e+00	1.000000000000000e+00	0	0	3
4	 6.431681998772439e+02 -7.621023553303065e+02  9.630202490082960e+02	0.000000000000000e+00 0.000000000000000e+00 0.000000000000000e+00	1.000000000000000e+00	0	0	4
5	 1.971073819013383e+03 -9.814954576223676e+01  1.626973058576365e+03	0.000000000000000e+00 0.000000000000000e+00 0.000000000000000e+00	1.000000000000000e+00	0	0	5
6	1.570198361475020e+03 3.027259117761265e+02 8.258052556619272e+02	-1.110753728426062e-04  1.121800305554643e-04  1.106471754610538e-04	1.000000000000000e+00	0	0	6
7	 1.130097183689031e+03 -5.769956258053705e+02  1.265906433447916e+03	-2.698613485942284e-04  2.698613485942284e-04  2.698613485942284e-04	1.000000000000000e+00	0	0	7
8	-1.972553943649354e+02 -1.241501476455612e+03  6.014005827976741e+02	 1.110835582949221e-04 -1.113343460019678e-04 -1.113242833525874e-04	1.000000000000000e+00	0	0	8
9	 2.032227151328910e+02 -1.641979585953439e+03  1.402965733752648e+03	-1.146489580605703e-06  1.074962710845284e-06  1.215180077451805e-06	1.000000000000000e+00	0	0	9
10	 6.433229628595429e+02 -7.622571183126056e+02  9.628654860259969e+02	 1.586428697919473e-04 -1.613990170881152e-04 -1.659765985095873e-04	1.000000000000000e+00	0	0	10
11	 1.971116836120811e+03 -9.819256286966471e+01  1.626930041468937e+03	 2.609658622532152e-05 -2.603309621918015e-05 -2.601766573206987e-05	1.000000000000000e+00	0	0	11
12	-2.170837012152994e+02  1.154700538379251e+02  5.877425740350395e+02	0.000000000000000e+00 0.000000000000000e+00 0.000000000000000e+00	1.000000000000000e+00	12	0	12
13	 1.408734656822689e+02 -6.004442799572098e+02  9.456997409326077e+02	0.000000000000000e+00 0.000000000000000e+00 0.000000000000000e+00	1.000000000000000e+00	12	0	13
14	 9.214510296266424e+02 -9.907330619293978e+02  5.554109589604201e+02	0.000000000000000e+00 0.000000000000000e+00 0.000000000000000e+00	1.000000000000000e+00	12	0	14
15	 1.853294364098699e+03 -5.888972745734176e+01 -1.308275709983692e+03	0.000000000000000e+00 0.000000000000000e+00 0.000000000000000e+00	1.000000000000000e+00	12	0	15
16	 1.495337197201131e+03  6.570246063377946e+02 -1.666232876881260e+03	0.000000000000000e+00 0.000000000000000e+00 0.000000000000000e+00	1.000000000000000e+00	12	0	16
17	 7.147596332567570e+02  1.047313388309982e+03 -1.275944094909073e+03	0.000000000000000e+00 0.000000000000000e+00 0.000000000000000e+00	1.000000000000000e+00	12	0	17
18	-2.175287782151804e+02  1.150249768380441e+02  5.872974970351586e+02	-2.481758031838884e-04 -2.481758031838884e-04 -2.481758031838884e-04	1.000000000000000e+00	12	0	18
19	 1.415224293599105e+02 -5.997953162795683e+02  9.463487046102492e+02	3.584964821736018e-04 3.584964821736018e-04 3.584964821736018e-04	1.000000000000000e+00	12	0	19
20	 9.215793382014328e+02 -9.906047533546073e+02  5.555392675352106e+02	7.796849240548909e-05 7.640882540727034e-05 7.670489139854908e-05	1.000000000000000e+00	12	0	20
21	 1.853512500800300e+03 -5.867159075574120e+01 -1.308057573282092e+03	1.228768524015322e-04 1.228015753440559e-04 1.228782493853942e-04	1.000000000000000e+00	12	0	21
22	 1.495922408229494e+03  6.576098173661572e+02 -1.665647665852897e+03	3.316653213308503e-04 3.316653213308503e-04 3.316653213308503e-04	1.000000000000000e+00	12	0	22
23	 7.172312018732840e+02  1.049784956926509e+03 -1.273472526292546e+03	1.373919852388402e-03 1.373919852388402e-03 1.373919852388402e-03	1.000000000000000e+00	12	0	23
24	-7.597929542535472e+02  6.027536810339691e+02  3.059956426705008e+02	0.000000000000000e+00 0.000000000000000e+00 0.000000000000000e+00	1.000000000000000e+00	24	0	24
25	-1.191650955607388e+03 -2.609623216737101e+02 -1.258623586833382e+02	0.000000000000000e+00 0.000000000000000e+00 0.000000000000000e+00	1.000000000000000e+00	24	0	25
26	 5.126870390403868e+02  5.912066756501777e+02 -9.780313560072266e+02	0.000000000000000e+00 0.000000000000000e+00 0.000000000000000e+00	1.000000000000000e+00	24	0	26
27	 9.572467463163994e+02  1.466469683741651e+02 -1.867150770559250e+03	0.000000000000000e+00 0.000000000000000e+00 0.000000000000000e+00	1.000000000000000e+00	24	0	27
28	 1.389104747670240e+03  1.010362971081845e+03 -1.435292769205410e+03	0.000000000000000e+00 0.000000000000000e+00 0.000000000000000e+00	1.000000000000000e+00	24	0	28
29	-3.152332469775362e+02  1.581939737579582e+02 -5.831237718815206e+02	0.000000000000000e+00 0.000000000000000e+00 0.000000000000000e+00	1.000000000000000e+00	24	0	29
30	-7.599263333523500e+02  6.028870601327719e+02  3.058622635716980e+02	-7.445685332641006e-05  7.448007090715691e-05 -7.388949597952887e-05	1.000000000000000e+00	24	0	30
31	-1.191909439361828e+03 -2.607038379192697e+02 -1.261208424377785e+02	-1.460634957766160e-04  1.455937890568748e-04 -1.460607163608074e-04	1.000000000000000e+00	24	0	31
32	 5.040986809620292e+02  5.997950337285353e+02 -9.866197140855842e+02	-2.562635112553835e-03  2.562635112553835e-03 -2.562635112553835e-03	1.000000000000000e+00	24	0	32
33	 9.562318318289124e+02  1.476618828616520e+02 -1.868165685046737e+03	-5.746766303976377e-04  5.746766303976377e-04 -5.746766303976377e-04	1.000000000000000e+00	24	0	33
34	 1.387184000606302e+03  1.012283718145783e+03 -1.437213516269347e+03	-1.091362015965084e-03  1.091362015965084e-03 -1.091362015965084e-03	1.000000000000000e+00	24	0	34
35	-3.082318205488980e+02  1.511925473293200e+02 -5.761223454528824e+02	 3.660244556764761e-03 -3.660244556764761e-03  3.660244556764761e-03	1.000000000000000e+00	24	0	35
36	-3.297932493513043e+02  1.727539761317264e+02 -5.595786564887741e+02	-9.170112316496670e-04  9.170112316496670e-04 -9.170112316496670e-04	1.000000000000000e+00	24	0	36
38	 6.035551306200023e+02 -8.402687409877490e+02  1.002633318265537e+03	-2.086209666837628e-04  2.086209666837628e-04  2.086209666837628e-04	1.000000000000000e+00	0	0	38
40	 5.278468038751795e+02  5.760469108153853e+02 -1.000976708938950e+03	 6.460682683003445e-04 -6.460682683003446e-04  6.460682683003446e-04	1.000000000000000e+00	24	0	40
42	 1.169800120522009e+03 -4.989191077236643e+02  1.226203496614938e+03	 6.330233736662194e-05 -6.183165533002466e-05 -6.217767804628238e-05	1.000000000000000e+00	0	0	42
44	1.770764699710169e+03 1.021595735409778e+02 1.226260567866960e+03	 1.847808198363055e-05 -1.847808198363055e-05 -1.845449696702417e-05	1.000000000000000e+00	0	0	44
45	 1.369561439513063e+03 -9.765911566709480e+01  1.026442177623884e+03	-2.807106357067823e-04  2.803480892907828e-04  2.807106357067823e-04	1.000000000000000e+00	0	0	45
46	 8.665338729609297e+02 -7.083401943516424e+02  1.134561864901644e+03	-5.000795936211944e-04  4.996673669666052e-04  4.996673669666052e-04	1.000000000000000e+00	0	0	46
47	 3.060986858745361e+00 -1.441817857679293e+03  1.002105857508098e+03	 9.795201185625046e-05 -9.795201185625046e-05 -9.792428318178281e-05	1.000000000000000e+00	0	0	47
48	 2.035825421273667e+02 -1.041317499129252e+03  8.015845601240342e+02	 1.958945940714329e-04 -1.955813058884814e-04 -1.955813058884814e-04	1.000000000000000e+00	0	0	48
49	 4.033389224450186e+02 -1.241074525341409e+03  1.202849526440521e+03	-1.286269980482757e-04  1.282207958865911e-04  1.286269980482757e-04	1.000000000000000e+00	0	0	49
50	 9.072683620576781e+02 -6.312931998259569e+02  1.093829404512646e+03	 6.016410770826042e-04 -5.992991500534117e-04 -5.992991500534117e-04	1.000000000000000e+00	0	0	50
51	 1.570575352638512e+03 -2.986726344461995e+02  1.426449969892403e+03	 1.071459773811512e-04 -1.070572616299614e-04 -1.070572616299614e-04	1.000000000000000e+00	0	0	51
52	-3.792545335794900e+01 -2.423074145116793e+02  7.669008218923897e+02	1.033515582093969e-04 1.033952430589125e-04 1.033515582093969e-04	1.000000000000000e+00	12	0	52
53	 2.489140211300714e+02  5.814677761832960e+02 -3.440246963239350e+02	2.090953603328671e-05 2.090953603328671e-05 2.092239265039098e-05	1.000000000000000e+00	12	0	53
54	 5.311256498863944e+02 -7.956236595627566e+02  7.505203613270614e+02	-1.101707857742440e-05 -9.206742106471211e-06 -9.206742106471211e-06	1.000000000000000e+00	12	0	54
55	 1.387388693824927e+03 -5.247953977311145e+02 -3.764163738884491e+02	1.069011796062114e-05 1.069011796062114e-05 1.069587233359925e-05	1.000000000000000e+00	12	0	55
56	 1.674831600288123e+03  2.995829388289636e+02 -1.486738473794269e+03	2.848136937245727e-04 2.844581031240523e-04 2.848136937245727e-04	1.000000000000000e+00	12	0	56
57	 1.102860332092573e+03  8.499455915016758e+02 -1.473311891717379e+03	-1.164177781902254e-03 -1.201697392389178e-03 -1.201697392389178e-03	1.000000000000000e+00	12	0	57
58	-9.761137805091892e+02  1.712879784269618e+02  8.967481641486050e+01	-2.145974576706067e-04  2.151212975149974e-04 -2.145974576706067e-04	1.000000000000000e+00	24	0	58
59	-5.440070566333115e+02  3.869677834137333e+02 -1.260056503980210e+02	-7.684349839109927e-05  7.684349839109927e-05 -7.704162271693349e-05	1.000000000000000e+00	24	0	59
60	-7.600895971945192e+02 -4.473712910952180e+01 -3.420875512475276e+02	-1.743580651236698e-04  1.738015271257609e-04 -1.738015271257609e-04	1.000000000000000e+00	24	0	60
61	 8.489288321185387e+01  3.884661188659880e+02 -7.752907992230374e+02	-1.396347535774112e-03  1.386303221806884e-03 -1.386303221806884e-03	1.000000000000000e+00	24	0	61
62	 1.172902779882434e+03  5.787768089246315e+02 -1.651494736993217e+03	-2.241027541458607e-04  2.217612054664642e-04 -2.241027541458607e-04	1.000000000000000e+00	24	0	62
63	 7.395316739754915e+02  3.643620407150734e+02 -1.437078167260250e+03	-1.009273575618863e-03  1.009273575618863e-03 -1.008546561934054e-03	1.000000000000000e+00	24	0	63
64	 9.584158938066525e+02  7.932787074052285e+02 -1.218208505528793e+03	 6.413192022591829e-04 -6.259643123485148e-04  6.259643123485148e-04	1.000000000000000e+00	24	0	64
65	 1.125646221717150e+02  3.608025492519346e+02 -7.857323473754993e+02	 1.447163056582212e-03 -1.454713754355907e-03  1.454713754355907e-03	1.000000000000000e+00	24	0	65
66	1.670686101034973e+03 2.022381722161743e+02 1.025828156383343e+03	 7.132736209314317e-05 -7.132736209314317e-05 -7.153496699174866e-05	1.000000000000000e+00	0	0	66
67	1.469661950822551e+03 1.027521732391321e+02 9.263416663143969e+02	-3.207978734280914e-04  3.215672622900456e-04  3.207978734280914e-04	1.000000000000000e+00	0	0	67
68	 9.982644979130068e+02 -6.426158533945886e+02  1.200286205858697e+03	-4.260567948222160e-04  4.274278762750328e-04  4.274278762750328e-04	1.000000000000000e+00	0	0	68
69	-9.711849979152247e+01 -1.341638371029025e+03  8.017745145994941e+02	 9.177706670016050e-05 -9.177706670016050e-05 -9.176499588647857e-05	1.000000000000000e+00	0	0	69
70	 3.268822450780505e+00 -1.141515067655403e+03  7.013869915978835e+02	 2.120867720805109e-04 -2.122959413100034e-04 -2.122959413100034e-04	1.000000000000000e+00	0	0	70
71	 1.031796728200043e+02 -1.541936543640552e+03  1.202498039506803e+03	 7.085357356118038e-05 -7.085357356118038e-05 -7.076360634528100e-05	1.000000000000000e+00	0	0	71
72	 3.032645729199342e+02 -1.441510737371609e+03  1.302923875965605e+03	-7.437833846779540e-05  7.425588410114869e-05  7.437833846779540e-05	1.000000000000000e+00	0	0	72
73	 7.757651105942341e+02 -6.972492809464588e+02  1.027873323392144e+03	 6.562643684446812e-04 -6.612853030674160e-04 -6.612853030674160e-04	1.000000000000000e+00	0	0	73
74	1.870885617478040e+03 2.038655773106955e+00 1.426650450775664e+03	-1.026792688207934e-05  1.026792688207934e-05  1.027506368700415e-05	1.000000000000000e+00	0	0	74
75	 1.770875043296879e+03 -1.984615127374491e+02  1.526661091601153e+03	 8.391796291107312e-05 -8.383248496102169e-05 -8.383248496102169e-05	1.000000000000000e+00	0	0	75
76	-1.274126304235576e+02 -6.332624245254589e+01  6.774136448267810e+02	9.808223694562912e-05 9.864158346317708e-05 9.808223694562912e-05	1.000000000000000e+00	12	0	76
77	1.544231006729485e+01 3.479960651205194e+02 1.213846306202109e+02	-2.464577846694738e-04 -2.464577846694738e-04 -2.480906550772488e-04	1.000000000000000e+00	12	0	77
78	 5.161458581591600e+01 -4.212347807358071e+02  8.564408610662547e+02	1.345350756309927e-04 1.351071259705350e-04 1.345350756309927e-04	1.000000000000000e+00	12	0	78
79	 3.361361893989289e+02 -6.978992889642668e+02  8.482447319255514e+02	7.451784040313214e-05 7.322420424316078e-05 7.322420424316078e-05	1.000000000000000e+00	12	0	79
80	 7.270378642245767e+02 -8.924291702301681e+02  6.537148506596501e+02	4.028617986477911e-04 4.033700097352266e-04 4.033700097352266e-04	1.000000000000000e+00	12	0	80
81	 1.154378641556534e+03 -7.578054499995073e+02  8.945605483968146e+01	-1.785909080354031e-05 -1.785909080354031e-05 -1.787556357157882e-05	1.000000000000000e+00	12	0	81
82	 1.620475517051312e+03 -2.917085745047293e+02 -8.422119856454834e+02	8.112454088404775e-05 8.112454088404775e-05 8.120426355162635e-05	1.000000000000000e+00	12	0	82
83	 1.764115887635135e+03  1.203992503767425e+02 -1.397454186447257e+03	1.734935212880373e-04 1.730277435854077e-04 1.734935212880373e-04	1.000000000000000e+00	12	0	83
84	 1.585317569729682e+03  4.785370322597671e+02 -1.576252504352710e+03	2.744098601397127e-04 2.743187360465527e-04 2.744098601397127e-04	1.000000000000000e+00	12	0	84
85	 1.301382263317991e+03  7.557770908094158e+02 -1.567480392409639e+03	4.826355143450201e-04 4.687150358222425e-04 4.687150358222425e-04	1.000000000000000e+00	12	0	85
86	 4.819195466459726e+02  8.144733016991971e+02 -8.099007755739246e+02	6.374696386046708e-05 6.374696386046708e-05 6.483671313617378e-05	1.000000000000000e+00	12	0	86
87	 9.126384982420161e+02  9.524398705721710e+02 -1.370817612646884e+03	1.516233431175351e-03 1.476707053370774e-03 1.476707053370774e-03	1.000000000000000e+00	12	0	87
88	-8.678603872049182e+02  3.869278461822053e+02  1.979282097191315e+02	-5.338944538380019e-05  5.364852040656842e-05 -5.338944538380019e-05	1.000000000000000e+00	24	0	88
89	-6.522776601156079e+02  4.952383868960296e+02  8.961746833858334e+01	-2.499020483810455e-04  2.499020483810455e-04 -2.498631074558944e-04	1.000000000000000e+00	24	0	89
90	-1.084173035545966e+03 -4.454697836468637e+01 -1.838443862191592e+01	-2.699534816201776e-04  2.696923329494894e-04 -2.699534816201776e-04	1.000000000000000e+00	24	0	90
91	-9.758452291200455e+02 -1.528746161134088e+02 -2.339500642436407e+02	-7.308964268304408e-05  7.300660945475101e-05 -7.300660945475101e-05	1.000000000000000e+00	24	0	91
92	 2.942498367306365e+02  4.943951855478352e+02 -8.812198659048846e+02	-1.674475963227451e-03  1.662932219915092e-03 -1.662932219915092e-03	1.000000000000000e+00	24	0	92
93	 1.064569059476510e+03  3.632199069859997e+02 -1.759828457399140e+03	-3.607903490774333e-04  3.626544785220176e-04 -3.607903490774333e-04	1.000000000000000e+00	24	0	93
94	 8.476066540708570e+02  2.562870606197079e+02 -1.652901600145637e+03	-9.464004542678595e-04  9.464004542678595e-04 -9.512021788395941e-04	1.000000000000000e+00	24	0	94
95	 1.278801202683843e+03  7.967456749708033e+02 -1.545596314191807e+03	-1.507900306023657e-03  1.474913791753352e-03 -1.507900306023657e-03	1.000000000000000e+00	24	0	95
96	 1.172191807772547e+03  9.033819200061621e+02 -1.328311718129727e+03	-5.558924167416990e-04  5.551395006477833e-04 -5.551395006477833e-04	1.000000000000000e+00	24	0	96
97	-9.775990415596894e+01  2.558755311299886e+02 -6.808053292535533e+02	 2.205220283940434e-03 -2.214547479525208e-03  2.214547479525208e-03	1.000000000000000e+00	24	0	97
98	-4.352595939020201e+02  2.782203206824418e+02 -3.411575323770677e+02	 3.609984705690295e-04 -3.609984705690295e-04  3.522552142385393e-04	1.000000000000000e+00	24	0	98
99	-5.444280101953957e+02  6.349256483190240e+01 -4.503172451889519e+02	-3.641724761109799e-04  3.596206079237163e-04 -3.596206079237163e-04	1.000000000000000e+00	24	0	99
100	-1.251378480143699e+02  2.831322133285461e+02 -6.699568936855954e+02	-2.241820329800248e-03  2.125754486769438e-03 -2.125754486769438e-03	1.000000000000000e+00	24	0	100
101	 7.350603706127976e+02 -7.743209722547845e+02  1.068581086998502e+03	-3.877028066199273e-04  3.863775637000799e-04  3.863775637000799e-04	1.000000000000000e+00	0	0	101
102	 4.036692402348242e+02 -9.408933121582816e+02  9.020087470950045e+02	 5.613671964965761e-05 -5.573648013523780e-05 -5.573648013523780e-05	1.000000000000000e+00	0	0	102
103	 5.032211091091997e+02 -1.040445464726289e+03  1.102967339776340e+03	-2.885727444663644e-04  2.886409056372941e-04  2.885727444663644e-04	1.000000000000000e+00	0	0	103
104	 6.317827612943778e+02  4.721109533961870e+02 -1.220911216319705e+03	-9.014579700306058e-04  9.014579700306058e-04 -8.748290711082518e-04	1.000000000000000e+00	24	0	104
105	 7.418270529370104e+02  6.859667239206672e+02 -1.110896522044232e+03	 3.496134013403207e-04 -3.417444822844118e-04  3.417444822844118e-04	1.000000000000000e+00	24	0	105
106	 3.234821393006827e+02  4.653443914924787e+02 -8.902741896160434e+02	 1.645838492549956e-03 -1.560819102451205e-03  1.560819102451205e-03	1.000000000000000e+00	24	0	106
107	 1.269495324250167e+03 -2.981042766500096e+02  1.126508292886781e+03	-2.240196045022458e-04  2.231029357062653e-04  2.240196045022458e-04	1.000000000000000e+00	0	0	107
108	 1.038692616745371e+03 -5.652629066628031e+02  1.159859697675799e+03	 4.543896357063204e-04 -4.507428384386003e-04 -4.507428384386003e-04	1.000000000000000e+00	0	0	108
109	 1.370302099095725e+03 -3.989103946954972e+02  1.326212209643105e+03	 1.481330546084791e-04 -1.482756924815476e-04 -1.482756924815476e-04	1.000000000000000e+00	0	0	109
110	-1.015584829347827e+02  2.309952721184419e+02  3.538267492385615e+02	-5.333092994987965e-04 -5.333092994987965e-04 -5.330657004378736e-04	1.000000000000000e+00	12	0	110
111	 1.037807503125178e+03 -8.743765884308636e+02  3.223263068202754e+02	-6.666326953563839e-05 -6.666326953563839e-05 -6.652384035987779e-05	1.000000000000000e+00	12	0	111
112	 1.737030604502125e+03 -1.751534870539167e+02 -1.075098169431244e+03	1.222432038048282e-04 1.222432038048282e-04 1.222987630171701e-04	1.000000000000000e+00	12	0	112
113	 5.995927751352566e+02  9.321465301884811e+02 -1.041659780387353e+03	7.360298186540604e-04 7.360298186540604e-04 7.471294957213104e-04	1.000000000000000e+00	12	0	113
114	 1.324134520540053e+02  4.649672071072299e+02 -1.110840446923172e+02	2.248273995064665e-05 2.248273995064665e-05 2.244118513772264e-05	1.000000000000000e+00	12	0	114
115	 3.653065881152603e+02  6.978603431684849e+02 -5.770733994555837e+02	-4.723197707789950e-05 -4.723197707789950e-05 -4.725485996459611e-05	1.000000000000000e+00	12	0	115
116	 1.270885371137893e+03 -6.412987204181482e+02 -1.434784518299754e+02	-2.637935949678649e-06 -2.637935949678649e-06 -2.638845217006747e-06	1.000000000000000e+00	12	0	116
117	 1.503916370353630e+03 -4.082677212024116e+02 -6.093299240797384e+02	3.735501741175540e-05 3.735501741175540e-05 3.738777741091326e-05	1.000000000000000e+00	12	0	117
0	-5.773502691896258e-01  5.773502691896258e-01  5.773502691896258e-01	-7.071067811865476e-01  3.124842898819631e-18 -7.071067811865476e-01	 1.198001808568474e+03 -5.294203851356715e-15  1.198001808568474e+03	1	0	0.000000000000000e+00	0.000000000000000e+00	0.000000000000000e+00
1	-5.773502691896258e-01  5.773502691896258e-01  5.773502691896258e-01	 0.000000000000000e+00  7.071067811865476e-01 -7.071067811865476e-01	 0.000000000000000e+00 -9.214510296266430e+02  9.214510296266430e+02	1	0	0.000000000000000e+00	0.000000000000000e+00	0.000000000000000e+00
2	-5.773502691896258e-01  5.773502691896258e-01  5.773502691896258e-01	 7.071067811865476e-01  7.071067811865476e-01 -3.124842898819631e-18	-7.193784354102739e+02 -7.193784354102739e+02  3.179073734356852e-15	1	0	0.000000000000000e+00	0.000000000000000e+00	0.000000000000000e+00
3	-5.773502691896258e-01  5.773502691896258e-01  5.773502691896258e-01	 7.071067811865476e-01 -3.124842898819631e-18  7.071067811865476e-01	 8.030942244427697e+02 -3.549030148066116e-15  8.030942244427697e+02	1	0	0.000000000000000e+00	0.000000000000000e+00	0.000000000000000e+00
4	-5.773502691896258e-01  5.773502691896258e-01  5.773502691896258e-01	 0.000000000000000e+00  7.071067811865476e-01 -7.071067811865476e-01	 0.000000000000000e+00 -8.625613021693013e+02  8.625613021693013e+02	1	0	0.000000000000000e+00	0.000000000000000e+00	0.000000000000000e+00
5	-5.773502691896258e-01  5.773502691896258e-01  5.773502691896258e-01	-7.071067811865476e-01 -7.071067811865476e-01  3.124842898819631e-18	 9.364621366255734e+02  9.364621366255734e+02 -4.138408986458117e-15	1	0	0.000000000000000e+00	0.000000000000000e+00	0.000000000000000e+00
6	 5.773502691896258e-01 -5.773502691896258e-01 -5.773502691896258e-01	0.000000000000000e+00 0.000000000000000e+00 0.000000000000000e+00	1.570392732195782e+03 3.025315410553647e+02 8.256108849411653e+02	1	1	0.000000000000000e+00	0.000000000000000e+00	0.000000000000000e+00
7	-5.773502691896258e-01 -5.773502691896258e-01 -5.773502691896258e-01	-7.071067811865476e-01  0.000000000000000e+00  7.071067811865476e-01	-4.024131376251693e+02  0.000000000000000e+00  4.024131376251693e+02	1	0	0.000000000000000e+00	0.000000000000000e+00	0.000000000000000e+00
8	-5.773502691896258e-01 -5.773502691896258e-01 -5.773502691896258e-01	 0.000000000000000e+00 -7.071067811865476e-01  7.071067811865476e-01	 0.000000000000000e+00 -7.730720104449091e+02  7.730720104449091e+02	1	0	0.000000000000000e+00	0.000000000000000e+00	0.000000000000000e+00
9	-5.773502691896258e-01 -5.773502691896258e-01 -5.773502691896258e-01	 7.071067811865476e-01 -7.071067811865476e-01  0.000000000000000e+00	 9.560920457780206e+02 -9.560920457780206e+02  0.000000000000000e+00	1	0	0.000000000000000e+00	0.000000000000000e+00	0.000000000000000e+00
10	-5.773502691896258e-01 -5.773502691896258e-01 -5.773502691896258e-01	 7.071067811865476e-01  0.000000000000000e+00 -7.071067811865476e-01	 1.580785037041196e+03  0.000000000000000e+00 -1.580785037041196e+03	1	0	0.000000000000000e+00	0.000000000000000e+00	0.000000000000000e+00
11	-5.773502691896258e-01 -5.773502691896258e-01 -5.773502691896258e-01	 0.000000000000000e+00  7.071067811865476e-01 -7.071067811865476e-01	 0.000000000000000e+00  1.161628741609527e+03 -1.161628741609527e+03	1	0	0.000000000000000e+00	0.000000000000000e+00	0.000000000000000e+00
12	-5.773502691896258e-01 -5.773502691896258e-01 -5.773502691896258e-01	-7.071067811865476e-01  7.071067811865476e-01  0.000000000000000e+00	-1.662768775266123e+02  1.662768775266123e+02  0.000000000000000e+00	1	0	0.000000000000000e+00	0.000000000000000e+00	0.000000000000000e+00
13	5.773502691896258e-01 5.773502691896258e-01 5.773502691896258e-01	0.000000000000000e+00 0.000000000000000e+00 0.000000000000000e+00	-2.170837012152994e+02  1.154700538379251e+02  5.877425740350395e+02	1	1	0.000000000000000e+00	0.000000000000000e+00	0.000000000000000e+00
14	-5.773502691896258e-01  5.773502691896258e-01 -5.773502691896258e-01	 7.071067811865476e-01  0.000000000000000e+00 -7.071067811865476e-01	-5.328942984620248e+02  0.000000000000000e+00  5.328942984620248e+02	1	0	0.000000000000000e+00	0.000000000000000e+00	0.000000000000000e+00
15	-5.773502691896258e-01  5.773502691896258e-01 -5.773502691896258e-01	-3.124842898819631e-18  7.071067811865476e-01  7.071067811865476e-01	 8.547268868455420e-16 -1.934123401785247e+02 -1.934123401785247e+02	1	0	0.000000000000000e+00	0.000000000000000e+00	0.000000000000000e+00
16	-5.773502691896258e-01  5.773502691896258e-01 -5.773502691896258e-01	 7.071067811865476e-01  7.071067811865476e-01 -3.124842898819631e-18	 5.519468573452824e+02  5.519468573452824e+02 -2.439160906938323e-15	1	0	0.000000000000000e+00	0.000000000000000e+00	0.000000000000000e+00
17	-5.773502691896258e-01  5.773502691896258e-01 -5.773502691896258e-01	-7.071067811865476e-01  0.000000000000000e+00  7.071067811865476e-01	 1.412198758437825e+03  0.000000000000000e+00 -1.412198758437825e+03	1	0	0.000000000000000e+00	0.000000000000000e+00	0.000000000000000e+00
18	-5.773502691896258e-01  5.773502691896258e-01 -5.773502691896258e-01	-3.124842898819631e-18  7.071067811865476e-01  7.071067811865476e-01	 9.389238637586849e-16 -2.124648990617823e+02 -2.124648990617823e+02	1	0	0.000000000000000e+00	0.000000000000000e+00	0.000000000000000e+00
19	-5.773502691896258e-01  5.773502691896258e-01 -5.773502691896258e-01	-7.071067811865476e-01 -7.071067811865476e-01  3.124842898819631e-18	-7.851963660978913e+01 -7.851963660978913e+01  3.469936018238618e-16	1	0	0.000000000000000e+00	0.000000000000000e+00	0.000000000000000e+00
20	 5.773502691896258e-01 -5.773502691896258e-01  5.773502691896258e-01	0.000000000000000e+00 0.000000000000000e+00 0.000000000000000e+00	-7.597929542535472e+02  6.027536810339691e+02  3.059956426705008e+02	1	1	0.000000000000000e+00	0.000000000000000e+00	0.000000000000000e+00
0	0	1	0
6	0	1	0
5	5	0	0
6	5	0	0
0	6	0	0
5	0	6	0
1	1	2	0
6	1	2	0
0	1	7	0
1	7	1	0
2	2	3	0
6	2	3	0
1	2	8	0
2	8	2	0
3	3	4	0
6	3	4	0
2	3	9	0
3	9	3	0
4	4	5	0
6	4	5	0
3	4	10	0
4	10	4	0
4	5	11	0
5	11	5	0
5	6	66	0
0	67	6	0
0	7	42	0
1	68	7	0
2	69	8	0
1	8	70	0
2	9	71	0
3	72	9	0
3	10	38	0
4	73	10	0
5	74	11	0
4	11	75	0
7	12	13	0
13	12	13	0
12	17	12	0
13	17	12	0
7	18	12	0
12	12	18	0
8	13	14	0
13	13	14	0
7	13	19	0
8	19	13	0
9	14	15	0
13	14	15	0
8	14	20	0
9	20	14	0
10	15	16	0
13	15	16	0
9	15	21	0
10	21	15	0
11	16	17	0
13	16	17	0
10	16	22	0
11	22	16	0
11	17	23	0
12	23	17	0
7	76	18	0
12	18	110	0
7	19	78	0
8	79	19	0
8	20	80	0
9	111	20	0
10	83	21	0
9	21	112	0
10	22	84	0
11	85	22	0
11	23	87	0
12	113	23	0
14	24	25	0
20	24	25	0
19	29	24	0
20	29	24	0
14	30	24	0
19	24	30	0
15	25	26	0
20	25	26	0
14	25	31	0
15	31	25	0
16	26	27	0
20	26	27	0
15	26	32	0
16	32	26	0
17	27	28	0
20	27	28	0
16	27	33	0
17	33	27	0
18	28	29	0
20	28	29	0
17	28	34	0
18	34	28	0
18	29	35	0
19	35	29	0
14	88	30	0
19	30	89	0
14	31	90	0
15	91	31	0
16	40	32	0
15	32	92	0
17	93	33	0
16	33	94	0
17	34	95	0
18	96	34	0
19	36	35	0
18	35	97	0
19	98	36	0
15	36	99	0
15	100	36	0
1	38	101	0
1	102	38	0
3	38	103	0
16	104	40	0
18	40	105	0
18	106	40	0
0	42	107	0
4	42	108	0
4	109	42	0
5	66	44	0
5	44	74	0
0	45	67	0
0	107	45	0
1	46	68	0
1	101	46	0
2	47	69	0
2	71	47	0
1	70	48	0
1	48	102	0
3	49	72	0
3	103	49	0
4	50	73	0
4	108	50	0
4	75	51	0
4	51	109	0
7	52	76	0
7	78	52	0
12	114	53	0
12	53	115	0
8	54	79	0
8	80	54	0
9	55	116	0
9	117	55	0
10	56	83	0
10	84	56	0
11	57	85	0
11	87	57	0
14	58	88	0
14	90	58	0
19	89	59	0
19	59	98	0
15	60	91	0
15	99	60	0
15	92	61	0
15	61	100	0
17	62	93	0
17	95	62	0
16	94	63	0
16	63	104	0
18	64	96	0
18	105	64	0
18	97	65	0
18	65	106	0
12	110	77	0
12	77	114	0
9	81	111	0
9	116	81	0
9	112	82	0
9	82	117	0
12	86	113	0
12	115	86	0
