114
21
172
0	1.570392732195782e+03 3.025315410553647e+02 8.256108849411653e+02	0.000000000000000e+00 0.000000000000000e+00 0.000000000000000e+00	1.000000000000000e+00	0	0	0
1	 1.130451827073287e+03 -5.773502691896260e+02  1.265551790063660e+03	0.000000000000000e+00 0.000000000000000e+00 0.000000000000000e+00	1.000000000000000e+00	0	0	1
2	-1.974537920628516e+02 -1.241303078757696e+03  6.015989804955904e+02	0.000000000000000e+00 0.000000000000000e+00 0.000000000000000e+00	1.000000000000000e+00	0	0	2
3	 2.032272947547480e+02 -1.641984165575296e+03  1.402961154130791e+03	0.000000000000000e+00 0.000000000000000e+00 0.000000000000000e+00	1.000000000000000e+00	0	0	3
4	 6.431681998772439e+02 -7.621023553303065e+02  9.630202490082960e+02	0.000000000000000e+00 0.000000000000000e+00 0.000000000000000e+00	1.000000000000000e+00	0	0	4
5	 1.971073819013383e+03 -9.814954576223676e+01  1.626973058576365e+03	0.000000000000000e+00 0.000000000000000e+00 0.000000000000000e+00	1.000000000000000e+00	0	0	5
6	1.570047028932174e+03 3.028772443189725e+02 8.259565882047731e+02	-1.141644897870719e-04  1.164061541203409e-04  1.131864628405310e-04	1.000000000000000e+00	0	0	6
7	 1.129636942748323e+03 -5.765353848646625e+02  1.266366674388624e+03	-4.280863795429468e-04  4.280863795429468e-04  4.280863795429468e-04	1.000000000000000e+00	0	0	7
8	-1.971065987034419e+02 -1.241650272117106e+03  6.012517871361806e+02	 1.105122573790140e-04 -1.109748409362510e-04 -1.109628501581028e-04	1.000000000000000e+00	0	0	8
9	 2.032226601029525e+02 -1.641979530923500e+03  1.402965788782586e+03	 1.077821252692956e-06 -1.230002453667112e-06 -9.243016165783047e-07	1.000000000000000e+00	0	0	9
10	 6.436440163459902e+02 -7.625781717990528e+02  9.625444325395496e+02	 3.284734363357226e-04 -3.284734363357226e-04 -3.284734363357226e-04	1.000000000000000e+00	0	0	10
11	 1.971153752530630e+03 -9.822947927948358e+01  1.626893125059119e+03	 2.917009805969428e-05 -2.903106360463426e-05 -2.899270475609228e-05	1.000000000000000e+00	0	0	11
12	-2.170837012152994e+02  1.154700538379251e+02  5.877425740350395e+02	0.000000000000000e+00 0.000000000000000e+00 0.000000000000000e+00	1.000000000000000e+00	12	0	12
13	 1.408734656822689e+02 -6.004442799572098e+02  9.456997409326077e+02	0.000000000000000e+00 0.000000000000000e+00 0.000000000000000e+00	1.000000000000000e+00	12	0	13
14	 9.214510296266424e+02 -9.907330619293978e+02  5.554109589604201e+02	0.000000000000000e+00 0.000000000000000e+00 0.000000000000000e+00	1.000000000000000e+00	12	0	14
15	 1.853294364098699e+03 -5.888972745734176e+01 -1.308275709983692e+03	0.000000000000000e+00 0.000000000000000e+00 0.000000000000000e+00	1.000000000000000e+00	12	0	15
16	 1.495337197201131e+03  6.570246063377946e+02 -1.666232876881260e+03	0.000000000000000e+00 0.000000000000000e+00 0.000000000000000e+00	1.000000000000000e+00	12	0	16
17	 7.147596332567570e+02  1.047313388309982e+03 -1.275944094909073e+03	0.000000000000000e+00 0.000000000000000e+00 0.000000000000000e+00	1.000000000000000e+00	12	0	17
18	-2.178588358645620e+02  1.146949191886625e+02  5.869674393857770e+02	-2.443812506195779e-04 -2.443812506195779e-04 -2.443812506195779e-04	1.000000000000000e+00	12	0	18
19	 1.419971391427021e+02 -5.993206064967767e+02  9.468234143930408e+02	3.501918496719251e-04 3.501918496719251e-04 3.501918496719251e-04	1.000000000000000e+00	12	0	19
20	 9.216872145366118e+02 -9.904968770194283e+02  5.556471438703895e+02	8.562160655856133e-05 8.285729563795030e-05 8.338074985658750e-05	1.000000000000000e+00	12	0	20
21	 1.853676775775817e+03 -5.850731578022391e+01 -1.307893298306574e+03	1.222953869728372e-04 1.221682323375717e-04 1.222974970005453e-04	1.000000000000000e+00	12	0	21
22	 1.496368761779891e+03  6.580561709165543e+02 -1.665201312302500e+03	3.346994053572416e-04 3.346994053572416e-04 3.346994053572416e-04	1.000000000000000e+00	12	0	22
23	 7.190583414073531e+02  1.051612096460578e+03 -1.271645386758477e+03	1.353334131029745e-03 1.353334131029745e-03 1.353334131029745e-03	1.000000000000000e+00	12	0	23
24	-7.597929542535472e+02  6.027536810339691e+02  3.059956426705008e+02	0.000000000000000e+00 0.000000000000000e+00 0.000000000000000e+00	1.000000000000000e+00	24	0	24
25	-1.191650955607388e+03 -2.609623216737101e+02 -1.258623586833382e+02	0.000000000000000e+00 0.000000000000000e+00 0.000000000000000e+00	1.000000000000000e+00	24	0	25
26	 5.126870390403868e+02  5.912066756501777e+02 -9.780313560072266e+02	0.000000000000000e+00 0.000000000000000e+00 0.000000000000000e+00	1.000000000000000e+00	24	0	26
27	 9.572467463163994e+02  1.466469683741651e+02 -1.867150770559250e+03	0.000000000000000e+00 0.000000000000000e+00 0.000000000000000e+00	1.000000000000000e+00	24	0	27
28	 1.389104747670240e+03  1.010362971081845e+03 -1.435292769205410e+03	0.000000000000000e+00 0.000000000000000e+00 0.000000000000000e+00	1.000000000000000e+00	24	0	28
29	-3.152332469775362e+02  1.581939737579582e+02 -5.831237718815206e+02	0.000000000000000e+00 0.000000000000000e+00 0.000000000000000e+00	1.000000000000000e+00	24	0	29
30	-7.600256881837468e+02  6.029864149641687e+02  3.057629087403012e+02	-7.440805347869173e-05  7.446559902746230e-05 -7.332916720770299e-05	1.000000000000000e+00	24	0	30
31	-1.192105639490563e+03 -2.605076377905352e+02 -1.263170425665130e+02	-1.472207368351519e-04  1.463421504013240e-04 -1.471902651246637e-04	1.000000000000000e+00	24	0	31
32	 5.023976831530152e+02  6.014960315375492e+02 -9.883207118945982e+02	-5.686082815069919e-04  5.686082815069917e-04 -5.686082815069918e-04	1.000000000000000e+00	24	0	32
33	 9.554577584576817e+02  1.484359562328827e+02 -1.868939758417968e+03	-5.805836214373509e-04  5.805836214373509e-04 -5.805836214373509e-04	1.000000000000000e+00	24	0	33
34	 1.385709931086923e+03  1.013757787665162e+03 -1.438687585788726e+03	-1.108090548465649e-03  1.108090548465649e-03 -1.108090548465649e-03	1.000000000000000e+00	24	0	34
35	-3.058394232497669e+02  1.488001500301889e+02 -5.737299481537513e+02	 7.726530602667481e-04 -7.726530602667481e-04  7.726530602667481e-04	1.000000000000000e+00	24	0	35
36	-3.302796119335146e+02  1.732403387139366e+02 -5.600650190709842e+02	-1.594685600139201e-04  1.217655881191604e-04  1.223588187713176e-04	1.000000000000000e+00	24	0	36
38	 6.032596002365998e+02 -8.399732106043465e+02  1.002928848648940e+03	-2.348008468591919e-04  2.348008468591918e-04  2.348008468591919e-04	1.000000000000000e+00	0	0	38
40	 5.281624140075623e+02  5.757313006830024e+02 -1.000661098806567e+03	 9.023546590469778e-05 -5.704669820261188e-05 -1.081993177649565e-04	1.000000000000000e+00	24	0	40
42	 1.169902067035436e+03 -4.990210542370910e+02  1.226101550101511e+03	 9.590768604539335e-05 -8.863233961164951e-05 -9.122619667323306e-05	1.000000000000000e+00	0	0	42
44	1.770790222941017e+03 1.021340503101296e+02 1.226235089933044e+03	 1.960163353942335e-05 -1.960163353942335e-05 -1.955716288648546e-05	1.000000000000000e+00	0	0	44
45	 1.369180236589668e+03 -9.727858957810173e+01  1.026823380547280e+03	-2.882940461859107e-04  2.876440994441509e-04  2.882940461859107e-04	1.000000000000000e+00	0	0	45
46	 8.656755597791429e+02 -7.074828961081425e+02  1.135419163145144e+03	-8.003708207979798e-04  7.991667371243238e-04  7.991667371243238e-04	1.000000000000000e+00	0	0	46
47	 3.192253503617442e+00 -1.441949124324165e+03  1.001974639440102e+03	 9.798130486160517e-05 -9.798130486160517e-05 -9.793713979888707e-05	1.000000000000000e+00	0	0	47
48	 2.038412555097939e+02 -1.041575646861359e+03  8.013264123919269e+02	 1.902200165204704e-04 -1.896917092381045e-04 -1.896917092381045e-04	1.000000000000000e+00	0	0	48
49	 4.031667240159261e+02 -1.240903072214426e+03  1.203021724869613e+03	-1.283567544305697e-04  1.276514376513660e-04  1.283567544305697e-04	1.000000000000000e+00	0	0	49
50	 9.082619466938695e+02 -6.322812415133062e+02  1.092841362825296e+03	 9.008308406919241e-04 -8.944300352595747e-04 -8.944300352595747e-04	1.000000000000000e+00	0	0	50
51	 1.570723817685055e+03 -2.988209253555315e+02  1.426301678983071e+03	 1.145444985013455e-04 -1.143701229011640e-04 -1.143701229011640e-04	1.000000000000000e+00	0	0	51
52	-3.778421700595687e+01 -2.421660851188739e+02  7.670420582443818e+02	1.074737738235854e-04 1.075720574590378e-04 1.074737738235854e-04	1.000000000000000e+00	12	0	52
53	 2.489366716246136e+02  5.814904266778382e+02 -3.440020192262317e+02	1.459415580029599e-05 1.459415580029599e-05 1.462073942093411e-05	1.000000000000000e+00	12	0	53
54	 5.311199005734726e+02 -7.956260798358943e+02  7.505179410539239e+02	2.187151721955161e-06 5.340316874935525e-06 5.340316874935525e-06	1.000000000000000e+00	12	0	54
55	 1.387403703396840e+03 -5.247803881592008e+02 -3.764013532114932e+02	1.158771738118958e-05 1.158771738118958e-05 1.159857038146583e-05	1.000000000000000e+00	12	0	55
56	 1.675207801872563e+03  2.999584943472797e+02 -1.486362272209829e+03	2.766721299849451e-04 2.760654606390744e-04 2.766721299849451e-04	1.000000000000000e+00	12	0	56
57	 1.101403935495484e+03  8.484241971956969e+02 -1.474833286023358e+03	-1.013480825349689e-03 -1.072941347956657e-03 -1.072941347956657e-03	1.000000000000000e+00	12	0	57
58	-9.763965006071410e+02  1.715716477172111e+02  8.939209631690873e+01	-2.075020893244073e-04  2.083912841044366e-04 -2.075020893244073e-04	1.000000000000000e+00	24	0	58
59	-5.441064644501266e+02  3.870671912305484e+02 -1.261053880003725e+02	-7.148320582928136e-05  7.148320582928136e-05 -7.176759390858933e-05	1.000000000000000e+00	24	0	59
60	-7.603290897655588e+02 -4.449875626991286e+01 -3.423259240871366e+02	-1.827006926760077e-04  1.815741998143494e-04 -1.815741998143494e-04	1.000000000000000e+00	24	0	60
61	 8.425594967853186e+01  3.890986641532868e+02 -7.759233445103363e+02	-6.750608736183494e-05  6.673559983028099e-05 -6.673559983028099e-05	1.000000000000000e+00	24	0	61
62	 1.172559783526909e+03  5.791140398987850e+02 -1.651837733348741e+03	-2.843420370481908e-04  2.779469359666109e-04 -2.843420370481908e-04	1.000000000000000e+00	24	0	62
63	 7.381735370269441e+02  3.657201776636207e+02 -1.438435036376210e+03	-1.017879112623632e-03  1.017879112623632e-03 -1.016735448502004e-03	1.000000000000000e+00	24	0	63
64	 9.592578192908973e+02  7.924644717473093e+02 -1.217394269870874e+03	 6.152765708975494e-04 -5.894587375223637e-04  5.894587375223637e-04	1.000000000000000e+00	24	0	64
65	 1.133044081505329e+02  3.600601258417273e+02 -7.849899239652921e+02	 1.538381329737604e-04 -1.539093937026337e-04  1.539093937026337e-04	1.000000000000000e+00	24	0	65
66	1.670783653530545e+03 2.021406197206022e+02 1.025730195394643e+03	 7.426103547913954e-05 -7.426103547913954e-05 -7.466997340088710e-05	1.000000000000000e+00	0	0	66
67	1.469226235237739e+03 1.031893549373196e+02 9.267773818992089e+02	-3.295547212474048e-04  3.309863386675715e-04  3.295547212474048e-04	1.000000000000000e+00	0	0	67
68	 9.975322068107430e+02 -6.418796027800158e+02  1.201022456473270e+03	-6.842061993665993e-04  6.894097896292806e-04  6.894097896292806e-04	1.000000000000000e+00	0	0	68
69	-9.699648805903051e+01 -1.341760382761517e+03  8.016525238427075e+02	 9.034187678480521e-05 -9.034187678480521e-05 -9.032297384692356e-05	1.000000000000000e+00	0	0	69
70	 3.550370697565455e+00 -1.141796992643313e+03  7.011050666099732e+02	 2.081247948808596e-04 -2.084758307319134e-04 -2.084758307319134e-04	1.000000000000000e+00	0	0	70
71	 1.032765051873048e+02 -1.542033376007853e+03  1.202401376743690e+03	 7.368200022028759e-05 -7.368200022028759e-05 -7.351784006459638e-05	1.000000000000000e+00	0	0	71
72	 3.031653849572378e+02 -1.441411775293607e+03  1.303023063928302e+03	-7.364799967035651e-05  7.343328616116196e-05  7.364799967035651e-05	1.000000000000000e+00	0	0	72
73	 7.768054192250847e+02 -6.983013214859079e+02  1.026821282852695e+03	 9.133635321632028e-04 -9.268859867006540e-04 -9.268859867006540e-04	1.000000000000000e+00	0	0	73
74	1.870871651861814e+03 2.052621389332446e+00 1.426664431138132e+03	-1.059456917573698e-05  1.059456917573698e-05  1.060989870893536e-05	1.000000000000000e+00	0	0	74
75	 1.770992022187665e+03 -1.985783241606477e+02  1.526544280177955e+03	 9.073585533769801e-05 -9.056862472789362e-05 -9.056862472789362e-05	1.000000000000000e+00	0	0	75
76	-1.272843863865671e+02 -6.319698545213793e+01  6.775418888637715e+02	9.351756307296455e-05 9.446742478758097e-05 9.351756307296455e-05	1.000000000000000e+00	12	0	76
77	1.511140471509959e+01 3.476651597683241e+02 1.210507296283545e+02	-2.472903870511800e-04 -2.472903870511800e-04 -2.501251001376659e-04	1.000000000000000e+00	12	0	77
78	 5.179989470007592e+01 -4.210484059423522e+02  8.566261699504146e+02	1.419617474311963e-04 1.429829571861774e-04 1.419617474311963e-04	1.000000000000000e+00	12	0	78
79	 3.362444223080949e+02 -6.977934493062694e+02  8.483505715835488e+02	8.709984103916213e-05 8.481950499117374e-05 8.481950499117374e-05	1.000000000000000e+00	12	0	79
80	 7.275693338529370e+02 -8.918968134411817e+02  6.542472074486365e+02	3.903516335412860e-04 3.911546082235873e-04 3.911546082235873e-04	1.000000000000000e+00	12	0	80
81	 1.154355096078094e+03 -7.578289954779470e+02  8.943248000044994e+01	-1.732040618662722e-05 -1.732040618662722e-05 -1.734752913762350e-05	1.000000000000000e+00	12	0	81
82	 1.620584524776382e+03 -2.915995667796592e+02 -8.421028313564990e+02	8.145055471686646e-05 8.145055471686646e-05 8.158937271218747e-05	1.000000000000000e+00	12	0	82
83	 1.764346575639744e+03  1.206290981179394e+02 -1.397223498442648e+03	1.707325136521831e-04 1.699486601864919e-04 1.707325136521831e-04	1.000000000000000e+00	12	0	83
84	 1.585683567460494e+03  4.789028394583663e+02 -1.575886506621897e+03	2.718541072681546e-04 2.716552990023047e-04 2.718541072681546e-04	1.000000000000000e+00	12	0	84
85	 1.302062972695679e+03  7.564362366970950e+02 -1.566821246521960e+03	5.248226225376129e-04 5.062820273451507e-04 5.062820273451507e-04	1.000000000000000e+00	12	0	85
86	 4.820086020966494e+02  8.145623571498739e+02 -8.098096170459200e+02	6.989914254518226e-05 6.989914254518226e-05 7.196162914624438e-05	1.000000000000000e+00	12	0	86
87	 9.146508207841573e+02  9.543811919274617e+02 -1.368876291291593e+03	1.487686648033559e-03 1.421704888343811e-03 1.421704888343811e-03	1.000000000000000e+00	12	0	87
88	-8.679285210171377e+02  3.869964529273332e+02  1.978600759069120e+02	-4.844654904445633e-05  4.889277261099778e-05 -4.844654904445633e-05	1.000000000000000e+00	24	0	88
89	-6.526100668195727e+02  4.955707935999944e+02  8.928513887283762e+01	-2.462472184561193e-04  2.462472184561193e-04 -2.461697440594435e-04	1.000000000000000e+00	24	0	89
90	-1.084531565772013e+03 -4.418891629720980e+01 -1.874296884796308e+01	-2.652110415510833e-04  2.647762012202293e-04 -2.652110415510833e-04	1.000000000000000e+00	24	0	90
91	-9.759467121380520e+02 -1.527732976458694e+02 -2.340513827111801e+02	-7.830589311197400e-05  7.814083801349625e-05 -7.814083801349625e-05	1.000000000000000e+00	24	0	91
92	 2.932867105922891e+02  4.953486718805633e+02 -8.821733522376127e+02	-2.545237657614052e-04  2.508337202016264e-04 -2.508337202016264e-04	1.000000000000000e+00	24	0	92
93	 1.064085602537808e+03  3.637066261481157e+02 -1.760311914337842e+03	-3.608255065046251e-04  3.638018388301134e-04 -3.608255065046251e-04	1.000000000000000e+00	24	0	93
94	 8.463339633848090e+02  2.575597513057559e+02 -1.654183221337113e+03	-9.531208779662848e-04  9.531208779662848e-04 -9.616710012778640e-04	1.000000000000000e+00	24	0	94
95	 1.276841707383649e+03  7.986501357503109e+02 -1.547555809492001e+03	-1.399724744260311e-03  1.353157218545675e-03 -1.399724744260311e-03	1.000000000000000e+00	24	0	95
96	 1.171444686443768e+03  9.041271546602725e+02 -1.329056952783837e+03	-5.594423855654895e-04  5.572561058215797e-04 -5.572561058215797e-04	1.000000000000000e+00	24	0	96
97	-9.654913959410183e+01  2.546671423892679e+02 -6.795969405128326e+02	 2.841947134584188e-04 -2.805681142490357e-04  2.805681142490357e-04	1.000000000000000e+00	24	0	97
98	-4.347746446777117e+02  2.777353714581334e+02 -3.406872120059717e+02	 3.627698170021176e-04 -3.627698170021176e-04  3.503984189592302e-04	1.000000000000000e+00	24	0	98
99	-5.449367628015937e+02  6.399418072392126e+01 -4.508188610809707e+02	-3.889086365234107e-04  3.835111565422267e-04 -3.835111565422267e-04	1.000000000000000e+00	24	0	99
100	-1.262531210032262e+02  2.841699877336681e+02 -6.709946680907175e+02	-1.523202809039503e-04  1.253507798537612e-04 -1.253507798537612e-04	1.000000000000000e+00	24	0	100
101	 7.343809537027799e+02 -7.736458372388961e+02  1.069256222014390e+03	-6.435211398638785e-04  6.375267403200269e-04  6.375267403200269e-04	1.000000000000000e+00	0	0	101
102	 4.037427493854527e+02 -9.409660807601470e+02  9.019359784931391e+02	 5.322810829966329e-05 -5.252419578027911e-05 -5.252419578027911e-05	1.000000000000000e+00	0	0	102
103	 5.028366460637155e+02 -1.040060913238194e+03  1.103351802821824e+03	-2.852252800948918e-04  2.852736506611109e-04  2.852252800948918e-04	1.000000000000000e+00	0	0	103
104	 6.305558238709176e+02  4.733378908196472e+02 -1.222093805347154e+03	-9.297856013290584e-04  9.297856013290584e-04 -8.909235475584865e-04	1.000000000000000e+00	24	0	104
105	 7.423265915319255e+02  6.854780584438474e+02 -1.110407856567412e+03	 3.913784457836300e-04 -3.837382828351110e-04  3.837382828351110e-04	1.000000000000000e+00	24	0	105
106	 3.243355875449309e+02  4.645540059475674e+02 -8.894838040711321e+02	 1.414734579157084e-04 -1.151638643932529e-04  1.151638643932529e-04	1.000000000000000e+00	24	0	106
107	 1.269188236098098e+03 -2.977989801730938e+02  1.126815381038849e+03	-2.343881642445922e-04  2.325990790268406e-04  2.343881642445922e-04	1.000000000000000e+00	0	0	107
108	 1.039452913975874e+03 -5.660134620428760e+02  1.159109142295727e+03	 6.975892465561628e-04 -6.853487575426698e-04 -6.853487575426698e-04	1.000000000000000e+00	0	0	108
109	 1.370509264363466e+03 -3.991178274640667e+02  1.326004776874536e+03	 1.614403008716181e-04 -1.616959780221805e-04 -1.616959780221805e-04	1.000000000000000e+00	0	0	109
110	-1.022687405488141e+02  2.302850145044104e+02  3.531169603697757e+02	-5.267566302791238e-04 -5.267566302791238e-04 -5.262963240966201e-04	1.000000000000000e+00	12	0	110
111	 1.037721127168143e+03 -8.744629643878984e+02  3.222401853655205e+02	-6.223188393050805e-05 -6.223188393050805e-05 -6.199227937031537e-05	1.000000000000000e+00	12	0	111
112	 1.737194099247620e+03 -1.749899923084217e+02 -1.074934573360625e+03	1.216868549818173e-04 1.216868549818173e-04 1.217822791659273e-04	1.000000000000000e+00	12	0	112
113	 6.005738138883745e+02  9.331275689415990e+02 -1.040658475583471e+03	7.278139819391072e-04 7.278139819391072e-04 7.469093543477356e-04	1.000000000000000e+00	12	0	113
114	 1.324390781478185e+02  4.649928332010430e+02 -1.110585181347284e+02	1.626246012165211e-05 1.626246012165211e-05 1.615269502508454e-05	1.000000000000000e+00	12	0	114
115	 3.652363721920325e+02  6.977901272452571e+02 -5.771436714365761e+02	-5.409585719462484e-05 -5.409585719462484e-05 -5.415673149400391e-05	1.000000000000000e+00	12	0	115
116	 1.270882319364588e+03 -6.413017721914537e+02 -1.434815050657324e+02	-2.012073764490196e-06 -2.012073764490196e-06 -2.013337280004635e-06	1.000000000000000e+00	12	0	116
117	 1.503967120787028e+03 -4.082169707690134e+02 -6.092791125689361e+02	3.825614840025082e-05 3.825614840025082e-05 3.831455978797749e-05	1.000000000000000e+00	12	0	117
0	-5.773502691896258e-01  5.773502691896258e-01  5.773502691896258e-01	-7.071067811865476e-01  3.124842898819631e-18 -7.071067811865476e-01	 1.198001808568474e+03 -5.294203851356715e-15  1.198001808568474e+03	1	0	0.000000000000000e+00	0.000000000000000e+00	0.000000000000000e+00
1	-5.773502691896258e-01  5.773502691896258e-01  5.773502691896258e-01	 0.000000000000000e+00  7.071067811865476e-01 -7.071067811865476e-01	 0.000000000000000e+00 -9.214510296266430e+02  9.214510296266430e+02	1	0	0.000000000000000e+00	0.000000000000000e+00	0.000000000000000e+00
2	-5.773502691896258e-01  5.773502691896258e-01  5.773502691896258e-01	 7.071067811865476e-01  7.071067811865476e-01 -3.124842898819631e-18	-7.193784354102739e+02 -7.193784354102739e+02  3.179073734356852e-15	1	0	0.000000000000000e+00	0.000000000000000e+00	0.000000000000000e+00
3	-5.773502691896258e-01  5.773502691896258e-01  5.773502691896258e-01	 7.071067811865476e-01 -3.124842898819631e-18  7.071067811865476e-01	 8.030942244427697e+02 -3.549030148066116e-15  8.030942244427697e+02	1	0	0.000000000000000e+00	0.000000000000000e+00	0.000000000000000e+00
4	-5.773502691896258e-01  5.773502691896258e-01  5.773502691896258e-01	 0.000000000000000e+00  7.071067811865476e-01 -7.071067811865476e-01	 0.000000000000000e+00 -8.625613021693013e+02  8.625613021693013e+02	1	0	0.000000000000000e+00	0.000000000000000e+00	0.000000000000000e+00
5	-5.773502691896258e-01  5.773502691896258e-01  5.773502691896258e-01	-7.071067811865476e-01 -7.071067811865476e-01  3.124842898819631e-18	 9.364621366255734e+02  9.364621366255734e+02 -4.138408986458117e-15	1	0	0.000000000000000e+00	0.000000000000000e+00	0.000000000000000e+00
6	 5.773502691896258e-01 -5.773502691896258e-01 -5.773502691896258e-01	0.000000000000000e+00 0.000000000000000e+00 0.000000000000000e+00	1.570392732195782e+03 3.025315410553647e+02 8.256108849411653e+02	1	1	0.000000000000000e+00	0.000000000000000e+00	0.000000000000000e+00
7	-5.773502691896258e-01 -5.773502691896258e-01 -5.773502691896258e-01	-7.071067811865476e-01  0.000000000000000e+00  7.071067811865476e-01	-4.024131376251693e+02  0.000000000000000e+00  4.024131376251693e+02	1	0	0.000000000000000e+00	0.000000000000000e+00	0.000000000000000e+00
8	-5.773502691896258e-01 -5.773502691896258e-01 -5.773502691896258e-01	 0.000000000000000e+00 -7.071067811865476e-01  7.071067811865476e-01	 0.000000000000000e+00 -7.730720104449091e+02  7.730720104449091e+02	1	0	0.000000000000000e+00	0.000000000000000e+00	0.000000000000000e+00
9	-5.773502691896258e-01 -5.773502691896258e-01 -5.773502691896258e-01	 7.071067811865476e-01 -7.071067811865476e-01  0.000000000000000e+00	 9.560920457780206e+02 -9.560920457780206e+02  0.000000000000000e+00	1	0	0.000000000000000e+00	0.000000000000000e+00	0.000000000000000e+00
10	-5.773502691896258e-01 -5.773502691896258e-01 -5.773502691896258e-01	 7.071067811865476e-01  0.000000000000000e+00 -7.071067811865476e-01	 1.580785037041196e+03  0.000000000000000e+00 -1.580785037041196e+03	1	0	0.000000000000000e+00	0.000000000000000e+00	0.000000000000000e+00
11	-5.773502691896258e-01 -5.773502691896258e-01 -5.773502691896258e-01	 0.000000000000000e+00  7.071067811865476e-01 -7.071067811865476e-01	 0.000000000000000e+00  1.161628741609527e+03 -1.161628741609527e+03	1	0	0.000000000000000e+00	0.000000000000000e+00	0.000000000000000e+00
12	-5.773502691896258e-01 -5.773502691896258e-01 -5.773502691896258e-01	-7.071067811865476e-01  7.071067811865476e-01  0.000000000000000e+00	-1.662768775266123e+02  1.662768775266123e+02  0.000000000000000e+00	1	0	0.000000000000000e+00	0.000000000000000e+00	0.000000000000000e+00
13	5.773502691896258e-01 5.773502691896258e-01 5.773502691896258e-01	0.000000000000000e+00 0.000000000000000e+00 0.000000000000000e+00	-2.170837012152994e+02  1.154700538379251e+02  5.877425740350395e+02	1	1	0.000000000000000e+00	0.000000000000000e+00	0.000000000000000e+00
14	-5.773502691896258e-01  5.773502691896258e-01 -5.773502691896258e-01	 7.071067811865476e-01  0.000000000000000e+00 -7.071067811865476e-01	-5.328942984620248e+02  0.000000000000000e+00  5.328942984620248e+02	1	0	0.000000000000000e+00	0.000000000000000e+00	0.000000000000000e+00
15	-5.773502691896258e-01  5.773502691896258e-01 -5.773502691896258e-01	-3.124842898819631e-18  7.071067811865476e-01  7.071067811865476e-01	 8.547268868455420e-16 -1.934123401785247e+02 -1.934123401785247e+02	1	0	0.000000000000000e+00	0.000000000000000e+00	0.000000000000000e+00
16	-5.773502691896258e-01  5.773502691896258e-01 -5.773502691896258e-01	 7.071067811865476e-01  7.071067811865476e-01 -3.124842898819631e-18	 5.519468573452824e+02  5.519468573452824e+02 -2.439160906938323e-15	1	0	0.000000000000000e+00	0.000000000000000e+00	0.000000000000000e+00
17	-5.773502691896258e-01  5.773502691896258e-01 -5.773502691896258e-01	-7.071067811865476e-01  0.000000000000000e+00  7.071067811865476e-01	 1.412198758437825e+03  0.000000000000000e+00 -1.412198758437825e+03	1	0	0.000000000000000e+00	0.000000000000000e+00	0.000000000000000e+00
18	-5.773502691896258e-01  5.773502691896258e-01 -5.773502691896258e-01	-3.124842898819631e-18  7.071067811865476e-01  7.071067811865476e-01	 9.389238637586849e-16 -2.124648990617823e+02 -2.124648990617823e+02	1	0	0.000000000000000e+00	0.000000000000000e+00	0.000000000000000e+00
19	-5.773502691896258e-01  5.773502691896258e-01 -5.773502691896258e-01	-7.071067811865476e-01 -7.071067811865476e-01  3.124842898819631e-18	-7.851963660978913e+01 -7.851963660978913e+01  3.469936018238618e-16	1	0	0.000000000000000e+00	0.000000000000000e+00	0.000000000000000e+00
20	 5.773502691896258e-01 -5.773502691896258e-01  5.773502691896258e-01	0.000000000000000e+00 0.000000000000000e+00 0.000000000000000e+00	-7.597929542535472e+02  6.027536810339691e+02  3.059956426705008e+02	1	1	0.000000000000000e+00	0.000000000000000e+00	0.000000000000000e+00
0	0	1	0
6	0	1	0
5	5	0	0
6	5	0	0
0	6	0	0
5	0	6	0
1	1	2	0
6	1	2	0
0	1	7	0
1	7	1	0
2	2	3	0
6	2	3	0
1	2	8	0
2	8	2	0
3	3	4	0
6	3	4	0
2	3	9	0
3	9	3	0
4	4	5	0
6	4	5	0
3	4	10	0
4	10	4	0
4	5	11	0
5	11	5	0
5	6	66	0
0	67	6	0
0	7	42	0
1	68	7	0
2	69	8	0
1	8	70	0
2	9	71	0
3	72	9	0
3	10	38	0
4	73	10	0
5	74	11	0
4	11	75	0
7	12	13	0
13	12	13	0
12	17	12	0
13	17	12	0
7	18	12	0
12	12	18	0
8	13	14	0
13	13	14	0
7	13	19	0
8	19	13	0
9	14	15	0
13	14	15	0
8	14	20	0
9	20	14	0
10	15	16	0
13	15	16	0
9	15	21	0
10	21	15	0
11	16	17	0
13	16	17	0
10	16	22	0
11	22	16	0
11	17	23	0
12	23	17	0
7	76	18	0
12	18	110	0
7	19	78	0
8	79	19	0
8	20	80	0
9	111	20	0
10	83	21	0
9	21	112	0
10	22	84	0
11	85	22	0
11	23	87	0
12	113	23	0
14	24	25	0
20	24	25	0
19	29	24	0
20	29	24	0
14	30	24	0
19	24	30	0
15	25	26	0
20	25	26	0
14	25	31	0
15	31	25	0
16	26	27	0
20	26	27	0
15	26	32	0
16	32	26	0
17	27	28	0
20	27	28	0
16	27	33	0
17	33	27	0
18	28	29	0
20	28	29	0
17	28	34	0
18	34	28	0
18	29	35	0
19	35	29	0
14	88	30	0
19	30	89	0
14	31	90	0
15	91	31	0
16	40	32	0
15	32	92	0
17	93	33	0
16	33	94	0
17	34	95	0
18	96	34	0
19	36	35	0
18	35	97	0
19	98	36	0
15	36	99	0
15	100	36	0
1	38	101	0
1	102	38	0
3	38	103	0
16	104	40	0
18	40	105	0
18	106	40	0
0	42	107	0
4	42	108	0
4	109	42	0
5	66	44	0
5	44	74	0
0	45	67	0
0	107	45	0
1	46	68	0
1	101	46	0
2	47	69	0
2	71	47	0
1	70	48	0
1	48	102	0
3	49	72	0
3	103	49	0
4	50	73	0
4	108	50	0
4	75	51	0
4	51	109	0
7	52	76	0
7	78	52	0
12	114	53	0
12	53	115	0
8	54	79	0
8	80	54	0
9	55	116	0
9	117	55	0
10	56	83	0
10	84	56	0
11	57	85	0
11	87	57	0
14	58	88	0
14	90	58	0
19	89	59	0
19	59	98	0
15	60	91	0
15	99	60	0
15	92	61	0
15	61	100	0
17	62	93	0
17	95	62	0
16	94	63	0
16	63	104	0
18	64	96	0
18	105	64	0
18	97	65	0
18	65	106	0
12	110	77	0
12	77	114	0
9	81	111	0
9	116	81	0
9	112	82	0
9	82	117	0
12	86	113	0
12	115	86	0
