114
21
172
0	1.570392732195782e+03 3.025315410553647e+02 8.256108849411653e+02	0.000000000000000e+00 0.000000000000000e+00 0.000000000000000e+00	1.000000000000000e+00	0	0	0
1	 1.130451827073287e+03 -5.773502691896260e+02  1.265551790063660e+03	0.000000000000000e+00 0.000000000000000e+00 0.000000000000000e+00	1.000000000000000e+00	0	0	1
2	-1.974537920628516e+02 -1.241303078757696e+03  6.015989804955904e+02	0.000000000000000e+00 0.000000000000000e+00 0.000000000000000e+00	1.000000000000000e+00	0	0	2
3	 2.032272947547480e+02 -1.641984165575296e+03  1.402961154130791e+03	0.000000000000000e+00 0.000000000000000e+00 0.000000000000000e+00	1.000000000000000e+00	0	0	3
4	 6.431681998772439e+02 -7.621023553303065e+02  9.630202490082960e+02	0.000000000000000e+00 0.000000000000000e+00 0.000000000000000e+00	1.000000000000000e+00	0	0	4
5	 1.971073819013383e+03 -9.814954576223676e+01  1.626973058576365e+03	0.000000000000000e+00 0.000000000000000e+00 0.000000000000000e+00	1.000000000000000e+00	0	0	5
6	1.569515481690372e+03 3.034087915607747e+02 8.264881354465754e+02	-1.249091001227498e-04  1.330237719230354e-04  1.205064108944498e-04	1.000000000000000e+00	0	0	6
7	 1.125703481735310e+03 -5.726019238516490e+02  1.270300135401637e+03	-1.444195979274809e-03  1.444195979274809e-03  1.444195979274809e-03	1.000000000000000e+00	0	0	7
8	-1.966211606392372e+02 -1.242135710181311e+03  6.007663490719759e+02	 1.078058339771815e-04 -1.090680671040900e-04 -1.090867663151585e-04	1.000000000000000e+00	0	0	8
9	 2.032445299138794e+02 -1.642001400734427e+03  1.402943918971660e+03	 9.004218554764520e-06 -9.602443242329173e-06 -8.352101758646313e-06	1.000000000000000e+00	0	0	9
10	 6.471977376749128e+02 -7.661318931279754e+02  9.589907112106270e+02	 1.365151916009684e-03 -1.365151916009684e-03 -1.365151916009684e-03	1.000000000000000e+00	0	0	10
11	 1.971304707437167e+03 -9.838043418602039e+01  1.626742170152582e+03	 3.979127723141573e-05 -3.917460708180442e-05 -3.895712870871648e-05	1.000000000000000e+00	0	0	11
12	-2.170837012152994e+02  1.154700538379251e+02  5.877425740350395e+02	0.000000000000000e+00 0.000000000000000e+00 0.000000000000000e+00	1.000000000000000e+00	12	0	12
13	 1.408734656822689e+02 -6.004442799572098e+02  9.456997409326077e+02	0.000000000000000e+00 0.000000000000000e+00 0.000000000000000e+00	1.000000000000000e+00	12	0	13
14	 9.214510296266424e+02 -9.907330619293978e+02  5.554109589604201e+02	0.000000000000000e+00 0.000000000000000e+00 0.000000000000000e+00	1.000000000000000e+00	12	0	14
15	 1.853294364098699e+03 -5.888972745734176e+01 -1.308275709983692e+03	0.000000000000000e+00 0.000000000000000e+00 0.000000000000000e+00	1.000000000000000e+00	12	0	15
16	 1.495337197201131e+03  6.570246063377946e+02 -1.666232876881260e+03	0.000000000000000e+00 0.000000000000000e+00 0.000000000000000e+00	1.000000000000000e+00	12	0	16
17	 7.147596332567570e+02  1.047313388309982e+03 -1.275944094909073e+03	0.000000000000000e+00 0.000000000000000e+00 0.000000000000000e+00	1.000000000000000e+00	12	0	17
18	-2.189120832506946e+02  1.136416718025299e+02  5.859141919996443e+02	-2.326310786884278e-04 -2.326310786884278e-04 -2.326310786884278e-04	1.000000000000000e+00	12	0	18
19	 1.434944533870349e+02 -5.978232922524439e+02  9.483207286373736e+02	3.286792877285430e-04 3.286792877285431e-04 3.286792877285431e-04	1.000000000000000e+00	12	0	19
20	 9.221094031364295e+02 -9.900746884196107e+02  5.560693324702072e+02	1.115119011956267e-04 1.048252161126584e-04 1.060633439919911e-04	1.000000000000000e+00	12	0	20
21	 1.854210785599068e+03 -5.797330595697319e+01 -1.307359288483324e+03	1.193764619529247e-04 1.191094925161451e-04 1.193802454508841e-04	1.000000000000000e+00	12	0	21
22	 1.497861586579422e+03  6.595489957160853e+02 -1.663708487502969e+03	3.381435817573220e-04 3.381435817573220e-04 3.381435817573220e-04	1.000000000000000e+00	12	0	22
23	 7.248937174344893e+02  1.057447472487714e+03 -1.265810010731341e+03	1.287149265408516e-03 1.287149265408516e-03 1.287149265408516e-03	1.000000000000000e+00	12	0	23
24	-7.597929542535472e+02  6.027536810339691e+02  3.059956426705008e+02	0.000000000000000e+00 0.000000000000000e+00 0.000000000000000e+00	1.000000000000000e+00	24	0	24
25	-1.191650955607388e+03 -2.609623216737101e+02 -1.258623586833382e+02	0.000000000000000e+00 0.000000000000000e+00 0.000000000000000e+00	1.000000000000000e+00	24	0	25
26	 5.126870390403868e+02  5.912066756501777e+02 -9.780313560072266e+02	0.000000000000000e+00 0.000000000000000e+00 0.000000000000000e+00	1.000000000000000e+00	24	0	26
27	 9.572467463163994e+02  1.466469683741651e+02 -1.867150770559250e+03	0.000000000000000e+00 0.000000000000000e+00 0.000000000000000e+00	1.000000000000000e+00	24	0	27
28	 1.389104747670240e+03  1.010362971081845e+03 -1.435292769205410e+03	0.000000000000000e+00 0.000000000000000e+00 0.000000000000000e+00	1.000000000000000e+00	24	0	28
29	-3.152332469775362e+02  1.581939737579582e+02 -5.831237718815206e+02	0.000000000000000e+00 0.000000000000000e+00 0.000000000000000e+00	1.000000000000000e+00	24	0	29
30	-7.603515472776622e+02  6.033122740580842e+02  3.054370496463857e+02	-7.414608262479305e-05  7.445368100889027e-05 -7.090723374858499e-05	1.000000000000000e+00	24	0	30
31	-1.192762038549256e+03 -2.598512387318420e+02 -1.269734416252062e+02	-1.509650028310716e-04  1.485321408836171e-04 -1.507388224126771e-04	1.000000000000000e+00	24	0	31
32	 5.013826104070777e+02  6.025111042834868e+02 -9.893357846405357e+02	-1.504912506788969e-04  1.504912506788969e-04 -1.504912506788970e-04	1.000000000000000e+00	24	0	32
33	 9.528506496893664e+02  1.510430650011981e+02 -1.871546867186283e+03	-5.990185503227016e-04  5.990185503227016e-04 -5.990185503227016e-04	1.000000000000000e+00	24	0	33
34	 1.380742380958858e+03  1.018725337793226e+03 -1.443655135916791e+03	-1.132773119024932e-03  1.132773119024932e-03 -1.132773119024932e-03	1.000000000000000e+00	24	0	34
35	-3.046161161953078e+02  1.475768429757298e+02 -5.725066410992923e+02	 1.526647732437899e-04 -1.526647732437899e-04  1.526647732437899e-04	1.000000000000000e+00	24	0	35
36	-3.298428125362320e+02  1.728035393166541e+02 -5.596282196737018e+02	 6.479825970018283e-05 -6.549360114149749e-05  2.615067060105503e-04	1.000000000000000e+00	24	0	36
38	 6.018351336870772e+02 -8.385487440548239e+02  1.004353315198462e+03	-4.350275751979401e-04  4.350275751979401e-04  4.350275751979401e-04	1.000000000000000e+00	0	0	38
40	 5.277101874168677e+02  5.761835272736971e+02 -1.001113325397261e+03	-1.064390453393571e-04  9.929670341080055e-05 -1.886778336483985e-04	1.000000000000000e+00	24	0	40
42	 1.170713236292522e+03 -4.998322234941778e+02  1.225290380844425e+03	 3.006739716511220e-04 -3.006739716511220e-04 -3.006739716511220e-04	1.000000000000000e+00	0	0	42
44	1.770883609968668e+03 1.020406632824784e+02 1.226142078865597e+03	 2.235984720755368e-05 -2.235984720755368e-05 -2.223075534857344e-05	1.000000000000000e+00	0	0	44
45	 1.367847955776330e+03 -9.595142074882830e+01  1.028155661360618e+03	-3.149943659082055e-04  3.133088175673038e-04  3.149943659082055e-04	1.000000000000000e+00	0	0	45
46	 8.588479768392075e+02 -7.006786296298001e+02  1.142223429623486e+03	-2.227412303909659e-03  2.216001041233540e-03  2.216001041233540e-03	1.000000000000000e+00	0	0	46
47	 3.627423312576899e+00 -1.442384294133125e+03  1.001539742356196e+03	 9.931571548804641e-05 -9.931571548804641e-05 -9.924286132445559e-05	1.000000000000000e+00	0	0	47
48	 2.046365302776877e+02 -1.042367212147122e+03  8.005348471061641e+02	 1.686171890469268e-04 -1.674970262683928e-04 -1.674970262683928e-04	1.000000000000000e+00	0	0	48
49	 4.026029321549252e+02 -1.240344491329673e+03  1.203585516730614e+03	-1.265257596969604e-04  1.248882617801428e-04  1.265257596969604e-04	1.000000000000000e+00	0	0	49
50	 9.155600811227841e+02 -6.394751382592781e+02  1.085647466079324e+03	 2.348592970520258e-03 -2.302733249962330e-03 -2.302733249962330e-03	1.000000000000000e+00	0	0	50
51	 1.571291946877416e+03 -2.993873619642682e+02  1.425735242374334e+03	 1.440623746020719e-04 -1.434040168533102e-04 -1.434040168533102e-04	1.000000000000000e+00	0	0	51
52	-3.728178647992652e+01 -2.416626191839627e+02  7.675444887704122e+02	1.191813644254580e-04 1.195808363263495e-04 1.191813644254580e-04	1.000000000000000e+00	12	0	52
53	 2.489886674064378e+02  5.815424224596624e+02 -3.439498072094555e+02	9.414055966772139e-06 9.414055966772139e-06 9.486765520705376e-06	1.000000000000000e+00	12	0	53
54	 5.312045818214648e+02 -7.955185810729034e+02  7.506254398169148e+02	3.238258432247676e-05 3.931675018975511e-05 3.931675018975511e-05	1.000000000000000e+00	12	0	54
55	 1.387459186966157e+03 -5.247249045898843e+02 -3.763457808124977e+02	1.354508276563138e-05 1.354508276563138e-05 1.357519067823887e-05	1.000000000000000e+00	12	0	55
56	 1.676374188695878e+03  3.011204995454678e+02 -1.485195885386513e+03	2.516856766305864e-04 2.503267314750701e-04 2.516856766305864e-04	1.000000000000000e+00	12	0	56
57	 1.097772079823375e+03  8.443733146393959e+02 -1.478884168579659e+03	-6.476557464338839e-04 -7.756054983474314e-04 -7.756054983474314e-04	1.000000000000000e+00	12	0	57
58	-9.772655329754086e+02  1.724469891645869e+02  8.852306394864102e+01	-1.859266776591539e-04  1.878479670267552e-04 -1.859266776591539e-04	1.000000000000000e+00	24	0	58
59	-5.443829741195505e+02  3.873437008999722e+02 -1.263831235726881e+02	-5.373085150495172e-05  5.373085150495172e-05 -5.390200749388896e-05	1.000000000000000e+00	24	0	59
60	-7.611889693009634e+02 -4.364853787944902e+01 -3.431761424776004e+02	-2.062639396172017e-04  2.029537572525442e-04 -2.029537572525442e-04	1.000000000000000e+00	24	0	60
61	 8.437795662028171e+01  3.889764105208971e+02 -7.758010908779465e+02	 3.763651693589054e-05 -3.747777736862190e-05  3.747777736862190e-05	1.000000000000000e+00	24	0	61
62	 1.170967286310808e+03  5.806420827068728e+02 -1.653430230564842e+03	-4.290977667551488e-04  4.056557663716376e-04 -4.290977667551488e-04	1.000000000000000e+00	24	0	62
63	 7.336079916086444e+02  3.702857230819204e+02 -1.442994129108473e+03	-1.048419275321066e-03  1.048419275321066e-03 -1.046910067088902e-03	1.000000000000000e+00	24	0	63
64	 9.618016275069517e+02  7.901003781614672e+02 -1.215030176285032e+03	 5.386944394558668e-04 -4.846756637562066e-04  4.846756637562066e-04	1.000000000000000e+00	24	0	64
65	 1.135524746452145e+02  3.598134004708054e+02 -7.847431985943701e+02	 4.237063694745302e-05 -4.197026282781735e-05  4.197026282781735e-05	1.000000000000000e+00	24	0	65
66	1.671131831829077e+03 2.017924414220695e+02 1.025378247120060e+03	 8.298774628201500e-05 -8.298774628201500e-05 -8.436667121713981e-05	1.000000000000000e+00	0	0	66
67	1.467704195529436e+03 1.047234609952718e+02 9.282994216075119e+02	-3.593996807467192e-04  3.635805041994900e-04  3.593996807467192e-04	1.000000000000000e+00	0	0	67
68	 9.915089618694851e+02 -6.357065704504816e+02  1.207195488802804e+03	-2.050927607342601e-03  2.134563401341438e-03  2.134563401341438e-03	1.000000000000000e+00	0	0	68
69	-9.660573244894111e+01 -1.342151138371607e+03  8.012618760848218e+02	 8.685262582730502e-05 -8.685262582730502e-05 -8.682709449203685e-05	1.000000000000000e+00	0	0	69
70	 4.439565990346097e+00 -1.142688615073216e+03  7.002134441800704e+02	 1.937969354912639e-04 -1.945180847542360e-04 -1.945180847542360e-04	1.000000000000000e+00	0	0	70
71	 1.036242801369863e+02 -1.542381150957534e+03  1.202054940861932e+03	 8.401876402786002e-05 -8.401876402786002e-05 -8.356403122888878e-05	1.000000000000000e+00	0	0	71
72	 3.028456023702076e+02 -1.441093611333112e+03  1.303342846515332e+03	-7.101376104401425e-05  7.049651321722195e-05  7.101376104401425e-05	1.000000000000000e+00	0	0	72
73	 7.837139002892791e+02 -7.054637737940197e+02  1.019658830544583e+03	 2.181585878133774e-03 -2.308548893779516e-03 -2.308548893779516e-03	1.000000000000000e+00	0	0	73
74	1.870820926517611e+03 2.103346733535315e+00 1.426715321178270e+03	-1.265150513063418e-05  1.265150513063418e-05  1.271772180189146e-05	1.000000000000000e+00	0	0	74
75	 1.771446316201303e+03 -1.990310667233862e+02  1.526091537615216e+03	 1.154441270045936e-04 -1.148693045252003e-04 -1.148693045252003e-04	1.000000000000000e+00	0	0	75
76	-1.268979325067446e+02 -6.280368643964936e+01  6.779283427435940e+02	8.183624595403671e-05 8.395547774853185e-05 8.183624595403671e-05	1.000000000000000e+00	12	0	76
77	1.401490383853622e+01 3.465686588917608e+02 1.199331993457095e+02	-2.488747995812446e-04 -2.488747995812446e-04 -2.555213577579707e-04	1.000000000000000e+00	12	0	77
78	 5.247263461670250e+01 -4.203678216513124e+02  8.572989098670412e+02	1.609173050383106e-04 1.634405780350789e-04 1.609173050383106e-04	1.000000000000000e+00	12	0	78
79	 3.367280551426358e+02 -6.973271225718690e+02  8.488168983179492e+02	1.331755920546129e-04 1.276282855542377e-04 1.276282855542377e-04	1.000000000000000e+00	12	0	79
80	 7.291975777512696e+02 -8.902639275613448e+02  6.558800933284734e+02	3.447078343015164e-04 3.458104038145393e-04 3.458104038145393e-04	1.000000000000000e+00	12	0	80
81	 1.154284228811926e+03 -7.578998627441156e+02  8.936143911647858e+01	-1.416865507053444e-05 -1.416865507053444e-05 -1.421514480171027e-05	1.000000000000000e+00	12	0	81
82	 1.620944405371763e+03 -2.912396861842785e+02 -8.417419203555206e+02	8.136044198181480e-05 8.136044198181480e-05 8.168608474079520e-05	1.000000000000000e+00	12	0	82
83	 1.765079088998575e+03  1.213561363585962e+02 -1.396490985083817e+03	1.606472505955026e-04 1.589973689988256e-04 1.606472505955026e-04	1.000000000000000e+00	12	0	83
84	 1.586868110651571e+03  4.800853625011157e+02 -1.574701963430820e+03	2.643655170686543e-04 2.636039571370929e-04 2.643655170686543e-04	1.000000000000000e+00	12	0	84
85	 1.304101163127775e+03  7.583024506428833e+02 -1.564955032576172e+03	3.935677814297378e-04 3.320652176626027e-04 3.320652176626027e-04	1.000000000000000e+00	12	0	85
86	 4.823733673277322e+02  8.149271223809568e+02 -8.094277802468011e+02	9.469626093050465e-05 9.469626093050465e-05 1.004876830847934e-04	1.000000000000000e+00	12	0	86
87	 9.210385167838569e+02  9.603122792795643e+02 -1.362945203939491e+03	1.404867158271372e-03 1.267769723199308e-03 1.267769723199308e-03	1.000000000000000e+00	12	0	87
88	-8.681102077442786e+02  3.871814324144673e+02  1.976783891797711e+02	-3.391030259081163e-05  3.494924749247730e-05 -3.391030259081163e-05	1.000000000000000e+00	24	0	88
89	-6.536722382582670e+02  4.966329650386887e+02  8.822367123631548e+01	-2.343552478123456e-04  2.343552478123456e-04 -2.341006038477644e-04	1.000000000000000e+00	24	0	89
90	-1.085669492983339e+03 -4.305398219147406e+01 -1.988089605928936e+01	-2.495402295608073e-04  2.486500306986272e-04 -2.495402295608073e-04	1.000000000000000e+00	24	0	90
91	-9.763306424608826e+02 -1.523908605386725e+02 -2.344338198183770e+02	-9.569131361786276e-05  9.515471901977435e-05 -9.515471901977435e-05	1.000000000000000e+00	24	0	91
92	 2.928766873830212e+02  4.957508542496270e+02 -8.825755346066763e+02	-6.674655742244795e-05  6.520540046039969e-05 -6.520540046039969e-05	1.000000000000000e+00	24	0	92
93	 1.062484820220116e+03  3.653268667073060e+02 -1.761912696655534e+03	-3.645354881882668e-04  3.701024688780308e-04 -3.645354881882668e-04	1.000000000000000e+00	24	0	93
94	 8.420726074137646e+02  2.618211072768003e+02 -1.658511162855855e+03	-9.751085308380425e-04  9.751085308380425e-04 -9.969328530132771e-04	1.000000000000000e+00	24	0	94
95	 1.271434901098039e+03  8.038390834590061e+02 -1.552962615777611e+03	-1.088459277525544e-03  1.039825961925089e-03 -1.088459277525544e-03	1.000000000000000e+00	24	0	95
96	 1.168934359444994e+03  9.066104354552585e+02 -1.331540233578823e+03	-5.772822769358754e-04  5.664500058628619e-04 -5.664500058628619e-04	1.000000000000000e+00	24	0	96
97	-9.608345302368539e+01  2.542152146228894e+02 -6.791450127464541e+02	 8.751711720833555e-05 -8.413779141847044e-05  8.413779141847044e-05	1.000000000000000e+00	24	0	97
98	-4.331584403557161e+02  2.761191671361378e+02 -3.391358514228060e+02	 3.687407588586211e-04 -3.687407588586211e-04  3.519772435538471e-04	1.000000000000000e+00	24	0	98
99	-5.466924930866992e+02  6.573823102416532e+01 -4.525629113812147e+02	-4.023624060209841e-04  4.031808057334274e-04 -4.031808057334274e-04	1.000000000000000e+00	24	0	99
100	-1.259936833825105e+02  2.838466681215638e+02 -6.706713484786131e+02	 8.503360004397109e-05 -9.696382039692253e-05  9.696382039692253e-05	1.000000000000000e+00	24	0	100
101	 7.284427892242046e+02 -7.679321407169564e+02  1.074969918536330e+03	-2.106650499626994e-03  1.967249903827906e-03  1.967249903827906e-03	1.000000000000000e+00	0	0	101
102	 4.039216454816130e+02 -9.411402349452112e+02  9.017618243080749e+02	 2.062018393189646e-05 -1.941121809068136e-05 -1.941121809068136e-05	1.000000000000000e+00	0	0	102
103	 5.016019958942745e+02 -1.038828064669374e+03  1.104586452991265e+03	-2.731877320911735e-04  2.718848409131169e-04  2.731877320911735e-04	1.000000000000000e+00	0	0	103
104	 6.262394967792037e+02  4.776542179113611e+02 -1.226160731889241e+03	-1.023256452754140e-03  1.023256452754140e-03 -9.484249167144299e-04	1.000000000000000e+00	24	0	104
105	 7.442444374569216e+02  6.835701598308576e+02 -1.108499957954422e+03	 4.716662806458771e-04 -4.763076140079647e-04  4.763076140079647e-04	1.000000000000000e+00	24	0	105
106	 3.241758175158508e+02  4.647869790952089e+02 -8.897167772187736e+02	-6.382415449479595e-05  7.808500959072262e-05 -7.808500959072262e-05	1.000000000000000e+00	24	0	106
107	 1.268071949725405e+03 -2.967000124874968e+02  1.127931667411543e+03	-2.715875452850014e-04  2.648529771249741e-04  2.715875452850014e-04	1.000000000000000e+00	0	0	107
108	 1.045612200170239e+03 -5.718488263754732e+02  1.153273777963129e+03	 2.182562602683902e-03 -1.996179576963186e-03 -1.996179576963186e-03	1.000000000000000e+00	0	0	108
109	 1.371355060178374e+03 -3.999650276002910e+02  1.325157576738311e+03	 2.284523652633652e-04 -2.286122471559793e-04 -2.286122471559793e-04	1.000000000000000e+00	0	0	109
110	-1.045513289003320e+02  2.280024261528925e+02  3.508382515678798e+02	-5.066039157100022e-04 -5.066039157100022e-04 -5.052707274444401e-04	1.000000000000000e+00	12	0	110
111	 1.037484177096876e+03 -8.746999144591650e+02  3.220049149704677e+02	-4.370189708424732e-05 -4.370189708424732e-05 -4.320824155001901e-05	1.000000000000000e+00	12	0	111
112	 1.737726143537697e+03 -1.744579480183442e+02 -1.074401833747914e+03	1.190560142276809e-04 1.190560142276809e-04 1.192727431771345e-04	1.000000000000000e+00	12	0	112
113	 6.037248469453908e+02  9.362786019986153e+02 -1.037368570134910e+03	6.984404753893614e-04 6.984404753893614e-04 7.416416774503887e-04	1.000000000000000e+00	12	0	113
114	 1.324762941851181e+02  4.650300492383427e+02 -1.110224850105619e+02	8.775180617703882e-07 8.775180617703882e-07 4.205197683404549e-07	1.000000000000000e+00	12	0	114
115	 3.650179414754626e+02  6.975716965286872e+02 -5.773626279004700e+02	-4.374597483547404e-05 -4.374597483547404e-05 -4.391886614030227e-05	1.000000000000000e+00	12	0	115
116	 1.270876922901569e+03 -6.413071686544727e+02 -1.434869070847905e+02	-2.703850157104171e-07 -2.703850157104171e-07 -2.709676607537403e-07	1.000000000000000e+00	12	0	116
117	 1.504140047203095e+03 -4.080440443529458e+02 -6.091057388413097e+02	3.996533632744104e-05 3.996533632744104e-05 4.010994234704413e-05	1.000000000000000e+00	12	0	117
0	-5.773502691896258e-01  5.773502691896258e-01  5.773502691896258e-01	-7.071067811865476e-01  3.124842898819631e-18 -7.071067811865476e-01	 1.198001808568474e+03 -5.294203851356715e-15  1.198001808568474e+03	1	0	0.000000000000000e+00	0.000000000000000e+00	0.000000000000000e+00
1	-5.773502691896258e-01  5.773502691896258e-01  5.773502691896258e-01	 0.000000000000000e+00  7.071067811865476e-01 -7.071067811865476e-01	 0.000000000000000e+00 -9.214510296266430e+02  9.214510296266430e+02	1	0	0.000000000000000e+00	0.000000000000000e+00	0.000000000000000e+00
2	-5.773502691896258e-01  5.773502691896258e-01  5.773502691896258e-01	 7.071067811865476e-01  7.071067811865476e-01 -3.124842898819631e-18	-7.193784354102739e+02 -7.193784354102739e+02  3.179073734356852e-15	1	0	0.000000000000000e+00	0.000000000000000e+00	0.000000000000000e+00
3	-5.773502691896258e-01  5.773502691896258e-01  5.773502691896258e-01	 7.071067811865476e-01 -3.124842898819631e-18  7.071067811865476e-01	 8.030942244427697e+02 -3.549030148066116e-15  8.030942244427697e+02	1	0	0.000000000000000e+00	0.000000000000000e+00	0.000000000000000e+00
4	-5.773502691896258e-01  5.773502691896258e-01  5.773502691896258e-01	 0.000000000000000e+00  7.071067811865476e-01 -7.071067811865476e-01	 0.000000000000000e+00 -8.625613021693013e+02  8.625613021693013e+02	1	0	0.000000000000000e+00	0.000000000000000e+00	0.000000000000000e+00
5	-5.773502691896258e-01  5.773502691896258e-01  5.773502691896258e-01	-7.071067811865476e-01 -7.071067811865476e-01  3.124842898819631e-18	 9.364621366255734e+02  9.364621366255734e+02 -4.138408986458117e-15	1	0	0.000000000000000e+00	0.000000000000000e+00	0.000000000000000e+00
6	 5.773502691896258e-01 -5.773502691896258e-01 -5.773502691896258e-01	0.000000000000000e+00 0.000000000000000e+00 0.000000000000000e+00	1.570392732195782e+03 3.025315410553647e+02 8.256108849411653e+02	1	1	0.000000000000000e+00	0.000000000000000e+00	0.000000000000000e+00
7	-5.773502691896258e-01 -5.773502691896258e-01 -5.773502691896258e-01	-7.071067811865476e-01  0.000000000000000e+00  7.071067811865476e-01	-4.024131376251693e+02  0.000000000000000e+00  4.024131376251693e+02	1	0	0.000000000000000e+00	0.000000000000000e+00	0.000000000000000e+00
8	-5.773502691896258e-01 -5.773502691896258e-01 -5.773502691896258e-01	 0.000000000000000e+00 -7.071067811865476e-01  7.071067811865476e-01	 0.000000000000000e+00 -7.730720104449091e+02  7.730720104449091e+02	1	0	0.000000000000000e+00	0.000000000000000e+00	0.000000000000000e+00
9	-5.773502691896258e-01 -5.773502691896258e-01 -5.773502691896258e-01	 7.071067811865476e-01 -7.071067811865476e-01  0.000000000000000e+00	 9.560920457780206e+02 -9.560920457780206e+02  0.000000000000000e+00	1	0	0.000000000000000e+00	0.000000000000000e+00	0.000000000000000e+00
10	-5.773502691896258e-01 -5.773502691896258e-01 -5.773502691896258e-01	 7.071067811865476e-01  0.000000000000000e+00 -7.071067811865476e-01	 1.580785037041196e+03  0.000000000000000e+00 -1.580785037041196e+03	1	0	0.000000000000000e+00	0.000000000000000e+00	0.000000000000000e+00
11	-5.773502691896258e-01 -5.773502691896258e-01 -5.773502691896258e-01	 0.000000000000000e+00  7.071067811865476e-01 -7.071067811865476e-01	 0.000000000000000e+00  1.161628741609527e+03 -1.161628741609527e+03	1	0	0.000000000000000e+00	0.000000000000000e+00	0.000000000000000e+00
12	-5.773502691896258e-01 -5.773502691896258e-01 -5.773502691896258e-01	-7.071067811865476e-01  7.071067811865476e-01  0.000000000000000e+00	-1.662768775266123e+02  1.662768775266123e+02  0.000000000000000e+00	1	0	0.000000000000000e+00	0.000000000000000e+00	0.000000000000000e+00
13	5.773502691896258e-01 5.773502691896258e-01 5.773502691896258e-01	0.000000000000000e+00 0.000000000000000e+00 0.000000000000000e+00	-2.170837012152994e+02  1.154700538379251e+02  5.877425740350395e+02	1	1	0.000000000000000e+00	0.000000000000000e+00	0.000000000000000e+00
14	-5.773502691896258e-01  5.773502691896258e-01 -5.773502691896258e-01	 7.071067811865476e-01  0.000000000000000e+00 -7.071067811865476e-01	-5.328942984620248e+02  0.000000000000000e+00  5.328942984620248e+02	1	0	0.000000000000000e+00	0.000000000000000e+00	0.000000000000000e+00
15	-5.773502691896258e-01  5.773502691896258e-01 -5.773502691896258e-01	-3.124842898819631e-18  7.071067811865476e-01  7.071067811865476e-01	 8.547268868455420e-16 -1.934123401785247e+02 -1.934123401785247e+02	1	0	0.000000000000000e+00	0.000000000000000e+00	0.000000000000000e+00
16	-5.773502691896258e-01  5.773502691896258e-01 -5.773502691896258e-01	 7.071067811865476e-01  7.071067811865476e-01 -3.124842898819631e-18	 5.519468573452824e+02  5.519468573452824e+02 -2.439160906938323e-15	1	0	0.000000000000000e+00	0.000000000000000e+00	0.000000000000000e+00
17	-5.773502691896258e-01  5.773502691896258e-01 -5.773502691896258e-01	-7.071067811865476e-01  0.000000000000000e+00  7.071067811865476e-01	 1.412198758437825e+03  0.000000000000000e+00 -1.412198758437825e+03	1	0	0.000000000000000e+00	0.000000000000000e+00	0.000000000000000e+00
18	-5.773502691896258e-01  5.773502691896258e-01 -5.773502691896258e-01	-3.124842898819631e-18  7.071067811865476e-01  7.071067811865476e-01	 9.389238637586849e-16 -2.124648990617823e+02 -2.124648990617823e+02	1	0	0.000000000000000e+00	0.000000000000000e+00	0.000000000000000e+00
19	-5.773502691896258e-01  5.773502691896258e-01 -5.773502691896258e-01	-7.071067811865476e-01 -7.071067811865476e-01  3.124842898819631e-18	-7.851963660978913e+01 -7.851963660978913e+01  3.469936018238618e-16	1	0	0.000000000000000e+00	0.000000000000000e+00	0.000000000000000e+00
20	 5.773502691896258e-01 -5.773502691896258e-01  5.773502691896258e-01	0.000000000000000e+00 0.000000000000000e+00 0.000000000000000e+00	-7.597929542535472e+02  6.027536810339691e+02  3.059956426705008e+02	1	1	0.000000000000000e+00	0.000000000000000e+00	0.000000000000000e+00
0	0	1	0
6	0	1	0
5	5	0	0
6	5	0	0
0	6	0	0
5	0	6	0
1	1	2	0
6	1	2	0
0	1	7	0
1	7	1	0
2	2	3	0
6	2	3	0
1	2	8	0
2	8	2	0
3	3	4	0
6	3	4	0
2	3	9	0
3	9	3	0
4	4	5	0
6	4	5	0
3	4	10	0
4	10	4	0
4	5	11	0
5	11	5	0
5	6	66	0
0	67	6	0
0	7	42	0
1	68	7	0
2	69	8	0
1	8	70	0
2	9	71	0
3	72	9	0
3	10	38	0
4	73	10	0
5	74	11	0
4	11	75	0
7	12	13	0
13	12	13	0
12	17	12	0
13	17	12	0
7	18	12	0
12	12	18	0
8	13	14	0
13	13	14	0
7	13	19	0
8	19	13	0
9	14	15	0
13	14	15	0
8	14	20	0
9	20	14	0
10	15	16	0
13	15	16	0
9	15	21	0
10	21	15	0
11	16	17	0
13	16	17	0
10	16	22	0
11	22	16	0
11	17	23	0
12	23	17	0
7	76	18	0
12	18	110	0
7	19	78	0
8	79	19	0
8	20	80	0
9	111	20	0
10	83	21	0
9	21	112	0
10	22	84	0
11	85	22	0
11	23	87	0
12	113	23	0
14	24	25	0
20	24	25	0
19	29	24	0
20	29	24	0
14	30	24	0
19	24	30	0
15	25	26	0
20	25	26	0
14	25	31	0
15	31	25	0
16	26	27	0
20	26	27	0
15	26	32	0
16	32	26	0
17	27	28	0
20	27	28	0
16	27	33	0
17	33	27	0
18	28	29	0
20	28	29	0
17	28	34	0
18	34	28	0
18	29	35	0
19	35	29	0
14	88	30	0
19	30	89	0
14	31	90	0
15	91	31	0
16	40	32	0
15	32	92	0
17	93	33	0
16	33	94	0
17	34	95	0
18	96	34	0
19	36	35	0
18	35	97	0
19	98	36	0
15	36	99	0
15	100	36	0
1	38	101	0
1	102	38	0
3	38	103	0
16	104	40	0
18	40	105	0
18	106	40	0
0	42	107	0
4	42	108	0
4	109	42	0
5	66	44	0
5	44	74	0
0	45	67	0
0	107	45	0
1	46	68	0
1	101	46	0
2	47	69	0
2	71	47	0
1	70	48	0
1	48	102	0
3	49	72	0
3	103	49	0
4	50	73	0
4	108	50	0
4	75	51	0
4	51	109	0
7	52	76	0
7	78	52	0
12	114	53	0
12	53	115	0
8	54	79	0
8	80	54	0
9	55	116	0
9	117	55	0
10	56	83	0
10	84	56	0
11	57	85	0
11	87	57	0
14	58	88	0
14	90	58	0
19	89	59	0
19	59	98	0
15	60	91	0
15	99	60	0
15	92	61	0
15	61	100	0
17	62	93	0
17	95	62	0
16	94	63	0
16	63	104	0
18	64	96	0
18	105	64	0
18	97	65	0
18	65	106	0
12	110	77	0
12	77	114	0
9	81	111	0
9	116	81	0
9	112	82	0
9	82	117	0
12	86	113	0
12	115	86	0
