114
21
172
0	1.570392732195782e+03 3.025315410553647e+02 8.256108849411653e+02	0.000000000000000e+00 0.000000000000000e+00 0.000000000000000e+00	1.000000000000000e+00	0	0	0
1	 1.130451827073287e+03 -5.773502691896260e+02  1.265551790063660e+03	0.000000000000000e+00 0.000000000000000e+00 0.000000000000000e+00	1.000000000000000e+00	0	0	1
2	-1.974537920628516e+02 -1.241303078757696e+03  6.015989804955904e+02	0.000000000000000e+00 0.000000000000000e+00 0.000000000000000e+00	1.000000000000000e+00	0	0	2
3	 2.032272947547480e+02 -1.641984165575296e+03  1.402961154130791e+03	0.000000000000000e+00 0.000000000000000e+00 0.000000000000000e+00	1.000000000000000e+00	0	0	3
4	 6.431681998772439e+02 -7.621023553303065e+02  9.630202490082960e+02	0.000000000000000e+00 0.000000000000000e+00 0.000000000000000e+00	1.000000000000000e+00	0	0	4
5	 1.971073819013383e+03 -9.814954576223676e+01  1.626973058576365e+03	0.000000000000000e+00 0.000000000000000e+00 0.000000000000000e+00	1.000000000000000e+00	0	0	5
6	1.570000995978992e+03 3.029232772721543e+02 8.260026211579550e+02	-1.150987664004788e-04  1.177339145215228e-04  1.139158775913529e-04	1.000000000000000e+00	0	0	6
7	 1.129453759089287e+03 -5.763522012056264e+02  1.266549858047660e+03	-4.891739808954298e-04  4.891739808954298e-04  4.891739808954298e-04	1.000000000000000e+00	0	0	7
8	-1.970623016146850e+02 -1.241694569205863e+03  6.012074900474237e+02	 1.103179311030544e-04 -1.108471187762916e-04 -1.108355500036851e-04	1.000000000000000e+00	0	0	8
9	 2.032232259087787e+02 -1.641980096729326e+03  1.402965222976760e+03	 1.755565563144046e-06 -1.936466560437111e-06 -1.571034999869880e-06	1.000000000000000e+00	0	0	9
10	 6.437879011836955e+02 -7.627220566367581e+02  9.624005477018444e+02	 3.923163167200983e-04 -3.923163167200983e-04 -3.923163167200983e-04	1.000000000000000e+00	0	0	10
11	 1.971165560014663e+03 -9.824128676351698e+01  1.626881317575085e+03	 3.010276486747898e-05 -2.993587258970365e-05 -2.988839150930289e-05	1.000000000000000e+00	0	0	11
12	-2.170837012152994e+02  1.154700538379251e+02  5.877425740350395e+02	0.000000000000000e+00 0.000000000000000e+00 0.000000000000000e+00	1.000000000000000e+00	12	0	12
13	 1.408734656822689e+02 -6.004442799572098e+02  9.456997409326077e+02	0.000000000000000e+00 0.000000000000000e+00 0.000000000000000e+00	1.000000000000000e+00	12	0	13
14	 9.214510296266424e+02 -9.907330619293978e+02  5.554109589604201e+02	0.000000000000000e+00 0.000000000000000e+00 0.000000000000000e+00	1.000000000000000e+00	12	0	14
15	 1.853294364098699e+03 -5.888972745734176e+01 -1.308275709983692e+03	0.000000000000000e+00 0.000000000000000e+00 0.000000000000000e+00	1.000000000000000e+00	12	0	15
16	 1.495337197201131e+03  6.570246063377946e+02 -1.666232876881260e+03	0.000000000000000e+00 0.000000000000000e+00 0.000000000000000e+00	1.000000000000000e+00	12	0	16
17	 7.147596332567570e+02  1.047313388309982e+03 -1.275944094909073e+03	0.000000000000000e+00 0.000000000000000e+00 0.000000000000000e+00	1.000000000000000e+00	12	0	17
18	-2.179563565763152e+02  1.145973984769093e+02  5.868699186740238e+02	-2.432208372435222e-04 -2.432208372435222e-04 -2.432208372435222e-04	1.000000000000000e+00	12	0	18
19	 1.421367556294475e+02 -5.991809900100313e+02  9.469630308797863e+02	3.478977014310658e-04 3.478977014310658e-04 3.478977014310658e-04	1.000000000000000e+00	12	0	19
20	 9.217212043794657e+02 -9.904628871765744e+02  5.556811337132434e+02	8.788840932538733e-05 8.476226503262296e-05 8.535382949048653e-05	1.000000000000000e+00	12	0	20
21	 1.853725629980735e+03 -5.845846157530667e+01 -1.307844444101657e+03	1.220610138261691e-04 1.219192636199296e-04 1.220633348566480e-04	1.000000000000000e+00	12	0	21
22	 1.496502835314204e+03  6.581902444508672e+02 -1.665067238768187e+03	3.356583183631301e-04 3.356583183631301e-04 3.356583183631301e-04	1.000000000000000e+00	12	0	22
23	 7.195984751316686e+02  1.052152230184893e+03 -1.271105253034161e+03	1.347322405005495e-03 1.347322405005495e-03 1.347322405005495e-03	1.000000000000000e+00	12	0	23
24	-7.597929542535472e+02  6.027536810339691e+02  3.059956426705008e+02	0.000000000000000e+00 0.000000000000000e+00 0.000000000000000e+00	1.000000000000000e+00	24	0	24
25	-1.191650955607388e+03 -2.609623216737101e+02 -1.258623586833382e+02	0.000000000000000e+00 0.000000000000000e+00 0.000000000000000e+00	1.000000000000000e+00	24	0	25
26	 5.126870390403868e+02  5.912066756501777e+02 -9.780313560072266e+02	0.000000000000000e+00 0.000000000000000e+00 0.000000000000000e+00	1.000000000000000e+00	24	0	26
27	 9.572467463163994e+02  1.466469683741651e+02 -1.867150770559250e+03	0.000000000000000e+00 0.000000000000000e+00 0.000000000000000e+00	1.000000000000000e+00	24	0	27
28	 1.389104747670240e+03  1.010362971081845e+03 -1.435292769205410e+03	0.000000000000000e+00 0.000000000000000e+00 0.000000000000000e+00	1.000000000000000e+00	24	0	28
29	-3.152332469775362e+02  1.581939737579582e+02 -5.831237718815206e+02	0.000000000000000e+00 0.000000000000000e+00 0.000000000000000e+00	1.000000000000000e+00	24	0	29
30	-7.600553083859254e+02  6.030160351663473e+02  3.057332885381226e+02	-7.442419155267999e-05  7.449519034707919e-05 -7.317915878957137e-05	1.000000000000000e+00	24	0	30
31	-1.192164464790744e+03 -2.604488124903540e+02 -1.263758678666942e+02	-1.475598110118881e-04  1.465515524614602e-04 -1.475174794904888e-04	1.000000000000000e+00	24	0	31
32	 5.022048510023785e+02  6.016888636881860e+02 -9.885135440452349e+02	-4.086826180961604e-04  4.086826180961603e-04 -4.086826180961605e-04	1.000000000000000e+00	24	0	32
33	 9.552251848441330e+02  1.486685298464315e+02 -1.869172332031516e+03	-5.822863701420525e-04  5.822863701420525e-04 -5.822863701420525e-04	1.000000000000000e+00	24	0	33
34	 1.385265859291915e+03  1.014201859460169e+03 -1.439131657583734e+03	-1.112204239082833e-03  1.112204239082833e-03 -1.112204239082833e-03	1.000000000000000e+00	24	0	34
35	-3.055806732410383e+02  1.485414000214602e+02 -5.734711981450226e+02	 5.404569625776882e-04 -5.404569625776882e-04  5.404569625776883e-04	1.000000000000000e+00	24	0	35
36	-3.302850602636467e+02  1.732457870440687e+02 -5.600704674011164e+02	-7.620041287736967e-05  4.671997885452583e-05  1.822561898734421e-04	1.000000000000000e+00	24	0	36
38	 6.031635846155972e+02 -8.398771949833439e+02  1.003024864269942e+03	-2.455567882861942e-04  2.455567882861942e-04  2.455567882861942e-04	1.000000000000000e+00	0	0	38
40	 5.281561149130422e+02  5.757375997775225e+02 -1.000667397901087e+03	 2.748309088929091e-05 -9.407420407114842e-07 -1.492176234023646e-04	1.000000000000000e+00	24	0	40
42	 1.169941099363948e+03 -4.990600865656028e+02  1.226062517772999e+03	 1.093350147129968e-04 -9.857743134489283e-05 -1.026159516186453e-04	1.000000000000000e+00	0	0	42
44	1.770798127051022e+03 1.021261462001244e+02 1.226227204946123e+03	 1.991810131585225e-05 -1.991810131585225e-05 -1.986690404010005e-05	1.000000000000000e+00	0	0	44
45	 1.369064458995892e+03 -9.716308952648620e+01  1.026939158141055e+03	-2.906031440943480e-04  2.898649836424738e-04  2.906031440943480e-04	1.000000000000000e+00	0	0	45
46	 8.653332193158361e+02 -7.071411098212325e+02  1.135760949432054e+03	-9.135174332186580e-04  9.119359892793000e-04  9.119359892793000e-04	1.000000000000000e+00	0	0	46
47	 3.231451671748852e+00 -1.441988322492297e+03  1.001935459783746e+03	 9.801187843549997e-05 -9.801187843549997e-05 -9.796352242119610e-05	1.000000000000000e+00	0	0	47
48	 2.039169986077659e+02 -1.041651166425528e+03  8.012508928277582e+02	 1.884866069303825e-04 -1.878973416751251e-04 -1.878973416751251e-04	1.000000000000000e+00	0	0	48
49	 4.031154028218118e+02 -1.240852050712437e+03  1.203073046063728e+03	-1.282470184378326e-04  1.274537498829886e-04  1.282470184378326e-04	1.000000000000000e+00	0	0	49
50	 9.086444469189655e+02 -6.326608250368567e+02  1.092461779301746e+03	 1.013885834254324e-03 -1.005639438517392e-03 -1.005639438517392e-03	1.000000000000000e+00	0	0	50
51	 1.570770096783857e+03 -2.988671288933538e+02  1.426255475445249e+03	 1.168659437098540e-04 -1.166621004813351e-04 -1.166621004813351e-04	1.000000000000000e+00	0	0	51
52	-3.774098335252828e+01 -2.421228082553884e+02  7.670852918978104e+02	1.086939737433568e-04 1.088120552594773e-04 1.086939737433568e-04	1.000000000000000e+00	12	0	52
53	 2.489423561124445e+02  5.814961111656690e+02 -3.439963233184743e+02	1.387044540024363e-05 1.387044540024363e-05 1.390094348607818e-05	1.000000000000000e+00	12	0	53
54	 5.311215042021742e+02 -7.956231366069213e+02  7.505208842828969e+02	5.814377345814137e-06 9.359275281894952e-06 9.359275281894952e-06	1.000000000000000e+00	12	0	54
55	 1.387408375508517e+03 -5.247757160475239e+02 -3.763966764468069e+02	1.176953901449451e-05 1.176953901449451e-05 1.178195816464722e-05	1.000000000000000e+00	12	0	55
56	 1.675317990165805e+03  3.000684254581789e+02 -1.486252083916587e+03	2.742673968896270e-04 2.735881716944277e-04 2.742673968896270e-04	1.000000000000000e+00	12	0	56
57	 1.101006430939608e+03  8.480015905808129e+02 -1.475255892638242e+03	-9.744758135639131e-04 -1.040557632222772e-03 -1.040557632222772e-03	1.000000000000000e+00	12	0	57
58	-9.764790987172780e+02  1.716546224092028e+02  8.930949820677164e+01	-2.054873475572094e-04  2.064809668809175e-04 -2.054873475572094e-04	1.000000000000000e+00	24	0	58
59	-5.441347335885976e+02  3.870954603690193e+02 -1.261337739625866e+02	-6.985806248849258e-05  6.985806248849258e-05 -7.015697337919846e-05	1.000000000000000e+00	24	0	59
60	-7.604026111515905e+02 -4.442572146210603e+01 -3.423989588949434e+02	-1.849029795266688e-04  1.835954899434000e-04 -1.835954899434000e-04	1.000000000000000e+00	24	0	60
61	 8.424254956508986e+01  3.891118351481978e+02 -7.759365155052473e+02	-7.030022061371710e-06  6.617613962589530e-06 -6.617613962589530e-06	1.000000000000000e+00	24	0	61
62	 1.172443010344936e+03  5.792279893966847e+02 -1.651954506530714e+03	-2.994464011862874e-04  2.917107194662094e-04 -2.994464011862874e-04	1.000000000000000e+00	24	0	62
63	 7.377658584422595e+02  3.661278562483053e+02 -1.438842237472742e+03	-1.020525349304080e-03  1.020525349304080e-03 -1.019283430650830e-03	1.000000000000000e+00	24	0	63
64	 9.595024018941172e+02  7.922308048244704e+02 -1.217160602948035e+03	 6.076369318179786e-04 -5.788829876109958e-04  5.788829876109958e-04	1.000000000000000e+00	24	0	64
65	 1.133524686751814e+02  3.600120830105634e+02 -7.849418811341282e+02	 9.380670962855220e-05 -9.367290476802737e-05  9.367290476802737e-05	1.000000000000000e+00	24	0	65
66	1.670813529384713e+03 2.021107438664338e+02 1.025700142517634e+03	 7.511881995014846e-05 -7.511881995014846e-05 -7.559578807558864e-05	1.000000000000000e+00	0	0	66
67	1.469093886840458e+03 1.033223181011560e+02 9.269097302964899e+02	-3.321958938613534e-04  3.338397364132106e-04  3.321958938613534e-04	1.000000000000000e+00	0	0	67
68	 9.972392688716877e+02 -6.415841800466619e+02  1.201317879206624e+03	-7.824808126315475e-04  7.898074109107256e-04  7.898074109107256e-04	1.000000000000000e+00	0	0	68
69	-9.696043270831795e+01 -1.341796438112230e+03  8.016164763867000e+02	 8.993624214781448e-05 -8.993624214781448e-05 -8.991570211946964e-05	1.000000000000000e+00	0	0	69
70	 3.633381575804748e+00 -1.141880151914897e+03  7.010219073383892e+02	 2.069244073936716e-04 -2.073152281809598e-04 -2.073152281809598e-04	1.000000000000000e+00	0	0	70
71	 1.033061490553064e+02 -1.542063019875854e+03  1.202371803163265e+03	 7.454118895111606e-05 -7.454118895111606e-05 -7.435376755893230e-05	1.000000000000000e+00	0	0	71
72	 3.031359714162447e+02 -1.441382453125319e+03  1.303052477469295e+03	-7.341870514210314e-05  7.317648851312697e-05  7.341870514210314e-05	1.000000000000000e+00	0	0	72
73	 7.771898396092138e+02 -6.986919189199239e+02  1.026430685418679e+03	 1.010646345093846e-03 -1.028162427246571e-03 -1.028162427246571e-03	1.000000000000000e+00	0	0	73
74	1.870867390628136e+03 2.056882623010819e+00 1.426668699091735e+03	-1.071365568350302e-05  1.071365568350302e-05  1.073197836376494e-05	1.000000000000000e+00	0	0	74
75	 1.771028733170895e+03 -1.986149627859486e+02  1.526507641552654e+03	 9.282844985136762e-05 -9.263356332667172e-05 -9.263356332667172e-05	1.000000000000000e+00	0	0	75
76	-1.272472201675662e+02 -6.315941666605101e+01  6.775790550827725e+02	9.231820877175778e-05 9.338120435131714e-05 9.231820877175778e-05	1.000000000000000e+00	12	0	76
77	1.501245796493556e+01 3.475662130181601e+02 1.209505783118589e+02	-2.474441425874829e-04 -2.474441425874829e-04 -2.506328746676445e-04	1.000000000000000e+00	12	0	77
78	 5.185709897813090e+01 -4.209907660623628e+02  8.566833742284696e+02	1.440535561414436e-04 1.452107971999794e-04 1.440535561414436e-04	1.000000000000000e+00	12	0	78
79	 3.362800269940473e+02 -6.977588157319315e+02  8.483852051578867e+02	9.094084089156240e-05 8.836481720209122e-05 8.836481720209122e-05	1.000000000000000e+00	12	0	79
80	 7.277247230795899e+02 -8.917410883643580e+02  6.544029325254602e+02	3.865797480102628e-04 3.874549292959273e-04 3.874549292959273e-04	1.000000000000000e+00	12	0	80
81	 1.154348198281332e+03 -7.578358932747092e+02  8.942557077600512e+01	-1.716576662147418e-05 -1.716576662147418e-05 -1.719576175673865e-05	1.000000000000000e+00	12	0	81
82	 1.620617107522255e+03 -2.915669840337864e+02 -8.420701896114721e+02	8.146071922965348e-05 8.146071922965348e-05 8.161691221175715e-05	1.000000000000000e+00	12	0	82
83	 1.764414692287750e+03  1.206968832791375e+02 -1.397155381794642e+03	1.698463020147756e-04 1.689728960627690e-04 1.698463020147756e-04	1.000000000000000e+00	12	0	83
84	 1.585792160213589e+03  4.790113450953729e+02 -1.575777913868802e+03	2.711104170884937e-04 2.708730753511190e-04 2.711104170884937e-04	1.000000000000000e+00	12	0	84
85	 1.302272349683331e+03  7.566377197155584e+02 -1.566619763503496e+03	5.202924367040396e-04 4.991805762983859e-04 4.991805762983859e-04	1.000000000000000e+00	12	0	85
86	 4.820370197711538e+02  8.145907748243784e+02 -8.097803137516191e+02	7.220357656478882e-05 7.220357656478882e-05 7.457106403307989e-05	1.000000000000000e+00	12	0	86
87	 9.152442791605165e+02  9.549467799848521e+02 -1.368310703234203e+03	1.479609869420528e-03 1.406258321367204e-03 1.406258321367204e-03	1.000000000000000e+00	12	0	87
88	-8.679476266256836e+02  3.870157480186992e+02  1.978409702983661e+02	-4.708185952040367e-05  4.758312934427522e-05 -4.708185952040367e-05	1.000000000000000e+00	24	0	88
89	-6.527083511424867e+02  4.956690779229083e+02  8.918688808006837e+01	-2.451720938552171e-04  2.451720938552171e-04 -2.450818137731403e-04	1.000000000000000e+00	24	0	89
90	-1.084637373263766e+03 -4.408329246340378e+01 -1.884877633971590e+01	-2.638229343574494e-04  2.633395779412240e-04 -2.638229343574494e-04	1.000000000000000e+00	24	0	90
91	-9.759783368335565e+02 -1.527417443678252e+02 -2.340829359892242e+02	-7.982170791365206e-05  7.962939707795158e-05 -7.962939707795158e-05	1.000000000000000e+00	24	0	91
92	 2.932041980166217e+02  4.954299303749993e+02 -8.822546107320487e+02	-1.667894248384982e-04  1.641238777665421e-04 -1.641238777665421e-04	1.000000000000000e+00	24	0	92
93	 1.063941257262186e+03  3.638522222716782e+02 -1.760456259613464e+03	-3.609087143559009e-04  3.641850780695677e-04 -3.609087143559009e-04	1.000000000000000e+00	24	0	93
94	 8.459523177131349e+02  2.579413969774299e+02 -1.654568514625793e+03	-9.551122202537954e-04  9.551122202537954e-04 -9.648049017414451e-04	1.000000000000000e+00	24	0	94
95	 1.276289853774843e+03  7.991830159007911e+02 -1.548107663100807e+03	-1.359767862595618e-03  1.311586936935782e-03 -1.359767862595618e-03	1.000000000000000e+00	24	0	95
96	 1.171220649033542e+03  9.043502071291800e+02 -1.329280005252745e+03	-5.607662606053054e-04  5.580169381573796e-04 -5.580169381573796e-04	1.000000000000000e+00	24	0	96
97	-9.645922385340523e+01  2.545785934622239e+02 -6.795083915857886e+02	 1.772077521309257e-04 -1.739811996230856e-04  1.739811996230856e-04	1.000000000000000e+00	24	0	97
98	-4.346294382467848e+02  2.775901650272065e+02 -3.405470652018422e+02	 3.632640291471034e-04 -3.632640291471034e-04  3.503544139675796e-04	1.000000000000000e+00	24	0	98
99	-5.450928931308629e+02  6.414820852390972e+01 -4.509728888809591e+02	-3.915918059647083e-04  3.864990139845759e-04 -3.864990139845759e-04	1.000000000000000e+00	24	0	99
100	-1.262871560282707e+02  2.841946360730357e+02 -6.710193164300850e+02	-3.079330053878948e-05  1.023194454319309e-05 -1.023194454319309e-05	1.000000000000000e+00	24	0	100
101	 7.341044127824088e+02 -7.733722238821438e+02  1.069529835371142e+03	-7.412256090901792e-04  7.324243197217584e-04  7.324243197217584e-04	1.000000000000000e+00	0	0	101
102	 4.037637846126315e+02 -9.409868168582764e+02  9.019152423950097e+02	 5.190416050027125e-05 -5.111261998536065e-05 -5.111261998536065e-05	1.000000000000000e+00	0	0	102
103	 5.027227604022448e+02 -1.039947013240991e+03  1.103465688483295e+03	-2.841984387487173e-04  2.842196554411203e-04  2.841984387487173e-04	1.000000000000000e+00	0	0	103
104	 6.301822239066654e+02  4.737114907838994e+02 -1.222451229102086e+03	-9.382370044477284e-04  9.382370044477284e-04 -8.962224237620831e-04	1.000000000000000e+00	24	0	104
105	 7.424849479744491e+02  6.853226305907654e+02 -1.110252428714330e+03	 4.002953646704555e-04 -3.933207481168211e-04  3.933207481168211e-04	1.000000000000000e+00	24	0	105
106	 3.243711772553910e+02  4.645279218333921e+02 -8.894577199569568e+02	 4.585117858368903e-05 -2.423158366582356e-05  2.423158366582356e-05	1.000000000000000e+00	24	0	106
107	 1.269093850369145e+03 -2.977053691739048e+02  1.126909766767802e+03	-2.375540643697605e-04  2.354653552174568e-04  2.375540643697605e-04	1.000000000000000e+00	0	0	107
108	 1.039750366606350e+03 -5.663051553681469e+02  1.158817448970456e+03	 7.917473558336496e-04 -7.749794749543071e-04 -7.749794749543071e-04	1.000000000000000e+00	0	0	108
109	 1.370574716897124e+03 -3.991833885504282e+02  1.325939215788174e+03	 1.658736873650923e-04 -1.661604619584978e-04 -1.661604619584978e-04	1.000000000000000e+00	0	0	109
110	-1.024790544454045e+02  2.300747006078201e+02  3.529068443628178e+02	-5.248108645901084e-04 -5.248108645901084e-04 -5.242812330834568e-04	1.000000000000000e+00	12	0	110
111	 1.037696508048766e+03 -8.744875835072748e+02  3.222156678292480e+02	-6.085328277549706e-05 -6.085328277549706e-05 -6.058501094230451e-05	1.000000000000000e+00	12	0	111
112	 1.737242728451635e+03 -1.749413631044067e+02 -1.074885903667885e+03	1.214568837895058e-04 1.214568837895058e-04 1.215639131260104e-04	1.000000000000000e+00	12	0	112
113	 6.008643980986227e+02  9.334181531518472e+02 -1.040359789350879e+03	7.250941707752645e-04 7.250941707752645e-04 7.465097587555647e-04	1.000000000000000e+00	12	0	113
114	 1.324452817544086e+02  4.649990368076332e+02 -1.110523630858585e+02	1.475642056902871e-05 1.475642056902871e-05 1.462300951970974e-05	1.000000000000000e+00	12	0	114
115	 3.652147992507149e+02  6.977685543039395e+02 -5.771652709549587e+02	-5.369824430090375e-05 -5.369824430090375e-05 -5.377025445341133e-05	1.000000000000000e+00	12	0	115
116	 1.270881542021656e+03 -6.413025495343850e+02 -1.434822829299944e+02	-1.882802848740539e-06 -1.882802848740539e-06 -1.884147764030786e-06	1.000000000000000e+00	12	0	116
117	 1.503982458302916e+03 -4.082016332531255e+02 -6.092637501604255e+02	3.842916703433730e-05 3.842916703433730e-05 3.849524364341050e-05	1.000000000000000e+00	12	0	117
0	-5.773502691896258e-01  5.773502691896258e-01  5.773502691896258e-01	-7.071067811865476e-01  3.124842898819631e-18 -7.071067811865476e-01	 1.198001808568474e+03 -5.294203851356715e-15  1.198001808568474e+03	1	0	0.000000000000000e+00	0.000000000000000e+00	0.000000000000000e+00
1	-5.773502691896258e-01  5.773502691896258e-01  5.773502691896258e-01	 0.000000000000000e+00  7.071067811865476e-01 -7.071067811865476e-01	 0.000000000000000e+00 -9.214510296266430e+02  9.214510296266430e+02	1	0	0.000000000000000e+00	0.000000000000000e+00	0.000000000000000e+00
2	-5.773502691896258e-01  5.773502691896258e-01  5.773502691896258e-01	 7.071067811865476e-01  7.071067811865476e-01 -3.124842898819631e-18	-7.193784354102739e+02 -7.193784354102739e+02  3.179073734356852e-15	1	0	0.000000000000000e+00	0.000000000000000e+00	0.000000000000000e+00
3	-5.773502691896258e-01  5.773502691896258e-01  5.773502691896258e-01	 7.071067811865476e-01 -3.124842898819631e-18  7.071067811865476e-01	 8.030942244427697e+02 -3.549030148066116e-15  8.030942244427697e+02	1	0	0.000000000000000e+00	0.000000000000000e+00	0.000000000000000e+00
4	-5.773502691896258e-01  5.773502691896258e-01  5.773502691896258e-01	 0.000000000000000e+00  7.071067811865476e-01 -7.071067811865476e-01	 0.000000000000000e+00 -8.625613021693013e+02  8.625613021693013e+02	1	0	0.000000000000000e+00	0.000000000000000e+00	0.000000000000000e+00
5	-5.773502691896258e-01  5.773502691896258e-01  5.773502691896258e-01	-7.071067811865476e-01 -7.071067811865476e-01  3.124842898819631e-18	 9.364621366255734e+02  9.364621366255734e+02 -4.138408986458117e-15	1	0	0.000000000000000e+00	0.000000000000000e+00	0.000000000000000e+00
6	 5.773502691896258e-01 -5.773502691896258e-01 -5.773502691896258e-01	0.000000000000000e+00 0.000000000000000e+00 0.000000000000000e+00	1.570392732195782e+03 3.025315410553647e+02 8.256108849411653e+02	1	1	0.000000000000000e+00	0.000000000000000e+00	0.000000000000000e+00
7	-5.773502691896258e-01 -5.773502691896258e-01 -5.773502691896258e-01	-7.071067811865476e-01  0.000000000000000e+00  7.071067811865476e-01	-4.024131376251693e+02  0.000000000000000e+00  4.024131376251693e+02	1	0	0.000000000000000e+00	0.000000000000000e+00	0.000000000000000e+00
8	-5.773502691896258e-01 -5.773502691896258e-01 -5.773502691896258e-01	 0.000000000000000e+00 -7.071067811865476e-01  7.071067811865476e-01	 0.000000000000000e+00 -7.730720104449091e+02  7.730720104449091e+02	1	0	0.000000000000000e+00	0.000000000000000e+00	0.000000000000000e+00
9	-5.773502691896258e-01 -5.773502691896258e-01 -5.773502691896258e-01	 7.071067811865476e-01 -7.071067811865476e-01  0.000000000000000e+00	 9.560920457780206e+02 -9.560920457780206e+02  0.000000000000000e+00	1	0	0.000000000000000e+00	0.000000000000000e+00	0.000000000000000e+00
10	-5.773502691896258e-01 -5.773502691896258e-01 -5.773502691896258e-01	 7.071067811865476e-01  0.000000000000000e+00 -7.071067811865476e-01	 1.580785037041196e+03  0.000000000000000e+00 -1.580785037041196e+03	1	0	0.000000000000000e+00	0.000000000000000e+00	0.000000000000000e+00
11	-5.773502691896258e-01 -5.773502691896258e-01 -5.773502691896258e-01	 0.000000000000000e+00  7.071067811865476e-01 -7.071067811865476e-01	 0.000000000000000e+00  1.161628741609527e+03 -1.161628741609527e+03	1	0	0.000000000000000e+00	0.000000000000000e+00	0.000000000000000e+00
12	-5.773502691896258e-01 -5.773502691896258e-01 -5.773502691896258e-01	-7.071067811865476e-01  7.071067811865476e-01  0.000000000000000e+00	-1.662768775266123e+02  1.662768775266123e+02  0.000000000000000e+00	1	0	0.000000000000000e+00	0.000000000000000e+00	0.000000000000000e+00
13	5.773502691896258e-01 5.773502691896258e-01 5.773502691896258e-01	0.000000000000000e+00 0.000000000000000e+00 0.000000000000000e+00	-2.170837012152994e+02  1.154700538379251e+02  5.877425740350395e+02	1	1	0.000000000000000e+00	0.000000000000000e+00	0.000000000000000e+00
14	-5.773502691896258e-01  5.773502691896258e-01 -5.773502691896258e-01	 7.071067811865476e-01  0.000000000000000e+00 -7.071067811865476e-01	-5.328942984620248e+02  0.000000000000000e+00  5.328942984620248e+02	1	0	0.000000000000000e+00	0.000000000000000e+00	0.000000000000000e+00
15	-5.773502691896258e-01  5.773502691896258e-01 -5.773502691896258e-01	-3.124842898819631e-18  7.071067811865476e-01  7.071067811865476e-01	 8.547268868455420e-16 -1.934123401785247e+02 -1.934123401785247e+02	1	0	0.000000000000000e+00	0.000000000000000e+00	0.000000000000000e+00
16	-5.773502691896258e-01  5.773502691896258e-01 -5.773502691896258e-01	 7.071067811865476e-01  7.071067811865476e-01 -3.124842898819631e-18	 5.519468573452824e+02  5.519468573452824e+02 -2.439160906938323e-15	1	0	0.000000000000000e+00	0.000000000000000e+00	0.000000000000000e+00
17	-5.773502691896258e-01  5.773502691896258e-01 -5.773502691896258e-01	-7.071067811865476e-01  0.000000000000000e+00  7.071067811865476e-01	 1.412198758437825e+03  0.000000000000000e+00 -1.412198758437825e+03	1	0	0.000000000000000e+00	0.000000000000000e+00	0.000000000000000e+00
18	-5.773502691896258e-01  5.773502691896258e-01 -5.773502691896258e-01	-3.124842898819631e-18  7.071067811865476e-01  7.071067811865476e-01	 9.389238637586849e-16 -2.124648990617823e+02 -2.124648990617823e+02	1	0	0.000000000000000e+00	0.000000000000000e+00	0.000000000000000e+00
19	-5.773502691896258e-01  5.773502691896258e-01 -5.773502691896258e-01	-7.071067811865476e-01 -7.071067811865476e-01  3.124842898819631e-18	-7.851963660978913e+01 -7.851963660978913e+01  3.469936018238618e-16	1	0	0.000000000000000e+00	0.000000000000000e+00	0.000000000000000e+00
20	 5.773502691896258e-01 -5.773502691896258e-01  5.773502691896258e-01	0.000000000000000e+00 0.000000000000000e+00 0.000000000000000e+00	-7.597929542535472e+02  6.027536810339691e+02  3.059956426705008e+02	1	1	0.000000000000000e+00	0.000000000000000e+00	0.000000000000000e+00
0	0	1	0
6	0	1	0
5	5	0	0
6	5	0	0
0	6	0	0
5	0	6	0
1	1	2	0
6	1	2	0
0	1	7	0
1	7	1	0
2	2	3	0
6	2	3	0
1	2	8	0
2	8	2	0
3	3	4	0
6	3	4	0
2	3	9	0
3	9	3	0
4	4	5	0
6	4	5	0
3	4	10	0
4	10	4	0
4	5	11	0
5	11	5	0
5	6	66	0
0	67	6	0
0	7	42	0
1	68	7	0
2	69	8	0
1	8	70	0
2	9	71	0
3	72	9	0
3	10	38	0
4	73	10	0
5	74	11	0
4	11	75	0
7	12	13	0
13	12	13	0
12	17	12	0
13	17	12	0
7	18	12	0
12	12	18	0
8	13	14	0
13	13	14	0
7	13	19	0
8	19	13	0
9	14	15	0
13	14	15	0
8	14	20	0
9	20	14	0
10	15	16	0
13	15	16	0
9	15	21	0
10	21	15	0
11	16	17	0
13	16	17	0
10	16	22	0
11	22	16	0
11	17	23	0
12	23	17	0
7	76	18	0
12	18	110	0
7	19	78	0
8	79	19	0
8	20	80	0
9	111	20	0
10	83	21	0
9	21	112	0
10	22	84	0
11	85	22	0
11	23	87	0
12	113	23	0
14	24	25	0
20	24	25	0
19	29	24	0
20	29	24	0
14	30	24	0
19	24	30	0
15	25	26	0
20	25	26	0
14	25	31	0
15	31	25	0
16	26	27	0
20	26	27	0
15	26	32	0
16	32	26	0
17	27	28	0
20	27	28	0
16	27	33	0
17	33	27	0
18	28	29	0
20	28	29	0
17	28	34	0
18	34	28	0
18	29	35	0
19	35	29	0
14	88	30	0
19	30	89	0
14	31	90	0
15	91	31	0
16	40	32	0
15	32	92	0
17	93	33	0
16	33	94	0
17	34	95	0
18	96	34	0
19	36	35	0
18	35	97	0
19	98	36	0
15	36	99	0
15	100	36	0
1	38	101	0
1	102	38	0
3	38	103	0
16	104	40	0
18	40	105	0
18	106	40	0
0	42	107	0
4	42	108	0
4	109	42	0
5	66	44	0
5	44	74	0
0	45	67	0
0	107	45	0
1	46	68	0
1	101	46	0
2	47	69	0
2	71	47	0
1	70	48	0
1	48	102	0
3	49	72	0
3	103	49	0
4	50	73	0
4	108	50	0
4	75	51	0
4	51	109	0
7	52	76	0
7	78	52	0
12	114	53	0
12	53	115	0
8	54	79	0
8	80	54	0
9	55	116	0
9	117	55	0
10	56	83	0
10	84	56	0
11	57	85	0
11	87	57	0
14	58	88	0
14	90	58	0
19	89	59	0
19	59	98	0
15	60	91	0
15	99	60	0
15	92	61	0
15	61	100	0
17	62	93	0
17	95	62	0
16	94	63	0
16	63	104	0
18	64	96	0
18	105	64	0
18	97	65	0
18	65	106	0
12	110	77	0
12	77	114	0
9	81	111	0
9	116	81	0
9	112	82	0
9	82	117	0
12	86	113	0
12	115	86	0
