114
21
172
0	1.570392732195782e+03 3.025315410553647e+02 8.256108849411653e+02	0.000000000000000e+00 0.000000000000000e+00 0.000000000000000e+00	1.000000000000000e+00	0	0	0
1	 1.130451827073287e+03 -5.773502691896260e+02  1.265551790063660e+03	0.000000000000000e+00 0.000000000000000e+00 0.000000000000000e+00	1.000000000000000e+00	0	0	1
2	-1.974537920628516e+02 -1.241303078757696e+03  6.015989804955904e+02	0.000000000000000e+00 0.000000000000000e+00 0.000000000000000e+00	1.000000000000000e+00	0	0	2
3	 2.032272947547480e+02 -1.641984165575296e+03  1.402961154130791e+03	0.000000000000000e+00 0.000000000000000e+00 0.000000000000000e+00	1.000000000000000e+00	0	0	3
4	 6.431681998772439e+02 -7.621023553303065e+02  9.630202490082960e+02	0.000000000000000e+00 0.000000000000000e+00 0.000000000000000e+00	1.000000000000000e+00	0	0	4
5	 1.971073819013383e+03 -9.814954576223676e+01  1.626973058576365e+03	0.000000000000000e+00 0.000000000000000e+00 0.000000000000000e+00	1.000000000000000e+00	0	0	5
6	1.570281161950198e+03 3.026431113009485e+02 8.257224551867492e+02	-1.093853497877717e-04  1.099700821214356e-04  1.091777958208695e-04	1.000000000000000e+00	0	0	6
7	 1.130274819184147e+03 -5.771732613004863e+02  1.265728797952800e+03	-2.064566748837630e-04  2.064566748837630e-04  2.064566748837630e-04	1.000000000000000e+00	0	0	7
8	-1.973389025476951e+02 -1.241417968272852e+03  6.014840909804338e+02	 1.113406033255160e-04 -1.114811893785372e-04 -1.114743790822104e-04	1.000000000000000e+00	0	0	8
9	 2.032240270848837e+02 -1.641980897905431e+03  1.402964421800655e+03	-2.342994093851303e-06  2.306488795511541e-06  2.376710426688078e-06	1.000000000000000e+00	0	0	9
10	 6.432277271567908e+02 -7.621618826098535e+02  9.629607217287489e+02	 9.314029011875391e-05 -9.419539128430188e-05 -9.662692900747061e-05	1.000000000000000e+00	0	0	10
11	 1.971097915068448e+03 -9.817364181730140e+01  1.626948962521301e+03	 2.444637539156247e-05 -2.441430842736736e-05 -2.440722892060876e-05	1.000000000000000e+00	0	0	11
12	-2.170837012152994e+02  1.154700538379251e+02  5.877425740350395e+02	0.000000000000000e+00 0.000000000000000e+00 0.000000000000000e+00	1.000000000000000e+00	12	0	12
13	 1.408734656822689e+02 -6.004442799572098e+02  9.456997409326077e+02	0.000000000000000e+00 0.000000000000000e+00 0.000000000000000e+00	1.000000000000000e+00	12	0	13
14	 9.214510296266424e+02 -9.907330619293978e+02  5.554109589604201e+02	0.000000000000000e+00 0.000000000000000e+00 0.000000000000000e+00	1.000000000000000e+00	12	0	14
15	 1.853294364098699e+03 -5.888972745734176e+01 -1.308275709983692e+03	0.000000000000000e+00 0.000000000000000e+00 0.000000000000000e+00	1.000000000000000e+00	12	0	15
16	 1.495337197201131e+03  6.570246063377946e+02 -1.666232876881260e+03	0.000000000000000e+00 0.000000000000000e+00 0.000000000000000e+00	1.000000000000000e+00	12	0	16
17	 7.147596332567570e+02  1.047313388309982e+03 -1.275944094909073e+03	0.000000000000000e+00 0.000000000000000e+00 0.000000000000000e+00	1.000000000000000e+00	12	0	17
18	-2.173419914526195e+02  1.152117636006050e+02  5.874842837977195e+02	-2.497984193420659e-04 -2.497984193420659e-04 -2.497984193420659e-04	1.000000000000000e+00	12	0	18
19	 1.412516370450831e+02 -6.000661085943957e+02  9.460779122954219e+02	3.636914382999142e-04 3.636914382999142e-04 3.636914382999142e-04	1.000000000000000e+00	12	0	19
20	 9.215230838348623e+02 -9.906610077211778e+02  5.554830131686400e+02	7.348093640757725e-05 7.258632103912532e-05 7.275665848283097e-05	1.000000000000000e+00	12	0	20
21	 1.853420372568479e+03 -5.876371898756185e+01 -1.308149701513913e+03	1.227231114171445e-04 1.226788444910198e-04 1.227240427397192e-04	1.000000000000000e+00	12	0	21
22	 1.495674228588480e+03  6.573616377251427e+02 -1.665895845493912e+03	3.299563832115382e-04 3.299563832115382e-04 3.299563832115382e-04	1.000000000000000e+00	12	0	22
23	 7.161960742579706e+02  1.048749829311196e+03 -1.274507653907860e+03	1.386722045329710e-03 1.386722045329710e-03 1.386722045329710e-03	1.000000000000000e+00	12	0	23
24	-7.597929542535472e+02  6.027536810339691e+02  3.059956426705008e+02	0.000000000000000e+00 0.000000000000000e+00 0.000000000000000e+00	1.000000000000000e+00	24	0	24
25	-1.191650955607388e+03 -2.609623216737101e+02 -1.258623586833382e+02	0.000000000000000e+00 0.000000000000000e+00 0.000000000000000e+00	1.000000000000000e+00	24	0	25
26	 5.126870390403868e+02  5.912066756501777e+02 -9.780313560072266e+02	0.000000000000000e+00 0.000000000000000e+00 0.000000000000000e+00	1.000000000000000e+00	24	0	26
27	 9.572467463163994e+02  1.466469683741651e+02 -1.867150770559250e+03	0.000000000000000e+00 0.000000000000000e+00 0.000000000000000e+00	1.000000000000000e+00	24	0	27
28	 1.389104747670240e+03  1.010362971081845e+03 -1.435292769205410e+03	0.000000000000000e+00 0.000000000000000e+00 0.000000000000000e+00	1.000000000000000e+00	24	0	28
29	-3.152332469775362e+02  1.581939737579582e+02 -5.831237718815206e+02	0.000000000000000e+00 0.000000000000000e+00 0.000000000000000e+00	1.000000000000000e+00	24	0	29
30	-7.598704696097248e+02  6.028311963901467e+02  3.059181273143232e+02	-7.488412666134536e-05  7.489466952392831e-05 -7.457182073267177e-05	1.000000000000000e+00	24	0	30
31	-1.191800245010407e+03 -2.608130322706910e+02 -1.260116480863573e+02	-1.453466393286362e-04  1.450860727345571e-04 -1.453501026844606e-04	1.000000000000000e+00	24	0	31
32	 5.074029554690334e+02  5.964907592215311e+02 -9.833154395785800e+02	-6.720368905613819e-03  6.720368905613820e-03 -6.720368905613820e-03	1.000000000000000e+00	24	0	32
33	 9.566614716996671e+02  1.472322429908973e+02 -1.867736045175982e+03	-5.709306957821051e-04  5.709306957821051e-04 -5.709306957821052e-04	1.000000000000000e+00	24	0	33
34	 1.387998618299599e+03  1.011469100452486e+03 -1.436398898576050e+03	-1.080987237704297e-03  1.080987237704297e-03 -1.080987237704297e-03	1.000000000000000e+00	24	0	34
35	-3.122340318416898e+02  1.551947586221118e+02 -5.801245567456742e+02	 6.280203194667896e-03 -6.280203194667894e-03  6.280203194667895e-03	1.000000000000000e+00	24	0	35
36	-3.287020528992421e+02  1.716627796796641e+02 -5.584874600367118e+02	-1.760841463692486e-03  1.760841463692486e-03 -1.760841463692486e-03	1.000000000000000e+00	24	0	36
38	 6.037078957092843e+02 -8.404215060770310e+02  1.002480553176255e+03	-1.987142168218270e-04  2.001398679567501e-04  1.990562886931002e-04	1.000000000000000e+00	0	0	38
40	 5.269303678335893e+02  5.769633468569754e+02 -1.001893144980540e+03	 1.942467759363353e-03 -1.942467759363353e-03  1.942467759363353e-03	1.000000000000000e+00	24	0	40
42	 1.169757799024597e+03 -4.988767862262529e+02  1.226245818112350e+03	 5.119599518366158e-05 -5.079857146483846e-05 -5.081898780190386e-05	1.000000000000000e+00	0	0	42
44	1.770751091479282e+03 1.021731817718651e+02 1.226274162422412e+03	 1.780545426299796e-05 -1.780545426299796e-05 -1.779241756594274e-05	1.000000000000000e+00	0	0	44
45	 1.369770414596462e+03 -9.786787745826956e+01  1.026233202540486e+03	-2.765776007436216e-04  2.763705269899219e-04  2.765776007436216e-04	1.000000000000000e+00	0	0	45
46	 8.668610988004451e+02 -7.086672055806180e+02  1.134234853672668e+03	-3.773975768126547e-04  3.772189957089722e-04  3.772189957089722e-04	1.000000000000000e+00	0	0	46
47	 2.987528651032374e+00 -1.441744399471580e+03  1.002179298918884e+03	 9.792764467420056e-05 -9.792764467420056e-05 -9.791076445253566e-05	1.000000000000000e+00	0	0	47
48	 2.034344264839356e+02 -1.041169570765492e+03  8.017324884877942e+02	 1.990906894207001e-04 -1.989053271245211e-04 -1.989053271245211e-04	1.000000000000000e+00	0	0	48
49	 4.034354153100396e+02 -1.241170777345676e+03  1.202753033575500e+03	-1.286652986891568e-04  1.284292957279831e-04  1.286652986891568e-04	1.000000000000000e+00	0	0	49
50	 9.068646797870670e+02 -6.308907602458034e+02  1.094231844092799e+03	 4.797127330675721e-04 -4.786504432559013e-04 -4.786504432559013e-04	1.000000000000000e+00	0	0	50
51	 1.570496459193582e+03 -2.985937920479910e+02  1.426528812290612e+03	 1.032821528497152e-04 -1.032338841469027e-04 -1.032338841469027e-04	1.000000000000000e+00	0	0	51
52	-3.800218324703497e+01 -2.423841683775485e+02  7.668240920033037e+02	1.013425935525447e-04 1.013638830045238e-04 1.013425935525447e-04	1.000000000000000e+00	12	0	52
53	 2.488937663559414e+02  5.814475214091659e+02 -3.440449577660291e+02	3.614461093093269e-05 3.614461093093269e-05 3.614978049881756e-05	1.000000000000000e+00	12	0	53
54	 5.311369036624322e+02 -7.956134773174570e+02  7.505305435723614e+02	-1.905820317915641e-05 -1.801079270080663e-05 -1.801079270080663e-05	1.000000000000000e+00	12	0	54
55	 1.387381096310177e+03 -5.248029952458646e+02 -3.764239746665062e+02	9.370372026751284e-06 9.370372026751284e-06 9.373338798468467e-06	1.000000000000000e+00	12	0	55
56	 1.674616343443097e+03  2.993678939163433e+02 -1.486953730639295e+03	2.891153562813997e-04 2.889064198825508e-04 2.891153562813997e-04	1.000000000000000e+00	12	0	56
57	 1.103761769292247e+03  8.508700815822401e+02 -1.472387401636815e+03	-1.231925794854760e-03 -1.255386974662542e-03 -1.255386974662542e-03	1.000000000000000e+00	12	0	57
58	-9.759511308394901e+02  1.711250160121719e+02  8.983746608455957e+01	-2.192676765844226e-04  2.195768611272797e-04 -2.192676765844226e-04	1.000000000000000e+00	24	0	58
59	-5.439483520511812e+02  3.869090788316030e+02 -1.259468237360176e+02	-7.968142745085061e-05  7.968142745085061e-05 -7.980620284797624e-05	1.000000000000000e+00	24	0	59
60	-7.599612245169028e+02 -4.486519009685742e+01 -3.419594902601920e+02	-1.675727398833260e-04  1.672888320172206e-04 -1.672888320172206e-04	1.000000000000000e+00	24	0	60
61	 8.733000831924375e+01  3.860536521107347e+02 -7.728783324677842e+02	-6.073777098208666e-03  6.000042427331209e-03 -6.000042427331209e-03	1.000000000000000e+00	24	0	61
62	 1.173053474577080e+03  5.786271810323019e+02 -1.651344042298570e+03	-1.744556939229369e-04  1.738456048769876e-04 -1.744556939229369e-04	1.000000000000000e+00	24	0	62
63	 7.402869107310823e+02  3.636068039594825e+02 -1.436323370395669e+03	-1.004741876386106e-03  1.004741876386106e-03 -1.004300778731704e-03	1.000000000000000e+00	24	0	63
64	 9.579296787275075e+02  7.937557463745725e+02 -1.218685544498137e+03	 6.548950914293528e-04 -6.458212155848742e-04  6.458212155848742e-04	1.000000000000000e+00	24	0	64
65	 1.101335762687056e+02  3.632543723126846e+02 -7.881841704362494e+02	 5.988795775920153e-03 -6.053457502275705e-03  6.053457502275705e-03	1.000000000000000e+00	24	0	65
66	1.670633235898623e+03 2.022910373525235e+02 1.025881140596807e+03	 6.964239582885057e-05 -6.964239582885057e-05 -6.975445285206661e-05	1.000000000000000e+00	0	0	66
67	1.469900732180608e+03 1.025129435819396e+02 9.261028849563397e+02	-3.159705374855548e-04  3.164007503073663e-04  3.159705374855548e-04	1.000000000000000e+00	0	0	67
68	 9.985433254941540e+02 -6.428953475467310e+02  1.200006711706555e+03	-3.217626945115626e-04  3.222677041776478e-04  3.222677041776478e-04	1.000000000000000e+00	0	0	68
69	-9.718763177460276e+01 -1.341569239045945e+03  8.018436392452732e+02	 9.256129123969004e-05 -9.256129123969004e-05 -9.255389159079641e-05	1.000000000000000e+00	0	0	69
70	 3.108914910226673e+00 -1.141355034967155e+03  7.015470242861306e+02	 2.143451711162925e-04 -2.144691388821229e-04 -2.144691388821229e-04	1.000000000000000e+00	0	0	70
71	 1.031271293496739e+02 -1.541884000170222e+03  1.202550530294595e+03	 6.925652269273996e-05 -6.925652269273996e-05 -6.920567102497444e-05	1.000000000000000e+00	0	0	71
72	 3.033204844699123e+02 -1.441566576499208e+03  1.302867964415627e+03	-7.469690172001719e-05  7.462616486009210e-05  7.469690172001719e-05	1.000000000000000e+00	0	0	72
73	 7.753135881201151e+02 -6.967950606455111e+02  1.028327543693091e+03	 5.520645063370466e-04 -5.544159794226289e-04 -5.544159794226289e-04	1.000000000000000e+00	0	0	73
74	1.870893266002061e+03 2.031007249085421e+00 1.426642798251585e+03	-1.013478686218150e-05  1.013478686218150e-05  1.013844394037733e-05	1.000000000000000e+00	0	0	74
75	 1.770813478649730e+03 -1.983999972753300e+02  1.526722607063273e+03	 8.029332093428820e-05 -8.024682756513357e-05 -8.024682756513357e-05	1.000000000000000e+00	0	0	75
76	-1.274874321522182e+02 -6.340137893325333e+01  6.773388430981205e+02	1.015697998809628e-04 1.019021583488211e-04 1.015697998809628e-04	1.000000000000000e+00	12	0	76
77	1.562671215811231e+01 3.481804672113369e+02 1.215700005278855e+02	-2.450351894367486e-04 -2.450351894367486e-04 -2.459822862874717e-04	1.000000000000000e+00	12	0	77
78	 5.151528516065614e+01 -4.213344181069604e+02  8.563415604109948e+02	1.302872697124258e-04 1.306143822148442e-04 1.302872697124258e-04	1.000000000000000e+00	12	0	78
79	 3.360828873173288e+02 -6.979518269039090e+02  8.481921939859092e+02	6.765218131477013e-05 6.690678856102750e-05 6.690678856102750e-05	1.000000000000000e+00	12	0	79
80	 7.267330945125420e+02 -8.927342480113122e+02  6.534097728785060e+02	4.098456411156803e-04 4.101553058717400e-04 4.101553058717400e-04	1.000000000000000e+00	12	0	80
81	 1.154392253724315e+03 -7.577918378317268e+02  8.946967694563799e+01	-1.854266520240344e-05 -1.854266520240344e-05 -1.855264599726070e-05	1.000000000000000e+00	12	0	81
82	 1.620414966118976e+03 -2.917691254370652e+02 -8.422725836949490e+02	8.014992636162788e-05 8.014992636162788e-05 8.019580855034292e-05	1.000000000000000e+00	12	0	82
83	 1.763985327830926e+03  1.202689688556332e+02 -1.397584746251466e+03	1.745470945024863e-04 1.742720778565854e-04 1.745470945024863e-04	1.000000000000000e+00	12	0	83
84	 1.585111270354318e+03  4.783307832298676e+02 -1.576458803728074e+03	2.756584726739675e-04 2.756136236712337e-04 2.756584726739675e-04	1.000000000000000e+00	12	0	84
85	 1.301001695815673e+03  7.554045749988204e+02 -1.567852908220234e+03	5.743446527048945e-04 5.680611357092857e-04 5.680611357092857e-04	1.000000000000000e+00	12	0	85
86	 4.818715915695586e+02  8.144253466227832e+02 -8.099493547299305e+02	6.551207479787990e-05 6.551207479787990e-05 6.609235424548388e-05	1.000000000000000e+00	12	0	86
87	 9.114947598347237e+02  9.513197828333236e+02 -1.371937700385731e+03	1.534008304588497e-03 1.510597881861031e-03 1.510597881861031e-03	1.000000000000000e+00	12	0	87
88	-8.678190528788884e+02  3.868863575418166e+02  1.979695440451613e+02	-5.700421388610266e-05  5.715646329917945e-05 -5.700421388610266e-05	1.000000000000000e+00	24	0	88
89	-6.520894277259508e+02  4.950501545063725e+02  8.980567855656400e+01	-2.520731941331178e-04  2.520731941331178e-04 -2.520525304134935e-04	1.000000000000000e+00	24	0	89
90	-1.083969483496177e+03 -4.475037373225729e+01 -1.818088657212753e+01	-2.729092084337026e-04  2.727534738369286e-04 -2.729092084337026e-04	1.000000000000000e+00	24	0	90
91	-9.757916590895192e+02 -1.529281388973370e+02 -2.338965414597125e+02	-6.965316424611956e-05  6.960922473808751e-05 -6.960922473808751e-05	1.000000000000000e+00	24	0	91
92	 2.968133811249685e+02  4.918399183169948e+02 -8.786645986740442e+02	-6.088731810450554e-03  6.080886349081993e-03 -6.080886349081993e-03	1.000000000000000e+00	24	0	92
93	 1.064839607941909e+03  3.629482228770283e+02 -1.759557908933740e+03	-3.605851088650525e-04  3.617371548898518e-04 -3.605851088650525e-04	1.000000000000000e+00	24	0	93
94	 8.483150064412192e+02  2.555787082493456e+02 -1.652190417632886e+03	-9.425158496014774e-04  9.425158496014774e-04 -9.452695376239717e-04	1.000000000000000e+00	24	0	94
95	 1.279921103074931e+03  7.956452252019769e+02 -1.544476413800719e+03	-1.447358052246273e-03  1.429220894351602e-03 -1.447358052246273e-03	1.000000000000000e+00	24	0	95
96	 1.172608121586662e+03  9.029659795496623e+02 -1.327895777673227e+03	-5.542636499740183e-04  5.539792473427951e-04 -5.539792473427951e-04	1.000000000000000e+00	24	0	96
97	-1.009675274894063e+02  2.591202506022367e+02 -6.840500487258014e+02	 6.716767325997353e-03 -6.817917805165052e-03  6.817917805165052e-03	1.000000000000000e+00	24	0	97
98	-4.355299857316230e+02  2.784907125120447e+02 -3.414231163212545e+02	 3.601822827477008e-04 -3.601822827477008e-04  3.565081860870123e-04	1.000000000000000e+00	24	0	98
99	-5.441691834824344e+02  6.323610512104471e+01 -4.500607854780941e+02	-3.214648168068379e-04  3.199806378688663e-04 -3.199806378688663e-04	1.000000000000000e+00	24	0	99
100	-1.218357007944811e+02  2.799615920514801e+02 -6.667862724085295e+02	-6.851388607174158e-03  6.644662469625473e-03 -6.644662469625473e-03	1.000000000000000e+00	24	0	100
101	 7.353106893347530e+02 -7.745706784994627e+02  1.068331380753823e+03	-2.839549561031163e-04  2.835245977621526e-04  2.835245977621526e-04	1.000000000000000e+00	0	0	101
102	 4.036267838350111e+02 -9.408510918015675e+02  9.020509674517186e+02	 5.701227200916037e-05 -5.678254092345014e-05 -5.678254092345014e-05	1.000000000000000e+00	0	0	102
103	 5.034382161818178e+02 -1.040662616107277e+03  1.102750232703722e+03	-2.903621934819967e-04  2.904095163103193e-04  2.903621934819967e-04	1.000000000000000e+00	0	0	103
104	 6.324529176305927e+02  4.714407970599721e+02 -1.220257245423439e+03	-8.856867207214236e-04  8.856867207214236e-04 -8.700671605765820e-04	1.000000000000000e+00	24	0	104
105	 7.415810577560671e+02  6.862077953309697e+02 -1.111137593454534e+03	 3.006696642842144e-04 -2.960578713100404e-04  2.960578713100404e-04	1.000000000000000e+00	24	0	105
106	 3.209024239358372e+02  4.678271160687358e+02 -8.927569141923005e+02	 6.139928009361029e-03 -5.971114151179790e-03  5.971114151179790e-03	1.000000000000000e+00	24	0	106
107	 1.269661212193680e+03 -2.982696358869790e+02  1.126342404943268e+03	-2.183774049626663e-04  2.178759459638968e-04  2.183774049626663e-04	1.000000000000000e+00	0	0	107
108	 1.038389667109361e+03 -5.649617980073997e+02  1.160160806331203e+03	 3.575660812202841e-04 -3.560923214536160e-04 -3.560923214536160e-04	1.000000000000000e+00	0	0	108
109	 1.370193506769074e+03 -3.988017191318038e+02  1.326320885206799e+03	 1.415507867932320e-04 -1.416306477040052e-04 -1.416306477040052e-04	1.000000000000000e+00	0	0	109
110	-1.011571973740393e+02  2.313965576791853e+02  3.542278939006185e+02	-5.366922705434263e-04 -5.366922705434263e-04 -5.365585093386471e-04	1.000000000000000e+00	12	0	110
111	 1.037858466289608e+03 -8.743256252664328e+02  3.223771871359017e+02	-6.929291703272611e-05 -6.929291703272611e-05 -6.921152089489624e-05	1.000000000000000e+00	12	0	111
112	 1.736938972409797e+03 -1.752451191462446e+02 -1.075189834549638e+03	1.219626356032677e-04 1.219626356032677e-04 1.219950572703965e-04	1.000000000000000e+00	12	0	112
113	 5.990396974283641e+02  9.315934524815885e+02 -1.042219450551428e+03	7.383027113974094e-04 7.383027113974094e-04 7.447708630934358e-04	1.000000000000000e+00	12	0	113
114	 1.323943502482132e+02  4.649481053014377e+02 -1.111031272162142e+02	2.930261689471081e-05 2.930261689471081e-05 2.929149377450813e-05	1.000000000000000e+00	12	0	114
115	 3.653340531584150e+02  6.978878082116396e+02 -5.770459244153687e+02	-1.995034290303010e-05 -1.995034290303010e-05 -1.995530874410179e-05	1.000000000000000e+00	12	0	115
116	 1.270887661173355e+03 -6.412964303826861e+02 -1.434761611913669e+02	-3.625872523116414e-06 -3.625872523116414e-06 -3.626567604442243e-06	1.000000000000000e+00	12	0	116
117	 1.503888792499723e+03 -4.082952990563188e+02 -6.093575210954438e+02	3.597051181714050e-05 3.597051181714050e-05 3.598887269617990e-05	1.000000000000000e+00	12	0	117
0	-5.773502691896258e-01  5.773502691896258e-01  5.773502691896258e-01	-7.071067811865476e-01  3.124842898819631e-18 -7.071067811865476e-01	 1.198001808568474e+03 -5.294203851356715e-15  1.198001808568474e+03	1	0	0.000000000000000e+00	0.000000000000000e+00	0.000000000000000e+00
1	-5.773502691896258e-01  5.773502691896258e-01  5.773502691896258e-01	 0.000000000000000e+00  7.071067811865476e-01 -7.071067811865476e-01	 0.000000000000000e+00 -9.214510296266430e+02  9.214510296266430e+02	1	0	0.000000000000000e+00	0.000000000000000e+00	0.000000000000000e+00
2	-5.773502691896258e-01  5.773502691896258e-01  5.773502691896258e-01	 7.071067811865476e-01  7.071067811865476e-01 -3.124842898819631e-18	-7.193784354102739e+02 -7.193784354102739e+02  3.179073734356852e-15	1	0	0.000000000000000e+00	0.000000000000000e+00	0.000000000000000e+00
3	-5.773502691896258e-01  5.773502691896258e-01  5.773502691896258e-01	 7.071067811865476e-01 -3.124842898819631e-18  7.071067811865476e-01	 8.030942244427697e+02 -3.549030148066116e-15  8.030942244427697e+02	1	0	0.000000000000000e+00	0.000000000000000e+00	0.000000000000000e+00
4	-5.773502691896258e-01  5.773502691896258e-01  5.773502691896258e-01	 0.000000000000000e+00  7.071067811865476e-01 -7.071067811865476e-01	 0.000000000000000e+00 -8.625613021693013e+02  8.625613021693013e+02	1	0	0.000000000000000e+00	0.000000000000000e+00	0.000000000000000e+00
5	-5.773502691896258e-01  5.773502691896258e-01  5.773502691896258e-01	-7.071067811865476e-01 -7.071067811865476e-01  3.124842898819631e-18	 9.364621366255734e+02  9.364621366255734e+02 -4.138408986458117e-15	1	0	0.000000000000000e+00	0.000000000000000e+00	0.000000000000000e+00
6	 5.773502691896258e-01 -5.773502691896258e-01 -5.773502691896258e-01	0.000000000000000e+00 0.000000000000000e+00 0.000000000000000e+00	1.570392732195782e+03 3.025315410553647e+02 8.256108849411653e+02	1	1	0.000000000000000e+00	0.000000000000000e+00	0.000000000000000e+00
7	-5.773502691896258e-01 -5.773502691896258e-01 -5.773502691896258e-01	-7.071067811865476e-01  0.000000000000000e+00  7.071067811865476e-01	-4.024131376251693e+02  0.000000000000000e+00  4.024131376251693e+02	1	0	0.000000000000000e+00	0.000000000000000e+00	0.000000000000000e+00
8	-5.773502691896258e-01 -5.773502691896258e-01 -5.773502691896258e-01	 0.000000000000000e+00 -7.071067811865476e-01  7.071067811865476e-01	 0.000000000000000e+00 -7.730720104449091e+02  7.730720104449091e+02	1	0	0.000000000000000e+00	0.000000000000000e+00	0.000000000000000e+00
9	-5.773502691896258e-01 -5.773502691896258e-01 -5.773502691896258e-01	 7.071067811865476e-01 -7.071067811865476e-01  0.000000000000000e+00	 9.560920457780206e+02 -9.560920457780206e+02  0.000000000000000e+00	1	0	0.000000000000000e+00	0.000000000000000e+00	0.000000000000000e+00
10	-5.773502691896258e-01 -5.773502691896258e-01 -5.773502691896258e-01	 7.071067811865476e-01  0.000000000000000e+00 -7.071067811865476e-01	 1.580785037041196e+03  0.000000000000000e+00 -1.580785037041196e+03	1	0	0.000000000000000e+00	0.000000000000000e+00	0.000000000000000e+00
11	-5.773502691896258e-01 -5.773502691896258e-01 -5.773502691896258e-01	 0.000000000000000e+00  7.071067811865476e-01 -7.071067811865476e-01	 0.000000000000000e+00  1.161628741609527e+03 -1.161628741609527e+03	1	0	0.000000000000000e+00	0.000000000000000e+00	0.000000000000000e+00
12	-5.773502691896258e-01 -5.773502691896258e-01 -5.773502691896258e-01	-7.071067811865476e-01  7.071067811865476e-01  0.000000000000000e+00	-1.662768775266123e+02  1.662768775266123e+02  0.000000000000000e+00	1	0	0.000000000000000e+00	0.000000000000000e+00	0.000000000000000e+00
13	5.773502691896258e-01 5.773502691896258e-01 5.773502691896258e-01	0.000000000000000e+00 0.000000000000000e+00 0.000000000000000e+00	-2.170837012152994e+02  1.154700538379251e+02  5.877425740350395e+02	1	1	0.000000000000000e+00	0.000000000000000e+00	0.000000000000000e+00
14	-5.773502691896258e-01  5.773502691896258e-01 -5.773502691896258e-01	 7.071067811865476e-01  0.000000000000000e+00 -7.071067811865476e-01	-5.328942984620248e+02  0.000000000000000e+00  5.328942984620248e+02	1	0	0.000000000000000e+00	0.000000000000000e+00	0.000000000000000e+00
15	-5.773502691896258e-01  5.773502691896258e-01 -5.773502691896258e-01	-3.124842898819631e-18  7.071067811865476e-01  7.071067811865476e-01	 8.547268868455420e-16 -1.934123401785247e+02 -1.934123401785247e+02	1	0	0.000000000000000e+00	0.000000000000000e+00	0.000000000000000e+00
16	-5.773502691896258e-01  5.773502691896258e-01 -5.773502691896258e-01	 7.071067811865476e-01  7.071067811865476e-01 -3.124842898819631e-18	 5.519468573452824e+02  5.519468573452824e+02 -2.439160906938323e-15	1	0	0.000000000000000e+00	0.000000000000000e+00	0.000000000000000e+00
17	-5.773502691896258e-01  5.773502691896258e-01 -5.773502691896258e-01	-7.071067811865476e-01  0.000000000000000e+00  7.071067811865476e-01	 1.412198758437825e+03  0.000000000000000e+00 -1.412198758437825e+03	1	0	0.000000000000000e+00	0.000000000000000e+00	0.000000000000000e+00
18	-5.773502691896258e-01  5.773502691896258e-01 -5.773502691896258e-01	-3.124842898819631e-18  7.071067811865476e-01  7.071067811865476e-01	 9.389238637586849e-16 -2.124648990617823e+02 -2.124648990617823e+02	1	0	0.000000000000000e+00	0.000000000000000e+00	0.000000000000000e+00
19	-5.773502691896258e-01  5.773502691896258e-01 -5.773502691896258e-01	-7.071067811865476e-01 -7.071067811865476e-01  3.124842898819631e-18	-7.851963660978913e+01 -7.851963660978913e+01  3.469936018238618e-16	1	0	0.000000000000000e+00	0.000000000000000e+00	0.000000000000000e+00
20	 5.773502691896258e-01 -5.773502691896258e-01  5.773502691896258e-01	0.000000000000000e+00 0.000000000000000e+00 0.000000000000000e+00	-7.597929542535472e+02  6.027536810339691e+02  3.059956426705008e+02	1	1	0.000000000000000e+00	0.000000000000000e+00	0.000000000000000e+00
0	0	1	0
6	0	1	0
5	5	0	0
6	5	0	0
0	6	0	0
5	0	6	0
1	1	2	0
6	1	2	0
0	1	7	0
1	7	1	0
2	2	3	0
6	2	3	0
1	2	8	0
2	8	2	0
3	3	4	0
6	3	4	0
2	3	9	0
3	9	3	0
4	4	5	0
6	4	5	0
3	4	10	0
4	10	4	0
4	5	11	0
5	11	5	0
5	6	66	0
0	67	6	0
0	7	42	0
1	68	7	0
2	69	8	0
1	8	70	0
2	9	71	0
3	72	9	0
3	10	38	0
4	73	10	0
5	74	11	0
4	11	75	0
7	12	13	0
13	12	13	0
12	17	12	0
13	17	12	0
7	18	12	0
12	12	18	0
8	13	14	0
13	13	14	0
7	13	19	0
8	19	13	0
9	14	15	0
13	14	15	0
8	14	20	0
9	20	14	0
10	15	16	0
13	15	16	0
9	15	21	0
10	21	15	0
11	16	17	0
13	16	17	0
10	16	22	0
11	22	16	0
11	17	23	0
12	23	17	0
7	76	18	0
12	18	110	0
7	19	78	0
8	79	19	0
8	20	80	0
9	111	20	0
10	83	21	0
9	21	112	0
10	22	84	0
11	85	22	0
11	23	87	0
12	113	23	0
14	24	25	0
20	24	25	0
19	29	24	0
20	29	24	0
14	30	24	0
19	24	30	0
15	25	26	0
20	25	26	0
14	25	31	0
15	31	25	0
16	26	27	0
20	26	27	0
15	26	32	0
16	32	26	0
17	27	28	0
20	27	28	0
16	27	33	0
17	33	27	0
18	28	29	0
20	28	29	0
17	28	34	0
18	34	28	0
18	29	35	0
19	35	29	0
14	88	30	0
19	30	89	0
14	31	90	0
15	91	31	0
16	40	32	0
15	32	92	0
17	93	33	0
16	33	94	0
17	34	95	0
18	96	34	0
19	36	35	0
18	35	97	0
19	98	36	0
15	36	99	0
15	100	36	0
1	38	101	0
1	102	38	0
3	38	103	0
16	104	40	0
18	40	105	0
18	106	40	0
0	42	107	0
4	42	108	0
4	109	42	0
5	66	44	0
5	44	74	0
0	45	67	0
0	107	45	0
1	46	68	0
1	101	46	0
2	47	69	0
2	71	47	0
1	70	48	0
1	48	102	0
3	49	72	0
3	103	49	0
4	50	73	0
4	108	50	0
4	75	51	0
4	51	109	0
7	52	76	0
7	78	52	0
12	114	53	0
12	53	115	0
8	54	79	0
8	80	54	0
9	55	116	0
9	117	55	0
10	56	83	0
10	84	56	0
11	57	85	0
11	87	57	0
14	58	88	0
14	90	58	0
19	89	59	0
19	59	98	0
15	60	91	0
15	99	60	0
15	92	61	0
15	61	100	0
17	62	93	0
17	95	62	0
16	94	63	0
16	63	104	0
18	64	96	0
18	105	64	0
18	97	65	0
18	65	106	0
12	110	77	0
12	77	114	0
9	81	111	0
9	116	81	0
9	112	82	0
9	82	117	0
12	86	113	0
12	115	86	0
