114
21
172
0	1.570392732195782e+03 3.025315410553647e+02 8.256108849411653e+02	0.000000000000000e+00 0.000000000000000e+00 0.000000000000000e+00	1.000000000000000e+00	0	0	0
1	 1.130451827073287e+03 -5.773502691896260e+02  1.265551790063660e+03	0.000000000000000e+00 0.000000000000000e+00 0.000000000000000e+00	1.000000000000000e+00	0	0	1
2	-1.974537920628515e+02 -1.241303078757696e+03  6.015989804955898e+02	0.000000000000000e+00 0.000000000000000e+00 0.000000000000000e+00	1.000000000000000e+00	0	0	2
3	 2.032272947547480e+02 -1.641984165575296e+03  1.402961154130791e+03	0.000000000000000e+00 0.000000000000000e+00 0.000000000000000e+00	1.000000000000000e+00	0	0	3
4	 6.431681998772440e+02 -7.621023553303055e+02  9.630202490082953e+02	0.000000000000000e+00 0.000000000000000e+00 0.000000000000000e+00	1.000000000000000e+00	0	0	4
5	 1.971073819013383e+03 -9.814954576223676e+01  1.626973058576365e+03	0.000000000000000e+00 0.000000000000000e+00 0.000000000000000e+00	1.000000000000000e+00	0	0	5
6	1.569373754343427e+03 3.035505189077190e+02 8.266298627935197e+02	-1.277406554436311e-04  1.379026070935652e-04  1.220385602209717e-04	1.000000000000000e+00	0	0	6
7	 1.123978365865381e+03 -5.708768079817198e+02  1.272025251271566e+03	-1.641631475649774e-03  1.641631475649774e-03  1.641631475649774e-03	1.000000000000000e+00	0	0	7
8	-1.965009436331553e+02 -1.242255927187392e+03  6.006461320658935e+02	 1.069463178282604e-04 -1.084237665054388e-04 -1.084587565856054e-04	1.000000000000000e+00	0	0	8
9	 2.032556772536449e+02 -1.642012548074193e+03  1.402932771631894e+03	 1.112913196266163e-05 -1.188730311696418e-05 -1.029443046718370e-05	1.000000000000000e+00	0	0	9
10	 6.488335374063242e+02 -7.677676928593858e+02  9.573549114792150e+02	 1.559656423827013e-03 -1.559656423827012e-03 -1.559656423827012e-03	1.000000000000000e+00	0	0	10
11	 1.971349796868632e+03 -9.842552361748498e+01  1.626697080721117e+03	 4.257825275999494e-05 -4.177043956588022e-05 -4.147342042415403e-05	1.000000000000000e+00	0	0	11
12	-2.170837012152994e+02  1.154700538379251e+02  5.877425740350395e+02	0.000000000000000e+00 0.000000000000000e+00 0.000000000000000e+00	1.000000000000000e+00	12	0	12
13	 1.408734656822689e+02 -6.004442799572098e+02  9.456997409326077e+02	0.000000000000000e+00 0.000000000000000e+00 0.000000000000000e+00	1.000000000000000e+00	12	0	13
14	 9.214510296266424e+02 -9.907330619293978e+02  5.554109589604201e+02	0.000000000000000e+00 0.000000000000000e+00 0.000000000000000e+00	1.000000000000000e+00	12	0	14
15	 1.853294364098699e+03 -5.888972745734211e+01 -1.308275709983692e+03	0.000000000000000e+00 0.000000000000000e+00 0.000000000000000e+00	1.000000000000000e+00	12	0	15
16	 1.495337197201131e+03  6.570246063377944e+02 -1.666232876881260e+03	0.000000000000000e+00 0.000000000000000e+00 0.000000000000000e+00	1.000000000000000e+00	12	0	16
17	 7.147596332567570e+02  1.047313388309982e+03 -1.275944094909073e+03	0.000000000000000e+00 0.000000000000000e+00 0.000000000000000e+00	1.000000000000000e+00	12	0	17
18	-2.191688661818336e+02  1.133848888713909e+02  5.856574090685053e+02	-2.300538956963768e-04 -2.300538956963768e-04 -2.300538956963767e-04	1.000000000000000e+00	12	0	18
19	 1.438569360443084e+02 -5.974608095951704e+02  9.486832112946472e+02	3.245210100430995e-04 3.245210100430995e-04 3.245210100430995e-04	1.000000000000000e+00	12	0	19
20	 9.222320778622255e+02 -9.899520136938146e+02  5.561920071960033e+02	1.181489351438358e-04 1.105461997212842e-04 1.119403677876107e-04	1.000000000000000e+00	12	0	20
21	 1.854342745059476e+03 -5.784134649656588e+01 -1.307227329022916e+03	1.185668952530250e-04 1.182721171062440e-04 1.185707515105605e-04	1.000000000000000e+00	12	0	21
22	 1.498236237032927e+03  6.599236461695897e+02 -1.663333837049465e+03	3.367826478400578e-04 3.367826478400578e-04 3.367826478400578e-04	1.000000000000000e+00	12	0	22
23	 7.263132798175845e+02  1.058867034870809e+03 -1.264390448348246e+03	1.270616582284371e-03 1.270616582284371e-03 1.270616582284371e-03	1.000000000000000e+00	12	0	23
24	-7.597929542535480e+02  6.027536810339697e+02  3.059956426705016e+02	0.000000000000000e+00 0.000000000000000e+00 0.000000000000000e+00	1.000000000000000e+00	24	0	24
25	-1.191650955607388e+03 -2.609623216737101e+02 -1.258623586833382e+02	0.000000000000000e+00 0.000000000000000e+00 0.000000000000000e+00	1.000000000000000e+00	24	0	25
26	 5.126870390403867e+02  5.912066756501773e+02 -9.780313560072267e+02	0.000000000000000e+00 0.000000000000000e+00 0.000000000000000e+00	1.000000000000000e+00	24	0	26
27	 9.572467463163994e+02  1.466469683741651e+02 -1.867150770559250e+03	0.000000000000000e+00 0.000000000000000e+00 0.000000000000000e+00	1.000000000000000e+00	24	0	27
28	 1.389104747670240e+03  1.010362971081845e+03 -1.435292769205410e+03	0.000000000000000e+00 0.000000000000000e+00 0.000000000000000e+00	1.000000000000000e+00	24	0	28
29	-3.152332469775350e+02  1.581939737579566e+02 -5.831237718815215e+02	0.000000000000000e+00 0.000000000000000e+00 0.000000000000000e+00	1.000000000000000e+00	24	0	29
30	-7.604325317279752e+02  6.033932585083968e+02  3.053560651960745e+02	-7.389287929981947e-05  7.430397818097845e-05 -7.000489858910441e-05	1.000000000000000e+00	24	0	30
31	-1.192929057521495e+03 -2.596842197596034e+02 -1.271404605974448e+02	-1.518994249636307e-04  1.490562717663124e-04 -1.516099146101624e-04	1.000000000000000e+00	24	0	31
32	 5.012171274554746e+02  6.026765872350894e+02 -9.895012675921388e+02	-1.481566287111491e-04  1.481566287111490e-04 -1.481566287111492e-04	1.000000000000000e+00	24	0	32
33	 9.521832017011410e+02  1.517105129894235e+02 -1.872214315174508e+03	-6.035934978475174e-04  6.035934978475174e-04 -6.035934978475174e-04	1.000000000000000e+00	24	0	33
34	 1.379484438549918e+03  1.019983280202167e+03 -1.444913078325732e+03	-1.133516624880334e-03  1.133516624880334e-03 -1.133516624880334e-03	1.000000000000000e+00	24	0	34
35	-3.044518043949111e+02  1.474125311753326e+02 -5.723423292988977e+02	 1.441570833170165e-04 -1.441570833170165e-04  1.441570833170167e-04	1.000000000000000e+00	24	0	35
36	-3.296986655327232e+02  1.726593923131449e+02 -5.594840726701945e+02	 6.787153688492253e-05 -6.266151467571035e-05  2.560868451837450e-04	1.000000000000000e+00	24	0	36
38	 6.013228597910182e+02 -8.380364701587637e+02  1.004865589094521e+03	-4.845133516937494e-04  4.845133516937495e-04  4.845133516937494e-04	1.000000000000000e+00	0	0	38
40	 5.275630566269632e+02  5.763306580636015e+02 -1.001260456187166e+03	-1.196209559566341e-04  1.027766411425546e-04 -1.779728481778875e-04	1.000000000000000e+00	24	0	40
42	 1.171078567928894e+03 -5.001975551305491e+02  1.224925049208053e+03	 3.544347952508057e-04 -3.544347952508057e-04 -3.544347952508057e-04	1.000000000000000e+00	0	0	42
44	1.770908687862893e+03 1.020155853882538e+02 1.226117157571274e+03	 2.281868182762992e-05 -2.281868182762992e-05 -2.266539195261430e-05	1.000000000000000e+00	0	0	44
45	 1.367494377077508e+03 -9.559986782550192e+01  1.028509240059439e+03	-3.221182269044220e-04  3.201521467417479e-04  3.221182269044220e-04	1.000000000000000e+00	0	0	45
46	 8.563435068524353e+02 -6.981882886018345e+02  1.144713770651452e+03	-2.240341622382402e-03  2.226642100140452e-03  2.226642100140452e-03	1.000000000000000e+00	0	0	46
47	 3.738026257833837e+00 -1.442494897078382e+03  1.001429221147782e+03	 9.998246241593733e-05 -9.998246241593733e-05 -9.990845865104347e-05	1.000000000000000e+00	0	0	47
48	 2.048201848374202e+02 -1.042549555776762e+03  8.003525034765241e+02	 1.622404524823651e-04 -1.610003528185189e-04 -1.610003528185189e-04	1.000000000000000e+00	0	0	48
49	 4.024628521414090e+02 -1.240206350715557e+03  1.203725596744130e+03	-1.258572156075388e-04  1.240012497873977e-04  1.258572156075388e-04	1.000000000000000e+00	0	0	49
50	 9.182034904739039e+02 -6.420638827308264e+02  1.083058721607776e+03	 2.368449233472347e-03 -2.317190170288086e-03 -2.317190170288086e-03	1.000000000000000e+00	0	0	50
51	 1.571456728340342e+03 -2.995513047255945e+02  1.425571299613008e+03	 1.529305736767128e-04 -1.520704536233097e-04 -1.520704536233097e-04	1.000000000000000e+00	0	0	51
52	-3.714817796584728e+01 -2.415285118481501e+02  7.676780972844914e+02	1.215332376887091e-04 1.220342528540641e-04 1.215332376887091e-04	1.000000000000000e+00	12	0	52
53	 2.489984940284080e+02  5.815522490816326e+02 -3.439398927452237e+02	8.298620741697960e-06 8.298620741697960e-06 8.384227839997038e-06	1.000000000000000e+00	12	0	53
54	 5.312430138066048e+02 -7.954720617661022e+02  7.506719591237160e+02	3.673339233500883e-05 4.435325536178425e-05 4.435325536178425e-05	1.000000000000000e+00	12	0	54
55	 1.387474516172632e+03 -5.247095753834092e+02 -3.763304151153116e+02	1.407752279192209e-05 1.407752279192209e-05 1.411322045896668e-05	1.000000000000000e+00	12	0	55
56	 1.676650353840309e+03  3.013950592914111e+02 -1.484919720242083e+03	2.459342358633876e-04 2.444013662170619e-04 2.459342358633876e-04	1.000000000000000e+00	12	0	56
57	 1.097097201603825e+03  8.435479752181734e+02 -1.479709508000881e+03	-5.690016550943255e-04 -7.120341178961098e-04 -7.120341178961098e-04	1.000000000000000e+00	12	0	57
58	-9.774689882278360e+02  1.726526990943105e+02  8.831960869621366e+01	-1.806607324397191e-04  1.827993110055104e-04 -1.806607324397191e-04	1.000000000000000e+00	24	0	58
59	-5.444402028920695e+02  3.874009296724912e+02 -1.264404791150825e+02	-4.939005521009676e-05  4.939005521009676e-05 -4.944129977957346e-05	1.000000000000000e+00	24	0	59
60	-7.614211861528074e+02 -4.342032998893724e+01 -3.434043503681122e+02	-2.121514989994466e-04  2.082339779008180e-04 -2.082339779008180e-04	1.000000000000000e+00	24	0	60
61	 8.441969039763958e+01  3.889348858792594e+02 -7.757595662363087e+02	 3.756207661353983e-05 -3.734492929652333e-05  3.734492929652333e-05	1.000000000000000e+00	24	0	61
62	 1.170474043646895e+03  5.811067209936086e+02 -1.653923473228755e+03	-4.593007906805724e-04  4.311940865591168e-04 -4.593007906805724e-04	1.000000000000000e+00	24	0	62
63	 7.324398118117522e+02  3.714539028788126e+02 -1.444160714521281e+03	-1.056433306075633e-03  1.056433306075633e-03 -1.055087079294026e-03	1.000000000000000e+00	24	0	63
64	 9.623903293543685e+02  7.895748884238963e+02 -1.214504686547461e+03	 5.221843020990491e-04 -4.623788408935070e-04  4.623788408935070e-04	1.000000000000000e+00	24	0	64
65	 1.135986664369310e+02  3.597676653133249e+02 -7.846974634368896e+02	 4.087528941454366e-05 -4.045334935653955e-05  4.045334935653955e-05	1.000000000000000e+00	24	0	65
66	1.671225031068837e+03 2.016992421823097e+02 1.025283340702131e+03	 8.493511268170550e-05 -8.493511268170550e-05 -8.663831249577925e-05	1.000000000000000e+00	0	0	66
67	1.467300989299789e+03 1.051317680272621e+02 9.287026278371586e+02	-3.671191516332328e-04  3.721404646057636e-04  3.671191516332328e-04	1.000000000000000e+00	0	0	67
68	 9.891546527280821e+02 -6.332440987145851e+02  1.209657960538701e+03	-2.151826629415154e-03  2.261040266603231e-03  2.261040266603231e-03	1.000000000000000e+00	0	0	68
69	-9.650962952800566e+01 -1.342247241292542e+03  8.011658001829292e+02	 8.632344543002546e-05 -8.632344543002546e-05 -8.630060619907454e-05	1.000000000000000e+00	0	0	69
70	 4.652477188625568e+00 -1.142902365018758e+03  6.999996942345285e+02	 1.898029877338558e-04 -1.905913813970983e-04 -1.905913813970983e-04	1.000000000000000e+00	0	0	70
71	 1.037191273036424e+02 -1.542475998124190e+03  1.201960645562981e+03	 8.688624075148255e-05 -8.688624075148255e-05 -8.634565892862156e-05	1.000000000000000e+00	0	0	71
72	 3.027671607493885e+02 -1.441015785713309e+03  1.303421288136151e+03	-7.032023859210312e-05  6.972753908485174e-05  7.032023859210312e-05	1.000000000000000e+00	0	0	72
73	 7.861811784906449e+02 -7.080925331837631e+02  1.017030071154839e+03	 2.225243253633380e-03 -2.386661246418953e-03 -2.386661246418953e-03	1.000000000000000e+00	0	0	73
74	1.870806463194724e+03 2.117810056422736e+00 1.426729868974274e+03	-1.342197720077820e-05  1.342197720077820e-05  1.350859929516446e-05	1.000000000000000e+00	0	0	74
75	 1.771578200915899e+03 -1.991622349337847e+02  1.525960369404818e+03	 1.222252612933517e-04 -1.215056327055208e-04 -1.215056327055208e-04	1.000000000000000e+00	0	0	75
76	-1.268085009548265e+02 -6.271175237310705e+01  6.780177742955121e+02	7.933107553981245e-05 8.171988883987069e-05 7.933107553981245e-05	1.000000000000000e+00	12	0	76
77	1.373842482436983e+01 3.462921798775944e+02 1.196488284509619e+02	-2.492822532076389e-04 -2.492822532076389e-04 -2.568539639469236e-04	1.000000000000000e+00	12	0	77
78	 5.265322482132056e+01 -4.201842262673943e+02  8.574795000716592e+02	1.644248404772952e-04 1.673160295467824e-04 1.644248404772952e-04	1.000000000000000e+00	12	0	78
79	 3.368828723009340e+02 -6.971789107042914e+02  8.489651101855268e+02	1.457818871131167e-04 1.394298597006127e-04 1.394298597006127e-04	1.000000000000000e+00	12	0	79
80	 7.295731079698005e+02 -8.898872307689136e+02  6.562567901209046e+02	3.319089300930500e-04 3.328967723064125e-04 3.328967723064125e-04	1.000000000000000e+00	12	0	80
81	 1.154269201903870e+03 -7.579148896521715e+02  8.934636045652067e+01	-1.288815201405669e-05 -1.288815201405669e-05 -1.293460900342325e-05	1.000000000000000e+00	12	0	81
82	 1.621034698524311e+03 -2.911493930317299e+02 -8.416512405861746e+02	8.132983930408955e-05 8.132983930408955e-05 8.170073851943016e-05	1.000000000000000e+00	12	0	82
83	 1.765255976167415e+03  1.215310919757961e+02 -1.396314097914977e+03	1.580618554726243e-04 1.562337420182303e-04 1.580618554726243e-04	1.000000000000000e+00	12	0	83
84	 1.587160588447163e+03  4.803768971805628e+02 -1.574409485635229e+03	2.626204513944685e-04 2.616806887090206e-04 2.626204513944685e-04	1.000000000000000e+00	12	0	84
85	 1.304523129937729e+03  7.586501968256696e+02 -1.564607286393385e+03	3.673440951388329e-04 2.952341164927930e-04 2.952341164927930e-04	1.000000000000000e+00	12	0	85
86	 4.824816640716174e+02  8.150354191248420e+02 -8.093124761692695e+02	1.004018413368613e-04 1.004018413368613e-04 1.072441373253241e-04	1.000000000000000e+00	12	0	86
87	 9.225874161694694e+02  9.617006724040134e+02 -1.361556810815041e+03	1.386026036925614e-03 1.234088325873017e-03 1.234088325873017e-03	1.000000000000000e+00	12	0	87
88	-8.681458758026686e+02  3.872183344497701e+02  1.976427211213811e+02	-3.035516419913620e-05  3.153962461510673e-05 -3.035516419913620e-05	1.000000000000000e+00	24	0	88
89	-6.539307095688569e+02  4.968914363492786e+02  8.796551435704887e+01	-2.313568256795406e-04  2.313568256795406e-04 -2.310438576387241e-04	1.000000000000000e+00	24	0	89
90	-1.085944219867255e+03 -4.278029263731384e+01 -2.015562294320488e+01	-2.454463683534414e-04  2.444692654535174e-04 -2.454463683534414e-04	1.000000000000000e+00	24	0	90
91	-9.764394200865435e+02 -1.522827430241934e+02 -2.345419373328560e+02	-1.003266661427915e-04  9.967208461603150e-05 -9.967208461603150e-05	1.000000000000000e+00	24	0	91
92	 2.928024818067464e+02  4.958233256756992e+02 -8.826480060327486e+02	-6.692140595987439e-05  6.534018029924482e-05 -6.534018029924482e-05	1.000000000000000e+00	24	0	92
93	 1.062079182614185e+03  3.657389189850144e+02 -1.762318334261465e+03	-3.664049727376550e-04  3.723806294146925e-04 -3.664049727376550e-04	1.000000000000000e+00	24	0	93
94	 8.409871857562838e+02  2.629065289342810e+02 -1.659622778778390e+03	-9.806064190343022e-04  9.806064190343022e-04 -1.005998346954584e-03	1.000000000000000e+00	24	0	94
95	 1.270254423132416e+03  8.049659208103656e+02 -1.554143093743234e+03	-1.039724447764456e-03  9.916529525071383e-04 -1.039724447764456e-03	1.000000000000000e+00	24	0	95
96	 1.168290877578304e+03  9.072403864310832e+02 -1.332170184554648e+03	-5.821434897370636e-04  5.685701034963131e-04 -5.685701034963131e-04	1.000000000000000e+00	24	0	96
97	-9.598491620354176e+01  2.541205052005811e+02 -6.790503033241457e+02	 8.981011342257261e-05 -8.630086813354865e-05  8.630086813354865e-05	1.000000000000000e+00	24	0	97
98	-4.327482210394908e+02  2.757089478199126e+02 -3.387448661094105e+02	 3.704023256432265e-04 -3.704023256432265e-04  3.524949133861810e-04	1.000000000000000e+00	24	0	98
99	-5.471402722384557e+02  6.618802104935318e+01 -4.530127014064027e+02	-4.044377128593624e-04  4.072640149388462e-04 -4.072640149388462e-04	1.000000000000000e+00	24	0	99
100	-1.259003778713214e+02  2.837402010647625e+02 -6.705648814218119e+02	 8.323293877765536e-05 -9.502130706096068e-05  9.502130706096068e-05	1.000000000000000e+00	24	0	100
101	 7.259820655540051e+02 -7.656622921418395e+02  1.077239767111447e+03	-2.289211610332131e-03  2.085685962811112e-03  2.085685962811112e-03	1.000000000000000e+00	0	0	101
102	 4.039366658609649e+02 -9.411540126339289e+02  9.017480466193572e+02	 6.176220267661847e-06 -5.179134404897923e-06 -5.179134404897923e-06	1.000000000000000e+00	0	0	102
103	 5.013005388857532e+02 -1.038528472401041e+03  1.104887909999786e+03	-2.699675387702882e-04  2.678851888049394e-04  2.699675387702882e-04	1.000000000000000e+00	0	0	103
104	 6.250907929140789e+02  4.788029217764859e+02 -1.227220821367103e+03	-1.046459772624075e-03  1.046459772624075e-03 -9.615328744985163e-04	1.000000000000000e+00	24	0	104
105	 7.447773939395895e+02  6.830297071112789e+02 -1.107959505234844e+03	 4.884504596702754e-04 -4.973916220478714e-04  4.973916220478714e-04	1.000000000000000e+00	24	0	105
106	 3.241058277327144e+02  4.648726834302932e+02 -8.898024815538579e+02	-6.229901919141412e-05  7.635991642018780e-05 -7.635991642018780e-05	1.000000000000000e+00	24	0	106
107	 1.267764872601272e+03 -2.964014980697166e+02  1.128238744535675e+03	-2.817646018229425e-04  2.730074338614941e-04  2.817646018229425e-04	1.000000000000000e+00	0	0	107
108	 1.048174431209402e+03 -5.741597158102411e+02  1.150962888528361e+03	 2.395675051957369e-03 -2.130574546754360e-03 -2.130574546754360e-03	1.000000000000000e+00	0	0	108
109	 1.371621400220548e+03 -4.002313764626570e+02  1.324891227875946e+03	 2.517417306080461e-04 -2.515696687623858e-04 -2.515696687623858e-04	1.000000000000000e+00	0	0	109
110	-1.051110913734338e+02  2.274426636797908e+02  3.502801079183386e+02	-5.019934033043683e-04 -5.019934033043683e-04 -5.004075355827808e-04	1.000000000000000e+00	12	0	110
111	 1.037438791720730e+03 -8.747452998353117e+02  3.219600977208788e+02	-3.805312735494226e-05 -3.805312735494226e-05 -3.752521661226638e-05	1.000000000000000e+00	12	0	111
112	 1.737857936628574e+03 -1.743261549274671e+02 -1.074269784413781e+03	1.184096690849401e-04 1.184096690849401e-04 1.186545050586574e-04	1.000000000000000e+00	12	0	112
113	 6.044963006849421e+02  9.370500557381667e+02 -1.036546063709241e+03	6.915986887179315e-04 6.915986887179315e-04 7.403579656966031e-04	1.000000000000000e+00	12	0	113
114	 1.324752400050535e+02  4.650289950582780e+02 -1.110241097967986e+02	-2.766061015790910e-06 -2.766061015790910e-06 -3.339095201226883e-06	1.000000000000000e+00	12	0	114
115	 3.649709903233730e+02  6.975247453765976e+02 -5.774097842822364e+02	-4.085328691871837e-05 -4.085328691871837e-05 -4.104983236175030e-05	1.000000000000000e+00	12	0	115
116	 1.270876945227792e+03 -6.413071463282497e+02 -1.434868849416378e+02	3.330299875869969e-07 3.330299875869969e-07 3.333578888486954e-07	1.000000000000000e+00	12	0	116
117	 1.504184645027225e+03 -4.079994465288160e+02 -6.090609682041610e+02	4.039139821543358e-05 4.039139821543358e-05 4.055822137161158e-05	1.000000000000000e+00	12	0	117
0	-5.773502691896258e-01  5.773502691896258e-01  5.773502691896258e-01	-7.071067811865476e-01  3.124842898819631e-18 -7.071067811865476e-01	 1.198001808568474e+03 -5.294203851356715e-15  1.198001808568474e+03	1	0	0.000000000000000e+00	0.000000000000000e+00	0.000000000000000e+00
1	-5.773502691896258e-01  5.773502691896258e-01  5.773502691896258e-01	 0.000000000000000e+00  7.071067811865476e-01 -7.071067811865476e-01	 0.000000000000000e+00 -9.214510296266430e+02  9.214510296266430e+02	1	0	0.000000000000000e+00	0.000000000000000e+00	0.000000000000000e+00
2	-5.773502691896258e-01  5.773502691896258e-01  5.773502691896258e-01	 7.071067811865476e-01  7.071067811865476e-01 -3.124842898819631e-18	-7.193784354102739e+02 -7.193784354102739e+02  3.179073734356852e-15	1	0	0.000000000000000e+00	0.000000000000000e+00	0.000000000000000e+00
3	-5.773502691896258e-01  5.773502691896258e-01  5.773502691896258e-01	 7.071067811865476e-01 -3.124842898819631e-18  7.071067811865476e-01	 8.030942244427697e+02 -3.549030148066116e-15  8.030942244427697e+02	1	0	0.000000000000000e+00	0.000000000000000e+00	0.000000000000000e+00
4	-5.773502691896258e-01  5.773502691896258e-01  5.773502691896258e-01	 0.000000000000000e+00  7.071067811865476e-01 -7.071067811865476e-01	 0.000000000000000e+00 -8.625613021693013e+02  8.625613021693013e+02	1	0	0.000000000000000e+00	0.000000000000000e+00	0.000000000000000e+00
5	-5.773502691896258e-01  5.773502691896258e-01  5.773502691896258e-01	-7.071067811865476e-01 -7.071067811865476e-01  3.124842898819631e-18	 9.364621366255734e+02  9.364621366255734e+02 -4.138408986458117e-15	1	0	0.000000000000000e+00	0.000000000000000e+00	0.000000000000000e+00
6	 5.773502691896258e-01 -5.773502691896258e-01 -5.773502691896258e-01	0.000000000000000e+00 0.000000000000000e+00 0.000000000000000e+00	1.570392732195782e+03 3.025315410553647e+02 8.256108849411653e+02	1	1	0.000000000000000e+00	0.000000000000000e+00	0.000000000000000e+00
7	-5.773502691896258e-01 -5.773502691896258e-01 -5.773502691896258e-01	-7.071067811865476e-01  0.000000000000000e+00  7.071067811865476e-01	-4.024131376251693e+02  0.000000000000000e+00  4.024131376251693e+02	1	0	0.000000000000000e+00	0.000000000000000e+00	0.000000000000000e+00
8	-5.773502691896258e-01 -5.773502691896258e-01 -5.773502691896258e-01	 0.000000000000000e+00 -7.071067811865476e-01  7.071067811865476e-01	 0.000000000000000e+00 -7.730720104449091e+02  7.730720104449091e+02	1	0	0.000000000000000e+00	0.000000000000000e+00	0.000000000000000e+00
9	-5.773502691896258e-01 -5.773502691896258e-01 -5.773502691896258e-01	 7.071067811865476e-01 -7.071067811865476e-01  0.000000000000000e+00	 9.560920457780206e+02 -9.560920457780206e+02  0.000000000000000e+00	1	0	0.000000000000000e+00	0.000000000000000e+00	0.000000000000000e+00
10	-5.773502691896258e-01 -5.773502691896258e-01 -5.773502691896258e-01	 7.071067811865476e-01  0.000000000000000e+00 -7.071067811865476e-01	 1.580785037041196e+03  0.000000000000000e+00 -1.580785037041196e+03	1	0	0.000000000000000e+00	0.000000000000000e+00	0.000000000000000e+00
11	-5.773502691896258e-01 -5.773502691896258e-01 -5.773502691896258e-01	 0.000000000000000e+00  7.071067811865476e-01 -7.071067811865476e-01	 0.000000000000000e+00  1.161628741609527e+03 -1.161628741609527e+03	1	0	0.000000000000000e+00	0.000000000000000e+00	0.000000000000000e+00
12	-5.773502691896258e-01 -5.773502691896258e-01 -5.773502691896258e-01	-7.071067811865476e-01  7.071067811865476e-01  0.000000000000000e+00	-1.662768775266123e+02  1.662768775266123e+02  0.000000000000000e+00	1	0	0.000000000000000e+00	0.000000000000000e+00	0.000000000000000e+00
13	5.773502691896258e-01 5.773502691896258e-01 5.773502691896258e-01	0.000000000000000e+00 0.000000000000000e+00 0.000000000000000e+00	-2.170837012152994e+02  1.154700538379251e+02  5.877425740350395e+02	1	1	0.000000000000000e+00	0.000000000000000e+00	0.000000000000000e+00
14	-5.773502691896258e-01  5.773502691896258e-01 -5.773502691896258e-01	 7.071067811865476e-01  0.000000000000000e+00 -7.071067811865476e-01	-5.328942984620248e+02  0.000000000000000e+00  5.328942984620248e+02	1	0	0.000000000000000e+00	0.000000000000000e+00	0.000000000000000e+00
15	-5.773502691896258e-01  5.773502691896258e-01 -5.773502691896258e-01	-3.124842898819631e-18  7.071067811865476e-01  7.071067811865476e-01	 8.547268868455420e-16 -1.934123401785247e+02 -1.934123401785247e+02	1	0	0.000000000000000e+00	0.000000000000000e+00	0.000000000000000e+00
16	-5.773502691896258e-01  5.773502691896258e-01 -5.773502691896258e-01	 7.071067811865476e-01  7.071067811865476e-01 -3.124842898819631e-18	 5.519468573452824e+02  5.519468573452824e+02 -2.439160906938323e-15	1	0	0.000000000000000e+00	0.000000000000000e+00	0.000000000000000e+00
17	-5.773502691896258e-01  5.773502691896258e-01 -5.773502691896258e-01	-7.071067811865476e-01  0.000000000000000e+00  7.071067811865476e-01	 1.412198758437825e+03  0.000000000000000e+00 -1.412198758437825e+03	1	0	0.000000000000000e+00	0.000000000000000e+00	0.000000000000000e+00
18	-5.773502691896258e-01  5.773502691896258e-01 -5.773502691896258e-01	-3.124842898819631e-18  7.071067811865476e-01  7.071067811865476e-01	 9.389238637586849e-16 -2.124648990617823e+02 -2.124648990617823e+02	1	0	0.000000000000000e+00	0.000000000000000e+00	0.000000000000000e+00
19	-5.773502691896258e-01  5.773502691896258e-01 -5.773502691896258e-01	-7.071067811865476e-01 -7.071067811865476e-01  3.124842898819631e-18	-7.851963660978913e+01 -7.851963660978913e+01  3.469936018238618e-16	1	0	0.000000000000000e+00	0.000000000000000e+00	0.000000000000000e+00
20	 5.773502691896258e-01 -5.773502691896258e-01  5.773502691896258e-01	0.000000000000000e+00 0.000000000000000e+00 0.000000000000000e+00	-7.597929542535480e+02  6.027536810339697e+02  3.059956426705016e+02	1	1	0.000000000000000e+00	0.000000000000000e+00	0.000000000000000e+00
0	0	1	0
6	0	1	0
5	5	0	0
6	5	0	0
0	6	0	0
5	0	6	0
1	1	2	0
6	1	2	0
0	1	7	0
1	7	1	0
2	2	3	0
6	2	3	0
1	2	8	0
2	8	2	0
3	3	4	0
6	3	4	0
2	3	9	0
3	9	3	0
4	4	5	0
6	4	5	0
3	4	10	0
4	10	4	0
4	5	11	0
5	11	5	0
5	6	66	0
0	67	6	0
0	7	42	0
1	68	7	0
2	69	8	0
1	8	70	0
2	9	71	0
3	72	9	0
3	10	38	0
4	73	10	0
5	74	11	0
4	11	75	0
7	12	13	0
13	12	13	0
12	17	12	0
13	17	12	0
7	18	12	0
12	12	18	0
8	13	14	0
13	13	14	0
7	13	19	0
8	19	13	0
9	14	15	0
13	14	15	0
8	14	20	0
9	20	14	0
10	15	16	0
13	15	16	0
9	15	21	0
10	21	15	0
11	16	17	0
13	16	17	0
10	16	22	0
11	22	16	0
11	17	23	0
12	23	17	0
7	76	18	0
12	18	110	0
7	19	78	0
8	79	19	0
8	20	80	0
9	111	20	0
10	83	21	0
9	21	112	0
10	22	84	0
11	85	22	0
11	23	87	0
12	113	23	0
14	24	25	0
20	24	25	0
19	29	24	0
20	29	24	0
14	30	24	0
19	24	30	0
15	25	26	0
20	25	26	0
14	25	31	0
15	31	25	0
16	26	27	0
20	26	27	0
15	26	32	0
16	32	26	0
17	27	28	0
20	27	28	0
16	27	33	0
17	33	27	0
18	28	29	0
20	28	29	0
17	28	34	0
18	34	28	0
18	29	35	0
19	35	29	0
14	88	30	0
19	30	89	0
14	31	90	0
15	91	31	0
16	40	32	0
15	32	92	0
17	93	33	0
16	33	94	0
17	34	95	0
18	96	34	0
19	36	35	0
18	35	97	0
19	98	36	0
15	36	99	0
15	100	36	0
1	38	101	0
1	102	38	0
3	38	103	0
16	104	40	0
18	40	105	0
18	106	40	0
0	42	107	0
4	42	108	0
4	109	42	0
5	66	44	0
5	44	74	0
0	45	67	0
0	107	45	0
1	46	68	0
1	101	46	0
2	47	69	0
2	71	47	0
1	70	48	0
1	48	102	0
3	49	72	0
3	103	49	0
4	50	73	0
4	108	50	0
4	75	51	0
4	51	109	0
7	52	76	0
7	78	52	0
12	114	53	0
12	53	115	0
8	54	79	0
8	80	54	0
9	55	116	0
9	117	55	0
10	56	83	0
10	84	56	0
11	57	85	0
11	87	57	0
14	58	88	0
14	90	58	0
19	89	59	0
19	59	98	0
15	60	91	0
15	99	60	0
15	92	61	0
15	61	100	0
17	62	93	0
17	95	62	0
16	94	63	0
16	63	104	0
18	64	96	0
18	105	64	0
18	97	65	0
18	65	106	0
12	110	77	0
12	77	114	0
9	81	111	0
9	116	81	0
9	112	82	0
9	82	117	0
12	86	113	0
12	115	86	0
