114
21
172
0	1.570392732195782e+03 3.025315410553647e+02 8.256108849411653e+02	0.000000000000000e+00 0.000000000000000e+00 0.000000000000000e+00	1.000000000000000e+00	0	0	0
1	 1.130451827073287e+03 -5.773502691896260e+02  1.265551790063660e+03	0.000000000000000e+00 0.000000000000000e+00 0.000000000000000e+00	1.000000000000000e+00	0	0	1
2	-1.974537920628516e+02 -1.241303078757696e+03  6.015989804955904e+02	0.000000000000000e+00 0.000000000000000e+00 0.000000000000000e+00	1.000000000000000e+00	0	0	2
3	 2.032272947547480e+02 -1.641984165575296e+03  1.402961154130791e+03	0.000000000000000e+00 0.000000000000000e+00 0.000000000000000e+00	1.000000000000000e+00	0	0	3
4	 6.431681998772439e+02 -7.621023553303065e+02  9.630202490082960e+02	0.000000000000000e+00 0.000000000000000e+00 0.000000000000000e+00	1.000000000000000e+00	0	0	4
5	 1.971073819013383e+03 -9.814954576223676e+01  1.626973058576365e+03	0.000000000000000e+00 0.000000000000000e+00 0.000000000000000e+00	1.000000000000000e+00	0	0	5
6	1.570125503621746e+03 3.027987696293999e+02 8.258781135152007e+02	-1.125657217926346e-04  1.141877437476069e-04  1.118964792112820e-04	1.000000000000000e+00	0	0	6
7	 1.129900273179322e+03 -5.767987152956609e+02  1.266103343957625e+03	-3.384575247764587e-04  3.384575247764587e-04  3.384575247764587e-04	1.000000000000000e+00	0	0	7
8	-1.971831453079923e+02 -1.241573725512555e+03  6.013283337407311e+02	 1.108221549657173e-04 -1.111733945435844e-04 -1.111617602873594e-04	1.000000000000000e+00	0	0	8
9	 2.032223163648608e+02 -1.641979187185408e+03  1.402966132520678e+03	-7.692920434010375e-08 -3.077294863373936e-08  1.831440812338769e-07	1.000000000000000e+00	0	0	9
10	 6.434509792815361e+02 -7.623851347345988e+02  9.627374696040036e+02	 2.343998300299669e-04 -2.343998300299669e-04 -2.343998300299669e-04	1.000000000000000e+00	0	0	10
11	 1.971134238413250e+03 -9.820996516210352e+01  1.626912639176498e+03	 2.757562106125988e-05 -2.747876533248927e-05 -2.745359597611241e-05	1.000000000000000e+00	0	0	11
12	-2.170837012152994e+02  1.154700538379251e+02  5.877425740350395e+02	0.000000000000000e+00 0.000000000000000e+00 0.000000000000000e+00	1.000000000000000e+00	12	0	12
13	 1.408734656822689e+02 -6.004442799572098e+02  9.456997409326077e+02	0.000000000000000e+00 0.000000000000000e+00 0.000000000000000e+00	1.000000000000000e+00	12	0	13
14	 9.214510296266424e+02 -9.907330619293978e+02  5.554109589604201e+02	0.000000000000000e+00 0.000000000000000e+00 0.000000000000000e+00	1.000000000000000e+00	12	0	14
15	 1.853294364098699e+03 -5.888972745734176e+01 -1.308275709983692e+03	0.000000000000000e+00 0.000000000000000e+00 0.000000000000000e+00	1.000000000000000e+00	12	0	15
16	 1.495337197201131e+03  6.570246063377946e+02 -1.666232876881260e+03	0.000000000000000e+00 0.000000000000000e+00 0.000000000000000e+00	1.000000000000000e+00	12	0	16
17	 7.147596332567570e+02  1.047313388309982e+03 -1.275944094909073e+03	0.000000000000000e+00 0.000000000000000e+00 0.000000000000000e+00	1.000000000000000e+00	12	0	17
18	-2.176895199468499e+02  1.148642351063746e+02  5.871367553034892e+02	-2.463820953077326e-04 -2.463820953077326e-04 -2.463820953077326e-04	1.000000000000000e+00	12	0	18
19	 1.417540883432554e+02 -5.995636572962234e+02  9.465803635935941e+02	3.543389902915806e-04 3.543389902915806e-04 3.543389902915806e-04	1.000000000000000e+00	12	0	19
20	 9.216305087804208e+02 -9.905535827756194e+02  5.555904381141985e+02	8.170500223059207e-05 7.956297486089170e-05 7.996903877938166e-05	1.000000000000000e+00	12	0	20
21	 1.853592289335086e+03 -5.859180222095507e+01 -1.307977784747306e+03	1.226545718964189e-04 1.225535670528188e-04 1.226563326781616e-04	1.000000000000000e+00	12	0	21
22	 1.496138408757081e+03  6.578258178937443e+02 -1.665431665325310e+03	3.330091421958059e-04 3.330091421958059e-04 3.330091421958059e-04	1.000000000000000e+00	12	0	22
23	 7.181209380048023e+02  1.050674693058027e+03 -1.272582790161028e+03	1.363789391083022e-03 1.363789391083022e-03 1.363789391083022e-03	1.000000000000000e+00	12	0	23
24	-7.597929542535472e+02  6.027536810339691e+02  3.059956426705008e+02	0.000000000000000e+00 0.000000000000000e+00 0.000000000000000e+00	1.000000000000000e+00	24	0	24
25	-1.191650955607388e+03 -2.609623216737101e+02 -1.258623586833382e+02	0.000000000000000e+00 0.000000000000000e+00 0.000000000000000e+00	1.000000000000000e+00	24	0	25
26	 5.126870390403868e+02  5.912066756501777e+02 -9.780313560072266e+02	0.000000000000000e+00 0.000000000000000e+00 0.000000000000000e+00	1.000000000000000e+00	24	0	26
27	 9.572467463163994e+02  1.466469683741651e+02 -1.867150770559250e+03	0.000000000000000e+00 0.000000000000000e+00 0.000000000000000e+00	1.000000000000000e+00	24	0	27
28	 1.389104747670240e+03  1.010362971081845e+03 -1.435292769205410e+03	0.000000000000000e+00 0.000000000000000e+00 0.000000000000000e+00	1.000000000000000e+00	24	0	28
29	-3.152332469775362e+02  1.581939737579582e+02 -5.831237718815206e+02	0.000000000000000e+00 0.000000000000000e+00 0.000000000000000e+00	1.000000000000000e+00	24	0	29
30	-7.599745597867731e+02  6.029352865671949e+02  3.058140371372750e+02	-7.439177716150880e-05  7.442967034876347e-05 -7.358506263699383e-05	1.000000000000000e+00	24	0	30
31	-1.192004442196211e+03 -2.606088350848873e+02 -1.262158452721610e+02	-1.466319517930970e-04  1.459691702621058e-04 -1.466182002332062e-04	1.000000000000000e+00	24	0	31
32	 5.029597433382102e+02  6.009339713523543e+02 -9.877586517094032e+02	-1.149971969425678e-03  1.149971969425678e-03 -1.149971969425678e-03	1.000000000000000e+00	24	0	32
33	 9.558573346293200e+02  1.480363800612444e+02 -1.868540182246329e+03	-5.775997221159438e-04  5.775997221159438e-04 -5.775997221159438e-04	1.000000000000000e+00	24	0	33
34	 1.386471781116534e+03  1.012995937635551e+03 -1.437925735759115e+03	-1.099975003550450e-03  1.099975003550450e-03 -1.099975003550450e-03	1.000000000000000e+00	24	0	34
35	-3.066232247903756e+02  1.495839515707976e+02 -5.745137496943601e+02	 1.629204954952002e-03 -1.629204954952002e-03  1.629204954952002e-03	1.000000000000000e+00	24	0	35
36	-3.301679605961870e+02  1.731286873766090e+02 -5.599533677336567e+02	-3.099743941371950e-04  3.099743941371950e-04 -3.099743941371950e-04	1.000000000000000e+00	24	0	36
38	 6.034161281535581e+02 -8.401297385213048e+02  1.002772320731981e+03	-2.195908746216446e-04  2.195908746216446e-04  2.195908746216446e-04	1.000000000000000e+00	0	0	38
40	 5.280979887937178e+02  5.757957258968469e+02 -1.000725524020411e+03	 2.010220062705533e-04 -2.010220062705533e-04  2.010220062705533e-04	1.000000000000000e+00	24	0	40
42	 1.169844666471587e+03 -4.989636536732422e+02  1.226158950665360e+03	 7.704267773078755e-05 -7.361374446190894e-05 -7.467607065336779e-05	1.000000000000000e+00	0	0	42
44	1.770776892255690e+03 1.021473809954573e+02 1.226248393800316e+03	 1.903465090435930e-05 -1.903465090435930e-05 -1.900125971587840e-05	1.000000000000000e+00	0	0	44
45	 1.369377796582450e+03 -9.747575296381916e+01  1.026625820554497e+03	-2.843596157617867e-04  2.838592045009136e-04  2.843596157617867e-04	1.000000000000000e+00	0	0	45
46	 8.661675786056234e+02 -7.079742617879151e+02  1.134927797465371e+03	-6.313932826742530e-04  6.306721479631960e-04  6.306721479631960e-04	1.000000000000000e+00	0	0	46
47	 3.124656733725721e+00 -1.441881527554274e+03  1.002042208442989e+03	 9.795649384614080e-05 -9.795649384614080e-05 -9.792032506084070e-05	1.000000000000000e+00	0	0	47
48	 2.037089857155561e+02 -1.041443704332317e+03  8.014583549209690e+02	 1.931573788169771e-04 -1.927376724779606e-04 -1.927376724779606e-04	1.000000000000000e+00	0	0	48
49	 4.032553478617158e+02 -1.240991262221813e+03  1.202933101023824e+03	-1.285172766074538e-04  1.279651623917744e-04  1.285172766074538e-04	1.000000000000000e+00	0	0	49
50	 9.077004634265240e+02 -6.317232834055153e+02  1.093399320933087e+03	 7.323286845348775e-04 -7.283662562258542e-04 -7.283662562258542e-04	1.000000000000000e+00	0	0	50
51	 1.570646131561971e+03 -2.987433432000389e+02  1.426379261138564e+03	 1.106635827454738e-04 -1.105356495827436e-04 -1.105356495827436e-04	1.000000000000000e+00	0	0	51
52	-3.785763628063181e+01 -2.422395614260481e+02  7.669686389697068e+02	1.053352971212007e-04 1.054031745297834e-04 1.053352971212007e-04	1.000000000000000e+00	12	0	52
53	 2.489259975944137e+02  5.814797526476383e+02 -3.440127092555429e+02	1.658781911828555e-05 1.658781911828555e-05 1.660754060139880e-05	1.000000000000000e+00	12	0	53
54	 5.311206490789804e+02 -7.956272704140470e+02  7.505167504757713e+02	-4.418401204020483e-06 -1.952061666088412e-06 -1.952061666088412e-06	1.000000000000000e+00	12	0	54
55	 1.387395829427898e+03 -5.247882621281433e+02 -3.764092337510793e+02	1.121944660553709e-05 1.121944660553709e-05 1.122765297623118e-05	1.000000000000000e+00	12	0	55
56	 1.675015451481818e+03  2.997665186514710e+02 -1.486554622600574e+03	2.808661665767431e-04 2.803871466312557e-04 2.808661665767431e-04	1.000000000000000e+00	12	0	56
57	 1.102128387443209e+03  8.491857719206189e+02 -1.474071711298436e+03	-1.087896409444511e-03 -1.136085367761552e-03 -1.136085367761552e-03	1.000000000000000e+00	12	0	57
58	-9.762521038721932e+02  1.714267010486957e+02  8.953649305185650e+01	-2.110555069521070e-04  2.117595286108553e-04 -2.110555069521070e-04	1.000000000000000e+00	24	0	58
59	-5.440561755743065e+02  3.870169023547282e+02 -1.260549148263359e+02	-7.427305536111817e-05  7.427305536111817e-05 -7.452035060850903e-05	1.000000000000000e+00	24	0	59
60	-7.602043875569416e+02 -4.462278635963172e+01 -3.422018939974177e+02	-1.787017972674221e-04  1.778772857505828e-04 -1.778772857505828e-04	1.000000000000000e+00	24	0	60
61	 8.438598033071258e+01  3.889696265371963e+02 -7.757943068942458e+02	-3.729203890543431e-04  3.704457485582680e-04 -3.704457485582680e-04	1.000000000000000e+00	24	0	61
62	 1.172746400130136e+03  5.789310720747094e+02 -1.651651116745514e+03	-2.559790154919028e-04  2.517666434869170e-04 -2.559790154919028e-04	1.000000000000000e+00	24	0	62
63	 7.388743169937213e+02  3.650193976968435e+02 -1.437734979157195e+03	-1.013391069136560e-03  1.013391069136560e-03 -1.012445543892682e-03	1.000000000000000e+00	24	0	63
64	 9.588286606317110e+02  7.928776204721908e+02 -1.217807418595756e+03	 6.286770803853869e-04 -6.081245373934507e-04  6.081245373934507e-04	1.000000000000000e+00	24	0	64
65	 1.131163488658756e+02  3.602485450194190e+02 -7.851783431429837e+02	 4.529684956651181e-04 -4.542403039522469e-04  4.542403039522469e-04	1.000000000000000e+00	24	0	65
66	1.670732930229844e+03 2.021913430213033e+02 1.025781162687918e+03	 7.276125688804314e-05 -7.276125688804314e-05 -7.306149927899241e-05	1.000000000000000e+00	0	0	66
67	1.469452061675906e+03 1.029626628119437e+02 9.265515554610417e+02	-3.250274166930467e-04  3.261088277213275e-04  3.250274166930467e-04	1.000000000000000e+00	0	0	67
68	 9.979522917948429e+02 -6.423023520942402e+02  1.200599707159046e+03	-5.384789546951652e-04  5.412165191955864e-04  5.412165191955864e-04	1.000000000000000e+00	0	0	68
69	-9.705907403918899e+01 -1.341697796781359e+03  8.017150978769077e+02	 9.107110963668674e-05 -9.107110963668674e-05 -9.105547360377386e-05	1.000000000000000e+00	0	0	69
70	 3.406056490923589e+00 -1.141652460688884e+03  7.012495985644023e+02	 2.101700374623761e-04 -2.104496670654044e-04 -2.104496670654044e-04	1.000000000000000e+00	0	0	70
71	 1.032261709502327e+02 -1.541983041770781e+03  1.202451611238115e+03	 7.221990381367505e-05 -7.221990381367505e-05 -7.209464820334688e-05	1.000000000000000e+00	0	0	71
72	 3.032163366211519e+02 -1.441462595203826e+03  1.302972112264388e+03	-7.403509516734630e-05  7.386785728158429e-05  7.403509516734630e-05	1.000000000000000e+00	0	0	72
73	 7.762268882088383e+02 -6.977153480201509e+02  1.027407256318452e+03	 7.684435695409775e-04 -7.768232608214021e-04 -7.768232608214021e-04	1.000000000000000e+00	0	0	73
74	1.870878897671231e+03 2.045375579916054e+00 1.426657176368426e+03	-1.041288305714261e-05  1.041288305714261e-05  1.042365602188511e-05	1.000000000000000e+00	0	0	74
75	 1.770930645555910e+03 -1.985170474219412e+02  1.526605556916661e+03	 8.718530443729833e-05 -8.706219523446634e-05 -8.706219523446634e-05	1.000000000000000e+00	0	0	75
76	-1.273496634916771e+02 -6.326284952544699e+01  6.774766117586615e+02	9.572332055540755e-05 9.647432307247072e-05 9.572332055540755e-05	1.000000000000000e+00	12	0	76
77	1.528193036148975e+01 3.478356854147143e+02 1.212229989323464e+02	-2.469652099534869e-04 -2.469652099534869e-04 -2.491843479219824e-04	1.000000000000000e+00	12	0	77
78	 5.170322914245651e+01 -4.211456955493393e+02  8.565295043927952e+02	1.382045884383842e-04 1.389929966535419e-04 1.382045884383842e-04	1.000000000000000e+00	12	0	78
79	 3.361865854892660e+02 -6.978498886418947e+02  8.482941322479235e+02	8.057138620642945e-05 7.880003977334127e-05 7.880003977334127e-05	1.000000000000000e+00	12	0	79
80	 7.272977590639191e+02 -8.921688944740719e+02  6.539751264157463e+02	3.968045930378139e-04 3.974656574428082e-04 3.974656574428082e-04	1.000000000000000e+00	12	0	80
81	 1.154367133427895e+03 -7.578169581281459e+02  8.944453425530381e+01	-1.757026802806649e-05 -1.757026802806649e-05 -1.759208316798322e-05	1.000000000000000e+00	12	0	81
82	 1.620528344181828e+03 -2.916557473742137e+02 -8.421590973110166e+02	8.137414988595992e-05 8.137414988595992e-05 8.148272900143638e-05	1.000000000000000e+00	12	0	82
83	 1.764228253417323e+03  1.205112618150800e+02 -1.397341820665069e+03	1.722154265735298e-04 1.715918042464182e-04 1.722154265735298e-04	1.000000000000000e+00	12	0	83
84	 1.585495535625944e+03  4.787149237185884e+02 -1.576074538456447e+03	2.731691929511726e-04 2.730299602262676e-04 2.731691929511726e-04	1.000000000000000e+00	12	0	84
85	 1.301704120101344e+03  7.560891588595318e+02 -1.567168324359523e+03	5.102755967527628e-04 4.943473031744361e-04 4.943473031744361e-04	1.000000000000000e+00	12	0	85
86	 4.819616828429873e+02  8.145154378962119e+02 -8.098577819481459e+02	6.619541090913117e-05 6.619541090913117e-05 6.774757639504969e-05	1.000000000000000e+00	12	0	86
87	 9.136193911738258e+02  9.533907507116551e+02 -1.369866732507400e+03	1.502024591900408e-03 1.449303003028035e-03 1.449303003028035e-03	1.000000000000000e+00	12	0	87
88	-8.678942597427097e+02  3.869619168043303e+02  1.978943371813400e+02	-5.088098623673432e-05  5.123137452756055e-05 -5.088098623673432e-05	1.000000000000000e+00	24	0	88
89	-6.524395129515765e+02  4.954002397319982e+02  8.945564652112799e+01	-2.481124538462609e-04  2.481124538462609e-04 -2.480556431692094e-04	1.000000000000000e+00	24	0	89
90	-1.084347740619523e+03 -4.437247130934207e+01 -1.855914369547353e+01	-2.676171425264329e-04  2.672695845831186e-04 -2.676171425264329e-04	1.000000000000000e+00	24	0	90
91	-9.758935871119910e+02 -1.528263242223304e+02 -2.339983561347191e+02	-7.567583088530228e-05  7.555483171017841e-05 -7.555483171017841e-05	1.000000000000000e+00	24	0	91
92	 2.935664784738732e+02  4.950724746557079e+02 -8.818971550127573e+02	-6.218206835910678e-04  6.147805834189057e-04 -6.147805834189057e-04	1.000000000000000e+00	24	0	92
93	 1.064334549625541e+03  3.634558131622687e+02 -1.760062967250109e+03	-3.607780381571501e-04  3.632036678027362e-04 -3.607780381571501e-04	1.000000000000000e+00	24	0	93
94	 8.469904279409828e+02  2.569032867495820e+02 -1.653521531079099e+03	-9.496768470853567e-04  9.496768470853567e-04 -9.562819031998515e-04	1.000000000000000e+00	24	0	94
95	 1.277831613110395e+03  7.976908211574298e+02 -1.546565903765255e+03	-1.468093018047512e-03  1.426556729711592e-03 -1.468093018047512e-03	1.000000000000000e+00	24	0	95
96	 1.171829989287759e+03  9.037430629476798e+02 -1.328672861071244e+03	-5.574440001510084e-04  5.560874706134200e-04 -5.560874706134200e-04	1.000000000000000e+00	24	0	96
97	-9.688030039146102e+01  2.549956603760205e+02 -6.799254584995851e+02	 7.672085775993764e-04 -7.636532536707819e-04  7.636532536707819e-04	1.000000000000000e+00	24	0	97
98	-4.350246550516557e+02  2.779853818320774e+02 -3.409291056818194e+02	 3.618801711127162e-04 -3.618801711127162e-04  3.508361114654690e-04	1.000000000000000e+00	24	0	98
99	-5.446708608539959e+02  6.373207575587569e+01 -4.505567561129251e+02	-3.808485344052315e-04  3.753587661776692e-04 -3.753587661776692e-04	1.000000000000000e+00	24	0	99
100	-1.259978848266269e+02  2.839406502188534e+02 -6.707653305759028e+02	-6.866125040687621e-04  6.342866108752787e-04 -6.342866108752787e-04	1.000000000000000e+00	24	0	100
101	 7.347734092001291e+02 -7.740353309582215e+02  1.068866728295065e+03	-4.990898305550218e-04  4.961871309205890e-04  4.961871309205890e-04	1.000000000000000e+00	0	0	101
102	 4.037053790980215e+02 -9.409291427111423e+02  9.019729165421438e+02	 5.498615064425394e-05 -5.443760528578423e-05 -5.443760528578423e-05	1.000000000000000e+00	0	0	102
103	 5.030340556130070e+02 -1.040258365307483e+03  1.103154393272532e+03	-2.869676100090146e-04  2.870376920327544e-04  2.869676100090146e-04	1.000000000000000e+00	0	0	103
104	 6.311923437414638e+02  4.727013709491010e+02 -1.221482142176995e+03	-9.152225684374571e-04  9.152225684374571e-04 -8.821324445307255e-04	1.000000000000000e+00	24	0	104
105	 7.420625240786223e+02  6.857365834571890e+02 -1.110666381580754e+03	 3.733104967977852e-04 -3.650164871942252e-04  3.650164871942252e-04	1.000000000000000e+00	24	0	105
106	 3.241258138190718e+02  4.647405672426607e+02 -8.896703653662254e+02	 5.356715992093086e-04 -4.920172505080700e-04  4.920172505080700e-04	1.000000000000000e+00	24	0	106
107	 1.269348098381686e+03 -2.979577742460307e+02  1.126655518755261e+03	-2.290045958943665e-04  2.276878949487582e-04  2.290045958943665e-04	1.000000000000000e+00	0	0	107
108	 1.039020931822139e+03 -5.655879034843854e+02  1.159534700854217e+03	 5.596234113909304e-04 -5.528058973141015e-04 -5.528058973141015e-04	1.000000000000000e+00	0	0	108
109	 1.370400367119025e+03 -3.990087734686501e+02  1.326113830869952e+03	 1.543178659630939e-04 -1.545160776004195e-04 -1.545160776004195e-04	1.000000000000000e+00	0	0	109
110	-1.019041100901705e+02  2.306496449630541e+02  3.534813132054672e+02	-5.301416385918856e-04 -5.301416385918856e-04 -5.297960015013814e-04	1.000000000000000e+00	12	0	110
111	 1.037764865626776e+03 -8.744192259292654e+02  3.222837759940552e+02	-6.452959496527910e-05 -6.452959496527910e-05 -6.434090755647048e-05	1.000000000000000e+00	12	0	111
112	 1.737110008392872e+03 -1.750740831631688e+02 -1.075018723061607e+03	1.220412741531618e-04 1.220412741531618e-04 1.221163838636130e-04	1.000000000000000e+00	12	0	112
113	 6.000700420818313e+02  9.326237971350557e+02 -1.041174021187348e+03	7.323322934098542e-04 7.323322934098542e-04 7.473545265384018e-04	1.000000000000000e+00	12	0	113
114	 1.324269048968879e+02  4.649806599501125e+02 -1.110706287256813e+02	1.909532147692516e-05 1.909532147692516e-05 1.902272560982965e-05	1.000000000000000e+00	12	0	114
115	 3.652735389414398e+02  6.978272939946644e+02 -5.771064694337499e+02	-5.314035297487862e-05 -5.314035297487862e-05 -5.318162948242389e-05	1.000000000000000e+00	12	0	115
116	 1.270883790069888e+03 -6.413003014861536e+02 -1.434800335474853e+02	-2.259600250908989e-06 -2.259600250908989e-06 -2.260687324451283e-06	1.000000000000000e+00	12	0	116
117	 1.503940842676236e+03 -4.082432488798056e+02 -6.093054264205381e+02	3.789336187765002e-05 3.789336187765002e-05 3.793856740230694e-05	1.000000000000000e+00	12	0	117
0	-5.773502691896258e-01  5.773502691896258e-01  5.773502691896258e-01	-7.071067811865476e-01  3.124842898819631e-18 -7.071067811865476e-01	 1.198001808568474e+03 -5.294203851356715e-15  1.198001808568474e+03	1	0	0.000000000000000e+00	0.000000000000000e+00	0.000000000000000e+00
1	-5.773502691896258e-01  5.773502691896258e-01  5.773502691896258e-01	 0.000000000000000e+00  7.071067811865476e-01 -7.071067811865476e-01	 0.000000000000000e+00 -9.214510296266430e+02  9.214510296266430e+02	1	0	0.000000000000000e+00	0.000000000000000e+00	0.000000000000000e+00
2	-5.773502691896258e-01  5.773502691896258e-01  5.773502691896258e-01	 7.071067811865476e-01  7.071067811865476e-01 -3.124842898819631e-18	-7.193784354102739e+02 -7.193784354102739e+02  3.179073734356852e-15	1	0	0.000000000000000e+00	0.000000000000000e+00	0.000000000000000e+00
3	-5.773502691896258e-01  5.773502691896258e-01  5.773502691896258e-01	 7.071067811865476e-01 -3.124842898819631e-18  7.071067811865476e-01	 8.030942244427697e+02 -3.549030148066116e-15  8.030942244427697e+02	1	0	0.000000000000000e+00	0.000000000000000e+00	0.000000000000000e+00
4	-5.773502691896258e-01  5.773502691896258e-01  5.773502691896258e-01	 0.000000000000000e+00  7.071067811865476e-01 -7.071067811865476e-01	 0.000000000000000e+00 -8.625613021693013e+02  8.625613021693013e+02	1	0	0.000000000000000e+00	0.000000000000000e+00	0.000000000000000e+00
5	-5.773502691896258e-01  5.773502691896258e-01  5.773502691896258e-01	-7.071067811865476e-01 -7.071067811865476e-01  3.124842898819631e-18	 9.364621366255734e+02  9.364621366255734e+02 -4.138408986458117e-15	1	0	0.000000000000000e+00	0.000000000000000e+00	0.000000000000000e+00
6	 5.773502691896258e-01 -5.773502691896258e-01 -5.773502691896258e-01	0.000000000000000e+00 0.000000000000000e+00 0.000000000000000e+00	1.570392732195782e+03 3.025315410553647e+02 8.256108849411653e+02	1	1	0.000000000000000e+00	0.000000000000000e+00	0.000000000000000e+00
7	-5.773502691896258e-01 -5.773502691896258e-01 -5.773502691896258e-01	-7.071067811865476e-01  0.000000000000000e+00  7.071067811865476e-01	-4.024131376251693e+02  0.000000000000000e+00  4.024131376251693e+02	1	0	0.000000000000000e+00	0.000000000000000e+00	0.000000000000000e+00
8	-5.773502691896258e-01 -5.773502691896258e-01 -5.773502691896258e-01	 0.000000000000000e+00 -7.071067811865476e-01  7.071067811865476e-01	 0.000000000000000e+00 -7.730720104449091e+02  7.730720104449091e+02	1	0	0.000000000000000e+00	0.000000000000000e+00	0.000000000000000e+00
9	-5.773502691896258e-01 -5.773502691896258e-01 -5.773502691896258e-01	 7.071067811865476e-01 -7.071067811865476e-01  0.000000000000000e+00	 9.560920457780206e+02 -9.560920457780206e+02  0.000000000000000e+00	1	0	0.000000000000000e+00	0.000000000000000e+00	0.000000000000000e+00
10	-5.773502691896258e-01 -5.773502691896258e-01 -5.773502691896258e-01	 7.071067811865476e-01  0.000000000000000e+00 -7.071067811865476e-01	 1.580785037041196e+03  0.000000000000000e+00 -1.580785037041196e+03	1	0	0.000000000000000e+00	0.000000000000000e+00	0.000000000000000e+00
11	-5.773502691896258e-01 -5.773502691896258e-01 -5.773502691896258e-01	 0.000000000000000e+00  7.071067811865476e-01 -7.071067811865476e-01	 0.000000000000000e+00  1.161628741609527e+03 -1.161628741609527e+03	1	0	0.000000000000000e+00	0.000000000000000e+00	0.000000000000000e+00
12	-5.773502691896258e-01 -5.773502691896258e-01 -5.773502691896258e-01	-7.071067811865476e-01  7.071067811865476e-01  0.000000000000000e+00	-1.662768775266123e+02  1.662768775266123e+02  0.000000000000000e+00	1	0	0.000000000000000e+00	0.000000000000000e+00	0.000000000000000e+00
13	5.773502691896258e-01 5.773502691896258e-01 5.773502691896258e-01	0.000000000000000e+00 0.000000000000000e+00 0.000000000000000e+00	-2.170837012152994e+02  1.154700538379251e+02  5.877425740350395e+02	1	1	0.000000000000000e+00	0.000000000000000e+00	0.000000000000000e+00
14	-5.773502691896258e-01  5.773502691896258e-01 -5.773502691896258e-01	 7.071067811865476e-01  0.000000000000000e+00 -7.071067811865476e-01	-5.328942984620248e+02  0.000000000000000e+00  5.328942984620248e+02	1	0	0.000000000000000e+00	0.000000000000000e+00	0.000000000000000e+00
15	-5.773502691896258e-01  5.773502691896258e-01 -5.773502691896258e-01	-3.124842898819631e-18  7.071067811865476e-01  7.071067811865476e-01	 8.547268868455420e-16 -1.934123401785247e+02 -1.934123401785247e+02	1	0	0.000000000000000e+00	0.000000000000000e+00	0.000000000000000e+00
16	-5.773502691896258e-01  5.773502691896258e-01 -5.773502691896258e-01	 7.071067811865476e-01  7.071067811865476e-01 -3.124842898819631e-18	 5.519468573452824e+02  5.519468573452824e+02 -2.439160906938323e-15	1	0	0.000000000000000e+00	0.000000000000000e+00	0.000000000000000e+00
17	-5.773502691896258e-01  5.773502691896258e-01 -5.773502691896258e-01	-7.071067811865476e-01  0.000000000000000e+00  7.071067811865476e-01	 1.412198758437825e+03  0.000000000000000e+00 -1.412198758437825e+03	1	0	0.000000000000000e+00	0.000000000000000e+00	0.000000000000000e+00
18	-5.773502691896258e-01  5.773502691896258e-01 -5.773502691896258e-01	-3.124842898819631e-18  7.071067811865476e-01  7.071067811865476e-01	 9.389238637586849e-16 -2.124648990617823e+02 -2.124648990617823e+02	1	0	0.000000000000000e+00	0.000000000000000e+00	0.000000000000000e+00
19	-5.773502691896258e-01  5.773502691896258e-01 -5.773502691896258e-01	-7.071067811865476e-01 -7.071067811865476e-01  3.124842898819631e-18	-7.851963660978913e+01 -7.851963660978913e+01  3.469936018238618e-16	1	0	0.000000000000000e+00	0.000000000000000e+00	0.000000000000000e+00
20	 5.773502691896258e-01 -5.773502691896258e-01  5.773502691896258e-01	0.000000000000000e+00 0.000000000000000e+00 0.000000000000000e+00	-7.597929542535472e+02  6.027536810339691e+02  3.059956426705008e+02	1	1	0.000000000000000e+00	0.000000000000000e+00	0.000000000000000e+00
0	0	1	0
6	0	1	0
5	5	0	0
6	5	0	0
0	6	0	0
5	0	6	0
1	1	2	0
6	1	2	0
0	1	7	0
1	7	1	0
2	2	3	0
6	2	3	0
1	2	8	0
2	8	2	0
3	3	4	0
6	3	4	0
2	3	9	0
3	9	3	0
4	4	5	0
6	4	5	0
3	4	10	0
4	10	4	0
4	5	11	0
5	11	5	0
5	6	66	0
0	67	6	0
0	7	42	0
1	68	7	0
2	69	8	0
1	8	70	0
2	9	71	0
3	72	9	0
3	10	38	0
4	73	10	0
5	74	11	0
4	11	75	0
7	12	13	0
13	12	13	0
12	17	12	0
13	17	12	0
7	18	12	0
12	12	18	0
8	13	14	0
13	13	14	0
7	13	19	0
8	19	13	0
9	14	15	0
13	14	15	0
8	14	20	0
9	20	14	0
10	15	16	0
13	15	16	0
9	15	21	0
10	21	15	0
11	16	17	0
13	16	17	0
10	16	22	0
11	22	16	0
11	17	23	0
12	23	17	0
7	76	18	0
12	18	110	0
7	19	78	0
8	79	19	0
8	20	80	0
9	111	20	0
10	83	21	0
9	21	112	0
10	22	84	0
11	85	22	0
11	23	87	0
12	113	23	0
14	24	25	0
20	24	25	0
19	29	24	0
20	29	24	0
14	30	24	0
19	24	30	0
15	25	26	0
20	25	26	0
14	25	31	0
15	31	25	0
16	26	27	0
20	26	27	0
15	26	32	0
16	32	26	0
17	27	28	0
20	27	28	0
16	27	33	0
17	33	27	0
18	28	29	0
20	28	29	0
17	28	34	0
18	34	28	0
18	29	35	0
19	35	29	0
14	88	30	0
19	30	89	0
14	31	90	0
15	91	31	0
16	40	32	0
15	32	92	0
17	93	33	0
16	33	94	0
17	34	95	0
18	96	34	0
19	36	35	0
18	35	97	0
19	98	36	0
15	36	99	0
15	100	36	0
1	38	101	0
1	102	38	0
3	38	103	0
16	104	40	0
18	40	105	0
18	106	40	0
0	42	107	0
4	42	108	0
4	109	42	0
5	66	44	0
5	44	74	0
0	45	67	0
0	107	45	0
1	46	68	0
1	101	46	0
2	47	69	0
2	71	47	0
1	70	48	0
1	48	102	0
3	49	72	0
3	103	49	0
4	50	73	0
4	108	50	0
4	75	51	0
4	51	109	0
7	52	76	0
7	78	52	0
12	114	53	0
12	53	115	0
8	54	79	0
8	80	54	0
9	55	116	0
9	117	55	0
10	56	83	0
10	84	56	0
11	57	85	0
11	87	57	0
14	58	88	0
14	90	58	0
19	89	59	0
19	59	98	0
15	60	91	0
15	99	60	0
15	92	61	0
15	61	100	0
17	62	93	0
17	95	62	0
16	94	63	0
16	63	104	0
18	64	96	0
18	105	64	0
18	97	65	0
18	65	106	0
12	110	77	0
12	77	114	0
9	81	111	0
9	116	81	0
9	112	82	0
9	82	117	0
12	86	113	0
12	115	86	0
