114
21
172
0	1.570392732195782e+03 3.025315410553647e+02 8.256108849411653e+02	0.000000000000000e+00 0.000000000000000e+00 0.000000000000000e+00	1.000000000000000e+00	0	0	0
1	 1.130451827073287e+03 -5.773502691896260e+02  1.265551790063660e+03	0.000000000000000e+00 0.000000000000000e+00 0.000000000000000e+00	1.000000000000000e+00	0	0	1
2	-1.974537920628516e+02 -1.241303078757696e+03  6.015989804955904e+02	0.000000000000000e+00 0.000000000000000e+00 0.000000000000000e+00	1.000000000000000e+00	0	0	2
3	 2.032272947547480e+02 -1.641984165575296e+03  1.402961154130791e+03	0.000000000000000e+00 0.000000000000000e+00 0.000000000000000e+00	1.000000000000000e+00	0	0	3
4	 6.431681998772439e+02 -7.621023553303065e+02  9.630202490082960e+02	0.000000000000000e+00 0.000000000000000e+00 0.000000000000000e+00	1.000000000000000e+00	0	0	4
5	 1.971073819013383e+03 -9.814954576223676e+01  1.626973058576365e+03	0.000000000000000e+00 0.000000000000000e+00 0.000000000000000e+00	1.000000000000000e+00	0	0	5
6	1.569823583368328e+03 3.031006898828186e+02 8.261800337686193e+02	-1.186850495287217e-04  1.230428024427965e-04  1.165489156846888e-04	1.000000000000000e+00	0	0	6
7	 1.128503075339501e+03 -5.754015174558396e+02  1.267500541797446e+03	-7.889894962621232e-04  7.889894962621232e-04  7.889894962621232e-04	1.000000000000000e+00	0	0	7
8	-1.968956675532346e+02 -1.241861203267313e+03  6.010408559859734e+02	 1.094915569410659e-04 -1.102842288673855e-04 -1.102785099647008e-04	1.000000000000000e+00	0	0	8
9	 2.032278364898495e+02 -1.641984707310397e+03  1.402960612395689e+03	 4.377364803076489e-06 -4.686814008891815e-06 -4.051292762596859e-06	1.000000000000000e+00	0	0	9
10	 6.446004988102732e+02 -7.635346542633358e+02  9.615879500752667e+02	 7.029086506615082e-04 -7.029086506615082e-04 -7.029086506615082e-04	1.000000000000000e+00	0	0	10
11	 1.971213434303033e+03 -9.828916105188691e+01  1.626833443286715e+03	 3.367256795172580e-05 -3.337559246574529e-05 -3.328253660583869e-05	1.000000000000000e+00	0	0	11
12	-2.170837012152994e+02  1.154700538379251e+02  5.877425740350395e+02	0.000000000000000e+00 0.000000000000000e+00 0.000000000000000e+00	1.000000000000000e+00	12	0	12
13	 1.408734656822689e+02 -6.004442799572098e+02  9.456997409326077e+02	0.000000000000000e+00 0.000000000000000e+00 0.000000000000000e+00	1.000000000000000e+00	12	0	13
14	 9.214510296266424e+02 -9.907330619293978e+02  5.554109589604201e+02	0.000000000000000e+00 0.000000000000000e+00 0.000000000000000e+00	1.000000000000000e+00	12	0	14
15	 1.853294364098699e+03 -5.888972745734176e+01 -1.308275709983692e+03	0.000000000000000e+00 0.000000000000000e+00 0.000000000000000e+00	1.000000000000000e+00	12	0	15
16	 1.495337197201131e+03  6.570246063377946e+02 -1.666232876881260e+03	0.000000000000000e+00 0.000000000000000e+00 0.000000000000000e+00	1.000000000000000e+00	12	0	16
17	 7.147596332567570e+02  1.047313388309982e+03 -1.275944094909073e+03	0.000000000000000e+00 0.000000000000000e+00 0.000000000000000e+00	1.000000000000000e+00	12	0	17
18	-2.183203876524848e+02  1.142333674007397e+02  5.865058875978541e+02	-2.389824706673001e-04 -2.389824706673001e-04 -2.389824706673001e-04	1.000000000000000e+00	12	0	18
19	 1.426559159282491e+02 -5.986618297112296e+02  9.474821911785879e+02	3.398935368750244e-04 3.398935368750244e-04 3.398935368750244e-04	1.000000000000000e+00	12	0	19
20	 9.218569428683875e+02 -9.903271486876527e+02  5.558168722021652e+02	9.653693268774077e-05 9.204699745168909e-05 9.289294393965974e-05	1.000000000000000e+00	12	0	20
21	 1.853909146333841e+03 -5.827494522220058e+01 -1.307660927748551e+03	1.211022026836872e-04 1.209088586620055e-04 1.211052294820547e-04	1.000000000000000e+00	12	0	21
22	 1.497011824601759e+03  6.586992337384219e+02 -1.664558249480633e+03	3.381695229715357e-04 3.381695229715357e-04 3.381695229715357e-04	1.000000000000000e+00	12	0	22
23	 7.216158576099931e+02  1.054169612663218e+03 -1.269087870555837e+03	1.324697514064610e-03 1.324697514064610e-03 1.324697514064610e-03	1.000000000000000e+00	12	0	23
24	-7.597929542535472e+02  6.027536810339691e+02  3.059956426705008e+02	0.000000000000000e+00 0.000000000000000e+00 0.000000000000000e+00	1.000000000000000e+00	24	0	24
25	-1.191650955607388e+03 -2.609623216737101e+02 -1.258623586833382e+02	0.000000000000000e+00 0.000000000000000e+00 0.000000000000000e+00	1.000000000000000e+00	24	0	25
26	 5.126870390403868e+02  5.912066756501777e+02 -9.780313560072266e+02	0.000000000000000e+00 0.000000000000000e+00 0.000000000000000e+00	1.000000000000000e+00	24	0	26
27	 9.572467463163994e+02  1.466469683741651e+02 -1.867150770559250e+03	0.000000000000000e+00 0.000000000000000e+00 0.000000000000000e+00	1.000000000000000e+00	24	0	27
28	 1.389104747670240e+03  1.010362971081845e+03 -1.435292769205410e+03	0.000000000000000e+00 0.000000000000000e+00 0.000000000000000e+00	1.000000000000000e+00	24	0	28
29	-3.152332469775362e+02  1.581939737579582e+02 -5.831237718815206e+02	0.000000000000000e+00 0.000000000000000e+00 0.000000000000000e+00	1.000000000000000e+00	24	0	29
30	-7.601669655673477e+02  6.031276923477695e+02  3.056216313567003e+02	-7.443134381901473e-05  7.456824096152559e-05 -7.250523049151525e-05	1.000000000000000e+00	24	0	30
31	-1.192387573296635e+03 -2.602257039844633e+02 -1.265989763725849e+02	-1.488371199229732e-04  1.473144948249683e-04 -1.487375702708960e-04	1.000000000000000e+00	24	0	31
32	 5.017942829947385e+02  6.020994316958260e+02 -9.889241120528749e+02	-1.954040393078079e-04  1.954040393078078e-04 -1.954040393078079e-04	1.000000000000000e+00	24	0	32
33	 9.543411553790892e+02  1.495525593114753e+02 -1.870056361496560e+03	-5.886168607200185e-04  5.886168607200185e-04 -5.886168607200185e-04	1.000000000000000e+00	24	0	33
34	 1.383576874935461e+03  1.015890843816624e+03 -1.440820641940188e+03	-1.123913913033903e-03  1.123913913033903e-03 -1.123913913033903e-03	1.000000000000000e+00	24	0	34
35	-3.050640905599748e+02  1.480248173403968e+02 -5.729546154639592e+02	 2.298152733904620e-04 -2.298152733904620e-04  2.298152733904620e-04	1.000000000000000e+00	24	0	35
36	-3.301620691367834e+02  1.731227959172054e+02 -5.599474762742531e+02	 3.712709440151230e-05 -5.145223985891789e-05  2.573395613580942e-04	1.000000000000000e+00	24	0	36
38	 6.027539990991925e+02 -8.394676094669392e+02  1.003434449786347e+03	-3.010802417217444e-04  3.010802417217444e-04  3.010802417217444e-04	1.000000000000000e+00	0	0	38
40	 5.280250646474985e+02  5.758686500430663e+02 -1.000798448166631e+03	-6.535794818773866e-05  7.728821947239339e-05 -1.974006881937385e-04	1.000000000000000e+00	24	0	40
42	 1.170138294436571e+03 -4.992572816382266e+02  1.225865322700376e+03	 1.822010963223875e-04 -1.433734578313306e-04 -1.596610381966457e-04	1.000000000000000e+00	0	0	42
44	1.770829050378817e+03 1.020952228723295e+02 1.226196379151482e+03	 2.101091195072513e-05 -2.101091195072513e-05 -2.093243710987736e-05	1.000000000000000e+00	0	0	44
45	 1.368618967083409e+03 -9.671896902642408e+01  1.027384650053539e+03	-2.995083341374993e-04  2.984272141475230e-04  2.995083341374993e-04	1.000000000000000e+00	0	0	45
46	 8.635766233002445e+02 -7.053884766353499e+02  1.137513582617936e+03	-1.435890910215676e-03  1.431934884749353e-03  1.431934884749353e-03	1.000000000000000e+00	0	0	46
47	 3.379614130364663e+00 -1.442136484950913e+03  1.001787380650568e+03	 9.827147005125880e-05 -9.827147005125880e-05 -9.821019921218976e-05	1.000000000000000e+00	0	0	47
48	 2.041965091581124e+02 -1.041929620888176e+03  8.009724383651098e+02	 1.816251751733944e-04 -1.808189554139972e-04 -1.808189554139972e-04	1.000000000000000e+00	0	0	48
49	 4.029221183779412e+02 -1.240660211344034e+03  1.203266330507598e+03	-1.277323026442900e-04  1.266129838768393e-04  1.277323026442900e-04	1.000000000000000e+00	0	0	49
50	 9.105536583794665e+02 -6.345502967464686e+02  1.090572307592134e+03	 1.538556418381631e-03 -1.519571407698095e-03 -1.519571407698095e-03	1.000000000000000e+00	0	0	50
51	 1.570953474459177e+03 -2.990501037729546e+02  1.426072500565648e+03	 1.261805446119979e-04 -1.258448755834252e-04 -1.258448755834252e-04	1.000000000000000e+00	0	0	51
52	-3.757351484380818e+01 -2.419550972184829e+02  7.672527604065305e+02	1.130460659624077e-04 1.132528850575909e-04 1.130460659624077e-04	1.000000000000000e+00	12	0	52
53	 2.489618095044375e+02  5.815155645576621e+02 -3.439768127148298e+02	1.200777933263453e-05 1.200777933263453e-05 1.205321132147219e-05	1.000000000000000e+00	12	0	53
54	 5.311397976243680e+02 -7.955984086439856e+02  7.505456122458326e+02	1.800904647097923e-05 2.296760612807702e-05 2.296760612807702e-05	1.000000000000000e+00	12	0	54
55	 1.387426635467160e+03 -5.247574560888816e+02 -3.763783931205654e+02	1.241313930222532e-05 1.241313930222532e-05 1.243175483978121e-05	1.000000000000000e+00	12	0	55
56	 1.675725421422675e+03  3.004746292929554e+02 -1.485844652659717e+03	2.654401469044387e-04 2.644956985022873e-04 2.654401469044387e-04	1.000000000000000e+00	12	0	56
57	 1.099636693193298e+03  8.465133272246628e+02 -1.476744155994392e+03	-8.423137478530407e-04 -9.330193861387670e-04 -9.330193861387670e-04	1.000000000000000e+00	12	0	57
58	-9.767837325483886e+02  1.719610430038894e+02  8.900486437566106e+01	-1.980260276468471e-04  1.993940240936354e-04 -1.980260276468471e-04	1.000000000000000e+00	24	0	58
59	-5.442355956345300e+02  3.871963224149517e+02 -1.262351035532025e+02	-6.373837823048234e-05  6.373837823048234e-05 -6.404693704098463e-05	1.000000000000000e+00	24	0	59
60	-7.606879320281350e+02 -4.414290841142372e+01 -3.426817719456257e+02	-1.929763966472819e-04  1.909538987092674e-04 -1.909538987092674e-04	1.000000000000000e+00	24	0	60
61	 8.428246566326803e+01  3.890716944292664e+02 -7.758963747863158e+02	 3.810093403444625e-05 -3.810930502368137e-05  3.810930502368137e-05	1.000000000000000e+00	24	0	61
62	 1.171950373055393e+03  5.797048695964845e+02 -1.652447143820257e+03	-3.521701437421143e-04  3.389204503037035e-04 -3.521701437421143e-04	1.000000000000000e+00	24	0	62
63	 7.362171921055694e+02  3.676765225849954e+02 -1.440388812287337e+03	-1.030753483064473e-03  1.030753483064473e-03 -1.029255567118526e-03	1.000000000000000e+00	24	0	63
64	 9.603988321188795e+02  7.913857464997236e+02 -1.216315544623288e+03	 5.800061626359820e-04 -5.408982397057116e-04  5.408982397057116e-04	1.000000000000000e+00	24	0	64
65	 1.134420231188058e+02  3.599229260974616e+02 -7.848527242210264e+02	 4.621901462087408e-05 -4.589072341332212e-05  4.589072341332212e-05	1.000000000000000e+00	24	0	65
66	1.670929347380724e+03 2.019949258704226e+02 1.025583391565072e+03	 7.825407374184579e-05 -7.825407374184579e-05 -7.902219658717513e-05	1.000000000000000e+00	0	0	66
67	1.468584688795129e+03 1.038346377589039e+02 9.274189283418189e+02	-3.422734152991325e-04  3.447816707193851e-04  3.422734152991325e-04	1.000000000000000e+00	0	0	67
68	 9.957253086316282e+02 -6.400492250260754e+02  1.202852834227211e+03	-1.246235449798405e-03  1.269084634259343e-03  1.269084634259343e-03	1.000000000000000e+00	0	0	68
69	-9.682570484101232e+01 -1.341931165979536e+03  8.014817832366844e+02	 8.855185296852142e-05 -8.855185296852142e-05 -8.852688915794715e-05	1.000000000000000e+00	0	0	69
70	 3.942340360365421e+00 -1.142189808152818e+03  7.007122511004677e+02	 2.022462431341410e-04 -2.027763839578256e-04 -2.027763839578256e-04	1.000000000000000e+00	0	0	70
71	 1.034212150438962e+02 -1.542178085864444e+03  1.202257089207529e+03	 7.790101517457515e-05 -7.790101517457515e-05 -7.762073073536158e-05	1.000000000000000e+00	0	0	71
72	 3.030257723626185e+02 -1.441272698027286e+03  1.303162676522921e+03	-7.253570220200345e-05  7.218988321255893e-05  7.253570220200345e-05	1.000000000000000e+00	0	0	72
73	 7.790414866799392e+02 -7.005866799417549e+02  1.024535924396848e+03	 1.462436513975263e-03 -1.505122636444867e-03 -1.505122636444867e-03	1.000000000000000e+00	0	0	73
74	1.870850817477060e+03 2.073455774086816e+00 1.426685309857337e+03	-1.127283758250996e-05  1.127283758250996e-05  1.130505097535206e-05	1.000000000000000e+00	0	0	74
75	 1.771174993635771e+03 -1.987608419832832e+02  1.526361762355319e+03	 1.009643310680985e-04 -1.006500315270387e-04 -1.006500315270387e-04	1.000000000000000e+00	0	0	75
76	-1.271110497512525e+02 -6.302132657300569e+01  6.777152254990862e+02	8.810737926978618e-05 8.958372200140730e-05 8.810737926978618e-05	1.000000000000000e+00	12	0	76
77	1.463842005040449e+01 3.471921751036290e+02 1.205707268299234e+02	-2.479659742675722e-04 -2.479659742675722e-04 -2.524738665670156e-04	1.000000000000000e+00	12	0	77
78	 5.208021742929295e+01 -4.207655106907093e+02  8.569064926796316e+02	1.512923627160490e-04 1.529661822132766e-04 1.512923627160490e-04	1.000000000000000e+00	12	0	78
79	 3.364285566114760e+02 -6.976150193885824e+02  8.485290015012358e+02	1.059472779161297e-04 1.022530050249770e-04 1.022530050249770e-04	1.000000000000000e+00	12	0	79
80	 7.282974817326747e+02 -8.911668422421764e+02  6.549771786476418e+02	3.718782973010093e-04 3.729531890712678e-04 3.729531890712678e-04	1.000000000000000e+00	12	0	80
81	 1.154322820249634e+03 -7.578612713064072e+02  8.940014020334573e+01	-1.638640969758853e-05 -1.638640969758853e-05 -1.642551978875417e-05	1.000000000000000e+00	12	0	81
82	 1.620740099674909e+03 -2.914439918811327e+02 -8.419469126150094e+02	8.143405284499750e-05 8.143405284499750e-05 8.165495091816410e-05	1.000000000000000e+00	12	0	82
83	 1.764668590916054e+03  1.209492196936975e+02 -1.396901483166338e+03	1.664276642259210e-04 1.652370992815122e-04 1.664276642259210e-04	1.000000000000000e+00	12	0	83
84	 1.586199497992478e+03  4.794182007586576e+02 -1.575370576089914e+03	2.684435457922518e-04 2.680360048543662e-04 2.684435457922518e-04	1.000000000000000e+00	12	0	84
85	 1.303022454256042e+03  7.573456876798796e+02 -1.565911795539175e+03	4.703382437583059e-04 4.349328519310802e-04 4.349328519310802e-04	1.000000000000000e+00	12	0	85
86	 4.821526783505699e+02  8.147064334037944e+02 -8.096601781096203e+02	8.096022065728903e-05 8.096022065728903e-05 8.453907503280789e-05	1.000000000000000e+00	12	0	86
87	 9.174561352436460e+02  9.570279177977814e+02 -1.366229565421273e+03	1.450264127925038e-03 1.350919017568231e-03 1.350919017568231e-03	1.000000000000000e+00	12	0	87
88	-8.680149096286634e+02  3.870839430120998e+02  1.977736872953863e+02	-4.205475488561206e-05  4.276081745047122e-05 -4.205475488561206e-05	1.000000000000000e+00	24	0	88
89	-6.530755039738729e+02  4.960362307542945e+02  8.881991104975887e+01	-2.411200403003022e-04  2.411200403003022e-04 -2.409759617876261e-04	1.000000000000000e+00	24	0	89
90	-1.085031774574680e+03 -4.368975184161042e+01 -1.924317765062984e+01	-2.585452166385949e-04  2.578919520601630e-04 -2.585452166385949e-04	1.000000000000000e+00	24	0	90
91	-9.761032219727284e+02 -1.526172335586136e+02 -2.342074467984359e+02	-8.562007860746235e-05  8.531352068530396e-05 -8.531352068530396e-05	1.000000000000000e+00	24	0	91
92	 2.930473804844627e+02  4.955839180873426e+02 -8.824085984443919e+02	-7.425498915836215e-05  7.274324161699042e-05 -7.274324161699042e-05	1.000000000000000e+00	24	0	92
93	 1.063395802312085e+03  3.644034120359063e+02 -1.761001714563565e+03	-3.616706526372582e-04  3.659595677163452e-04 -3.616706526372582e-04	1.000000000000000e+00	24	0	93
94	 8.445044502877435e+02  2.593892644028214e+02 -1.656034328705126e+03	-9.626144892536104e-04  9.626144892536104e-04 -9.767228038981557e-04	1.000000000000000e+00	24	0	94
95	 1.274336890163965e+03  8.010612358522010e+02 -1.550060626711685e+03	-1.233557704836130e-03  1.183512969873846e-03 -1.233557704836130e-03	1.000000000000000e+00	24	0	95
96	 1.170369671754762e+03  9.051951648659665e+02 -1.330124962989531e+03	-5.665199132636189e-04  5.611819797195494e-04 -5.611819797195494e-04	1.000000000000000e+00	24	0	96
97	-9.629377596525151e+01  2.544176041536396e+02 -6.793474022772043e+02	 8.281686314148828e-05 -7.989396544871852e-05  7.989396544871852e-05	1.000000000000000e+00	24	0	97
98	-4.340794643877114e+02  2.770401911681332e+02 -3.400177843255962e+02	 3.652035957202315e-04 -3.652035957202315e-04  3.507776127662510e-04	1.000000000000000e+00	24	0	98
99	-5.456888901118839e+02  6.473782173976210e+01 -4.515625020968115e+02	-3.970814286731184e-04  3.938479640055448e-04 -3.938479640055448e-04	1.000000000000000e+00	24	0	99
100	-1.262118820513116e+02  2.840957386517535e+02 -6.709204190088029e+02	 8.422756218351424e-05 -9.736692300066352e-05  9.736692300066352e-05	1.000000000000000e+00	24	0	100
101	 7.326512817818392e+02 -7.719464246309590e+02  1.070955634622327e+03	-1.209643669426441e-03  1.178387086838484e-03  1.178387086838484e-03	1.000000000000000e+00	0	0	101
102	 4.038370225366314e+02 -9.410586288809575e+02  9.018434303723286e+02	 4.436181188793853e-05 -4.327798524172977e-05 -4.327798524172977e-05	1.000000000000000e+00	0	0	102
103	 5.022966075180705e+02 -1.039520976989224e+03  1.103891841367469e+03	-2.802096714731306e-04  2.799934300128371e-04  2.802096714731306e-04	1.000000000000000e+00	0	0	103
104	 6.287413707813661e+02  4.751523439091987e+02 -1.223819780379584e+03	-9.702125098556280e-04  9.702125098556280e-04 -9.164157090708613e-04	1.000000000000000e+00	24	0	104
105	 7.431121111547739e+02  6.847034957154599e+02 -1.109633293839025e+03	 4.295960534363985e-04 -4.261559224687517e-04  4.261559224687517e-04	1.000000000000000e+00	24	0	105
106	 3.243351212085151e+02  4.645907447511843e+02 -8.895205428747490e+02	-5.699910252587870e-05  7.259973790496588e-05 -7.259973790496588e-05	1.000000000000000e+00	24	0	106
107	 1.268725947195302e+03 -2.973415872336692e+02  1.127277669941645e+03	-2.498336252756417e-04  2.464012068230659e-04  2.498336252756417e-04	1.000000000000000e+00	0	0	107
108	 1.041271955262237e+03 -5.677807775468425e+02  1.157341826791760e+03	 1.251636887900531e-03 -1.202729996293783e-03 -1.202729996293783e-03	1.000000000000000e+00	0	0	108
109	 1.370839167454901e+03 -3.994483427452330e+02  1.325674261593369e+03	 1.851325214374810e-04 -1.854999718489125e-04 -1.854999718489125e-04	1.000000000000000e+00	0	0	109
110	-1.032660823629740e+02  2.292876726902506e+02  3.521208238633965e+02	-5.176629638299346e-04 -5.176629638299346e-04 -5.168534698896110e-04	1.000000000000000e+00	12	0	110
111	 1.037608796623497e+03 -8.745752949325438e+02  3.221284390576834e+02	-5.517817771760747e-05 -5.517817771760747e-05 -5.480944673763588e-05	1.000000000000000e+00	12	0	111
112	 1.737425446996913e+03 -1.747586445591282e+02 -1.074702991109546e+03	1.205500520882197e-04 1.205500520882197e-04 1.206997330882587e-04	1.000000000000000e+00	12	0	112
113	 6.019514929621502e+02  9.345052480153746e+02 -1.039233892957790e+03	7.147862343117595e-04 7.147862343117595e-04 7.447024690918624e-04	1.000000000000000e+00	12	0	113
114	 1.324634772130337e+02  4.650172322662582e+02 -1.110344441459798e+02	9.392349056724925e-06 9.392349056724925e-06 9.155726729659364e-06	1.000000000000000e+00	12	0	114
115	 3.651360486390901e+02  6.976898036923146e+02 -5.772441610382364e+02	-5.034904097556137e-05 -5.034904097556137e-05 -5.046133446739987e-05	1.000000000000000e+00	12	0	115
116	 1.270879069866300e+03 -6.413050216897410e+02 -1.434847572444078e+02	-1.380855337629328e-06 -1.380855337629328e-06 -1.382311666020541e-06	1.000000000000000e+00	12	0	116
117	 1.504040933913381e+03 -4.081431576426601e+02 -6.092051528319058e+02	3.901358650182374e-05 3.901358650182374e-05 3.910881059709936e-05	1.000000000000000e+00	12	0	117
0	-5.773502691896258e-01  5.773502691896258e-01  5.773502691896258e-01	-7.071067811865476e-01  3.124842898819631e-18 -7.071067811865476e-01	 1.198001808568474e+03 -5.294203851356715e-15  1.198001808568474e+03	1	0	0.000000000000000e+00	0.000000000000000e+00	0.000000000000000e+00
1	-5.773502691896258e-01  5.773502691896258e-01  5.773502691896258e-01	 0.000000000000000e+00  7.071067811865476e-01 -7.071067811865476e-01	 0.000000000000000e+00 -9.214510296266430e+02  9.214510296266430e+02	1	0	0.000000000000000e+00	0.000000000000000e+00	0.000000000000000e+00
2	-5.773502691896258e-01  5.773502691896258e-01  5.773502691896258e-01	 7.071067811865476e-01  7.071067811865476e-01 -3.124842898819631e-18	-7.193784354102739e+02 -7.193784354102739e+02  3.179073734356852e-15	1	0	0.000000000000000e+00	0.000000000000000e+00	0.000000000000000e+00
3	-5.773502691896258e-01  5.773502691896258e-01  5.773502691896258e-01	 7.071067811865476e-01 -3.124842898819631e-18  7.071067811865476e-01	 8.030942244427697e+02 -3.549030148066116e-15  8.030942244427697e+02	1	0	0.000000000000000e+00	0.000000000000000e+00	0.000000000000000e+00
4	-5.773502691896258e-01  5.773502691896258e-01  5.773502691896258e-01	 0.000000000000000e+00  7.071067811865476e-01 -7.071067811865476e-01	 0.000000000000000e+00 -8.625613021693013e+02  8.625613021693013e+02	1	0	0.000000000000000e+00	0.000000000000000e+00	0.000000000000000e+00
5	-5.773502691896258e-01  5.773502691896258e-01  5.773502691896258e-01	-7.071067811865476e-01 -7.071067811865476e-01  3.124842898819631e-18	 9.364621366255734e+02  9.364621366255734e+02 -4.138408986458117e-15	1	0	0.000000000000000e+00	0.000000000000000e+00	0.000000000000000e+00
6	 5.773502691896258e-01 -5.773502691896258e-01 -5.773502691896258e-01	0.000000000000000e+00 0.000000000000000e+00 0.000000000000000e+00	1.570392732195782e+03 3.025315410553647e+02 8.256108849411653e+02	1	1	0.000000000000000e+00	0.000000000000000e+00	0.000000000000000e+00
7	-5.773502691896258e-01 -5.773502691896258e-01 -5.773502691896258e-01	-7.071067811865476e-01  0.000000000000000e+00  7.071067811865476e-01	-4.024131376251693e+02  0.000000000000000e+00  4.024131376251693e+02	1	0	0.000000000000000e+00	0.000000000000000e+00	0.000000000000000e+00
8	-5.773502691896258e-01 -5.773502691896258e-01 -5.773502691896258e-01	 0.000000000000000e+00 -7.071067811865476e-01  7.071067811865476e-01	 0.000000000000000e+00 -7.730720104449091e+02  7.730720104449091e+02	1	0	0.000000000000000e+00	0.000000000000000e+00	0.000000000000000e+00
9	-5.773502691896258e-01 -5.773502691896258e-01 -5.773502691896258e-01	 7.071067811865476e-01 -7.071067811865476e-01  0.000000000000000e+00	 9.560920457780206e+02 -9.560920457780206e+02  0.000000000000000e+00	1	0	0.000000000000000e+00	0.000000000000000e+00	0.000000000000000e+00
10	-5.773502691896258e-01 -5.773502691896258e-01 -5.773502691896258e-01	 7.071067811865476e-01  0.000000000000000e+00 -7.071067811865476e-01	 1.580785037041196e+03  0.000000000000000e+00 -1.580785037041196e+03	1	0	0.000000000000000e+00	0.000000000000000e+00	0.000000000000000e+00
11	-5.773502691896258e-01 -5.773502691896258e-01 -5.773502691896258e-01	 0.000000000000000e+00  7.071067811865476e-01 -7.071067811865476e-01	 0.000000000000000e+00  1.161628741609527e+03 -1.161628741609527e+03	1	0	0.000000000000000e+00	0.000000000000000e+00	0.000000000000000e+00
12	-5.773502691896258e-01 -5.773502691896258e-01 -5.773502691896258e-01	-7.071067811865476e-01  7.071067811865476e-01  0.000000000000000e+00	-1.662768775266123e+02  1.662768775266123e+02  0.000000000000000e+00	1	0	0.000000000000000e+00	0.000000000000000e+00	0.000000000000000e+00
13	5.773502691896258e-01 5.773502691896258e-01 5.773502691896258e-01	0.000000000000000e+00 0.000000000000000e+00 0.000000000000000e+00	-2.170837012152994e+02  1.154700538379251e+02  5.877425740350395e+02	1	1	0.000000000000000e+00	0.000000000000000e+00	0.000000000000000e+00
14	-5.773502691896258e-01  5.773502691896258e-01 -5.773502691896258e-01	 7.071067811865476e-01  0.000000000000000e+00 -7.071067811865476e-01	-5.328942984620248e+02  0.000000000000000e+00  5.328942984620248e+02	1	0	0.000000000000000e+00	0.000000000000000e+00	0.000000000000000e+00
15	-5.773502691896258e-01  5.773502691896258e-01 -5.773502691896258e-01	-3.124842898819631e-18  7.071067811865476e-01  7.071067811865476e-01	 8.547268868455420e-16 -1.934123401785247e+02 -1.934123401785247e+02	1	0	0.000000000000000e+00	0.000000000000000e+00	0.000000000000000e+00
16	-5.773502691896258e-01  5.773502691896258e-01 -5.773502691896258e-01	 7.071067811865476e-01  7.071067811865476e-01 -3.124842898819631e-18	 5.519468573452824e+02  5.519468573452824e+02 -2.439160906938323e-15	1	0	0.000000000000000e+00	0.000000000000000e+00	0.000000000000000e+00
17	-5.773502691896258e-01  5.773502691896258e-01 -5.773502691896258e-01	-7.071067811865476e-01  0.000000000000000e+00  7.071067811865476e-01	 1.412198758437825e+03  0.000000000000000e+00 -1.412198758437825e+03	1	0	0.000000000000000e+00	0.000000000000000e+00	0.000000000000000e+00
18	-5.773502691896258e-01  5.773502691896258e-01 -5.773502691896258e-01	-3.124842898819631e-18  7.071067811865476e-01  7.071067811865476e-01	 9.389238637586849e-16 -2.124648990617823e+02 -2.124648990617823e+02	1	0	0.000000000000000e+00	0.000000000000000e+00	0.000000000000000e+00
19	-5.773502691896258e-01  5.773502691896258e-01 -5.773502691896258e-01	-7.071067811865476e-01 -7.071067811865476e-01  3.124842898819631e-18	-7.851963660978913e+01 -7.851963660978913e+01  3.469936018238618e-16	1	0	0.000000000000000e+00	0.000000000000000e+00	0.000000000000000e+00
20	 5.773502691896258e-01 -5.773502691896258e-01  5.773502691896258e-01	0.000000000000000e+00 0.000000000000000e+00 0.000000000000000e+00	-7.597929542535472e+02  6.027536810339691e+02  3.059956426705008e+02	1	1	0.000000000000000e+00	0.000000000000000e+00	0.000000000000000e+00
0	0	1	0
6	0	1	0
5	5	0	0
6	5	0	0
0	6	0	0
5	0	6	0
1	1	2	0
6	1	2	0
0	1	7	0
1	7	1	0
2	2	3	0
6	2	3	0
1	2	8	0
2	8	2	0
3	3	4	0
6	3	4	0
2	3	9	0
3	9	3	0
4	4	5	0
6	4	5	0
3	4	10	0
4	10	4	0
4	5	11	0
5	11	5	0
5	6	66	0
0	67	6	0
0	7	42	0
1	68	7	0
2	69	8	0
1	8	70	0
2	9	71	0
3	72	9	0
3	10	38	0
4	73	10	0
5	74	11	0
4	11	75	0
7	12	13	0
13	12	13	0
12	17	12	0
13	17	12	0
7	18	12	0
12	12	18	0
8	13	14	0
13	13	14	0
7	13	19	0
8	19	13	0
9	14	15	0
13	14	15	0
8	14	20	0
9	20	14	0
10	15	16	0
13	15	16	0
9	15	21	0
10	21	15	0
11	16	17	0
13	16	17	0
10	16	22	0
11	22	16	0
11	17	23	0
12	23	17	0
7	76	18	0
12	18	110	0
7	19	78	0
8	79	19	0
8	20	80	0
9	111	20	0
10	83	21	0
9	21	112	0
10	22	84	0
11	85	22	0
11	23	87	0
12	113	23	0
14	24	25	0
20	24	25	0
19	29	24	0
20	29	24	0
14	30	24	0
19	24	30	0
15	25	26	0
20	25	26	0
14	25	31	0
15	31	25	0
16	26	27	0
20	26	27	0
15	26	32	0
16	32	26	0
17	27	28	0
20	27	28	0
16	27	33	0
17	33	27	0
18	28	29	0
20	28	29	0
17	28	34	0
18	34	28	0
18	29	35	0
19	35	29	0
14	88	30	0
19	30	89	0
14	31	90	0
15	91	31	0
16	40	32	0
15	32	92	0
17	93	33	0
16	33	94	0
17	34	95	0
18	96	34	0
19	36	35	0
18	35	97	0
19	98	36	0
15	36	99	0
15	100	36	0
1	38	101	0
1	102	38	0
3	38	103	0
16	104	40	0
18	40	105	0
18	106	40	0
0	42	107	0
4	42	108	0
4	109	42	0
5	66	44	0
5	44	74	0
0	45	67	0
0	107	45	0
1	46	68	0
1	101	46	0
2	47	69	0
2	71	47	0
1	70	48	0
1	48	102	0
3	49	72	0
3	103	49	0
4	50	73	0
4	108	50	0
4	75	51	0
4	51	109	0
7	52	76	0
7	78	52	0
12	114	53	0
12	53	115	0
8	54	79	0
8	80	54	0
9	55	116	0
9	117	55	0
10	56	83	0
10	84	56	0
11	57	85	0
11	87	57	0
14	58	88	0
14	90	58	0
19	89	59	0
19	59	98	0
15	60	91	0
15	99	60	0
15	92	61	0
15	61	100	0
17	62	93	0
17	95	62	0
16	94	63	0
16	63	104	0
18	64	96	0
18	105	64	0
18	97	65	0
18	65	106	0
12	110	77	0
12	77	114	0
9	81	111	0
9	116	81	0
9	112	82	0
9	82	117	0
12	86	113	0
12	115	86	0
