114
21
172
0	1.570392732195782e+03 3.025315410553647e+02 8.256108849411653e+02	0.000000000000000e+00 0.000000000000000e+00 0.000000000000000e+00	1.000000000000000e+00	0	0	0
1	 1.130451827073287e+03 -5.773502691896260e+02  1.265551790063660e+03	0.000000000000000e+00 0.000000000000000e+00 0.000000000000000e+00	1.000000000000000e+00	0	0	1
2	-1.974537920628516e+02 -1.241303078757696e+03  6.015989804955904e+02	0.000000000000000e+00 0.000000000000000e+00 0.000000000000000e+00	1.000000000000000e+00	0	0	2
3	 2.032272947547480e+02 -1.641984165575296e+03  1.402961154130791e+03	0.000000000000000e+00 0.000000000000000e+00 0.000000000000000e+00	1.000000000000000e+00	0	0	3
4	 6.431681998772439e+02 -7.621023553303065e+02  9.630202490082960e+02	0.000000000000000e+00 0.000000000000000e+00 0.000000000000000e+00	1.000000000000000e+00	0	0	4
5	 1.971073819013383e+03 -9.814954576223676e+01  1.626973058576365e+03	0.000000000000000e+00 0.000000000000000e+00 0.000000000000000e+00	1.000000000000000e+00	0	0	5
6	1.570380917510078e+03 3.025433557410682e+02 8.256226996268688e+02	-1.073282546713017e-04  1.073830280802213e-04  1.073113671736792e-04	1.000000000000000e+00	0	0	6
7	 1.130435999076318e+03 -5.773344411926569e+02  1.265567618060629e+03	-1.468972914153710e-04  1.469410490244627e-04  1.469192211516201e-04	1.000000000000000e+00	0	0	7
8	-1.974414966847305e+02 -1.241315374135817e+03  6.015866851174692e+02	 1.115859413403086e-04 -1.116000858019106e-04 -1.115992272389121e-04	1.000000000000000e+00	0	0	8
9	 2.032268390499539e+02 -1.641983709870502e+03  1.402961609835585e+03	-3.782537760343985e-06  3.779288135774550e-06  3.785345143114682e-06	1.000000000000000e+00	0	0	9
10	 6.431714000646352e+02 -7.621055555176979e+02  9.630170488209046e+02	 3.081441536778584e-05 -3.087702134507708e-05 -3.110867328359745e-05	1.000000000000000e+00	0	0	10
11	 1.971076340286766e+03 -9.815206703561937e+01  1.626970537302983e+03	 2.246231088065542e-05 -2.245949144707993e-05 -2.245895666419528e-05	1.000000000000000e+00	0	0	11
12	-2.170837012152994e+02  1.154700538379251e+02  5.877425740350395e+02	0.000000000000000e+00 0.000000000000000e+00 0.000000000000000e+00	1.000000000000000e+00	12	0	12
13	 1.408734656822689e+02 -6.004442799572098e+02  9.456997409326077e+02	0.000000000000000e+00 0.000000000000000e+00 0.000000000000000e+00	1.000000000000000e+00	12	0	13
14	 9.214510296266424e+02 -9.907330619293978e+02  5.554109589604201e+02	0.000000000000000e+00 0.000000000000000e+00 0.000000000000000e+00	1.000000000000000e+00	12	0	14
15	 1.853294364098699e+03 -5.888972745734176e+01 -1.308275709983692e+03	0.000000000000000e+00 0.000000000000000e+00 0.000000000000000e+00	1.000000000000000e+00	12	0	15
16	 1.495337197201131e+03  6.570246063377946e+02 -1.666232876881260e+03	0.000000000000000e+00 0.000000000000000e+00 0.000000000000000e+00	1.000000000000000e+00	12	0	16
17	 7.147596332567570e+02  1.047313388309982e+03 -1.275944094909073e+03	0.000000000000000e+00 0.000000000000000e+00 0.000000000000000e+00	1.000000000000000e+00	12	0	17
18	-2.171113748001262e+02  1.154423802530983e+02  5.877149004502128e+02	-2.518051478546113e-04 -2.518051478546113e-04 -2.518051478546113e-04	1.000000000000000e+00	12	0	18
19	 1.409139198803823e+02 -6.004038257590964e+02  9.457401951307211e+02	3.704811388161033e-04 3.704811388161033e-04 3.704811388161033e-04	1.000000000000000e+00	12	0	19
20	 9.214583806375741e+02 -9.907257109184660e+02  5.554183099713518e+02	6.783303251722828e-05 6.773995846742764e-05 6.775760994059965e-05	1.000000000000000e+00	12	0	20
21	 1.853307780579154e+03 -5.887631097688766e+01 -1.308262293503238e+03	1.222489663632587e-04 1.222441496793181e-04 1.222491118824109e-04	1.000000000000000e+00	12	0	21
22	 1.495372943520265e+03  6.570603526569278e+02 -1.666197130562127e+03	3.241733259831866e-04 3.241733259831865e-04 3.241733259831865e-04	1.000000000000000e+00	12	0	22
23	 7.149124019606375e+02  1.047466157013862e+03 -1.275791326205193e+03	1.403316195743779e-03 1.403316195743779e-03 1.403316195743779e-03	1.000000000000000e+00	12	0	23
24	-7.597929542535472e+02  6.027536810339691e+02  3.059956426705008e+02	0.000000000000000e+00 0.000000000000000e+00 0.000000000000000e+00	1.000000000000000e+00	24	0	24
25	-1.191650955607388e+03 -2.609623216737101e+02 -1.258623586833382e+02	0.000000000000000e+00 0.000000000000000e+00 0.000000000000000e+00	1.000000000000000e+00	24	0	25
26	 5.126870390403868e+02  5.912066756501777e+02 -9.780313560072266e+02	0.000000000000000e+00 0.000000000000000e+00 0.000000000000000e+00	1.000000000000000e+00	24	0	26
27	 9.572467463163994e+02  1.466469683741651e+02 -1.867150770559250e+03	0.000000000000000e+00 0.000000000000000e+00 0.000000000000000e+00	1.000000000000000e+00	24	0	27
28	 1.389104747670240e+03  1.010362971081845e+03 -1.435292769205410e+03	0.000000000000000e+00 0.000000000000000e+00 0.000000000000000e+00	1.000000000000000e+00	24	0	28
29	-3.152332469775362e+02  1.581939737579582e+02 -5.831237718815206e+02	0.000000000000000e+00 0.000000000000000e+00 0.000000000000000e+00	1.000000000000000e+00	24	0	29
30	-7.598013150246394e+02  6.027620418050614e+02  3.059872818994086e+02	-7.535894110333174e-05  7.535969780292362e-05 -7.532804738730192e-05	1.000000000000000e+00	24	0	30
31	-1.191667002055275e+03 -2.609462752258230e+02 -1.258784051312253e+02	-1.444374502170831e-04  1.444117224309593e-04 -1.444385125068948e-04	1.000000000000000e+00	24	0	31
32	 5.124800247639046e+02  5.914136899266599e+02 -9.782383702837088e+02	-2.157531290625533e-03  2.157531290625533e-03 -2.157531290625533e-03	1.000000000000000e+00	24	0	32
33	 9.571844058309815e+02  1.467093088595829e+02 -1.867213111044668e+03	-5.660720053128898e-04  5.660720053128898e-04 -5.660720053128898e-04	1.000000000000000e+00	24	0	33
34	 1.388988153329019e+03  1.010479565423066e+03 -1.435409363546630e+03	-1.071579793157677e-03  1.071579793157677e-03 -1.071579793157677e-03	1.000000000000000e+00	24	0	34
35	-3.151599193992143e+02  1.581206461796363e+02 -5.830504443031987e+02	 7.676041762654980e-04 -7.676041762654980e-04  7.676041762654980e-04	1.000000000000000e+00	24	0	35
36	-3.279431745980736e+02  1.709039013784956e+02 -5.577285817355433e+02	-9.976560249924660e-05  9.953902190318331e-05 -9.931693057296798e-05	1.000000000000000e+00	24	0	36
38	 6.038875089151127e+02 -8.406011192828594e+02  1.002300939970427e+03	-1.917637855513021e-04  1.919148780871183e-04  1.917985646286979e-04	1.000000000000000e+00	0	0	38
40	 5.254474885094929e+02  5.784462261810719e+02 -1.003376024304636e+03	 6.160312332212925e-04 -6.160312332212925e-04  6.160312332212925e-04	1.000000000000000e+00	24	0	40
42	 1.169716038457366e+03 -4.988350256590218e+02  1.226287578679581e+03	 4.044392335345037e-05 -4.043609442305751e-05 -4.042589716846123e-05	1.000000000000000e+00	0	0	42
44	1.770735099223240e+03 1.021891740279066e+02 1.226290148205390e+03	 1.696575236564968e-05 -1.696575236564968e-05 -1.696448998700362e-05	1.000000000000000e+00	0	0	44
45	 1.370022581018720e+03 -9.811993916960279e+01  1.025981036118227e+03	-2.716227609198540e-04  2.716010494623333e-04  2.716227609198540e-04	1.000000000000000e+00	0	0	45
46	 8.671522337517321e+02 -7.089582606926183e+02  1.133943798560668e+03	-2.612132520880550e-04  2.612001262605190e-04  2.612001262605190e-04	1.000000000000000e+00	0	0	46
47	 2.897454024099765e+00 -1.441654324844648e+03  1.002269364746208e+03	 9.792081982595846e-05 -9.792081982595846e-05 -9.791884804144502e-05	1.000000000000000e+00	0	0	47
48	 2.032494522974203e+02 -1.040984691793730e+03  8.019173674595565e+02	 2.029820461757481e-04 -2.029618044616655e-04 -2.029618044616655e-04	1.000000000000000e+00	0	0	48
49	 4.035537597285404e+02 -1.241289001662229e+03  1.202634689156999e+03	-1.286262413486838e-04  1.286012557102367e-04  1.286262413486838e-04	1.000000000000000e+00	0	0	49
50	 9.064790274238248e+02 -6.305055943113525e+02  1.094617010027250e+03	 3.643435775302351e-04 -3.642598167061806e-04 -3.642598167061806e-04	1.000000000000000e+00	0	0	50
51	 1.570403529841726e+03 -2.985008865668924e+02  1.426621717771710e+03	 9.873051021713763e-05 -9.872580994851887e-05 -9.872580994851887e-05	1.000000000000000e+00	0	0	51
52	-3.809433075469610e+01 -2.424763259225678e+02  7.667319444956426e+02	9.878051787381992e-05 9.878254059003666e-05 9.878051787381992e-05	1.000000000000000e+00	12	0	52
53	 2.488451659603456e+02  5.813989210135702e+02 -3.440935604468103e+02	6.442381709348410e-05 6.442381709348410e-05 6.442448648158461e-05	1.000000000000000e+00	12	0	53
54	 5.311592116457754e+02 -7.955917010680247e+02  7.505523198217934e+02	-2.952529757749289e-05 -2.941539241874125e-05 -2.941539241874125e-05	1.000000000000000e+00	12	0	54
55	 1.387373579002549e+03 -5.248105125534921e+02 -3.764314933578999e+02	7.320720669667935e-06 7.320720669667935e-06 7.320977601921186e-06	1.000000000000000e+00	12	0	55
56	 1.674348063994131e+03  2.990997215149615e+02 -1.487222010088261e+03	2.942940336652100e-04 2.942710416391492e-04 2.942940336652100e-04	1.000000000000000e+00	12	0	56
57	 1.104911326532322e+03  8.520317714676664e+02 -1.471225711751388e+03	-1.268991152755916e-03 -1.271550543606281e-03 -1.271550543606281e-03	1.000000000000000e+00	12	0	57
58	-9.757466763745358e+02  1.709204029242111e+02  9.004192054951388e+01	-2.249255630886182e-04  2.249590033898130e-04 -2.249255630886182e-04	1.000000000000000e+00	24	0	58
59	-5.438733667592924e+02  3.868340935397141e+02 -1.258717726421870e+02	-8.338203042512760e-05  8.338203042512760e-05 -8.339654596056789e-05	1.000000000000000e+00	24	0	59
60	-7.598108690663703e+02 -4.501540764917751e+01 -3.418092727078719e+02	-1.603160781087354e-04  1.602888369234279e-04 -1.602888369234279e-04	1.000000000000000e+00	24	0	60
61	 9.222926445597778e+01  3.811978932783164e+02 -7.680225736353658e+02	-1.604256452992558e-03  1.602881238795817e-03 -1.602881238795817e-03	1.000000000000000e+00	24	0	61
62	 1.173168884524328e+03  5.785118368523040e+02 -1.651228632351322e+03	-6.554630817845464e-05  6.562771886819974e-05 -6.554630817845464e-05	1.000000000000000e+00	24	0	62
63	 7.412087698065141e+02  3.626849448840508e+02 -1.435401741759361e+03	-9.992390405386686e-04  9.992390405386686e-04 -9.991846745833755e-04	1.000000000000000e+00	24	0	63
64	 9.573198771842131e+02  7.943608925561675e+02 -1.219290690679732e+03	 6.720068631693721e-04 -6.710224552080035e-04  6.710224552080035e-04	1.000000000000000e+00	24	0	64
65	 1.052275560448441e+02  3.681996096310877e+02 -7.931294077546524e+02	 1.640686998143792e-03 -1.641907263547182e-03  1.641907263547182e-03	1.000000000000000e+00	24	0	65
66	1.670570122556162e+03 2.023541506949848e+02 1.025944309109326e+03	 6.757162191206589e-05 -6.757162191206589e-05 -6.758248491678387e-05	1.000000000000000e+00	0	0	66
67	1.470188734319885e+03 1.022247261499576e+02 9.258148828170622e+02	-3.101260226685554e-04  3.101695328950882e-04  3.101260226685554e-04	1.000000000000000e+00	0	0	67
68	 9.987920291394053e+02 -6.431442617548778e+02  1.199757797498408e+03	-2.238738234154880e-04  2.239037130493671e-04  2.239037130493671e-04	1.000000000000000e+00	0	0	68
69	-9.727322460868525e+01 -1.341483646211863e+03  8.019292282070110e+02	 9.355622751172632e-05 -9.355622751172632e-05 -9.355533256893978e-05	1.000000000000000e+00	0	0	69
70	 2.910438986051673e+00 -1.141156495406728e+03  7.017455638465585e+02	 2.170767402276397e-04 -2.170900988858193e-04 -2.170900988858193e-04	1.000000000000000e+00	0	0	70
71	 1.030643240171248e+02 -1.541821194837673e+03  1.202613310041072e+03	 6.730150926159695e-05 -6.730150926159695e-05 -6.729624874424189e-05	1.000000000000000e+00	0	0	71
72	 3.033893466008215e+02 -1.441635402713327e+03  1.302799102284718e+03	-7.504285167669877e-05  7.503536471631378e-05  7.504285167669877e-05	1.000000000000000e+00	0	0	72
73	 7.748529116066484e+02 -6.963332855531030e+02  1.028789318785500e+03	 4.544598923530430e-04 -4.546578566078097e-04 -4.546578566078097e-04	1.000000000000000e+00	0	0	73
74	1.870902527716645e+03 2.021745534501683e+00 1.426633534778091e+03	-9.999294888984878e-06  9.999294888984878e-06  9.999628673540428e-06	1.000000000000000e+00	0	0	74
75	 1.770741587618778e+03 -1.983281292363026e+02  1.526794475102300e+03	 7.596358045702800e-05 -7.595902570756152e-05 -7.595902570756152e-05	1.000000000000000e+00	0	0	75
76	-1.275830673217021e+02 -6.349718545372922e+01  6.772432079286365e+02	1.060538415913470e-04 1.060904178302735e-04 1.060538415913470e-04	1.000000000000000e+00	12	0	76
77	1.585084796488179e+01 3.484046030181063e+02 1.217946170610453e+02	-2.426536084385589e-04 -2.426536084385589e-04 -2.427529107080773e-04	1.000000000000000e+00	12	0	77
78	 5.139788069823580e+01 -4.214519879322668e+02  8.562241559485744e+02	1.247826003236696e-04 1.248166663572192e-04 1.247826003236696e-04	1.000000000000000e+00	12	0	78
79	 3.360245065634865e+02 -6.980098297307177e+02  8.481341911591005e+02	5.924135621171445e-05 5.916338704992086e-05 5.916338704992086e-05	1.000000000000000e+00	12	0	79
80	 7.263520620010665e+02 -8.931154412703155e+02  6.530285796195027e+02	4.185461730230600e-04 4.185803409200162e-04 4.185803409200162e-04	1.000000000000000e+00	12	0	80
81	 1.154409855236998e+03 -7.577742363190432e+02  8.948728365840660e+01	-1.950694604602177e-05 -1.950694604602177e-05 -1.950804835360032e-05	1.000000000000000e+00	12	0	81
82	 1.620342154966379e+03 -2.918419365896621e+02 -8.423454180060895e+02	7.847244705772027e-05 7.847244705772027e-05 7.847721280995756e-05	1.000000000000000e+00	12	0	82
83	 1.763824377005798e+03  1.201081590011075e+02 -1.397745697076594e+03	1.755264820531011e-04 1.754965633153915e-04 1.755264820531011e-04	1.000000000000000e+00	12	0	83
84	 1.584857056645981e+03  4.780765903560903e+02 -1.576713017436411e+03	2.771322906482965e-04 2.771282452158630e-04 2.771322906482965e-04	1.000000000000000e+00	12	0	84
85	 1.300297830474122e+03  7.547018578863267e+02 -1.568555625332728e+03	9.520421735942364e-04 9.525988134555519e-04 9.525988134555519e-04	1.000000000000000e+00	12	0	85
86	 4.818074161951965e+02  8.143611712484211e+02 -8.100138083121517e+02	7.136460772017017e-05 7.136460772017017e-05 7.141709647839889e-05	1.000000000000000e+00	12	0	86
87	 9.100730583646830e+02  9.499100907619454e+02 -1.373347392457109e+03	1.555964234285057e-03 1.553430221974850e-03 1.553430221974850e-03	1.000000000000000e+00	12	0	87
88	-8.677644201435844e+02  3.868316467905081e+02  1.980241767804653e+02	-6.141678022686392e-05  6.143318023532629e-05 -6.141678022686392e-05	1.000000000000000e+00	24	0	88
89	-6.518562825346748e+02  4.948170093150965e+02  9.003881350931616e+01	-2.547138137742877e-04  2.547138137742877e-04 -2.547115727793425e-04	1.000000000000000e+00	24	0	89
90	-1.083716746604703e+03 -4.500303055583441e+01 -1.792814968065315e+01	-2.763573429547250e-04  2.763405209407210e-04 -2.763573429547250e-04	1.000000000000000e+00	24	0	90
91	-9.757295632106405e+02 -1.529902132871477e+02 -2.338344670699018e+02	-6.562786438735202e-05  6.562361522810534e-05 -6.562361522810534e-05	1.000000000000000e+00	24	0	91
92	 3.023210978822138e+02  4.863393261692962e+02 -8.731640065263456e+02	-2.255582017824054e-03  2.254680497571826e-03 -2.254680497571826e-03	1.000000000000000e+00	24	0	92
93	 1.065171292428210e+03  3.626159306734697e+02 -1.759226224447440e+03	-3.611370630096644e-04  3.612731525208801e-04 -3.611370630096644e-04	1.000000000000000e+00	24	0	93
94	 8.491798518896838e+02  2.547138628008810e+02 -1.651324179188134e+03	-9.376101661473513e-04  9.376101661473513e-04 -9.378956747241318e-04	1.000000000000000e+00	24	0	94
95	 1.281049050619959e+03  7.945251207329673e+02 -1.543348466255691e+03	-8.875344065017998e-04  8.866209536790848e-04 -8.875344065017998e-04	1.000000000000000e+00	24	0	95
96	 1.173116282710737e+03  9.024579338871185e+02 -1.327387732010683e+03	-5.490456824190915e-04  5.490287439897656e-04 -5.490287439897656e-04	1.000000000000000e+00	24	0	96
97	-1.049802540473130e+02  2.631742006075640e+02 -6.881039987311287e+02	 1.061584916897118e-03 -1.062197727151215e-03  1.062197727151215e-03	1.000000000000000e+00	24	0	97
98	-4.358612156631232e+02  2.788219424435450e+02 -3.417531271688505e+02	 3.600911004468799e-04 -3.600911004468799e-04  3.599872288759798e-04	1.000000000000000e+00	24	0	98
99	-5.438952966016843e+02  6.296252412792636e+01 -4.497872044849758e+02	-2.844510308932513e-04  2.844819973688573e-04 -2.844819973688573e-04	1.000000000000000e+00	24	0	99
100	-1.178709936196770e+02  2.760649240589004e+02 -6.628896044159497e+02	-1.001923927105963e-03  1.000966643914580e-03 -1.000966643914580e-03	1.000000000000000e+00	24	0	100
101	 7.355244918456837e+02 -7.747843112802302e+02  1.068117747973056e+03	-1.856189774116501e-04  1.855974405771121e-04  1.855974405771121e-04	1.000000000000000e+00	0	0	101
102	 4.035740571720969e+02 -9.407984813626938e+02  9.021035778905923e+02	 5.748167313868180e-05 -5.745771341025829e-05 -5.745771341025829e-05	1.000000000000000e+00	0	0	102
103	 5.037063200359373e+02 -1.040930745219418e+03  1.102482128849602e+03	-2.924777218140662e-04  2.924832515418530e-04  2.924777218140662e-04	1.000000000000000e+00	0	0	103
104	 6.332594278412702e+02  4.706342868492946e+02 -1.219457533885018e+03	-8.679414168000221e-04  8.679414168000221e-04 -8.669617236591876e-04	1.000000000000000e+00	24	0	104
105	 7.413425907869871e+02  6.864446296376034e+02 -1.111374427761168e+03	 2.271359844598919e-04 -2.270401455461979e-04  2.270401455461979e-04	1.000000000000000e+00	24	0	105
106	 3.154350216471470e+02  4.732255167207254e+02 -8.981553148442900e+02	 2.184353070333600e-03 -2.182813826948404e-03  2.182813826948404e-03	1.000000000000000e+00	24	0	106
107	 1.269858995921388e+03 -2.984671707061417e+02  1.126144621215560e+03	-2.116044925060123e-04  2.115545939886943e-04  2.116044925060123e-04	1.000000000000000e+00	0	0	107
108	 1.038104393647584e+03 -5.646771675294183e+02  1.160445436809184e+03	 2.672647533472627e-04 -2.671633847057819e-04 -2.671633847057819e-04	1.000000000000000e+00	0	0	108
109	 1.370066746808817e+03 -3.986749193293770e+02  1.326447685009226e+03	 1.340879534836859e-04 -1.340959715889767e-04 -1.340959715889767e-04	1.000000000000000e+00	0	0	109
110	-1.006616872359919e+02  2.318920678172327e+02  3.547233381454401e+02	-5.406938144005835e-04 -5.406938144005835e-04 -5.406818818300962e-04	1.000000000000000e+00	12	0	110
111	 1.037923774342946e+03 -8.742603172130953e+02  3.224424537057016e+02	-7.252716022776440e-05 -7.252716022776440e-05 -7.251858187373728e-05	1.000000000000000e+00	12	0	111
112	 1.736827206797713e+03 -1.753568847583287e+02 -1.075301616669509e+03	1.212644565384835e-04 1.212644565384835e-04 1.212679198943079e-04	1.000000000000000e+00	12	0	112
113	 5.983601673231598e+02  9.309139223763842e+02 -1.042902273674664e+03	7.397876470349729e-04 7.397876470349729e-04 7.404731586575508e-04	1.000000000000000e+00	12	0	113
114	 1.323618088781902e+02  4.649155639314148e+02 -1.111356670917773e+02	3.994993676315062e-05 3.994993676315062e-05 3.995088627561927e-05	1.000000000000000e+00	12	0	114
115	 3.653228258192947e+02  6.978765808725193e+02 -5.770571510405800e+02	3.469085277174599e-05 3.469085277174599e-05 3.469113289611414e-05	1.000000000000000e+00	12	0	115
116	 1.270891820088972e+03 -6.412922714670692e+02 -1.434720018636477e+02	-5.131577381689567e-06 -5.131577381689567e-06 -5.131676971359411e-06	1.000000000000000e+00	12	0	116
117	 1.503856888034873e+03 -4.083272035211683e+02 -6.093894346677258e+02	3.376204404048622e-05 3.376204404048622e-05 3.376388121978380e-05	1.000000000000000e+00	12	0	117
0	-5.773502691896258e-01  5.773502691896258e-01  5.773502691896258e-01	-7.071067811865476e-01  3.124842898819631e-18 -7.071067811865476e-01	 1.198001808568474e+03 -5.294203851356715e-15  1.198001808568474e+03	1	0	0.000000000000000e+00	0.000000000000000e+00	0.000000000000000e+00
1	-5.773502691896258e-01  5.773502691896258e-01  5.773502691896258e-01	 0.000000000000000e+00  7.071067811865476e-01 -7.071067811865476e-01	 0.000000000000000e+00 -9.214510296266430e+02  9.214510296266430e+02	1	0	0.000000000000000e+00	0.000000000000000e+00	0.000000000000000e+00
2	-5.773502691896258e-01  5.773502691896258e-01  5.773502691896258e-01	 7.071067811865476e-01  7.071067811865476e-01 -3.124842898819631e-18	-7.193784354102739e+02 -7.193784354102739e+02  3.179073734356852e-15	1	0	0.000000000000000e+00	0.000000000000000e+00	0.000000000000000e+00
3	-5.773502691896258e-01  5.773502691896258e-01  5.773502691896258e-01	 7.071067811865476e-01 -3.124842898819631e-18  7.071067811865476e-01	 8.030942244427697e+02 -3.549030148066116e-15  8.030942244427697e+02	1	0	0.000000000000000e+00	0.000000000000000e+00	0.000000000000000e+00
4	-5.773502691896258e-01  5.773502691896258e-01  5.773502691896258e-01	 0.000000000000000e+00  7.071067811865476e-01 -7.071067811865476e-01	 0.000000000000000e+00 -8.625613021693013e+02  8.625613021693013e+02	1	0	0.000000000000000e+00	0.000000000000000e+00	0.000000000000000e+00
5	-5.773502691896258e-01  5.773502691896258e-01  5.773502691896258e-01	-7.071067811865476e-01 -7.071067811865476e-01  3.124842898819631e-18	 9.364621366255734e+02  9.364621366255734e+02 -4.138408986458117e-15	1	0	0.000000000000000e+00	0.000000000000000e+00	0.000000000000000e+00
6	 5.773502691896258e-01 -5.773502691896258e-01 -5.773502691896258e-01	0.000000000000000e+00 0.000000000000000e+00 0.000000000000000e+00	1.570392732195782e+03 3.025315410553647e+02 8.256108849411653e+02	1	1	0.000000000000000e+00	0.000000000000000e+00	0.000000000000000e+00
7	-5.773502691896258e-01 -5.773502691896258e-01 -5.773502691896258e-01	-7.071067811865476e-01  0.000000000000000e+00  7.071067811865476e-01	-4.024131376251693e+02  0.000000000000000e+00  4.024131376251693e+02	1	0	0.000000000000000e+00	0.000000000000000e+00	0.000000000000000e+00
8	-5.773502691896258e-01 -5.773502691896258e-01 -5.773502691896258e-01	 0.000000000000000e+00 -7.071067811865476e-01  7.071067811865476e-01	 0.000000000000000e+00 -7.730720104449091e+02  7.730720104449091e+02	1	0	0.000000000000000e+00	0.000000000000000e+00	0.000000000000000e+00
9	-5.773502691896258e-01 -5.773502691896258e-01 -5.773502691896258e-01	 7.071067811865476e-01 -7.071067811865476e-01  0.000000000000000e+00	 9.560920457780206e+02 -9.560920457780206e+02  0.000000000000000e+00	1	0	0.000000000000000e+00	0.000000000000000e+00	0.000000000000000e+00
10	-5.773502691896258e-01 -5.773502691896258e-01 -5.773502691896258e-01	 7.071067811865476e-01  0.000000000000000e+00 -7.071067811865476e-01	 1.580785037041196e+03  0.000000000000000e+00 -1.580785037041196e+03	1	0	0.000000000000000e+00	0.000000000000000e+00	0.000000000000000e+00
11	-5.773502691896258e-01 -5.773502691896258e-01 -5.773502691896258e-01	 0.000000000000000e+00  7.071067811865476e-01 -7.071067811865476e-01	 0.000000000000000e+00  1.161628741609527e+03 -1.161628741609527e+03	1	0	0.000000000000000e+00	0.000000000000000e+00	0.000000000000000e+00
12	-5.773502691896258e-01 -5.773502691896258e-01 -5.773502691896258e-01	-7.071067811865476e-01  7.071067811865476e-01  0.000000000000000e+00	-1.662768775266123e+02  1.662768775266123e+02  0.000000000000000e+00	1	0	0.000000000000000e+00	0.000000000000000e+00	0.000000000000000e+00
13	5.773502691896258e-01 5.773502691896258e-01 5.773502691896258e-01	0.000000000000000e+00 0.000000000000000e+00 0.000000000000000e+00	-2.170837012152994e+02  1.154700538379251e+02  5.877425740350395e+02	1	1	0.000000000000000e+00	0.000000000000000e+00	0.000000000000000e+00
14	-5.773502691896258e-01  5.773502691896258e-01 -5.773502691896258e-01	 7.071067811865476e-01  0.000000000000000e+00 -7.071067811865476e-01	-5.328942984620248e+02  0.000000000000000e+00  5.328942984620248e+02	1	0	0.000000000000000e+00	0.000000000000000e+00	0.000000000000000e+00
15	-5.773502691896258e-01  5.773502691896258e-01 -5.773502691896258e-01	-3.124842898819631e-18  7.071067811865476e-01  7.071067811865476e-01	 8.547268868455420e-16 -1.934123401785247e+02 -1.934123401785247e+02	1	0	0.000000000000000e+00	0.000000000000000e+00	0.000000000000000e+00
16	-5.773502691896258e-01  5.773502691896258e-01 -5.773502691896258e-01	 7.071067811865476e-01  7.071067811865476e-01 -3.124842898819631e-18	 5.519468573452824e+02  5.519468573452824e+02 -2.439160906938323e-15	1	0	0.000000000000000e+00	0.000000000000000e+00	0.000000000000000e+00
17	-5.773502691896258e-01  5.773502691896258e-01 -5.773502691896258e-01	-7.071067811865476e-01  0.000000000000000e+00  7.071067811865476e-01	 1.412198758437825e+03  0.000000000000000e+00 -1.412198758437825e+03	1	0	0.000000000000000e+00	0.000000000000000e+00	0.000000000000000e+00
18	-5.773502691896258e-01  5.773502691896258e-01 -5.773502691896258e-01	-3.124842898819631e-18  7.071067811865476e-01  7.071067811865476e-01	 9.389238637586849e-16 -2.124648990617823e+02 -2.124648990617823e+02	1	0	0.000000000000000e+00	0.000000000000000e+00	0.000000000000000e+00
19	-5.773502691896258e-01  5.773502691896258e-01 -5.773502691896258e-01	-7.071067811865476e-01 -7.071067811865476e-01  3.124842898819631e-18	-7.851963660978913e+01 -7.851963660978913e+01  3.469936018238618e-16	1	0	0.000000000000000e+00	0.000000000000000e+00	0.000000000000000e+00
20	 5.773502691896258e-01 -5.773502691896258e-01  5.773502691896258e-01	0.000000000000000e+00 0.000000000000000e+00 0.000000000000000e+00	-7.597929542535472e+02  6.027536810339691e+02  3.059956426705008e+02	1	1	0.000000000000000e+00	0.000000000000000e+00	0.000000000000000e+00
0	0	1	0
6	0	1	0
5	5	0	0
6	5	0	0
0	6	0	0
5	0	6	0
1	1	2	0
6	1	2	0
0	1	7	0
1	7	1	0
2	2	3	0
6	2	3	0
1	2	8	0
2	8	2	0
3	3	4	0
6	3	4	0
2	3	9	0
3	9	3	0
4	4	5	0
6	4	5	0
3	4	10	0
4	10	4	0
4	5	11	0
5	11	5	0
5	6	66	0
0	67	6	0
0	7	42	0
1	68	7	0
2	69	8	0
1	8	70	0
2	9	71	0
3	72	9	0
3	10	38	0
4	73	10	0
5	74	11	0
4	11	75	0
7	12	13	0
13	12	13	0
12	17	12	0
13	17	12	0
7	18	12	0
12	12	18	0
8	13	14	0
13	13	14	0
7	13	19	0
8	19	13	0
9	14	15	0
13	14	15	0
8	14	20	0
9	20	14	0
10	15	16	0
13	15	16	0
9	15	21	0
10	21	15	0
11	16	17	0
13	16	17	0
10	16	22	0
11	22	16	0
11	17	23	0
12	23	17	0
7	76	18	0
12	18	110	0
7	19	78	0
8	79	19	0
8	20	80	0
9	111	20	0
10	83	21	0
9	21	112	0
10	22	84	0
11	85	22	0
11	23	87	0
12	113	23	0
14	24	25	0
20	24	25	0
19	29	24	0
20	29	24	0
14	30	24	0
19	24	30	0
15	25	26	0
20	25	26	0
14	25	31	0
15	31	25	0
16	26	27	0
20	26	27	0
15	26	32	0
16	32	26	0
17	27	28	0
20	27	28	0
16	27	33	0
17	33	27	0
18	28	29	0
20	28	29	0
17	28	34	0
18	34	28	0
18	29	35	0
19	35	29	0
14	88	30	0
19	30	89	0
14	31	90	0
15	91	31	0
16	40	32	0
15	32	92	0
17	93	33	0
16	33	94	0
17	34	95	0
18	96	34	0
19	36	35	0
18	35	97	0
19	98	36	0
15	36	99	0
15	100	36	0
1	38	101	0
1	102	38	0
3	38	103	0
16	104	40	0
18	40	105	0
18	106	40	0
0	42	107	0
4	42	108	0
4	109	42	0
5	66	44	0
5	44	74	0
0	45	67	0
0	107	45	0
1	46	68	0
1	101	46	0
2	47	69	0
2	71	47	0
1	70	48	0
1	48	102	0
3	49	72	0
3	103	49	0
4	50	73	0
4	108	50	0
4	75	51	0
4	51	109	0
7	52	76	0
7	78	52	0
12	114	53	0
12	53	115	0
8	54	79	0
8	80	54	0
9	55	116	0
9	117	55	0
10	56	83	0
10	84	56	0
11	57	85	0
11	87	57	0
14	58	88	0
14	90	58	0
19	89	59	0
19	59	98	0
15	60	91	0
15	99	60	0
15	92	61	0
15	61	100	0
17	62	93	0
17	95	62	0
16	94	63	0
16	63	104	0
18	64	96	0
18	105	64	0
18	97	65	0
18	65	106	0
12	110	77	0
12	77	114	0
9	81	111	0
9	116	81	0
9	112	82	0
9	82	117	0
12	86	113	0
12	115	86	0
