114
21
172
0	1.570392732195782e+03 3.025315410553647e+02 8.256108849411653e+02	0.000000000000000e+00 0.000000000000000e+00 0.000000000000000e+00	1.000000000000000e+00	0	0	0
1	 1.130451827073287e+03 -5.773502691896260e+02  1.265551790063660e+03	0.000000000000000e+00 0.000000000000000e+00 0.000000000000000e+00	1.000000000000000e+00	0	0	1
2	-1.974537920628515e+02 -1.241303078757696e+03  6.015989804955898e+02	0.000000000000000e+00 0.000000000000000e+00 0.000000000000000e+00	1.000000000000000e+00	0	0	2
3	 2.032272947547480e+02 -1.641984165575296e+03  1.402961154130791e+03	0.000000000000000e+00 0.000000000000000e+00 0.000000000000000e+00	1.000000000000000e+00	0	0	3
4	 6.431681998772440e+02 -7.621023553303055e+02  9.630202490082953e+02	0.000000000000000e+00 0.000000000000000e+00 0.000000000000000e+00	1.000000000000000e+00	0	0	4
5	 1.971073819013383e+03 -9.814954576223676e+01  1.626973058576365e+03	0.000000000000000e+00 0.000000000000000e+00 0.000000000000000e+00	1.000000000000000e+00	0	0	5
6	1.569338761649346e+03 3.035855116018008e+02 8.266648554876014e+02	-1.284306781599298e-04  1.391285913996398e-04  1.223830040544271e-04	1.000000000000000e+00	0	0	6
7	 1.123531504671254e+03 -5.704299467875928e+02  1.272472112465693e+03	-1.666895307910939e-03  1.666895307910939e-03  1.666895307910939e-03	1.000000000000000e+00	0	0	7
8	-1.964718234735174e+02 -1.242285047347030e+03  6.006170119062557e+02	 1.067277044057846e-04 -1.082578819477931e-04 -1.082972958101891e-04	1.000000000000000e+00	0	0	8
9	 2.032587446267504e+02 -1.642015615447298e+03  1.402929704258788e+03	 1.164697096101008e-05 -1.244720533577492e-05 -1.076418720913352e-05	1.000000000000000e+00	0	0	9
10	 6.492581894665971e+02 -7.681923449196586e+02  9.569302594189422e+02	 1.584394602105021e-03 -1.584394602105021e-03 -1.584394602105021e-03	1.000000000000000e+00	0	0	10
11	 1.971361207418131e+03 -9.843693416698459e+01  1.626685670171617e+03	 4.326387352193706e-05 -4.240429916535504e-05 -4.208526297588833e-05	1.000000000000000e+00	0	0	11
12	-2.170837012152994e+02  1.154700538379251e+02  5.877425740350395e+02	0.000000000000000e+00 0.000000000000000e+00 0.000000000000000e+00	1.000000000000000e+00	12	0	12
13	 1.408734656822689e+02 -6.004442799572098e+02  9.456997409326077e+02	0.000000000000000e+00 0.000000000000000e+00 0.000000000000000e+00	1.000000000000000e+00	12	0	13
14	 9.214510296266424e+02 -9.907330619293978e+02  5.554109589604201e+02	0.000000000000000e+00 0.000000000000000e+00 0.000000000000000e+00	1.000000000000000e+00	12	0	14
15	 1.853294364098699e+03 -5.888972745734211e+01 -1.308275709983692e+03	0.000000000000000e+00 0.000000000000000e+00 0.000000000000000e+00	1.000000000000000e+00	12	0	15
16	 1.495337197201131e+03  6.570246063377944e+02 -1.666232876881260e+03	0.000000000000000e+00 0.000000000000000e+00 0.000000000000000e+00	1.000000000000000e+00	12	0	16
17	 7.147596332567570e+02  1.047313388309982e+03 -1.275944094909073e+03	0.000000000000000e+00 0.000000000000000e+00 0.000000000000000e+00	1.000000000000000e+00	12	0	17
18	-2.192308978790469e+02  1.133228571741776e+02  5.855953773712921e+02	-2.294383545328552e-04 -2.294383545328552e-04 -2.294383545328552e-04	1.000000000000000e+00	12	0	18
19	 1.439444300393063e+02 -5.973733156001725e+02  9.487707052896451e+02	3.235840413253754e-04 3.235840413253754e-04 3.235840413253754e-04	1.000000000000000e+00	12	0	19
20	 9.222629294290654e+02 -9.899211621269748e+02  5.562228587628431e+02	1.197227102238685e-04 1.119035950978287e-04 1.133344485424459e-04	1.000000000000000e+00	12	0	20
21	 1.854374704500273e+03 -5.780938705576811e+01 -1.307195369582118e+03	1.183645508717746e-04 1.180634571937844e-04 1.183683998533525e-04	1.000000000000000e+00	12	0	21
22	 1.498327110751721e+03  6.600145198883841e+02 -1.663242963330671e+03	3.363479530283560e-04 3.363479530283561e-04 3.363479530283560e-04	1.000000000000000e+00	12	0	22
23	 7.266558067241893e+02  1.059209561777414e+03 -1.264047921441641e+03	1.266605996837219e-03 1.266605996837219e-03 1.266605996837219e-03	1.000000000000000e+00	12	0	23
24	-7.597929542535480e+02  6.027536810339697e+02  3.059956426705016e+02	0.000000000000000e+00 0.000000000000000e+00 0.000000000000000e+00	1.000000000000000e+00	24	0	24
25	-1.191650955607388e+03 -2.609623216737101e+02 -1.258623586833382e+02	0.000000000000000e+00 0.000000000000000e+00 0.000000000000000e+00	1.000000000000000e+00	24	0	25
26	 5.126870390403867e+02  5.912066756501773e+02 -9.780313560072267e+02	0.000000000000000e+00 0.000000000000000e+00 0.000000000000000e+00	1.000000000000000e+00	24	0	26
27	 9.572467463163994e+02  1.466469683741651e+02 -1.867150770559250e+03	0.000000000000000e+00 0.000000000000000e+00 0.000000000000000e+00	1.000000000000000e+00	24	0	27
28	 1.389104747670240e+03  1.010362971081845e+03 -1.435292769205410e+03	0.000000000000000e+00 0.000000000000000e+00 0.000000000000000e+00	1.000000000000000e+00	24	0	28
29	-3.152332469775350e+02  1.581939737579566e+02 -5.831237718815215e+02	0.000000000000000e+00 0.000000000000000e+00 0.000000000000000e+00	1.000000000000000e+00	24	0	29
30	-7.604521539742697e+02  6.034128807546912e+02  3.053364429497801e+02	-7.381903560599312e-05  7.425816875183955e-05 -6.976699660299346e-05	1.000000000000000e+00	24	0	30
31	-1.192969813595020e+03 -2.596434636860776e+02 -1.271812166709707e+02	-1.521248341305181e-04  1.491821312811226e-04 -1.518195931566879e-04	1.000000000000000e+00	24	0	31
32	 5.011771571871556e+02  6.027165575034085e+02 -9.895412378604578e+02	-1.479335381494214e-04  1.479335381494214e-04 -1.479335381494214e-04	1.000000000000000e+00	24	0	32
33	 9.520200820087439e+02  1.518736326818206e+02 -1.872377434866905e+03	-6.047046820943555e-04  6.047046820943555e-04 -6.047046820943555e-04	1.000000000000000e+00	24	0	33
34	 1.379178394791123e+03  1.020289323960962e+03 -1.445219122084527e+03	-1.133459426152210e-03  1.133459426152210e-03 -1.133459426152210e-03	1.000000000000000e+00	24	0	34
35	-3.044130881673746e+02  1.473738149477961e+02 -5.723036130713612e+02	 1.426494078865895e-04 -1.426494078865895e-04  1.426494078865897e-04	1.000000000000000e+00	24	0	35
36	-3.296639493076794e+02  1.726246760881012e+02 -5.594493564451508e+02	 6.846062751719728e-05 -6.176830356707796e-05  2.545927709434181e-04	1.000000000000000e+00	24	0	36
38	 6.011908852719858e+02 -8.379044956397314e+02  1.004997563613553e+03	-4.928176155469070e-04  4.928176155469071e-04  4.928176155469070e-04	1.000000000000000e+00	0	0	38
40	 5.275269745561184e+02  5.763667401344463e+02 -1.001296538258011e+03	-1.228680339409038e-04  1.034987726598047e-04 -1.750735245877877e-04	1.000000000000000e+00	24	0	40
42	 1.171175601721304e+03 -5.002945889229593e+02  1.224828015415643e+03	 3.641045477706939e-04 -3.641045477706939e-04 -3.641045477706939e-04	1.000000000000000e+00	0	0	42
44	1.770914863377371e+03 1.020094098737759e+02 1.226111024261390e+03	 2.292625686095562e-05 -2.292625686095562e-05 -2.276688610436395e-05	1.000000000000000e+00	0	0	44
45	 1.367407169002758e+03 -9.551319992159921e+01  1.028596448134190e+03	-3.238756034988910e-04  3.218400815967470e-04  3.238756034988910e-04	1.000000000000000e+00	0	0	45
46	 8.557430473845828e+02 -6.975915593549350e+02  1.145310499898351e+03	-2.205202355980873e-03  2.191294450312853e-03  2.191294450312853e-03	1.000000000000000e+00	0	0	46
47	 3.765044519645256e+00 -1.442521915340193e+03  1.001402222857120e+03	 1.001537821139209e-04 -1.001537821139209e-04 -1.000798802124336e-04	1.000000000000000e+00	0	0	47
48	 2.048637767274677e+02 -1.042592809127387e+03  8.003092501258996e+02	 1.606550358701497e-04 -1.593874476384372e-04 -1.593874476384372e-04	1.000000000000000e+00	0	0	48
49	 4.024288939965884e+02 -1.240172900698834e+03  1.203759554888951e+03	-1.256832329090685e-04  1.237751712324098e-04  1.256832329090685e-04	1.000000000000000e+00	0	0	49
50	 9.188386267229134e+02 -6.426851634047177e+02  1.082437440933885e+03	 2.333878073841333e-03 -2.282584784552455e-03 -2.282584784552455e-03	1.000000000000000e+00	0	0	50
51	 1.571498318225768e+03 -2.995926549409332e+02  1.425529949397669e+03	 1.551545283291489e-04 -1.542386598885059e-04 -1.542386598885059e-04	1.000000000000000e+00	0	0	51
52	-3.711528926230428e+01 -2.414954843646796e+02  7.677109859880344e+02	1.220881240442395e-04 1.226153108291328e-04 1.220881240442395e-04	1.000000000000000e+00	12	0	52
53	 2.490006992604199e+02  5.815544543136444e+02 -3.439376639755754e+02	8.035690370888915e-06 8.035690370888915e-06 8.124449777824339e-06	1.000000000000000e+00	12	0	53
54	 5.312530616664591e+02 -7.954599360855663e+02  7.506840848042519e+02	3.769503018702380e-05 4.546609125100076e-05 4.546609125100076e-05	1.000000000000000e+00	12	0	54
55	 1.387478334640611e+03 -5.247057569154304e+02 -3.763265868206500e+02	1.420791704731528e-05 1.420791704731528e-05 1.424501806468470e-05	1.000000000000000e+00	12	0	55
56	 1.676716571260845e+03  3.014608572492502e+02 -1.484853502821547e+03	2.445616992190480e-04 2.429873566143215e-04 2.445616992190480e-04	1.000000000000000e+00	12	0	56
57	 1.096946057534730e+03  8.433577329931602e+02 -1.479899750225895e+03	-5.505628068931401e-04 -6.971530965529382e-04 -6.971530965529382e-04	1.000000000000000e+00	12	0	57
58	-9.775175949558504e+02  1.727018900283012e+02  8.827100196819923e+01	-1.793846167856827e-04  1.815735013224185e-04 -1.793846167856827e-04	1.000000000000000e+00	24	0	58
59	-5.444533973627504e+02  3.874141241431721e+02 -1.264536828302640e+02	-4.834353239857592e-05  4.834353239857592e-05 -4.836029256694019e-05	1.000000000000000e+00	24	0	59
60	-7.614786598234696e+02 -4.336393435440863e+01 -3.434607460026408e+02	-2.135847607860342e-04  2.095160452881828e-04 -2.095160452881828e-04	1.000000000000000e+00	24	0	60
61	 8.442982884971812e+01  3.889248078550384e+02 -7.757494882120877e+02	 3.753618148039095e-05 -3.730572279891931e-05  3.730572279891931e-05	1.000000000000000e+00	24	0	61
62	 1.170349087461489e+03  5.812239358228621e+02 -1.654048429414161e+03	-4.663151048589498e-04  4.370733804535121e-04 -4.663151048589498e-04	1.000000000000000e+00	24	0	62
63	 7.321543108299072e+02  3.717394038606576e+02 -1.444445859352219e+03	-1.058396883308887e-03  1.058396883308887e-03 -1.057106186635792e-03	1.000000000000000e+00	24	0	63
64	 9.625307976434547e+02  7.894507482796287e+02 -1.214380546403193e+03	 5.183158209547400e-04 -4.571715544443578e-04  4.571715544443578e-04	1.000000000000000e+00	24	0	64
65	 1.136096569453919e+02  3.597567893889437e+02 -7.846865875125084e+02	 4.053689917782322e-05 -4.011006967630237e-05  4.011006967630237e-05	1.000000000000000e+00	24	0	65
66	1.671248026993145e+03 2.016762462580018e+02 1.025259873628543e+03	 8.540700946468860e-05 -8.540700946468860e-05 -8.719447941984981e-05	1.000000000000000e+00	0	0	66
67	1.467201612999032e+03 1.052325288121644e+02 9.288020041379159e+02	-3.690093872137368e-04  3.742449625860900e-04  3.690093872137368e-04	1.000000000000000e+00	0	0	67
68	 9.885748034185613e+02 -6.326342020861662e+02  1.210267857167120e+03	-2.141149481758475e-03  2.254349878057837e-03  2.254349878057837e-03	1.000000000000000e+00	0	0	68
69	-9.648633762169285e+01 -1.342270533198855e+03  8.011425143184915e+02	 8.620959124527872e-05 -8.620959124527872e-05 -8.618769061286002e-05	1.000000000000000e+00	0	0	69
70	 4.703591268633687e+00 -1.142953693961476e+03  6.999483652918104e+02	 1.888153492473066e-04 -1.896184694487602e-04 -1.896184694487602e-04	1.000000000000000e+00	0	0	70
71	 1.037426807883949e+02 -1.542499551608943e+03  1.201937240942343e+03	 8.758647163631395e-05 -8.758647163631395e-05 -8.702422201167792e-05	1.000000000000000e+00	0	0	71
72	 3.027481971399739e+02 -1.440996984596444e+03  1.303440251745566e+03	-7.015025039436296e-05  6.953923002583906e-05  7.015025039436296e-05	1.000000000000000e+00	0	0	72
73	 7.867791316376670e+02 -7.087348493065352e+02  1.016387755032067e+03	 2.201941795647144e-03 -2.368943765759468e-03 -2.368943765759468e-03	1.000000000000000e+00	0	0	73
74	1.870802812767439e+03 2.121460483707582e+00 1.426733543529340e+03	-1.361946578981588e-05  1.361946578981588e-05  1.371162761643063e-05	1.000000000000000e+00	0	0	74
75	 1.771611427130510e+03 -1.991952617255808e+02  1.525927342613022e+03	 1.239026751136407e-04 -1.231447386089712e-04 -1.231447386089712e-04	1.000000000000000e+00	0	0	75
76	-1.267871597348892e+02 -6.268975748225090e+01  6.780391155154495e+02	7.875202572904527e-05 8.120539860101417e-05 7.875202572904527e-05	1.000000000000000e+00	12	0	76
77	1.367110586736187e+01 3.462248609205864e+02 1.195794351175942e+02	-2.493766078259796e-04 -2.493766078259796e-04 -2.571713412180543e-04	1.000000000000000e+00	12	0	77
78	 5.269772966104383e+01 -4.201389288267144e+02  8.575240049113825e+02	1.652421342441812e-04 1.682223664829507e-04 1.652421342441812e-04	1.000000000000000e+00	12	0	78
79	 3.369226430836845e+02 -6.971408809251934e+02  8.490031399646248e+02	1.488241396145895e-04 1.422793575329706e-04 1.422793575329706e-04	1.000000000000000e+00	12	0	79
80	 7.296623074672523e+02 -8.897977695227574e+02  6.563462513670607e+02	3.288210718892515e-04 3.297714574728161e-04 3.297714574728161e-04	1.000000000000000e+00	12	0	80
81	 1.154265765603298e+03 -7.579183259527431e+02  8.934291164560571e+01	-1.256488849321613e-05 -1.256488849321613e-05 -1.261108536709798e-05	1.000000000000000e+00	12	0	81
82	 1.621056656561773e+03 -2.911274349942685e+02 -8.416291809392593e+02	8.132223592838272e-05 8.132223592838272e-05 8.170404180418700e-05	1.000000000000000e+00	12	0	82
83	 1.765298567752828e+03  1.215731844142923e+02 -1.396271506329563e+03	1.574287016410381e-04 1.555594208184630e-04 1.574287016410381e-04	1.000000000000000e+00	12	0	83
84	 1.587231438790287e+03  4.804474877559922e+02 -1.574338635292105e+03	2.621951571200043e-04 2.612104290165007e-04 2.621951571200043e-04	1.000000000000000e+00	12	0	84
85	 1.304621522415017e+03  7.587287873459488e+02 -1.564528695873106e+03	3.614975139498711e-04 2.869248564820737e-04 2.869248564820737e-04	1.000000000000000e+00	12	0	85
86	 4.825089551303474e+02  8.150627101835720e+02 -8.092833025299358e+02	1.017570830299519e-04 1.017570830299519e-04 1.088611898012459e-04	1.000000000000000e+00	12	0	86
87	 9.229610358083185e+02  9.620328039295150e+02 -1.361224679289540e+03	1.381512265652418e-03 1.226128893904388e-03 1.226128893904388e-03	1.000000000000000e+00	12	0	87
88	-8.681539555082065e+02  3.872267387093145e+02  1.976346414158432e+02	-2.949128065665718e-05  3.071104947593994e-05 -2.949128065665718e-05	1.000000000000000e+00	24	0	88
89	-6.539930779466672e+02  4.969538047270889e+02  8.790323250790962e+01	-2.306285750819370e-04  2.306285750819370e-04 -2.303004730492830e-04	1.000000000000000e+00	24	0	89
90	-1.086010354905120e+03 -4.271442405558134e+01 -2.022175798106993e+01	-2.444381825625896e-04  2.434415946481749e-04 -2.444381825625896e-04	1.000000000000000e+00	24	0	90
91	-9.764666619796634e+02 -1.522556819196663e+02 -2.345689984373831e+02	-1.014704102999531e-04  1.007856044452637e-04 -1.007856044452637e-04	1.000000000000000e+00	24	0	91
92	 2.927844123617509e+02  4.958409671185053e+02 -8.826656474755547e+02	-6.692327588098124e-05  6.533419218612835e-05 -6.533419218612835e-05	1.000000000000000e+00	24	0	92
93	 1.061980185253450e+03  3.658395413497126e+02 -1.762417331622201e+03	-3.669142315629870e-04  3.729750460479409e-04 -3.669142315629870e-04	1.000000000000000e+00	24	0	93
94	 8.407222427802197e+02  2.631714719103451e+02 -1.659894696148305e+03	-9.819387923926115e-04  9.819387923926115e-04 -1.008213264867663e-03	1.000000000000000e+00	24	0	94
95	 1.269975158358825e+03  8.052322179321307e+02 -1.554422358516825e+03	-1.028931699693203e-03  9.809423936530948e-04 -1.028931699693203e-03	1.000000000000000e+00	24	0	95
96	 1.168133540714382e+03  9.073939663629640e+02 -1.332323764486528e+03	-5.833184695802629e-04  5.690591060556471e-04 -5.690591060556471e-04	1.000000000000000e+00	24	0	96
97	-9.596061532115996e+01  2.540971552482645e+02 -6.790269533718292e+02	 9.018797572935000e-05 -8.665356290293857e-05  8.665356290293857e-05	1.000000000000000e+00	24	0	97
98	-4.326481572474393e+02  2.756088840278611e+02 -3.386496763676269e+02	 3.708128351718187e-04 -3.708128351718187e-04  3.526142099872231e-04	1.000000000000000e+00	24	0	98
99	-5.472495371702137e+02  6.629811700152499e+01 -4.531227973585744e+02	-4.049334675073624e-04  4.082658851984888e-04 -4.082658851984888e-04	1.000000000000000e+00	24	0	99
100	-1.258779476913897e+02  2.837145923737249e+02 -6.705392727307743e+02	 8.292264828924090e-05 -9.467871132073924e-05  9.467871132073924e-05	1.000000000000000e+00	24	0	100
101	 7.253624644209584e+02 -7.650995275032703e+02  1.077802531750016e+03	-2.298134611919522e-03  2.080790000036359e-03  2.080790000036359e-03	1.000000000000000e+00	0	0	101
102	 4.039378381579052e+02 -9.411549264108476e+02  9.017471328424385e+02	 2.488043264747830e-06 -1.572395717630570e-06 -1.572395717630570e-06	1.000000000000000e+00	0	0	102
103	 5.012277538066814e+02 -1.038456277507459e+03  1.104960695078858e+03	-2.691778936423361e-04  2.668867819011211e-04  2.691778936423361e-04	1.000000000000000e+00	0	0	103
104	 6.248074948697298e+02  4.790862198208350e+02 -1.227480849307430e+03	-1.052061794325709e-03  1.052061794325709e-03 -9.646032704040408e-04	1.000000000000000e+00	24	0	104
105	 7.449098040353613e+02  6.828947340701477e+02 -1.107824532193712e+03	 4.923687665723264e-04 -5.024207057431340e-04  5.024207057431340e-04	1.000000000000000e+00	24	0	105
106	 3.240890532913879e+02  4.648932484105597e+02 -8.898230465341244e+02	-6.195769674377516e-05  7.597488001920283e-05 -7.597488001920283e-05	1.000000000000000e+00	24	0	106
107	 1.267688457735161e+03 -2.963275207635225e+02  1.128315159401786e+03	-2.842833055183291e-04  2.749789273366332e-04  2.842833055183291e-04	1.000000000000000e+00	0	0	107
108	 1.048823636224676e+03 -5.747350472723226e+02  1.150387557066280e+03	 2.410842804238200e-03 -2.128912368789315e-03 -2.128912368789315e-03	1.000000000000000e+00	0	0	108
109	 1.371690158214299e+03 -4.003000740656980e+02  1.324822530272904e+03	 2.576057449914515e-04 -2.573286474216729e-04 -2.573286474216729e-04	1.000000000000000e+00	0	0	109
110	-1.052464807909601e+02  2.273072742622645e+02  3.501451551827171e+02	-5.008878652006388e-04 -5.008878652006388e-04 -4.992387257516384e-04	1.000000000000000e+00	12	0	110
111	 1.037428702670773e+03 -8.747553888852678e+02  3.219501520961526e+02	-3.667649798444472e-05 -3.667649798444472e-05 -3.614208617364056e-05	1.000000000000000e+00	12	0	111
112	 1.737889886225527e+03 -1.742942053305146e+02 -1.074237767810549e+03	1.182534906547517e-04 1.182534906547517e-04 1.185050132335164e-04	1.000000000000000e+00	12	0	112
113	 6.046828128344632e+02  9.372365678876879e+02 -1.036346208273601e+03	6.899689324200153e-04 6.899689324200153e-04 7.400519680231810e-04	1.000000000000000e+00	12	0	113
114	 1.324743756535655e+02  4.650281307067901e+02 -1.110251328667247e+02	-3.638830776253599e-06 -3.638830776253599e-06 -4.241700935381232e-06	1.000000000000000e+00	12	0	114
115	 3.649600540028756e+02  6.975138090561002e+02 -5.774207744016483e+02	-4.015426020487212e-05 -4.015426020487212e-05 -4.035621896036901e-05	1.000000000000000e+00	12	0	115
116	 1.270877056233258e+03 -6.413070353227829e+02 -1.434867738109386e+02	4.840865130972816e-07 4.840865130972816e-07 4.846801857638638e-07	1.000000000000000e+00	12	0	116
117	 1.504195564607629e+03 -4.079885269484125e+02 -6.090500028499151e+02	4.049472408951260e-05 4.049472408951260e-05 4.066698602400720e-05	1.000000000000000e+00	12	0	117
0	-5.773502691896258e-01  5.773502691896258e-01  5.773502691896258e-01	-7.071067811865476e-01  3.124842898819631e-18 -7.071067811865476e-01	 1.198001808568474e+03 -5.294203851356715e-15  1.198001808568474e+03	1	0	0.000000000000000e+00	0.000000000000000e+00	0.000000000000000e+00
1	-5.773502691896258e-01  5.773502691896258e-01  5.773502691896258e-01	 0.000000000000000e+00  7.071067811865476e-01 -7.071067811865476e-01	 0.000000000000000e+00 -9.214510296266430e+02  9.214510296266430e+02	1	0	0.000000000000000e+00	0.000000000000000e+00	0.000000000000000e+00
2	-5.773502691896258e-01  5.773502691896258e-01  5.773502691896258e-01	 7.071067811865476e-01  7.071067811865476e-01 -3.124842898819631e-18	-7.193784354102739e+02 -7.193784354102739e+02  3.179073734356852e-15	1	0	0.000000000000000e+00	0.000000000000000e+00	0.000000000000000e+00
3	-5.773502691896258e-01  5.773502691896258e-01  5.773502691896258e-01	 7.071067811865476e-01 -3.124842898819631e-18  7.071067811865476e-01	 8.030942244427697e+02 -3.549030148066116e-15  8.030942244427697e+02	1	0	0.000000000000000e+00	0.000000000000000e+00	0.000000000000000e+00
4	-5.773502691896258e-01  5.773502691896258e-01  5.773502691896258e-01	 0.000000000000000e+00  7.071067811865476e-01 -7.071067811865476e-01	 0.000000000000000e+00 -8.625613021693013e+02  8.625613021693013e+02	1	0	0.000000000000000e+00	0.000000000000000e+00	0.000000000000000e+00
5	-5.773502691896258e-01  5.773502691896258e-01  5.773502691896258e-01	-7.071067811865476e-01 -7.071067811865476e-01  3.124842898819631e-18	 9.364621366255734e+02  9.364621366255734e+02 -4.138408986458117e-15	1	0	0.000000000000000e+00	0.000000000000000e+00	0.000000000000000e+00
6	 5.773502691896258e-01 -5.773502691896258e-01 -5.773502691896258e-01	0.000000000000000e+00 0.000000000000000e+00 0.000000000000000e+00	1.570392732195782e+03 3.025315410553647e+02 8.256108849411653e+02	1	1	0.000000000000000e+00	0.000000000000000e+00	0.000000000000000e+00
7	-5.773502691896258e-01 -5.773502691896258e-01 -5.773502691896258e-01	-7.071067811865476e-01  0.000000000000000e+00  7.071067811865476e-01	-4.024131376251693e+02  0.000000000000000e+00  4.024131376251693e+02	1	0	0.000000000000000e+00	0.000000000000000e+00	0.000000000000000e+00
8	-5.773502691896258e-01 -5.773502691896258e-01 -5.773502691896258e-01	 0.000000000000000e+00 -7.071067811865476e-01  7.071067811865476e-01	 0.000000000000000e+00 -7.730720104449091e+02  7.730720104449091e+02	1	0	0.000000000000000e+00	0.000000000000000e+00	0.000000000000000e+00
9	-5.773502691896258e-01 -5.773502691896258e-01 -5.773502691896258e-01	 7.071067811865476e-01 -7.071067811865476e-01  0.000000000000000e+00	 9.560920457780206e+02 -9.560920457780206e+02  0.000000000000000e+00	1	0	0.000000000000000e+00	0.000000000000000e+00	0.000000000000000e+00
10	-5.773502691896258e-01 -5.773502691896258e-01 -5.773502691896258e-01	 7.071067811865476e-01  0.000000000000000e+00 -7.071067811865476e-01	 1.580785037041196e+03  0.000000000000000e+00 -1.580785037041196e+03	1	0	0.000000000000000e+00	0.000000000000000e+00	0.000000000000000e+00
11	-5.773502691896258e-01 -5.773502691896258e-01 -5.773502691896258e-01	 0.000000000000000e+00  7.071067811865476e-01 -7.071067811865476e-01	 0.000000000000000e+00  1.161628741609527e+03 -1.161628741609527e+03	1	0	0.000000000000000e+00	0.000000000000000e+00	0.000000000000000e+00
12	-5.773502691896258e-01 -5.773502691896258e-01 -5.773502691896258e-01	-7.071067811865476e-01  7.071067811865476e-01  0.000000000000000e+00	-1.662768775266123e+02  1.662768775266123e+02  0.000000000000000e+00	1	0	0.000000000000000e+00	0.000000000000000e+00	0.000000000000000e+00
13	5.773502691896258e-01 5.773502691896258e-01 5.773502691896258e-01	0.000000000000000e+00 0.000000000000000e+00 0.000000000000000e+00	-2.170837012152994e+02  1.154700538379251e+02  5.877425740350395e+02	1	1	0.000000000000000e+00	0.000000000000000e+00	0.000000000000000e+00
14	-5.773502691896258e-01  5.773502691896258e-01 -5.773502691896258e-01	 7.071067811865476e-01  0.000000000000000e+00 -7.071067811865476e-01	-5.328942984620248e+02  0.000000000000000e+00  5.328942984620248e+02	1	0	0.000000000000000e+00	0.000000000000000e+00	0.000000000000000e+00
15	-5.773502691896258e-01  5.773502691896258e-01 -5.773502691896258e-01	-3.124842898819631e-18  7.071067811865476e-01  7.071067811865476e-01	 8.547268868455420e-16 -1.934123401785247e+02 -1.934123401785247e+02	1	0	0.000000000000000e+00	0.000000000000000e+00	0.000000000000000e+00
16	-5.773502691896258e-01  5.773502691896258e-01 -5.773502691896258e-01	 7.071067811865476e-01  7.071067811865476e-01 -3.124842898819631e-18	 5.519468573452824e+02  5.519468573452824e+02 -2.439160906938323e-15	1	0	0.000000000000000e+00	0.000000000000000e+00	0.000000000000000e+00
17	-5.773502691896258e-01  5.773502691896258e-01 -5.773502691896258e-01	-7.071067811865476e-01  0.000000000000000e+00  7.071067811865476e-01	 1.412198758437825e+03  0.000000000000000e+00 -1.412198758437825e+03	1	0	0.000000000000000e+00	0.000000000000000e+00	0.000000000000000e+00
18	-5.773502691896258e-01  5.773502691896258e-01 -5.773502691896258e-01	-3.124842898819631e-18  7.071067811865476e-01  7.071067811865476e-01	 9.389238637586849e-16 -2.124648990617823e+02 -2.124648990617823e+02	1	0	0.000000000000000e+00	0.000000000000000e+00	0.000000000000000e+00
19	-5.773502691896258e-01  5.773502691896258e-01 -5.773502691896258e-01	-7.071067811865476e-01 -7.071067811865476e-01  3.124842898819631e-18	-7.851963660978913e+01 -7.851963660978913e+01  3.469936018238618e-16	1	0	0.000000000000000e+00	0.000000000000000e+00	0.000000000000000e+00
20	 5.773502691896258e-01 -5.773502691896258e-01  5.773502691896258e-01	0.000000000000000e+00 0.000000000000000e+00 0.000000000000000e+00	-7.597929542535480e+02  6.027536810339697e+02  3.059956426705016e+02	1	1	0.000000000000000e+00	0.000000000000000e+00	0.000000000000000e+00
0	0	1	0
6	0	1	0
5	5	0	0
6	5	0	0
0	6	0	0
5	0	6	0
1	1	2	0
6	1	2	0
0	1	7	0
1	7	1	0
2	2	3	0
6	2	3	0
1	2	8	0
2	8	2	0
3	3	4	0
6	3	4	0
2	3	9	0
3	9	3	0
4	4	5	0
6	4	5	0
3	4	10	0
4	10	4	0
4	5	11	0
5	11	5	0
5	6	66	0
0	67	6	0
0	7	42	0
1	68	7	0
2	69	8	0
1	8	70	0
2	9	71	0
3	72	9	0
3	10	38	0
4	73	10	0
5	74	11	0
4	11	75	0
7	12	13	0
13	12	13	0
12	17	12	0
13	17	12	0
7	18	12	0
12	12	18	0
8	13	14	0
13	13	14	0
7	13	19	0
8	19	13	0
9	14	15	0
13	14	15	0
8	14	20	0
9	20	14	0
10	15	16	0
13	15	16	0
9	15	21	0
10	21	15	0
11	16	17	0
13	16	17	0
10	16	22	0
11	22	16	0
11	17	23	0
12	23	17	0
7	76	18	0
12	18	110	0
7	19	78	0
8	79	19	0
8	20	80	0
9	111	20	0
10	83	21	0
9	21	112	0
10	22	84	0
11	85	22	0
11	23	87	0
12	113	23	0
14	24	25	0
20	24	25	0
19	29	24	0
20	29	24	0
14	30	24	0
19	24	30	0
15	25	26	0
20	25	26	0
14	25	31	0
15	31	25	0
16	26	27	0
20	26	27	0
15	26	32	0
16	32	26	0
17	27	28	0
20	27	28	0
16	27	33	0
17	33	27	0
18	28	29	0
20	28	29	0
17	28	34	0
18	34	28	0
18	29	35	0
19	35	29	0
14	88	30	0
19	30	89	0
14	31	90	0
15	91	31	0
16	40	32	0
15	32	92	0
17	93	33	0
16	33	94	0
17	34	95	0
18	96	34	0
19	36	35	0
18	35	97	0
19	98	36	0
15	36	99	0
15	100	36	0
1	38	101	0
1	102	38	0
3	38	103	0
16	104	40	0
18	40	105	0
18	106	40	0
0	42	107	0
4	42	108	0
4	109	42	0
5	66	44	0
5	44	74	0
0	45	67	0
0	107	45	0
1	46	68	0
1	101	46	0
2	47	69	0
2	71	47	0
1	70	48	0
1	48	102	0
3	49	72	0
3	103	49	0
4	50	73	0
4	108	50	0
4	75	51	0
4	51	109	0
7	52	76	0
7	78	52	0
12	114	53	0
12	53	115	0
8	54	79	0
8	80	54	0
9	55	116	0
9	117	55	0
10	56	83	0
10	84	56	0
11	57	85	0
11	87	57	0
14	58	88	0
14	90	58	0
19	89	59	0
19	59	98	0
15	60	91	0
15	99	60	0
15	92	61	0
15	61	100	0
17	62	93	0
17	95	62	0
16	94	63	0
16	63	104	0
18	64	96	0
18	105	64	0
18	97	65	0
18	65	106	0
12	110	77	0
12	77	114	0
9	81	111	0
9	116	81	0
9	112	82	0
9	82	117	0
12	86	113	0
12	115	86	0
