114
21
172
0	1.570392732195782e+03 3.025315410553647e+02 8.256108849411653e+02	0.000000000000000e+00 0.000000000000000e+00 0.000000000000000e+00	1.000000000000000e+00	0	0	0
1	 1.130451827073287e+03 -5.773502691896260e+02  1.265551790063660e+03	0.000000000000000e+00 0.000000000000000e+00 0.000000000000000e+00	1.000000000000000e+00	0	0	1
2	-1.974537920628515e+02 -1.241303078757696e+03  6.015989804955898e+02	0.000000000000000e+00 0.000000000000000e+00 0.000000000000000e+00	1.000000000000000e+00	0	0	2
3	 2.032272947547480e+02 -1.641984165575296e+03  1.402961154130791e+03	0.000000000000000e+00 0.000000000000000e+00 0.000000000000000e+00	1.000000000000000e+00	0	0	3
4	 6.431681998772440e+02 -7.621023553303055e+02  9.630202490082953e+02	0.000000000000000e+00 0.000000000000000e+00 0.000000000000000e+00	1.000000000000000e+00	0	0	4
5	 1.971073819013383e+03 -9.814954576223676e+01  1.626973058576365e+03	0.000000000000000e+00 0.000000000000000e+00 0.000000000000000e+00	1.000000000000000e+00	0	0	5
6	1.569425221719961e+03 3.034990515311850e+02 8.265783954169857e+02	-1.267182378796861e-04  1.361137838102877e-04  1.215066149597988e-04	1.000000000000000e+00	0	0	6
7	 1.124624656047891e+03 -5.715230981642305e+02  1.271378961089056e+03	-1.586565204585592e-03  1.586565204585592e-03  1.586565204585592e-03	1.000000000000000e+00	0	0	7
8	-1.965441737789606e+02 -1.242212697041587e+03  6.006893622116988e+02	 1.072632730938494e-04 -1.086628399207257e-04 -1.086915945052169e-04	1.000000000000000e+00	0	0	8
9	 2.032513891176732e+02 -1.642008259938221e+03  1.402937059767866e+03	 1.036164485412883e-05 -1.105979208659846e-05 -9.595527444616891e-06	1.000000000000000e+00	0	0	9
10	 6.482198283649603e+02 -7.671539838180219e+02  9.579686205205790e+02	 1.505667576566339e-03 -1.505667576566339e-03 -1.505667576566339e-03	1.000000000000000e+00	0	0	10
11	 1.971333211444442e+03 -9.840893819329571e+01  1.626713666145306e+03	 4.156805880484171e-05 -4.083304884261452e-05 -4.056667603435926e-05	1.000000000000000e+00	0	0	11
12	-2.170837012152994e+02  1.154700538379251e+02  5.877425740350395e+02	0.000000000000000e+00 0.000000000000000e+00 0.000000000000000e+00	1.000000000000000e+00	12	0	12
13	 1.408734656822689e+02 -6.004442799572098e+02  9.456997409326077e+02	0.000000000000000e+00 0.000000000000000e+00 0.000000000000000e+00	1.000000000000000e+00	12	0	13
14	 9.214510296266424e+02 -9.907330619293978e+02  5.554109589604201e+02	0.000000000000000e+00 0.000000000000000e+00 0.000000000000000e+00	1.000000000000000e+00	12	0	14
15	 1.853294364098699e+03 -5.888972745734211e+01 -1.308275709983692e+03	0.000000000000000e+00 0.000000000000000e+00 0.000000000000000e+00	1.000000000000000e+00	12	0	15
16	 1.495337197201131e+03  6.570246063377944e+02 -1.666232876881260e+03	0.000000000000000e+00 0.000000000000000e+00 0.000000000000000e+00	1.000000000000000e+00	12	0	16
17	 7.147596332567570e+02  1.047313388309982e+03 -1.275944094909073e+03	0.000000000000000e+00 0.000000000000000e+00 0.000000000000000e+00	1.000000000000000e+00	12	0	17
18	-2.190766607690605e+02  1.134770942841640e+02  5.857496144812784e+02	-2.309723689298456e-04 -2.309723689298456e-04 -2.309723689298456e-04	1.000000000000000e+00	12	0	18
19	 1.437268407228979e+02 -5.975909049165809e+02  9.485531159732367e+02	3.259626779860506e-04 3.259626779860507e-04 3.259626779860507e-04	1.000000000000000e+00	12	0	19
20	 9.221870935042804e+02 -9.899969980517598e+02  5.561470228380581e+02	1.157816295744851e-04 1.085041803889908e-04 1.098431894206442e-04	1.000000000000000e+00	12	0	20
21	 1.854295297029229e+03 -5.788879452681262e+01 -1.307274777053163e+03	1.188624373753555e-04 1.185773508041166e-04 1.188662936328910e-04	1.000000000000000e+00	12	0	21
22	 1.498101406409585e+03  6.597888155462475e+02 -1.663468667672807e+03	3.373543537842731e-04 3.373543537842731e-04 3.373543537842731e-04	1.000000000000000e+00	12	0	22
23	 7.258038405235752e+02  1.058357595576800e+03 -1.264899887642255e+03	1.276566181331873e-03 1.276566181331873e-03 1.276566181331873e-03	1.000000000000000e+00	12	0	23
24	-7.597929542535480e+02  6.027536810339697e+02  3.059956426705016e+02	0.000000000000000e+00 0.000000000000000e+00 0.000000000000000e+00	1.000000000000000e+00	24	0	24
25	-1.191650955607388e+03 -2.609623216737101e+02 -1.258623586833382e+02	0.000000000000000e+00 0.000000000000000e+00 0.000000000000000e+00	1.000000000000000e+00	24	0	25
26	 5.126870390403867e+02  5.912066756501773e+02 -9.780313560072267e+02	0.000000000000000e+00 0.000000000000000e+00 0.000000000000000e+00	1.000000000000000e+00	24	0	26
27	 9.572467463163994e+02  1.466469683741651e+02 -1.867150770559250e+03	0.000000000000000e+00 0.000000000000000e+00 0.000000000000000e+00	1.000000000000000e+00	24	0	27
28	 1.389104747670240e+03  1.010362971081845e+03 -1.435292769205410e+03	0.000000000000000e+00 0.000000000000000e+00 0.000000000000000e+00	1.000000000000000e+00	24	0	28
29	-3.152332469775350e+02  1.581939737579566e+02 -5.831237718815215e+02	0.000000000000000e+00 0.000000000000000e+00 0.000000000000000e+00	1.000000000000000e+00	24	0	29
30	-7.604034042233067e+02  6.033641310037283e+02  3.053851927007429e+02	-7.399365858873352e-05  7.436532177962363e-05 -7.034432201180607e-05	1.000000000000000e+00	24	0	30
31	-1.192868771188899e+03 -2.597445060921988e+02 -1.270801742648495e+02	-1.515640469733626e-04  1.488686830271035e-04 -1.512976596131921e-04	1.000000000000000e+00	24	0	31
32	 5.012764864239880e+02  6.026172282665759e+02 -9.894419086236254e+02	-1.486810894372563e-04  1.486810894372562e-04 -1.486810894372563e-04	1.000000000000000e+00	24	0	32
33	 9.524243088528141e+02  1.514694058377504e+02 -1.871973208022835e+03	-6.019455807593962e-04  6.019455807593962e-04 -6.019455807593962e-04	1.000000000000000e+00	24	0	33
34	 1.379937835863595e+03  1.019529882888490e+03 -1.444459681012055e+03	-1.133436492333810e-03  1.133436492333810e-03 -1.133436492333810e-03	1.000000000000000e+00	24	0	34
35	-3.045099652751306e+02  1.474706920555522e+02 -5.724004901791171e+02	 1.467136899009347e-04 -1.467136899009347e-04  1.467136899009348e-04	1.000000000000000e+00	24	0	35
36	-3.297503771671788e+02  1.727111039476006e+02 -5.595357843046502e+02	 6.691650196444243e-05 -6.386682798620313e-05  2.581960579846054e-04	1.000000000000000e+00	24	0	36
38	 6.015137083175877e+02 -8.382273186853332e+02  1.004674740567952e+03	-4.692049503015975e-04  4.692049503015975e-04  4.692049503015975e-04	1.000000000000000e+00	0	0	38
40	 5.276163221690809e+02  5.762773925214838e+02 -1.001207190645048e+03	-1.148618321167305e-04  1.016369351418689e-04 -1.820695324568078e-04	1.000000000000000e+00	24	0	40
42	 1.170940115724183e+03 -5.000591029258384e+02  1.225063501412764e+03	 3.373544556476797e-04 -3.373544556476797e-04 -3.373544556476797e-04	1.000000000000000e+00	0	0	42
44	1.770899592511279e+03 1.020246807398676e+02 1.226126193388428e+03	 2.265800867462531e-05 -2.265800867462531e-05 -2.251357727800496e-05	1.000000000000000e+00	0	0	44
45	 1.367622705157332e+03 -9.572742995973755e+01  1.028380911979616e+03	-3.195321478415281e-04  3.176680766046047e-04  3.195321478415281e-04	1.000000000000000e+00	0	0	45
46	 8.572459837035652e+02 -6.990853907279877e+02  1.143816668525298e+03	-2.266521565616131e-03  2.253398299217224e-03  2.253398299217224e-03	1.000000000000000e+00	0	0	46
47	 3.698083412706465e+00 -1.442454954233254e+03  1.001469134405620e+03	 9.973358828574419e-05 -9.973358828574419e-05 -9.965970821212977e-05	1.000000000000000e+00	0	0	47
48	 2.047548208508570e+02 -1.042484679473627e+03  8.004173797796591e+02	 1.645690208533779e-04 -1.633708452573046e-04 -1.633708452573046e-04	1.000000000000000e+00	0	0	48
49	 4.025132454265806e+02 -1.240256017208015e+03  1.203675203458959e+03	-1.261069701286033e-04  1.243289298145100e-04  1.261069701286033e-04	1.000000000000000e+00	0	0	49
50	 9.172500840531347e+02 -6.411308214654398e+02  1.083991782873163e+03	 2.392895752564073e-03 -2.342614810913801e-03 -2.342614810913801e-03	1.000000000000000e+00	0	0	50
51	 1.571396209815819e+03 -2.994911144837233e+02  1.425631489854879e+03	 1.496794720878825e-04 -1.488970156060532e-04 -1.488970156060532e-04	1.000000000000000e+00	0	0	51
52	-3.719662493746479e+01 -2.415771516224363e+02  7.676296503128739e+02	1.207014211104251e-04 1.211647249874659e-04 1.207014211104251e-04	1.000000000000000e+00	12	0	52
53	 2.489950960836400e+02  5.815488511368645e+02 -3.439433240011857e+02	8.690581125847530e-06 8.690581125847530e-06 8.771547982178163e-06	1.000000000000000e+00	12	0	53
54	 5.312286142607883e+02 -7.954894626718068e+02  7.506545582180114e+02	3.525521606206894e-05 4.264054223312996e-05 4.264054223312996e-05	1.000000000000000e+00	12	0	54
55	 1.387468923995772e+03 -5.247151675602690e+02 -3.763360211587834e+02	1.388447071803967e-05 1.388447071803967e-05 1.391811838402646e-05	1.000000000000000e+00	12	0	55
56	 1.676551569501946e+03  3.012968756907717e+02 -1.485018504580445e+03	2.479860559105873e-04 2.465152065269649e-04 2.479860559105873e-04	1.000000000000000e+00	12	0	56
57	 1.097330362587422e+03  8.438372806713039e+02 -1.479420202547751e+03	-5.968370242044330e-04 -7.345253252424300e-04 -7.345253252424300e-04	1.000000000000000e+00	12	0	57
58	-9.773963444163853e+02  1.725792150870413e+02  8.839225250766435e+01	-1.825542422011495e-04  1.846164668677375e-04 -1.825542422011495e-04	1.000000000000000e+00	24	0	58
59	-5.444201348926827e+02  3.873808616731044e+02 -1.264203809842781e+02	-5.094740117783658e-05  5.094740117783658e-05 -5.104593583382666e-05	1.000000000000000e+00	24	0	59
60	-7.613367511640154e+02 -4.350324247542034e+01 -3.433214378816291e+02	-2.100289129884914e-04  2.063328720396385e-04 -2.063328720396385e-04	1.000000000000000e+00	24	0	60
61	 8.440465983128038e+01  3.889498336439549e+02 -7.757745140010043e+02	 3.758896491490304e-05 -3.739217936526984e-05  3.739217936526984e-05	1.000000000000000e+00	24	0	61
62	 1.170655638099949e+03  5.809360313435541e+02 -1.653741878775702e+03	-4.486610705498606e-04  4.222384886816144e-04 -4.486610705498606e-04	1.000000000000000e+00	24	0	62
63	 7.328618033711962e+02  3.710319113193686e+02 -1.443739276036829e+03	-1.053533749654889e-03  1.053533749654889e-03 -1.052116975188255e-03	1.000000000000000e+00	24	0	63
64	 9.621802904200581e+02  7.897614107314400e+02 -1.214691208855005e+03	 5.280171171762049e-04 -4.702441219706088e-04  4.702441219706088e-04	1.000000000000000e+00	24	0	64
65	 1.135822120319361e+02  3.597839524277707e+02 -7.847137505513354e+02	 4.139955854043365e-05 -4.098507997696288e-05  4.098507997696288e-05	1.000000000000000e+00	24	0	65
66	1.671191197033300e+03 2.017330762178472e+02 1.025317831621236e+03	 8.423667895840481e-05 -8.423667895840481e-05 -8.581897418480366e-05	1.000000000000000e+00	0	0	66
67	1.467447276899600e+03 1.049835344094315e+02 9.285563402373473e+02	-3.643275995273143e-04  3.690385783556849e-04  3.643275995273143e-04	1.000000000000000e+00	0	0	67
68	 9.900145870063802e+02 -6.341462378995816e+02  1.208755821353705e+03	-2.142772544175386e-03  2.244260627776384e-03  2.244260627776384e-03	1.000000000000000e+00	0	0	68
69	-9.654419425816397e+01 -1.342212676562384e+03  8.012003555322972e+02	 8.650182280689478e-05 -8.650182280689478e-05 -8.647779759485275e-05	1.000000000000000e+00	0	0	69
70	 4.576264232637556e+00 -1.142825841271259e+03  7.000762179820274e+02	 1.912559382617474e-04 -1.920213398989290e-04 -1.920213398989290e-04	1.000000000000000e+00	0	0	70
71	 1.036845808660491e+02 -1.542441451686597e+03  1.201994982115289e+03	 8.584879833506420e-05 -8.584879833506420e-05 -8.533975778846070e-05	1.000000000000000e+00	0	0	71
72	 3.027953392090985e+02 -1.441043732539838e+03  1.303393109676441e+03	-7.057125912979245e-05  7.000572804827243e-05  7.057125912979245e-05	1.000000000000000e+00	0	0	72
73	 7.852878913502345e+02 -7.071367058563179e+02  1.017985898482285e+03	 2.236295258626342e-03 -2.387178130447865e-03 -2.387178130447865e-03	1.000000000000000e+00	0	0	73
74	1.870811774315390e+03 2.112498935756586e+00 1.426724524781794e+03	-1.313572283834219e-05  1.313572283834219e-05  1.321456238656538e-05	1.000000000000000e+00	0	0	74
75	 1.771529806085401e+03 -1.991141169405307e+02  1.526008487398072e+03	 1.197589735966176e-04 -1.190938346553594e-04 -1.190938346553594e-04	1.000000000000000e+00	0	0	75
76	-1.268404090732472e+02 -6.274459673667331e+01  6.779858661770915e+02	8.021172834560275e-05 8.250423707067966e-05 8.021172834560275e-05	1.000000000000000e+00	12	0	76
77	1.383810898681356e+01 3.463918640400381e+02 1.197514748126491e+02	-2.491381892468780e-04 -2.491381892468780e-04 -2.563779999036342e-04	1.000000000000000e+00	12	0	77
78	 5.258770083524169e+01 -4.202508802389837e+02  8.574139760855803e+02	1.631933846510947e-04 1.659523986745626e-04 1.631933846510947e-04	1.000000000000000e+00	12	0	78
79	 3.368254684196711e+02 -6.972338314277786e+02  8.489101894620396e+02	1.412445562891662e-04 1.351805112790316e-04 1.351805112790316e-04	1.000000000000000e+00	12	0	79
80	 7.294394209916925e+02 -8.900213229959746e+02  6.561226978938436e+02	3.365191805642098e-04 3.375561500433832e-04 3.375561500433832e-04	1.000000000000000e+00	12	0	80
81	 1.154274452342338e+03 -7.579096392137030e+02  8.935162952856925e+01	-1.336118839390110e-05 -1.336118839390110e-05 -1.340786184300669e-05	1.000000000000000e+00	12	0	81
82	 1.621002164360539e+03 -2.911819271955026e+02 -8.416839198563563e+02	8.134092058753595e-05 8.134092058753595e-05 8.169558714143932e-05	1.000000000000000e+00	12	0	82
83	 1.765192563905404e+03  1.214683984825300e+02 -1.396377510176987e+03	1.589964958839118e-04 1.572309120092541e-04 1.589964958839118e-04	1.000000000000000e+00	12	0	83
84	 1.587055414179266e+03  4.802720856433378e+02 -1.574514659903126e+03	2.632491523399949e-04 2.623748441692442e-04 2.632491523399949e-04	1.000000000000000e+00	12	0	84
85	 1.304374399221236e+03  7.585295648919916e+02 -1.564727918327063e+03	3.763607819564641e-04 3.079843590967357e-04 3.079843590967357e-04	1.000000000000000e+00	12	0	85
86	 4.824419101982942e+02  8.149956652515187e+02 -8.093548898894394e+02	9.837644029175863e-05 9.837644029175863e-05 1.048353224177845e-04	1.000000000000000e+00	12	0	86
87	 9.220316595749493e+02  9.612046481898165e+02 -1.362052835029238e+03	1.392749254591763e-03 1.246035564690828e-03 1.246035564690828e-03	1.000000000000000e+00	12	0	87
88	-8.681334765815311e+02  3.872054719431128e+02  1.976551203425186e+02	-3.163680230500177e-05  3.276889037806541e-05 -3.163680230500177e-05	1.000000000000000e+00	24	0	88
89	-6.538379503414476e+02  4.967986771218693e+02  8.805815277991488e+01	-2.324367960682139e-04  2.324367960682139e-04 -2.321455540368333e-04	1.000000000000000e+00	24	0	89
90	-1.085845743336445e+03 -4.287838430334757e+01 -2.005714641239548e+01	-2.469307510182261e-04  2.459837123751640e-04 -2.469307510182261e-04	1.000000000000000e+00	24	0	90
91	-9.763996272995727e+02 -1.523222827805996e+02 -2.345023975764499e+02	-9.864379535429180e-05  9.803289140108973e-05 -9.803289140108973e-05	1.000000000000000e+00	24	0	91
92	 2.928292444213261e+02  4.957971930209804e+02 -8.826218733780298e+02	-6.688529538223520e-05  6.531696271849796e-05 -6.531696271849796e-05	1.000000000000000e+00	24	0	92
93	 1.062225599628544e+03  3.655901386604599e+02 -1.762171917247106e+03	-3.656896587926894e-04  3.715289058163762e-04 -3.656896587926894e-04	1.000000000000000e+00	24	0	93
94	 8.413790319057451e+02  2.625146827848197e+02 -1.659221036285006e+03	-9.786285227164626e-04  9.786285227164626e-04 -1.002723700366914e-03	1.000000000000000e+00	24	0	94
95	 1.270673633170448e+03  8.045659703620584e+02 -1.553723883705202e+03	-1.056437729857862e-03  1.008203020319343e-03 -1.056437729857862e-03	1.000000000000000e+00	24	0	95
96	 1.168523384831079e+03  9.070131067783582e+02 -1.331942904901923e+03	-5.803959211334586e-04  5.678260931745172e-04 -5.678260931745172e-04	1.000000000000000e+00	24	0	96
97	-9.602070941787238e+01  2.541549028680149e+02 -6.790847009915797e+02	 8.913262718124315e-05 -8.566492761019617e-05  8.566492761019617e-05	1.000000000000000e+00	24	0	97
98	-4.328962606896628e+02  2.758569874700846e+02 -3.388858277735863e+02	 3.697983338497579e-04 -3.697983338497579e-04  3.523128980305046e-04	1.000000000000000e+00	24	0	98
99	-5.469786453560703e+02  6.602541194645045e+01 -4.528500923034999e+02	-4.036973114125431e-04  4.057864425703883e-04 -4.057864425703883e-04	1.000000000000000e+00	24	0	99
100	-1.259337768327078e+02  2.837783250580165e+02 -6.706030054150659e+02	 8.377860649488866e-05 -9.561549813952297e-05  9.561549813952297e-05	1.000000000000000e+00	24	0	100
101	 7.268909326982638e+02 -7.664941526715641e+02  1.076407906581722e+03	-2.250030636787415e-03  2.068761270493269e-03  2.068761270493269e-03	1.000000000000000e+00	0	0	101
102	 4.039331134735673e+02 -9.411508798202542e+02  9.017511794330319e+02	 1.154948768089525e-05 -1.045326462190133e-05 -1.045326462190133e-05	1.000000000000000e+00	0	0	102
103	 5.014087597681760e+02 -1.038635920528715e+03  1.104779689117363e+03	-2.711331180762500e-04  2.693482965696603e-04  2.711331180762500e-04	1.000000000000000e+00	0	0	103
104	 6.255077074380073e+02  4.783860072525575e+02 -1.226837134411027e+03	-1.038127462379634e-03  1.038127462379634e-03 -9.568964596837759e-04	1.000000000000000e+00	24	0	104
105	 7.445831967218303e+02  6.832271583028257e+02 -1.108156956426390e+03	 4.825268697459251e-04 -4.898688639514148e-04  4.898688639514148e-04	1.000000000000000e+00	24	0	105
106	 3.241308535118921e+02  4.648420199240198e+02 -8.897718180475845e+02	-6.283378024818376e-05  7.696194370510057e-05 -7.696194370510057e-05	1.000000000000000e+00	24	0	106
107	 1.267876834937330e+03 -2.965101137958910e+02  1.128126782199618e+03	-2.780624199658632e-04  2.700766781345010e-04  2.780624199658632e-04	1.000000000000000e+00	0	0	107
108	 1.047225048520552e+03 -5.733109935530554e+02  1.151811610785547e+03	 2.345967805013061e-03 -2.108077052980661e-03 -2.108077052980661e-03	1.000000000000000e+00	0	0	108
109	 1.371522428964828e+03 -4.001324455138210e+02  1.324990158824781e+03	 2.431623142911121e-04 -2.431290195090696e-04 -2.431290195090696e-04	1.000000000000000e+00	0	0	109
110	-1.049099640866080e+02  2.276437909666166e+02  3.504806194412207e+02	-5.036410875618458e-04 -5.036410875618458e-04 -5.021476536057889e-04	1.000000000000000e+00	12	0	110
111	 1.037454422969417e+03 -8.747296685866247e+02  3.219755199373499e+02	-4.009808981209062e-05 -4.009808981209062e-05 -3.958107117796317e-05	1.000000000000000e+00	12	0	111
112	 1.737810526258651e+03 -1.743735652973906e+02 -1.074317290713255e+03	1.186417430290021e-04 1.186417430290021e-04 1.188765600090846e-04	1.000000000000000e+00	12	0	112
113	 6.042191731977064e+02  9.367729282509310e+02 -1.036842298468277e+03	6.940375897102058e-04 6.940375897102058e-04 7.408155943267047e-04	1.000000000000000e+00	12	0	113
114	 1.324760855467944e+02  4.650298406000189e+02 -1.110230437210504e+02	-1.462941781937843e-06 -1.462941781937843e-06 -1.992914576476323e-06	1.000000000000000e+00	12	0	114
115	 3.649875400500665e+02  6.975412951032911e+02 -5.773931575832746e+02	-4.189137325738557e-05 -4.189137325738557e-05 -4.207962774671614e-05	1.000000000000000e+00	12	0	115
116	 1.270876861612526e+03 -6.413072299435155e+02 -1.434869686062748e+02	1.007659520269044e-07 1.007659520269044e-07 1.007145229436901e-07	1.000000000000000e+00	12	0	116
117	 1.504168519221899e+03 -4.080155723341427e+02 -6.090771591283407e+02	4.023795918328688e-05 4.023795918328688e-05 4.039675332023762e-05	1.000000000000000e+00	12	0	117
0	-5.773502691896258e-01  5.773502691896258e-01  5.773502691896258e-01	-7.071067811865476e-01  3.124842898819631e-18 -7.071067811865476e-01	 1.198001808568474e+03 -5.294203851356715e-15  1.198001808568474e+03	1	0	0.000000000000000e+00	0.000000000000000e+00	0.000000000000000e+00
1	-5.773502691896258e-01  5.773502691896258e-01  5.773502691896258e-01	 0.000000000000000e+00  7.071067811865476e-01 -7.071067811865476e-01	 0.000000000000000e+00 -9.214510296266430e+02  9.214510296266430e+02	1	0	0.000000000000000e+00	0.000000000000000e+00	0.000000000000000e+00
2	-5.773502691896258e-01  5.773502691896258e-01  5.773502691896258e-01	 7.071067811865476e-01  7.071067811865476e-01 -3.124842898819631e-18	-7.193784354102739e+02 -7.193784354102739e+02  3.179073734356852e-15	1	0	0.000000000000000e+00	0.000000000000000e+00	0.000000000000000e+00
3	-5.773502691896258e-01  5.773502691896258e-01  5.773502691896258e-01	 7.071067811865476e-01 -3.124842898819631e-18  7.071067811865476e-01	 8.030942244427697e+02 -3.549030148066116e-15  8.030942244427697e+02	1	0	0.000000000000000e+00	0.000000000000000e+00	0.000000000000000e+00
4	-5.773502691896258e-01  5.773502691896258e-01  5.773502691896258e-01	 0.000000000000000e+00  7.071067811865476e-01 -7.071067811865476e-01	 0.000000000000000e+00 -8.625613021693013e+02  8.625613021693013e+02	1	0	0.000000000000000e+00	0.000000000000000e+00	0.000000000000000e+00
5	-5.773502691896258e-01  5.773502691896258e-01  5.773502691896258e-01	-7.071067811865476e-01 -7.071067811865476e-01  3.124842898819631e-18	 9.364621366255734e+02  9.364621366255734e+02 -4.138408986458117e-15	1	0	0.000000000000000e+00	0.000000000000000e+00	0.000000000000000e+00
6	 5.773502691896258e-01 -5.773502691896258e-01 -5.773502691896258e-01	0.000000000000000e+00 0.000000000000000e+00 0.000000000000000e+00	1.570392732195782e+03 3.025315410553647e+02 8.256108849411653e+02	1	1	0.000000000000000e+00	0.000000000000000e+00	0.000000000000000e+00
7	-5.773502691896258e-01 -5.773502691896258e-01 -5.773502691896258e-01	-7.071067811865476e-01  0.000000000000000e+00  7.071067811865476e-01	-4.024131376251693e+02  0.000000000000000e+00  4.024131376251693e+02	1	0	0.000000000000000e+00	0.000000000000000e+00	0.000000000000000e+00
8	-5.773502691896258e-01 -5.773502691896258e-01 -5.773502691896258e-01	 0.000000000000000e+00 -7.071067811865476e-01  7.071067811865476e-01	 0.000000000000000e+00 -7.730720104449091e+02  7.730720104449091e+02	1	0	0.000000000000000e+00	0.000000000000000e+00	0.000000000000000e+00
9	-5.773502691896258e-01 -5.773502691896258e-01 -5.773502691896258e-01	 7.071067811865476e-01 -7.071067811865476e-01  0.000000000000000e+00	 9.560920457780206e+02 -9.560920457780206e+02  0.000000000000000e+00	1	0	0.000000000000000e+00	0.000000000000000e+00	0.000000000000000e+00
10	-5.773502691896258e-01 -5.773502691896258e-01 -5.773502691896258e-01	 7.071067811865476e-01  0.000000000000000e+00 -7.071067811865476e-01	 1.580785037041196e+03  0.000000000000000e+00 -1.580785037041196e+03	1	0	0.000000000000000e+00	0.000000000000000e+00	0.000000000000000e+00
11	-5.773502691896258e-01 -5.773502691896258e-01 -5.773502691896258e-01	 0.000000000000000e+00  7.071067811865476e-01 -7.071067811865476e-01	 0.000000000000000e+00  1.161628741609527e+03 -1.161628741609527e+03	1	0	0.000000000000000e+00	0.000000000000000e+00	0.000000000000000e+00
12	-5.773502691896258e-01 -5.773502691896258e-01 -5.773502691896258e-01	-7.071067811865476e-01  7.071067811865476e-01  0.000000000000000e+00	-1.662768775266123e+02  1.662768775266123e+02  0.000000000000000e+00	1	0	0.000000000000000e+00	0.000000000000000e+00	0.000000000000000e+00
13	5.773502691896258e-01 5.773502691896258e-01 5.773502691896258e-01	0.000000000000000e+00 0.000000000000000e+00 0.000000000000000e+00	-2.170837012152994e+02  1.154700538379251e+02  5.877425740350395e+02	1	1	0.000000000000000e+00	0.000000000000000e+00	0.000000000000000e+00
14	-5.773502691896258e-01  5.773502691896258e-01 -5.773502691896258e-01	 7.071067811865476e-01  0.000000000000000e+00 -7.071067811865476e-01	-5.328942984620248e+02  0.000000000000000e+00  5.328942984620248e+02	1	0	0.000000000000000e+00	0.000000000000000e+00	0.000000000000000e+00
15	-5.773502691896258e-01  5.773502691896258e-01 -5.773502691896258e-01	-3.124842898819631e-18  7.071067811865476e-01  7.071067811865476e-01	 8.547268868455420e-16 -1.934123401785247e+02 -1.934123401785247e+02	1	0	0.000000000000000e+00	0.000000000000000e+00	0.000000000000000e+00
16	-5.773502691896258e-01  5.773502691896258e-01 -5.773502691896258e-01	 7.071067811865476e-01  7.071067811865476e-01 -3.124842898819631e-18	 5.519468573452824e+02  5.519468573452824e+02 -2.439160906938323e-15	1	0	0.000000000000000e+00	0.000000000000000e+00	0.000000000000000e+00
17	-5.773502691896258e-01  5.773502691896258e-01 -5.773502691896258e-01	-7.071067811865476e-01  0.000000000000000e+00  7.071067811865476e-01	 1.412198758437825e+03  0.000000000000000e+00 -1.412198758437825e+03	1	0	0.000000000000000e+00	0.000000000000000e+00	0.000000000000000e+00
18	-5.773502691896258e-01  5.773502691896258e-01 -5.773502691896258e-01	-3.124842898819631e-18  7.071067811865476e-01  7.071067811865476e-01	 9.389238637586849e-16 -2.124648990617823e+02 -2.124648990617823e+02	1	0	0.000000000000000e+00	0.000000000000000e+00	0.000000000000000e+00
19	-5.773502691896258e-01  5.773502691896258e-01 -5.773502691896258e-01	-7.071067811865476e-01 -7.071067811865476e-01  3.124842898819631e-18	-7.851963660978913e+01 -7.851963660978913e+01  3.469936018238618e-16	1	0	0.000000000000000e+00	0.000000000000000e+00	0.000000000000000e+00
20	 5.773502691896258e-01 -5.773502691896258e-01  5.773502691896258e-01	0.000000000000000e+00 0.000000000000000e+00 0.000000000000000e+00	-7.597929542535480e+02  6.027536810339697e+02  3.059956426705016e+02	1	1	0.000000000000000e+00	0.000000000000000e+00	0.000000000000000e+00
0	0	1	0
6	0	1	0
5	5	0	0
6	5	0	0
0	6	0	0
5	0	6	0
1	1	2	0
6	1	2	0
0	1	7	0
1	7	1	0
2	2	3	0
6	2	3	0
1	2	8	0
2	8	2	0
3	3	4	0
6	3	4	0
2	3	9	0
3	9	3	0
4	4	5	0
6	4	5	0
3	4	10	0
4	10	4	0
4	5	11	0
5	11	5	0
5	6	66	0
0	67	6	0
0	7	42	0
1	68	7	0
2	69	8	0
1	8	70	0
2	9	71	0
3	72	9	0
3	10	38	0
4	73	10	0
5	74	11	0
4	11	75	0
7	12	13	0
13	12	13	0
12	17	12	0
13	17	12	0
7	18	12	0
12	12	18	0
8	13	14	0
13	13	14	0
7	13	19	0
8	19	13	0
9	14	15	0
13	14	15	0
8	14	20	0
9	20	14	0
10	15	16	0
13	15	16	0
9	15	21	0
10	21	15	0
11	16	17	0
13	16	17	0
10	16	22	0
11	22	16	0
11	17	23	0
12	23	17	0
7	76	18	0
12	18	110	0
7	19	78	0
8	79	19	0
8	20	80	0
9	111	20	0
10	83	21	0
9	21	112	0
10	22	84	0
11	85	22	0
11	23	87	0
12	113	23	0
14	24	25	0
20	24	25	0
19	29	24	0
20	29	24	0
14	30	24	0
19	24	30	0
15	25	26	0
20	25	26	0
14	25	31	0
15	31	25	0
16	26	27	0
20	26	27	0
15	26	32	0
16	32	26	0
17	27	28	0
20	27	28	0
16	27	33	0
17	33	27	0
18	28	29	0
20	28	29	0
17	28	34	0
18	34	28	0
18	29	35	0
19	35	29	0
14	88	30	0
19	30	89	0
14	31	90	0
15	91	31	0
16	40	32	0
15	32	92	0
17	93	33	0
16	33	94	0
17	34	95	0
18	96	34	0
19	36	35	0
18	35	97	0
19	98	36	0
15	36	99	0
15	100	36	0
1	38	101	0
1	102	38	0
3	38	103	0
16	104	40	0
18	40	105	0
18	106	40	0
0	42	107	0
4	42	108	0
4	109	42	0
5	66	44	0
5	44	74	0
0	45	67	0
0	107	45	0
1	46	68	0
1	101	46	0
2	47	69	0
2	71	47	0
1	70	48	0
1	48	102	0
3	49	72	0
3	103	49	0
4	50	73	0
4	108	50	0
4	75	51	0
4	51	109	0
7	52	76	0
7	78	52	0
12	114	53	0
12	53	115	0
8	54	79	0
8	80	54	0
9	55	116	0
9	117	55	0
10	56	83	0
10	84	56	0
11	57	85	0
11	87	57	0
14	58	88	0
14	90	58	0
19	89	59	0
19	59	98	0
15	60	91	0
15	99	60	0
15	92	61	0
15	61	100	0
17	62	93	0
17	95	62	0
16	94	63	0
16	63	104	0
18	64	96	0
18	105	64	0
18	97	65	0
18	65	106	0
12	110	77	0
12	77	114	0
9	81	111	0
9	116	81	0
9	112	82	0
9	82	117	0
12	86	113	0
12	115	86	0
