114
21
172
0	1.570392732195782e+03 3.025315410553647e+02 8.256108849411653e+02	0.000000000000000e+00 0.000000000000000e+00 0.000000000000000e+00	1.000000000000000e+00	0	0	0
1	 1.130451827073287e+03 -5.773502691896260e+02  1.265551790063660e+03	0.000000000000000e+00 0.000000000000000e+00 0.000000000000000e+00	1.000000000000000e+00	0	0	1
2	-1.974537920628516e+02 -1.241303078757696e+03  6.015989804955904e+02	0.000000000000000e+00 0.000000000000000e+00 0.000000000000000e+00	1.000000000000000e+00	0	0	2
3	 2.032272947547480e+02 -1.641984165575296e+03  1.402961154130791e+03	0.000000000000000e+00 0.000000000000000e+00 0.000000000000000e+00	1.000000000000000e+00	0	0	3
4	 6.431681998772439e+02 -7.621023553303065e+02  9.630202490082960e+02	0.000000000000000e+00 0.000000000000000e+00 0.000000000000000e+00	1.000000000000000e+00	0	0	4
5	 1.971073819013383e+03 -9.814954576223676e+01  1.626973058576365e+03	0.000000000000000e+00 0.000000000000000e+00 0.000000000000000e+00	1.000000000000000e+00	0	0	5
6	1.569718695929304e+03 3.032055773218423e+02 8.262849212076430e+02	-1.208041067002341e-04  1.263328304048628e-04  1.179828395834193e-04	1.000000000000000e+00	0	0	6
7	 1.127722876421503e+03 -5.746213185378417e+02  1.268280740715444e+03	-1.009612965087096e-03  1.009612965087096e-03  1.009612965087096e-03	1.000000000000000e+00	0	0	7
8	-1.968001368467016e+02 -1.241956733973846e+03  6.009453252794403e+02	 1.089502111426555e-04 -1.099020082619973e-04 -1.099027140298858e-04	1.000000000000000e+00	0	0	8
9	 2.032323152809778e+02 -1.641989186101526e+03  1.402956133604561e+03	 5.942219104326796e-06 -6.340769687085412e-06 -5.516376404557377e-06	1.000000000000000e+00	0	0	9
10	 6.453081134164612e+02 -7.642422688695239e+02  9.608803354690787e+02	 9.285372022228936e-04 -9.285372022228936e-04 -9.285372022228936e-04	1.000000000000000e+00	0	0	10
11	 1.971243405970292e+03 -9.831913271914550e+01  1.626803471619457e+03	 3.576571180019528e-05 -3.537389056873508e-05 -3.524538624333218e-05	1.000000000000000e+00	0	0	11
12	-2.170837012152994e+02  1.154700538379251e+02  5.877425740350395e+02	0.000000000000000e+00 0.000000000000000e+00 0.000000000000000e+00	1.000000000000000e+00	12	0	12
13	 1.408734656822689e+02 -6.004442799572098e+02  9.456997409326077e+02	0.000000000000000e+00 0.000000000000000e+00 0.000000000000000e+00	1.000000000000000e+00	12	0	13
14	 9.214510296266424e+02 -9.907330619293978e+02  5.554109589604201e+02	0.000000000000000e+00 0.000000000000000e+00 0.000000000000000e+00	1.000000000000000e+00	12	0	14
15	 1.853294364098699e+03 -5.888972745734176e+01 -1.308275709983692e+03	0.000000000000000e+00 0.000000000000000e+00 0.000000000000000e+00	1.000000000000000e+00	12	0	15
16	 1.495337197201131e+03  6.570246063377946e+02 -1.666232876881260e+03	0.000000000000000e+00 0.000000000000000e+00 0.000000000000000e+00	1.000000000000000e+00	12	0	16
17	 7.147596332567570e+02  1.047313388309982e+03 -1.275944094909073e+03	0.000000000000000e+00 0.000000000000000e+00 0.000000000000000e+00	1.000000000000000e+00	12	0	17
18	-2.185272941166585e+02  1.140264609365660e+02  5.862989811336804e+02	-2.366804110351950e-04 -2.366804110351950e-04 -2.366804110351950e-04	1.000000000000000e+00	12	0	18
19	 1.429497878225407e+02 -5.983679578169381e+02  9.477760630728794e+02	3.357207266769062e-04 3.357207266769062e-04 3.357207266769062e-04	1.000000000000000e+00	12	0	19
20	 9.219405777419712e+02 -9.902435138140689e+02  5.559005070757489e+02	1.016445021377876e-04 9.637829498387873e-05 9.736601350596175e-05	1.000000000000000e+00	12	0	20
21	 1.854014194100912e+03 -5.816989745512875e+01 -1.307555879981479e+03	1.205193548230454e-04 1.202987987198867e-04 1.205227163154632e-04	1.000000000000000e+00	12	0	21
22	 1.497306311467567e+03  6.589937206042306e+02 -1.664263762614824e+03	3.387057513464242e-04 3.387057513464242e-04 3.387057513464242e-04	1.000000000000000e+00	12	0	22
23	 7.227626837405575e+02  1.055316438793782e+03 -1.267941044425273e+03	1.311669747034709e-03 1.311669747034709e-03 1.311669747034709e-03	1.000000000000000e+00	12	0	23
24	-7.597929542535472e+02  6.027536810339691e+02  3.059956426705008e+02	0.000000000000000e+00 0.000000000000000e+00 0.000000000000000e+00	1.000000000000000e+00	24	0	24
25	-1.191650955607388e+03 -2.609623216737101e+02 -1.258623586833382e+02	0.000000000000000e+00 0.000000000000000e+00 0.000000000000000e+00	1.000000000000000e+00	24	0	25
26	 5.126870390403868e+02  5.912066756501777e+02 -9.780313560072266e+02	0.000000000000000e+00 0.000000000000000e+00 0.000000000000000e+00	1.000000000000000e+00	24	0	26
27	 9.572467463163994e+02  1.466469683741651e+02 -1.867150770559250e+03	0.000000000000000e+00 0.000000000000000e+00 0.000000000000000e+00	1.000000000000000e+00	24	0	27
28	 1.389104747670240e+03  1.010362971081845e+03 -1.435292769205410e+03	0.000000000000000e+00 0.000000000000000e+00 0.000000000000000e+00	1.000000000000000e+00	24	0	28
29	-3.152332469775362e+02  1.581939737579582e+02 -5.831237718815206e+02	0.000000000000000e+00 0.000000000000000e+00 0.000000000000000e+00	1.000000000000000e+00	24	0	29
30	-7.602311269566957e+02  6.031918537371175e+02  3.055574699673523e+02	-7.437670865328982e-05  7.456351886503398e-05 -7.202054257504642e-05	1.000000000000000e+00	24	0	30
31	-1.192516861085586e+03 -2.600964161955115e+02 -1.267282641615367e+02	-1.495743490522727e-04  1.477416517445818e-04 -1.494344905950129e-04	1.000000000000000e+00	24	0	31
32	 5.016388857695743e+02  6.022548289209901e+02 -9.890795092780390e+02	-1.663186800821374e-04  1.663186800821373e-04 -1.663186800821375e-04	1.000000000000000e+00	24	0	32
33	 9.538274832046206e+02  1.500662314859438e+02 -1.870570033671029e+03	-5.922388518229127e-04  5.922388518229127e-04 -5.922388518229127e-04	1.000000000000000e+00	24	0	33
34	 1.382597058023961e+03  1.016870660728124e+03 -1.441800458851688e+03	-1.128286239691079e-03  1.128286239691079e-03 -1.128286239691079e-03	1.000000000000000e+00	24	0	34
35	-3.048869062909378e+02  1.478476330713598e+02 -5.727774311949223e+02	 1.838148649161061e-04 -1.838148649161061e-04  1.838148649161060e-04	1.000000000000000e+00	24	0	35
36	-3.300557542488998e+02  1.730164810293218e+02 -5.598411613863695e+02	 5.380529182730243e-05 -6.304763519437984e-05  2.641551545821130e-04	1.000000000000000e+00	24	0	36
38	 6.024739211569625e+02 -8.391875315247092e+02  1.003714527728577e+03	-3.440338963021835e-04  3.440338963021835e-04  3.440338963021835e-04	1.000000000000000e+00	0	0	38
40	 5.279210630773657e+02  5.759726516131990e+02 -1.000902449736763e+03	-8.419300866080448e-05  8.971381612354890e-05 -1.987624709727243e-04	1.000000000000000e+00	24	0	40
42	 1.170297801970910e+03 -4.994167891725652e+02  1.225705815166037e+03	 2.062068427524840e-04 -2.062068427524840e-04 -2.062068427524840e-04	1.000000000000000e+00	0	0	42
44	1.770847569886258e+03 1.020767033648885e+02 1.226177935206647e+03	 2.155112269974779e-05 -2.155112269974779e-05 -2.145574217138346e-05	1.000000000000000e+00	0	0	44
45	 1.368356112780612e+03 -9.645714387369304e+01  1.027647504356336e+03	-3.047776699531823e-04  3.034918336197734e-04  3.047776699531823e-04	1.000000000000000e+00	0	0	45
46	 8.621812417523846e+02 -7.039974614982698e+02  1.138904597755016e+03	-1.771077630110085e-03  1.764882588759065e-03  1.764882588759065e-03	1.000000000000000e+00	0	0	46
47	 3.465221777205501e+00 -1.442222092597753e+03  1.001701828762242e+03	 9.854420932242647e-05 -9.854420932242647e-05 -9.847753244685009e-05	1.000000000000000e+00	0	0	47
48	 2.043526914028235e+02 -1.042085051018153e+03  8.008170082351332e+02	 1.773668627720326e-04 -1.764451153576374e-04 -1.764451153576374e-04	1.000000000000000e+00	0	0	48
49	 4.028111474932341e+02 -1.240550294122821e+03  1.203377301392305e+03	-1.273639209102839e-04  1.260614080820233e-04  1.273639209102839e-04	1.000000000000000e+00	0	0	49
50	 9.120400973139249e+02 -6.360164068350982e+02  1.089106197503504e+03	 1.878205221146345e-03 -1.850146218203008e-03 -1.850146218203008e-03	1.000000000000000e+00	0	0	50
51	 1.571065758807377e+03 -2.991620561961454e+02  1.425960548142457e+03	 1.320135343121365e-04 -1.315834379056469e-04 -1.315834379056469e-04	1.000000000000000e+00	0	0	51
52	-3.747415968946484e+01 -2.418555362422362e+02  7.673521155608738e+02	1.153302146121860e-04 1.155977442977019e-04 1.153302146121860e-04	1.000000000000000e+00	12	0	52
53	 2.489718561592531e+02  5.815256112124777e+02 -3.439667226122927e+02	1.109248205466429e-05 1.109248205466429e-05 1.114700899051968e-05	1.000000000000000e+00	12	0	53
54	 5.311580662509788e+02 -7.955754967446936e+02  7.505685241451246e+02	2.384112849540543e-05 2.954781848529819e-05 2.954781848529819e-05	1.000000000000000e+00	12	0	54
55	 1.387437598347870e+03 -5.247464932081712e+02 -3.763674124050695e+02	1.279142998100724e-05 1.279142998100724e-05 1.281384902540594e-05	1.000000000000000e+00	12	0	55
56	 1.675954217571405e+03  3.007025395219021e+02 -1.485615856510986e+03	2.605456684250385e-04 2.594540128484368e-04 2.605456684250385e-04	1.000000000000000e+00	12	0	56
57	 1.098934705311386e+03  8.457265295505811e+02 -1.477530953668474e+03	-7.719109416939318e-04 -8.760839700698853e-04 -8.760839700698853e-04	1.000000000000000e+00	12	0	57
58	-9.769541739683370e+02  1.721327628859009e+02  8.883442295571261e+01	-1.937955967150629e-04  1.953650935320184e-04 -1.937955967150629e-04	1.000000000000000e+00	24	0	58
59	-5.442895272430060e+02  3.872502540234277e+02 -1.262892938755227e+02	-6.024272806826048e-05  6.024272806826048e-05 -6.052505341358483e-05	1.000000000000000e+00	24	0	59
60	-7.608578228314782e+02 -4.397496412361524e+01 -3.428497162334342e+02	-1.975813065655529e-04  1.951261219801381e-04 -1.951261219801381e-04	1.000000000000000e+00	24	0	60
61	 8.431585515720749e+01  3.890383297226992e+02 -7.758630100797486e+02	 3.827263935818337e-05 -3.821191785391420e-05  3.821191785391420e-05	1.000000000000000e+00	24	0	61
62	 1.171631662239068e+03  5.800105714536844e+02 -1.652765854636582e+03	-3.802698629442602e-04  3.635856264736503e-04 -3.802698629442602e-04	1.000000000000000e+00	24	0	62
63	 7.353178195135831e+02  3.685758951769817e+02 -1.441286849685338e+03	-1.036792877130210e-03  1.036792877130210e-03 -1.035231631249189e-03	1.000000000000000e+00	24	0	63
64	 9.608968827611375e+02  7.909241232759923e+02 -1.215853921399557e+03	 5.650374223478138e-04 -5.204548942856491e-04  5.204548942856491e-04	1.000000000000000e+00	24	0	64
65	 1.134812579389879e+02  3.598839916564402e+02 -7.848137897800050e+02	 4.438881296664476e-05 -4.402878403197974e-05  4.402878403197974e-05	1.000000000000000e+00	24	0	65
66	1.670998177821506e+03 2.019260954296413e+02 1.025513810265117e+03	 7.996586646186188e-05 -7.996586646186188e-05 -8.092726056929678e-05	1.000000000000000e+00	0	0	66
67	1.468284358810992e+03 1.041373842668251e+02 9.277192583259555e+02	-3.481565217953175e-04  3.512100665830076e-04  3.481565217953175e-04	1.000000000000000e+00	0	0	67
68	 9.945060544822713e+02 -6.388033455231084e+02  1.204098713730178e+03	-1.558790216222405e-03  1.598225790075958e-03  1.598225790075958e-03	1.000000000000000e+00	0	0	68
69	-9.674896562132561e+01 -1.342007905199222e+03  8.014050663326361e+02	 8.787498518358916e-05 -8.787498518358916e-05 -8.784882084000856e-05	1.000000000000000e+00	0	0	69
70	 4.117074094327478e+00 -1.142365034896486e+03  7.005370243568000e+02	 1.994195336010307e-04 -2.000218228204176e-04 -2.000218228204176e-04	1.000000000000000e+00	0	0	70
71	 1.034898700528557e+02 -1.542246740873403e+03  1.202188702784193e+03	 7.994331099325791e-05 -7.994331099325791e-05 -7.960557559272274e-05	1.000000000000000e+00	0	0	71
72	 3.029628914623665e+02 -1.441210143873068e+03  1.303225557423173e+03	-7.201612606877461e-05  7.161076064221561e-05  7.201612606877461e-05	1.000000000000000e+00	0	0	72
73	 7.804417481226983e+02 -7.020339946801673e+02  1.023088609658435e+03	 1.756792189553380e-03 -1.823577447794378e-03 -1.823577447794378e-03	1.000000000000000e+00	0	0	73
74	1.870840840640374e+03 2.083432610773159e+00 1.426695318994967e+03	-1.167662412626669e-05  1.167662412626669e-05  1.171894746221369e-05	1.000000000000000e+00	0	0	74
75	 1.771264940660255e+03 -1.988504811585808e+02  1.526272123180022e+03	 1.058406778611243e-04 -1.054456297424622e-04 -1.054456297424622e-04	1.000000000000000e+00	0	0	75
76	-1.270353869010249e+02 -6.294427943995139e+01  6.777908883493138e+02	8.584433089708909e-05 8.754940790822729e-05 8.584433089708909e-05	1.000000000000000e+00	12	0	76
77	1.442255831616883e+01 3.469763133693934e+02 1.203506173716965e+02	-2.482702548149973e-04 -2.482702548149973e-04 -2.535267558414489e-04	1.000000000000000e+00	12	0	77
78	 5.221346222114688e+01 -4.206306804913236e+02  8.570397374714855e+02	1.549594016978517e-04 1.569302403368056e-04 1.549594016978517e-04	1.000000000000000e+00	12	0	78
79	 3.365246612565954e+02 -6.975224087850129e+02  8.486216121048053e+02	1.150558819063008e-04 1.107172502088360e-04 1.107172502088360e-04	1.000000000000000e+00	12	0	79
80	 7.286171423115873e+02 -8.908462187996748e+02  6.552978020901434e+02	3.628867270890623e-04 3.640175855252892e-04 3.640175855252892e-04	1.000000000000000e+00	12	0	80
81	 1.154308828894495e+03 -7.578752626615465e+02  8.938611310221793e+01	-1.575223359395750e-05 -1.575223359395750e-05 -1.579510171723086e-05	1.000000000000000e+00	12	0	81
82	 1.620810935969111e+03 -2.913731555869304e+02 -8.418758681686255e+02	8.140784484567121e-05 8.140784484567121e-05 8.166543557308614e-05	1.000000000000000e+00	12	0	82
83	 1.764812517059161e+03  1.210920361460506e+02 -1.396757557023231e+03	1.644328731345013e-04 1.630738988751546e-04 1.644328731345013e-04	1.000000000000000e+00	12	0	83
84	 1.586432409729706e+03  4.796507092443287e+02 -1.575137664352686e+03	2.669927198439837e-04 2.664713829290122e-04 2.669927198439837e-04	1.000000000000000e+00	12	0	84
85	 1.303418503278804e+03  7.577069347052807e+02 -1.565550548513774e+03	4.406441003084183e-04 3.960288886446506e-04 3.960288886446506e-04	1.000000000000000e+00	12	0	85
86	 4.822252508401373e+02  8.147790058933618e+02 -8.095841727316317e+02	8.585530304117128e-05 8.585530304117128e-05 9.017396223498508e-05	1.000000000000000e+00	12	0	86
87	 9.187108067766560e+02  9.581901026972214e+02 -1.365067380521833e+03	1.434096600860357e-03 1.320948009379208e-03 1.320948009379208e-03	1.000000000000000e+00	12	0	87
88	-8.680502583483369e+02  3.871199565796799e+02  1.977383385757128e+02	-3.920820381608792e-05  4.003047797596082e-05 -3.920820381608792e-05	1.000000000000000e+00	24	0	88
89	-6.532842623612382e+02  4.962449891416599e+02  8.861129305902423e+01	-2.387806162005290e-04  2.387806162005290e-04 -2.386013802606612e-04	1.000000000000000e+00	24	0	89
90	-1.085255370843420e+03 -4.346676288165560e+01 -1.946677391937074e+01	-2.554596285335720e-04  2.547178301028907e-04 -2.554596285335720e-04	1.000000000000000e+00	24	0	90
91	-9.761791949787229e+02 -1.525415589822925e+02 -2.342831213747569e+02	-8.904578862711787e-05  8.866521238815039e-05 -8.866521238815039e-05	1.000000000000000e+00	24	0	91
92	 2.929863317338499e+02  4.956436780670100e+02 -8.824683584240594e+02	-6.772821507183835e-05  6.625446258112788e-05 -6.625446258112788e-05	1.000000000000000e+00	24	0	92
93	 1.063080830695186e+03  3.647223364159070e+02 -1.761316686180464e+03	-3.624431265052408e-04  3.672314924187958e-04 -3.624431265052408e-04	1.000000000000000e+00	24	0	93
94	 8.436650926268347e+02  2.602286220637301e+02 -1.656887095051428e+03	-9.669482824392617e-04  9.669482824392617e-04 -9.836768731474876e-04	1.000000000000000e+00	24	0	94
95	 1.273289164108591e+03  8.020655127014140e+02 -1.551108352767060e+03	-1.176432590000331e-03  1.126676099374890e-03 -1.176432590000331e-03	1.000000000000000e+00	24	0	95
96	 1.169875229562099e+03  9.056842085525054e+02 -1.330614006676070e+03	-5.701585323549807e-04  5.630552186630666e-04 -5.630552186630666e-04	1.000000000000000e+00	24	0	96
97	-9.622264821696731e+01  2.543490889457810e+02 -6.792788870693457e+02	 8.210295345634222e-05 -7.901261415099725e-05  7.901261415099725e-05	1.000000000000000e+00	24	0	97
98	-4.337612259048718e+02  2.767219526852935e+02 -3.397124375326540e+02	 3.663884999696165e-04 -3.663884999696165e-04  3.511770337354392e-04	1.000000000000000e+00	24	0	98
99	-5.460352501866766e+02  6.508193171433078e+01 -4.519066120713802e+02	-3.990929690189660e-04  3.971745900344104e-04 -3.971745900344104e-04	1.000000000000000e+00	24	0	99
100	-1.261360534165561e+02  2.840088787119154e+02 -6.708335590689647e+02	 8.824283577268943e-05 -1.005998637992889e-04  1.005998637992889e-04	1.000000000000000e+00	24	0	100
101	 7.314583114392543e+02 -7.707911972739030e+02  1.072110861979383e+03	-1.537297852337360e-03  1.479739090427756e-03  1.479739090427756e-03	1.000000000000000e+00	0	0	101
102	 4.038728981033898e+02 -9.410935074669435e+02  9.018085517863426e+02	 3.780717088375241e-05 -3.660814400063828e-05 -3.660814400063828e-05	1.000000000000000e+00	0	0	102
103	 5.020538554323396e+02 -1.039278520382867e+03  1.104134593453200e+03	-2.778282505460083e-04  2.773466985672712e-04  2.778282505460083e-04	1.000000000000000e+00	0	0	103
104	 6.278892756088584e+02  4.760044390817064e+02 -1.224622037948508e+03	-9.886450134217739e-04  9.886450134217739e-04 -9.278224315494299e-04	1.000000000000000e+00	24	0	104
105	 7.434925574912970e+02  6.843249644100204e+02 -1.109254762533585e+03	 4.448716645129025e-04 -4.439631884451956e-04  4.439631884451956e-04	1.000000000000000e+00	24	0	105
106	 3.242815896478539e+02  4.646574510944909e+02 -8.895872492180556e+02	-6.413901428459212e-05  7.894277223385870e-05 -7.894277223385870e-05	1.000000000000000e+00	24	0	106
107	 1.268505418590345e+03 -2.971244531035110e+02  1.127498198546603e+03	-2.571714576333761e-04  2.527720353100449e-04  2.571714576333761e-04	1.000000000000000e+00	0	0	107
108	 1.042502118498036e+03 -5.689543638112116e+02  1.156168240527391e+03	 1.582170254550874e-03 -1.498588593676686e-03 -1.498588593676686e-03	1.000000000000000e+00	0	0	108
109	 1.371005883552173e+03 -3.996153803532186e+02  1.325507223985384e+03	 1.984365226235241e-04 -1.987994037335739e-04 -1.987994037335739e-04	1.000000000000000e+00	0	0	109
110	-1.037147232143944e+02  2.288390318388302e+02  3.516729620715171e+02	-5.137122352607548e-04 -5.137122352607548e-04 -5.127291660755873e-04	1.000000000000000e+00	12	0	110
111	 1.037562369797399e+03 -8.746217217586423e+02  3.220823553740879e+02	-5.149084609001875e-05 -5.149084609001875e-05 -5.107178367325105e-05	1.000000000000000e+00	12	0	111
112	 1.737530097894280e+03 -1.746539936617614e+02 -1.074598199612847e+03	1.200269107357599e-04 1.200269107357599e-04 1.202003768412396e-04	1.000000000000000e+00	12	0	112
113	 6.025708258386140e+02  9.351245808918385e+02 -1.038586472730437e+03	7.089836290106177e-04 7.089836290106177e-04 7.436205050908029e-04	1.000000000000000e+00	12	0	113
114	 1.324703448572475e+02  4.650240999104720e+02 -1.110278120577328e+02	6.399829999281792e-06 6.399829999281792e-06 6.093639967730269e-06	1.000000000000000e+00	12	0	114
115	 3.650932297680835e+02  6.976469848213080e+02 -5.772870872188676e+02	-4.807260120287538e-05 -4.807260120287538e-05 -4.820686444872990e-05	1.000000000000000e+00	12	0	115
116	 1.270878015418002e+03 -6.413060761380391e+02 -1.434858129131651e+02	-1.039819380821427e-06 -1.039819380821427e-06 -1.041145424096612e-06	1.000000000000000e+00	12	0	116
117	 1.504075017870365e+03 -4.081090736856765e+02 -6.091709786659554e+02	3.934091728297062e-05 3.934091728297062e-05 3.945311618736014e-05	1.000000000000000e+00	12	0	117
0	-5.773502691896258e-01  5.773502691896258e-01  5.773502691896258e-01	-7.071067811865476e-01  3.124842898819631e-18 -7.071067811865476e-01	 1.198001808568474e+03 -5.294203851356715e-15  1.198001808568474e+03	1	0	0.000000000000000e+00	0.000000000000000e+00	0.000000000000000e+00
1	-5.773502691896258e-01  5.773502691896258e-01  5.773502691896258e-01	 0.000000000000000e+00  7.071067811865476e-01 -7.071067811865476e-01	 0.000000000000000e+00 -9.214510296266430e+02  9.214510296266430e+02	1	0	0.000000000000000e+00	0.000000000000000e+00	0.000000000000000e+00
2	-5.773502691896258e-01  5.773502691896258e-01  5.773502691896258e-01	 7.071067811865476e-01  7.071067811865476e-01 -3.124842898819631e-18	-7.193784354102739e+02 -7.193784354102739e+02  3.179073734356852e-15	1	0	0.000000000000000e+00	0.000000000000000e+00	0.000000000000000e+00
3	-5.773502691896258e-01  5.773502691896258e-01  5.773502691896258e-01	 7.071067811865476e-01 -3.124842898819631e-18  7.071067811865476e-01	 8.030942244427697e+02 -3.549030148066116e-15  8.030942244427697e+02	1	0	0.000000000000000e+00	0.000000000000000e+00	0.000000000000000e+00
4	-5.773502691896258e-01  5.773502691896258e-01  5.773502691896258e-01	 0.000000000000000e+00  7.071067811865476e-01 -7.071067811865476e-01	 0.000000000000000e+00 -8.625613021693013e+02  8.625613021693013e+02	1	0	0.000000000000000e+00	0.000000000000000e+00	0.000000000000000e+00
5	-5.773502691896258e-01  5.773502691896258e-01  5.773502691896258e-01	-7.071067811865476e-01 -7.071067811865476e-01  3.124842898819631e-18	 9.364621366255734e+02  9.364621366255734e+02 -4.138408986458117e-15	1	0	0.000000000000000e+00	0.000000000000000e+00	0.000000000000000e+00
6	 5.773502691896258e-01 -5.773502691896258e-01 -5.773502691896258e-01	0.000000000000000e+00 0.000000000000000e+00 0.000000000000000e+00	1.570392732195782e+03 3.025315410553647e+02 8.256108849411653e+02	1	1	0.000000000000000e+00	0.000000000000000e+00	0.000000000000000e+00
7	-5.773502691896258e-01 -5.773502691896258e-01 -5.773502691896258e-01	-7.071067811865476e-01  0.000000000000000e+00  7.071067811865476e-01	-4.024131376251693e+02  0.000000000000000e+00  4.024131376251693e+02	1	0	0.000000000000000e+00	0.000000000000000e+00	0.000000000000000e+00
8	-5.773502691896258e-01 -5.773502691896258e-01 -5.773502691896258e-01	 0.000000000000000e+00 -7.071067811865476e-01  7.071067811865476e-01	 0.000000000000000e+00 -7.730720104449091e+02  7.730720104449091e+02	1	0	0.000000000000000e+00	0.000000000000000e+00	0.000000000000000e+00
9	-5.773502691896258e-01 -5.773502691896258e-01 -5.773502691896258e-01	 7.071067811865476e-01 -7.071067811865476e-01  0.000000000000000e+00	 9.560920457780206e+02 -9.560920457780206e+02  0.000000000000000e+00	1	0	0.000000000000000e+00	0.000000000000000e+00	0.000000000000000e+00
10	-5.773502691896258e-01 -5.773502691896258e-01 -5.773502691896258e-01	 7.071067811865476e-01  0.000000000000000e+00 -7.071067811865476e-01	 1.580785037041196e+03  0.000000000000000e+00 -1.580785037041196e+03	1	0	0.000000000000000e+00	0.000000000000000e+00	0.000000000000000e+00
11	-5.773502691896258e-01 -5.773502691896258e-01 -5.773502691896258e-01	 0.000000000000000e+00  7.071067811865476e-01 -7.071067811865476e-01	 0.000000000000000e+00  1.161628741609527e+03 -1.161628741609527e+03	1	0	0.000000000000000e+00	0.000000000000000e+00	0.000000000000000e+00
12	-5.773502691896258e-01 -5.773502691896258e-01 -5.773502691896258e-01	-7.071067811865476e-01  7.071067811865476e-01  0.000000000000000e+00	-1.662768775266123e+02  1.662768775266123e+02  0.000000000000000e+00	1	0	0.000000000000000e+00	0.000000000000000e+00	0.000000000000000e+00
13	5.773502691896258e-01 5.773502691896258e-01 5.773502691896258e-01	0.000000000000000e+00 0.000000000000000e+00 0.000000000000000e+00	-2.170837012152994e+02  1.154700538379251e+02  5.877425740350395e+02	1	1	0.000000000000000e+00	0.000000000000000e+00	0.000000000000000e+00
14	-5.773502691896258e-01  5.773502691896258e-01 -5.773502691896258e-01	 7.071067811865476e-01  0.000000000000000e+00 -7.071067811865476e-01	-5.328942984620248e+02  0.000000000000000e+00  5.328942984620248e+02	1	0	0.000000000000000e+00	0.000000000000000e+00	0.000000000000000e+00
15	-5.773502691896258e-01  5.773502691896258e-01 -5.773502691896258e-01	-3.124842898819631e-18  7.071067811865476e-01  7.071067811865476e-01	 8.547268868455420e-16 -1.934123401785247e+02 -1.934123401785247e+02	1	0	0.000000000000000e+00	0.000000000000000e+00	0.000000000000000e+00
16	-5.773502691896258e-01  5.773502691896258e-01 -5.773502691896258e-01	 7.071067811865476e-01  7.071067811865476e-01 -3.124842898819631e-18	 5.519468573452824e+02  5.519468573452824e+02 -2.439160906938323e-15	1	0	0.000000000000000e+00	0.000000000000000e+00	0.000000000000000e+00
17	-5.773502691896258e-01  5.773502691896258e-01 -5.773502691896258e-01	-7.071067811865476e-01  0.000000000000000e+00  7.071067811865476e-01	 1.412198758437825e+03  0.000000000000000e+00 -1.412198758437825e+03	1	0	0.000000000000000e+00	0.000000000000000e+00	0.000000000000000e+00
18	-5.773502691896258e-01  5.773502691896258e-01 -5.773502691896258e-01	-3.124842898819631e-18  7.071067811865476e-01  7.071067811865476e-01	 9.389238637586849e-16 -2.124648990617823e+02 -2.124648990617823e+02	1	0	0.000000000000000e+00	0.000000000000000e+00	0.000000000000000e+00
19	-5.773502691896258e-01  5.773502691896258e-01 -5.773502691896258e-01	-7.071067811865476e-01 -7.071067811865476e-01  3.124842898819631e-18	-7.851963660978913e+01 -7.851963660978913e+01  3.469936018238618e-16	1	0	0.000000000000000e+00	0.000000000000000e+00	0.000000000000000e+00
20	 5.773502691896258e-01 -5.773502691896258e-01  5.773502691896258e-01	0.000000000000000e+00 0.000000000000000e+00 0.000000000000000e+00	-7.597929542535472e+02  6.027536810339691e+02  3.059956426705008e+02	1	1	0.000000000000000e+00	0.000000000000000e+00	0.000000000000000e+00
0	0	1	0
6	0	1	0
5	5	0	0
6	5	0	0
0	6	0	0
5	0	6	0
1	1	2	0
6	1	2	0
0	1	7	0
1	7	1	0
2	2	3	0
6	2	3	0
1	2	8	0
2	8	2	0
3	3	4	0
6	3	4	0
2	3	9	0
3	9	3	0
4	4	5	0
6	4	5	0
3	4	10	0
4	10	4	0
4	5	11	0
5	11	5	0
5	6	66	0
0	67	6	0
0	7	42	0
1	68	7	0
2	69	8	0
1	8	70	0
2	9	71	0
3	72	9	0
3	10	38	0
4	73	10	0
5	74	11	0
4	11	75	0
7	12	13	0
13	12	13	0
12	17	12	0
13	17	12	0
7	18	12	0
12	12	18	0
8	13	14	0
13	13	14	0
7	13	19	0
8	19	13	0
9	14	15	0
13	14	15	0
8	14	20	0
9	20	14	0
10	15	16	0
13	15	16	0
9	15	21	0
10	21	15	0
11	16	17	0
13	16	17	0
10	16	22	0
11	22	16	0
11	17	23	0
12	23	17	0
7	76	18	0
12	18	110	0
7	19	78	0
8	79	19	0
8	20	80	0
9	111	20	0
10	83	21	0
9	21	112	0
10	22	84	0
11	85	22	0
11	23	87	0
12	113	23	0
14	24	25	0
20	24	25	0
19	29	24	0
20	29	24	0
14	30	24	0
19	24	30	0
15	25	26	0
20	25	26	0
14	25	31	0
15	31	25	0
16	26	27	0
20	26	27	0
15	26	32	0
16	32	26	0
17	27	28	0
20	27	28	0
16	27	33	0
17	33	27	0
18	28	29	0
20	28	29	0
17	28	34	0
18	34	28	0
18	29	35	0
19	35	29	0
14	88	30	0
19	30	89	0
14	31	90	0
15	91	31	0
16	40	32	0
15	32	92	0
17	93	33	0
16	33	94	0
17	34	95	0
18	96	34	0
19	36	35	0
18	35	97	0
19	98	36	0
15	36	99	0
15	100	36	0
1	38	101	0
1	102	38	0
3	38	103	0
16	104	40	0
18	40	105	0
18	106	40	0
0	42	107	0
4	42	108	0
4	109	42	0
5	66	44	0
5	44	74	0
0	45	67	0
0	107	45	0
1	46	68	0
1	101	46	0
2	47	69	0
2	71	47	0
1	70	48	0
1	48	102	0
3	49	72	0
3	103	49	0
4	50	73	0
4	108	50	0
4	75	51	0
4	51	109	0
7	52	76	0
7	78	52	0
12	114	53	0
12	53	115	0
8	54	79	0
8	80	54	0
9	55	116	0
9	117	55	0
10	56	83	0
10	84	56	0
11	57	85	0
11	87	57	0
14	58	88	0
14	90	58	0
19	89	59	0
19	59	98	0
15	60	91	0
15	99	60	0
15	92	61	0
15	61	100	0
17	62	93	0
17	95	62	0
16	94	63	0
16	63	104	0
18	64	96	0
18	105	64	0
18	97	65	0
18	65	106	0
12	110	77	0
12	77	114	0
9	81	111	0
9	116	81	0
9	112	82	0
9	82	117	0
12	86	113	0
12	115	86	0
