114
21
172
0	1.570392732195782e+03 3.025315410553647e+02 8.256108849411653e+02	0.000000000000000e+00 0.000000000000000e+00 0.000000000000000e+00	1.000000000000000e+00	0	0	0
1	 1.130451827073287e+03 -5.773502691896260e+02  1.265551790063660e+03	0.000000000000000e+00 0.000000000000000e+00 0.000000000000000e+00	1.000000000000000e+00	0	0	1
2	-1.974537920628516e+02 -1.241303078757696e+03  6.015989804955904e+02	0.000000000000000e+00 0.000000000000000e+00 0.000000000000000e+00	1.000000000000000e+00	0	0	2
3	 2.032272947547480e+02 -1.641984165575296e+03  1.402961154130791e+03	0.000000000000000e+00 0.000000000000000e+00 0.000000000000000e+00	1.000000000000000e+00	0	0	3
4	 6.431681998772439e+02 -7.621023553303065e+02  9.630202490082960e+02	0.000000000000000e+00 0.000000000000000e+00 0.000000000000000e+00	1.000000000000000e+00	0	0	4
5	 1.971073819013383e+03 -9.814954576223676e+01  1.626973058576365e+03	0.000000000000000e+00 0.000000000000000e+00 0.000000000000000e+00	1.000000000000000e+00	0	0	5
6	1.569861666826916e+03 3.030626064242304e+02 8.261419503100311e+02	-1.179161045001820e-04  1.218766265083104e-04  1.160064421128482e-04	1.000000000000000e+00	0	0	6
7	 1.128743709149331e+03 -5.756421512656698e+02  1.267259907987616e+03	-7.160261739045382e-04  7.160261739045382e-04  7.160261739045382e-04	1.000000000000000e+00	0	0	7
8	-1.969308973409211e+02 -1.241825973479627e+03  6.010760857736598e+02	 1.096787964343093e-04 -1.104141774703749e-04 -1.104066541302018e-04	1.000000000000000e+00	0	0	8
9	 2.032265281474623e+02 -1.641983398968010e+03  1.402961920738077e+03	 3.812405338976532e-06 -4.091894425073406e-06 -3.519626261550002e-06	1.000000000000000e+00	0	0	9
10	 6.443877611785906e+02 -7.633219166316533e+02  9.618006877069492e+02	 6.277396654089292e-04 -6.277396654089291e-04 -6.277396654089292e-04	1.000000000000000e+00	0	0	10
11	 1.971202850954113e+03 -9.827857770296623e+01  1.626844026635636e+03	 3.290954555268399e-05 -3.264363112975843e-05 -3.256182390032336e-05	1.000000000000000e+00	0	0	11
12	-2.170837012152994e+02  1.154700538379251e+02  5.877425740350395e+02	0.000000000000000e+00 0.000000000000000e+00 0.000000000000000e+00	1.000000000000000e+00	12	0	12
13	 1.408734656822689e+02 -6.004442799572098e+02  9.456997409326077e+02	0.000000000000000e+00 0.000000000000000e+00 0.000000000000000e+00	1.000000000000000e+00	12	0	13
14	 9.214510296266424e+02 -9.907330619293978e+02  5.554109589604201e+02	0.000000000000000e+00 0.000000000000000e+00 0.000000000000000e+00	1.000000000000000e+00	12	0	14
15	 1.853294364098699e+03 -5.888972745734176e+01 -1.308275709983692e+03	0.000000000000000e+00 0.000000000000000e+00 0.000000000000000e+00	1.000000000000000e+00	12	0	15
16	 1.495337197201131e+03  6.570246063377946e+02 -1.666232876881260e+03	0.000000000000000e+00 0.000000000000000e+00 0.000000000000000e+00	1.000000000000000e+00	12	0	16
17	 7.147596332567570e+02  1.047313388309982e+03 -1.275944094909073e+03	0.000000000000000e+00 0.000000000000000e+00 0.000000000000000e+00	1.000000000000000e+00	12	0	17
18	-2.182437733380167e+02  1.143099817152078e+02  5.865825019123223e+02	-2.398567157797515e-04 -2.398567157797515e-04 -2.398567157797515e-04	1.000000000000000e+00	12	0	18
19	 1.425468921757594e+02 -5.987708534637194e+02  9.473731674260981e+02	3.415070532355458e-04 3.415070532355458e-04 3.415070532355458e-04	1.000000000000000e+00	12	0	19
20	 9.218271883530475e+02 -9.903569032029926e+02  5.557871176868252e+02	9.468474308960140e-05 9.048272477230057e-05 9.127541125053540e-05	1.000000000000000e+00	12	0	20
21	 1.853870379648660e+03 -5.831371190738162e+01 -1.307699694433732e+03	1.213119685417041e-04 1.211290946230292e-04 1.213148570968769e-04	1.000000000000000e+00	12	0	21
22	 1.496903666166723e+03  6.585910753033862e+02 -1.664666407915668e+03	3.378064817904184e-04 3.378064817904184e-04 3.378064817904184e-04	1.000000000000000e+00	12	0	22
23	 7.211911850424226e+02  1.053744940095648e+03 -1.269512543123407e+03	1.329491031356156e-03 1.329491031356156e-03 1.329491031356156e-03	1.000000000000000e+00	12	0	23
24	-7.597929542535472e+02  6.027536810339691e+02  3.059956426705008e+02	0.000000000000000e+00 0.000000000000000e+00 0.000000000000000e+00	1.000000000000000e+00	24	0	24
25	-1.191650955607388e+03 -2.609623216737101e+02 -1.258623586833382e+02	0.000000000000000e+00 0.000000000000000e+00 0.000000000000000e+00	1.000000000000000e+00	24	0	25
26	 5.126870390403868e+02  5.912066756501777e+02 -9.780313560072266e+02	0.000000000000000e+00 0.000000000000000e+00 0.000000000000000e+00	1.000000000000000e+00	24	0	26
27	 9.572467463163994e+02  1.466469683741651e+02 -1.867150770559250e+03	0.000000000000000e+00 0.000000000000000e+00 0.000000000000000e+00	1.000000000000000e+00	24	0	27
28	 1.389104747670240e+03  1.010362971081845e+03 -1.435292769205410e+03	0.000000000000000e+00 0.000000000000000e+00 0.000000000000000e+00	1.000000000000000e+00	24	0	28
29	-3.152332469775362e+02  1.581939737579582e+02 -5.831237718815206e+02	0.000000000000000e+00 0.000000000000000e+00 0.000000000000000e+00	1.000000000000000e+00	24	0	29
30	-7.601433295893540e+02  6.031040563697760e+02  3.056452673346940e+02	-7.443992217304185e-05  7.456074672518298e-05 -7.266514876391739e-05	1.000000000000000e+00	24	0	30
31	-1.192340155178592e+03 -2.602731221025060e+02 -1.265515582545423e+02	-1.485659740865231e-04  1.471551950089633e-04 -1.484800159232691e-04	1.000000000000000e+00	24	0	31
32	 5.018598273795877e+02  6.020338873109768e+02 -9.888585676680257e+02	-2.153851770951102e-04  2.153851770951102e-04 -2.153851770951103e-04	1.000000000000000e+00	24	0	32
33	 9.545292981773507e+02  1.493644165132137e+02 -1.869868218698299e+03	-5.872793456849953e-04  5.872793456849953e-04 -5.872793456849953e-04	1.000000000000000e+00	24	0	33
34	 1.383936210250057e+03  1.015531508502028e+03 -1.440461306625592e+03	-1.121899501110117e-03  1.121899501110117e-03 -1.121899501110117e-03	1.000000000000000e+00	24	0	34
35	-3.051421715508462e+02  1.481028983312682e+02 -5.730326964548307e+02	 2.597827066589768e-04 -2.597827066589768e-04  2.597827066589767e-04	1.000000000000000e+00	24	0	35
36	-3.301976743298783e+02  1.731584011103003e+02 -5.599830814673480e+02	 2.616896563267801e-05 -4.269921555533074e-05  2.512288920115680e-04	1.000000000000000e+00	24	0	36
38	 6.028480936372295e+02 -8.395617040049761e+02  1.003340355248310e+03	-2.872410793012629e-04  2.872410793012629e-04  2.872410793012629e-04	1.000000000000000e+00	0	0	38
40	 5.280602579934487e+02  5.758334566971160e+02 -1.000763254820680e+03	-5.503909051185474e-05  6.945394852664322e-05 -1.941981754498556e-04	1.000000000000000e+00	24	0	40
42	 1.170088875056826e+03 -4.992078622584813e+02  1.225914742080121e+03	 1.633398787816986e-04 -1.331346720689908e-04 -1.455956080462784e-04	1.000000000000000e+00	0	0	42
44	1.770822361261924e+03 1.021019119892230e+02 1.226203044124329e+03	 2.079477235383820e-05 -2.079477235383820e-05 -2.072230927296914e-05	1.000000000000000e+00	0	0	44
45	 1.368714502451107e+03 -9.681417032801625e+01  1.027289114685841e+03	-2.975959505420178e-04  2.965888415928930e-04  2.975959505420178e-04	1.000000000000000e+00	0	0	45
46	 8.640165692143286e+02 -7.058272639482952e+02  1.137074795304991e+03	-1.314773224294186e-03  1.311470870859921e-03  1.311470870859921e-03	1.000000000000000e+00	0	0	46
47	 3.348179853444925e+00 -1.442105050673993e+03  1.001818795695378e+03	 9.819506522035226e-05 -9.819506522035226e-05 -9.813615906750783e-05	1.000000000000000e+00	0	0	47
48	 2.041381467883230e+02 -1.041871509431881e+03  8.010305498214054e+02	 1.831297995522618e-04 -1.823678176151589e-04 -1.823678176151589e-04	1.000000000000000e+00	0	0	48
49	 4.029630125199731e+02 -1.240700758248221e+03  1.203225436365566e+03	-1.278545241802931e-04  1.268034684471786e-04  1.278545241802931e-04	1.000000000000000e+00	0	0	49
50	 9.100810243660735e+02 -6.340832761286706e+02  1.091039328209932e+03	 1.416465733200312e-03 -1.400307519361377e-03 -1.400307519361377e-03	1.000000000000000e+00	0	0	50
51	 1.570913427632968e+03 -2.990101593365534e+02  1.426112445002049e+03	 1.241263234987855e-04 -1.238216646015644e-04 -1.238216646015644e-04	1.000000000000000e+00	0	0	51
52	-3.760954841539679e+01 -2.419911936408047e+02  7.672167268349418e+02	1.121627501561306e-04 1.123489637393504e-04 1.121627501561306e-04	1.000000000000000e+00	12	0	52
53	 2.489579097360961e+02  5.815116647893207e+02 -3.439807264938671e+02	1.236399293702561e-05 1.236399293702561e-05 1.240615620190511e-05	1.000000000000000e+00	12	0	53
54	 5.311344124229855e+02 -7.956053343828534e+02  7.505386865069648e+02	1.563598198117688e-05 2.030557152465917e-05 2.030557152465917e-05	1.000000000000000e+00	12	0	54
55	 1.387422684974179e+03 -5.247614065818625e+02 -3.763823493525270e+02	1.227563188876957e-05 1.227563188876957e-05 1.229289227921981e-05	1.000000000000000e+00	12	0	55
56	 1.675640186462599e+03  3.003896877319999e+02 -1.485929887619793e+03	2.672757836990058e-04 2.663864288479090e-04 2.672757836990058e-04	1.000000000000000e+00	12	0	56
57	 1.099910517885769e+03  8.468153610872857e+02 -1.476442122131769e+03	-8.690946851857007e-04 -9.546997607685626e-04 -9.546997607685626e-04	1.000000000000000e+00	12	0	57
58	-9.767201128527702e+02  1.718969978264806e+02  8.906848407127947e+01	-1.995932398131117e-04  2.008845040109009e-04 -1.995932398131117e-04	1.000000000000000e+00	24	0	58
59	-5.442149920490656e+02  3.871757188294873e+02 -1.262144005271890e+02	-6.503053009510040e-05  6.503053009510040e-05 -6.534293788718060e-05	1.000000000000000e+00	24	0	59
60	-7.606264518768785e+02 -4.420376636319576e+01 -3.426209139938537e+02	-1.912793231895193e-04  1.894122397061437e-04 -1.894122397061437e-04	1.000000000000000e+00	24	0	60
61	 8.427044944430114e+01  3.890837189818641e+02 -7.759083993389136e+02	 3.677556742331944e-05 -3.682091482914984e-05  3.682091482914984e-05	1.000000000000000e+00	24	0	61
62	 1.172061350679936e+03  5.795979350161729e+02 -1.652336166195714e+03	-3.414374077692628e-04  3.294100461062044e-04 -3.414374077692628e-04	1.000000000000000e+00	24	0	62
63	 7.365466803743900e+02  3.673470343161748e+02 -1.440059797337952e+03	-1.028557424433529e-03  1.028557424433529e-03 -1.027098391205072e-03	1.000000000000000e+00	24	0	63
64	 9.602123206677920e+02  7.915600793855519e+02 -1.216489877509117e+03	 5.856884527020156e-04 -5.486818263307214e-04  5.486818263307214e-04	1.000000000000000e+00	24	0	64
65	 1.134269534561288e+02  3.599378932834052e+02 -7.848676914069699e+02	 4.819032983505167e-05 -4.787884608958848e-05  4.787884608958848e-05	1.000000000000000e+00	24	0	65
66	1.670904409906541e+03 2.020198633446060e+02 1.025608564124740e+03	 7.760556763969362e-05 -7.760556763969362e-05 -7.830736285541207e-05	1.000000000000000e+00	0	0	66
67	1.468693871053905e+03 1.037246837592972e+02 9.273097460830420e+02	-3.401236899662763e-04  3.424402093514800e-04  3.401236899662763e-04	1.000000000000000e+00	0	0	67
68	 9.961064169485703e+02 -6.404368948497900e+02  1.202465164403496e+03	-1.136835315264761e-03  1.155141275376081e-03  1.155141275376081e-03	1.000000000000000e+00	0	0	68
69	-9.685408478867247e+01 -1.341902786031875e+03  8.015101553034929e+02	 8.882398105924949e-05 -8.882398105924949e-05 -8.879971574060619e-05	1.000000000000000e+00	0	0	69
70	 3.877458493902310e+00 -1.142124761124577e+03  7.007772981287094e+02	 2.032600459642708e-04 -2.037621306953952e-04 -2.037621306953952e-04	1.000000000000000e+00	0	0	70
71	 1.033964041880445e+02 -1.542153275008592e+03  1.202281813653795e+03	 7.717091648373753e-05 -7.717091648373753e-05 -7.691101200180128e-05	1.000000000000000e+00	0	0	71
72	 3.030490141667381e+02 -1.441295832687305e+03  1.303139434718801e+03	-7.272480434039608e-05  7.240091508720070e-05  7.272480434039608e-05	1.000000000000000e+00	0	0	72
73	 7.785904983243809e+02 -7.001231746880935e+02  1.024999429650509e+03	 1.357180415652692e-03 -1.392911537550390e-03 -1.392911537550390e-03	1.000000000000000e+00	0	0	73
74	1.870854401070913e+03 2.069872180233502e+00 1.426681716487539e+03	-1.113586131396005e-05  1.113586131396005e-05  1.116477142204531e-05	1.000000000000000e+00	0	0	74
75	 1.771142967592908e+03 -1.987289120879577e+02  1.526393692250645e+03	 9.920706361299381e-05 -9.892016532830894e-05 -9.892016532830894e-05	1.000000000000000e+00	0	0	75
76	-1.271393815684457e+02 -6.305011706800757e+01  6.776868936818929e+02	8.896636427380145e-05 9.035687980940565e-05 8.896636427380145e-05	1.000000000000000e+00	12	0	76
77	1.471775157891632e+01 3.472715066321409e+02 1.206514563909664e+02	-2.478565729688853e-04 -2.478565729688853e-04 -2.520870475564152e-04	1.000000000000000e+00	12	0	77
78	 5.203203411543096e+01 -4.208142120448517e+02  8.568583093657696e+02	1.498494675615802e-04 1.514137256890535e-04 1.498494675615802e-04	1.000000000000000e+00	12	0	78
79	 3.363951777305685e+02 -6.976472541571184e+02  8.484967667326998e+02	1.026887694024481e-04 9.923159814206883e-05 9.923159814206883e-05	1.000000000000000e+00	12	0	79
80	 7.281779659874435e+02 -8.912866969725557e+02  6.548573239172625e+02	3.750761970877647e-04 3.761190746445209e-04 3.761190746445209e-04	1.000000000000000e+00	12	0	80
81	 1.154328095992265e+03 -7.578559955637761e+02  8.940542819562077e+01	-1.658322798903100e-05 -1.658322798903100e-05 -1.662066097196657e-05	1.000000000000000e+00	12	0	81
82	 1.620714039305621e+03 -2.914700522504204e+02 -8.419730414900138e+02	8.144311868818477e-05 8.144311868818477e-05 8.165041072061285e-05	1.000000000000000e+00	12	0	82
83	 1.764615216776243e+03  1.208962162126321e+02 -1.396954857306149e+03	1.671580685069785e-04 1.660320413066074e-04 1.671580685069785e-04	1.000000000000000e+00	12	0	83
84	 1.586113508349589e+03  4.793323352090890e+02 -1.575456565732803e+03	2.689913962967694e-04 2.686229709070176e-04 2.689913962967694e-04	1.000000000000000e+00	12	0	84
85	 1.302870098536684e+03  7.572041260846804e+02 -1.566053357134374e+03	4.818743327632546e-04 4.497938789427280e-04 4.497938789427280e-04	1.000000000000000e+00	12	0	85
86	 4.821270652024407e+02  8.146808202556653e+02 -8.096868939241274e+02	7.911663851700723e-05 7.911663851700723e-05 8.243091724580154e-05	1.000000000000000e+00	12	0	86
87	 9.169910770434683e+02  9.565938050966820e+02 -1.366663678122373e+03	1.456342870369554e-03 1.362281269393861e-03 1.362281269393861e-03	1.000000000000000e+00	12	0	87
88	-8.680012829516720e+02  3.870700972985053e+02  1.977873139723777e+02	-4.310943040763959e-05  4.377245204523206e-05 -4.310943040763959e-05	1.000000000000000e+00	24	0	88
89	-6.529982076542078e+02  4.959589344346295e+02  8.889716322582527e+01	-2.419791708234698e-04  2.419791708234698e-04 -2.418472431600094e-04	1.000000000000000e+00	24	0	89
90	-1.084948859251679e+03 -4.377246359111683e+01 -1.916026232762922e+01	-2.596712438389659e-04  2.590522344689816e-04 -2.596712438389659e-04	1.000000000000000e+00	24	0	90
91	-9.760760233171467e+02 -1.526443382638874e+02 -2.341803420931621e+02	-8.437686483375728e-05  8.409602014580742e-05 -8.409602014580742e-05	1.000000000000000e+00	24	0	91
92	 2.930720475012098e+02  4.955597444070862e+02 -8.823844247641356e+02	-8.043295383686200e-05  7.885391096351668e-05 -7.885391096351668e-05	1.000000000000000e+00	24	0	92
93	 1.063511500253799e+03  3.642863733632910e+02 -1.760886016621851e+03	-3.614477172959596e-04  3.655376203823835e-04 -3.614477172959596e-04	1.000000000000000e+00	24	0	93
94	 8.448122311090855e+02  2.590814835814793e+02 -1.655722185825656e+03	-9.610207052901387e-04  9.610207052901387e-04 -9.741794201545417e-04	1.000000000000000e+00	24	0	94
95	 1.274735358780965e+03  8.006787758784010e+02 -1.549662158094685e+03	-1.257050782442093e-03  1.207060879096389e-03 -1.257050782442093e-03	1.000000000000000e+00	24	0	95
96	 1.170550749805804e+03  9.050156974031484e+02 -1.329945495526713e+03	-5.652268882840872e-04  5.604923353530467e-04 -5.604923353530467e-04	1.000000000000000e+00	24	0	96
97	-9.632081360985026e+01  2.544437131768194e+02 -6.793735113003841e+02	 8.672484545968473e-05 -8.383959357161075e-05  8.383959357161075e-05	1.000000000000000e+00	24	0	97
98	-4.341962613948952e+02  2.771569881753169e+02 -3.401300118010123e+02	 3.647801640909165e-04 -3.647801640909165e-04  3.506465873215348e-04	1.000000000000000e+00	24	0	98
99	-5.455619592159239e+02  6.461199846117070e+01 -4.514366788182202e+02	-3.962244372814894e-04  3.925402415916324e-04 -3.925402415916324e-04	1.000000000000000e+00	24	0	99
100	-1.262379787578157e+02  2.841261280721434e+02 -6.709508084291928e+02	 7.821474719094113e-05 -9.194462472805753e-05  9.194462472805753e-05	1.000000000000000e+00	24	0	100
101	 7.330202367849369e+02 -7.723065099730384e+02  1.070595549280248e+03	-1.097683911211789e-03  1.073256717063487e-03  1.073256717063487e-03	1.000000000000000e+00	0	0	101
102	 4.038225034981085e+02 -9.410444480612061e+02  9.018576111920800e+02	 4.633895514416508e-05 -4.530962542048655e-05 -4.530962542048655e-05	1.000000000000000e+00	0	0	102
103	 5.023864129472897e+02 -1.039610725037069e+03  1.103802035938250e+03	-2.810701844282448e-04  2.809254219755530e-04  2.810701844282448e-04	1.000000000000000e+00	0	0	103
104	 6.290507502776285e+02  4.748429644129363e+02 -1.223527209769170e+03	-9.634306770749390e-04  9.634306770749390e-04 -9.121595066972077e-04	1.000000000000000e+00	24	0	104
105	 7.429755753654510e+02  6.848387928626096e+02 -1.109768590986174e+03	 4.237472603563219e-04 -4.194562498014420e-04  4.194562498014420e-04	1.000000000000000e+00	24	0	105
106	 3.243523396444040e+02  4.645684521746142e+02 -8.894982502981788e+02	-5.002807301934808e-05  6.617238977923989e-05 -6.617238977923989e-05	1.000000000000000e+00	24	0	106
107	 1.268805468174151e+03 -2.974200611995103e+02  1.127198148962797e+03	-2.471851476002485e-04  2.440695243421942e-04  2.471851476002485e-04	1.000000000000000e+00	0	0	107
108	 1.040889462426953e+03 -5.674123882586462e+02  1.157710216079956e+03	 1.140431035310030e-03 -1.100887195207179e-03 -1.100887195207179e-03	1.000000000000000e+00	0	0	108
109	 1.370780646465452e+03 -3.993897056342219e+02  1.325732898704381e+03	 1.806746004149318e-04 -1.810320973163471e-04 -1.810320973163471e-04	1.000000000000000e+00	0	0	109
110	-1.031001922785690e+02  2.294535627746555e+02  3.522864648270454e+02	-5.191481905058026e-04 -5.191481905058026e-04 -5.184003384783864e-04	1.000000000000000e+00	12	0	110
111	 1.037626659352978e+03 -8.745574322030629e+02  3.221461869919726e+02	-5.645284181809984e-05 -5.645284181809984e-05 -5.610417065327056e-05	1.000000000000000e+00	12	0	111
112	 1.737386839954819e+03 -1.747972516012219e+02 -1.074741644624366e+03	1.207433961099014e-04 1.207433961099014e-04 1.208841858897358e-04	1.000000000000000e+00	12	0	112
113	 6.017224140371101e+02  9.342761690903345e+02 -1.039472261719108e+03	7.169528398662806e-04 7.169528398662806e-04 7.451007259078324e-04	1.000000000000000e+00	12	0	113
114	 1.324602931032593e+02  4.650140481564839e+02 -1.110375563728209e+02	1.050622631737497e-05 1.050622631737497e-05 1.029333907354157e-05	1.000000000000000e+00	12	0	114
115	 3.651522909832480e+02  6.977060460364726e+02 -5.772278840894603e+02	-5.116141619510017e-05 -5.116141619510017e-05 -5.126541509525850e-05	1.000000000000000e+00	12	0	115
116	 1.270879529360574e+03 -6.413045621954670e+02 -1.434842972829556e+02	-1.499259496995364e-06 -1.499259496995364e-06 -1.500727648817701e-06	1.000000000000000e+00	12	0	116
117	 1.504028468896978e+03 -4.081556226590635e+02 -6.092176473222095e+02	3.889306026394479e-05 3.889306026394479e-05 3.898207432939671e-05	1.000000000000000e+00	12	0	117
0	-5.773502691896258e-01  5.773502691896258e-01  5.773502691896258e-01	-7.071067811865476e-01  3.124842898819631e-18 -7.071067811865476e-01	 1.198001808568474e+03 -5.294203851356715e-15  1.198001808568474e+03	1	0	0.000000000000000e+00	0.000000000000000e+00	0.000000000000000e+00
1	-5.773502691896258e-01  5.773502691896258e-01  5.773502691896258e-01	 0.000000000000000e+00  7.071067811865476e-01 -7.071067811865476e-01	 0.000000000000000e+00 -9.214510296266430e+02  9.214510296266430e+02	1	0	0.000000000000000e+00	0.000000000000000e+00	0.000000000000000e+00
2	-5.773502691896258e-01  5.773502691896258e-01  5.773502691896258e-01	 7.071067811865476e-01  7.071067811865476e-01 -3.124842898819631e-18	-7.193784354102739e+02 -7.193784354102739e+02  3.179073734356852e-15	1	0	0.000000000000000e+00	0.000000000000000e+00	0.000000000000000e+00
3	-5.773502691896258e-01  5.773502691896258e-01  5.773502691896258e-01	 7.071067811865476e-01 -3.124842898819631e-18  7.071067811865476e-01	 8.030942244427697e+02 -3.549030148066116e-15  8.030942244427697e+02	1	0	0.000000000000000e+00	0.000000000000000e+00	0.000000000000000e+00
4	-5.773502691896258e-01  5.773502691896258e-01  5.773502691896258e-01	 0.000000000000000e+00  7.071067811865476e-01 -7.071067811865476e-01	 0.000000000000000e+00 -8.625613021693013e+02  8.625613021693013e+02	1	0	0.000000000000000e+00	0.000000000000000e+00	0.000000000000000e+00
5	-5.773502691896258e-01  5.773502691896258e-01  5.773502691896258e-01	-7.071067811865476e-01 -7.071067811865476e-01  3.124842898819631e-18	 9.364621366255734e+02  9.364621366255734e+02 -4.138408986458117e-15	1	0	0.000000000000000e+00	0.000000000000000e+00	0.000000000000000e+00
6	 5.773502691896258e-01 -5.773502691896258e-01 -5.773502691896258e-01	0.000000000000000e+00 0.000000000000000e+00 0.000000000000000e+00	1.570392732195782e+03 3.025315410553647e+02 8.256108849411653e+02	1	1	0.000000000000000e+00	0.000000000000000e+00	0.000000000000000e+00
7	-5.773502691896258e-01 -5.773502691896258e-01 -5.773502691896258e-01	-7.071067811865476e-01  0.000000000000000e+00  7.071067811865476e-01	-4.024131376251693e+02  0.000000000000000e+00  4.024131376251693e+02	1	0	0.000000000000000e+00	0.000000000000000e+00	0.000000000000000e+00
8	-5.773502691896258e-01 -5.773502691896258e-01 -5.773502691896258e-01	 0.000000000000000e+00 -7.071067811865476e-01  7.071067811865476e-01	 0.000000000000000e+00 -7.730720104449091e+02  7.730720104449091e+02	1	0	0.000000000000000e+00	0.000000000000000e+00	0.000000000000000e+00
9	-5.773502691896258e-01 -5.773502691896258e-01 -5.773502691896258e-01	 7.071067811865476e-01 -7.071067811865476e-01  0.000000000000000e+00	 9.560920457780206e+02 -9.560920457780206e+02  0.000000000000000e+00	1	0	0.000000000000000e+00	0.000000000000000e+00	0.000000000000000e+00
10	-5.773502691896258e-01 -5.773502691896258e-01 -5.773502691896258e-01	 7.071067811865476e-01  0.000000000000000e+00 -7.071067811865476e-01	 1.580785037041196e+03  0.000000000000000e+00 -1.580785037041196e+03	1	0	0.000000000000000e+00	0.000000000000000e+00	0.000000000000000e+00
11	-5.773502691896258e-01 -5.773502691896258e-01 -5.773502691896258e-01	 0.000000000000000e+00  7.071067811865476e-01 -7.071067811865476e-01	 0.000000000000000e+00  1.161628741609527e+03 -1.161628741609527e+03	1	0	0.000000000000000e+00	0.000000000000000e+00	0.000000000000000e+00
12	-5.773502691896258e-01 -5.773502691896258e-01 -5.773502691896258e-01	-7.071067811865476e-01  7.071067811865476e-01  0.000000000000000e+00	-1.662768775266123e+02  1.662768775266123e+02  0.000000000000000e+00	1	0	0.000000000000000e+00	0.000000000000000e+00	0.000000000000000e+00
13	5.773502691896258e-01 5.773502691896258e-01 5.773502691896258e-01	0.000000000000000e+00 0.000000000000000e+00 0.000000000000000e+00	-2.170837012152994e+02  1.154700538379251e+02  5.877425740350395e+02	1	1	0.000000000000000e+00	0.000000000000000e+00	0.000000000000000e+00
14	-5.773502691896258e-01  5.773502691896258e-01 -5.773502691896258e-01	 7.071067811865476e-01  0.000000000000000e+00 -7.071067811865476e-01	-5.328942984620248e+02  0.000000000000000e+00  5.328942984620248e+02	1	0	0.000000000000000e+00	0.000000000000000e+00	0.000000000000000e+00
15	-5.773502691896258e-01  5.773502691896258e-01 -5.773502691896258e-01	-3.124842898819631e-18  7.071067811865476e-01  7.071067811865476e-01	 8.547268868455420e-16 -1.934123401785247e+02 -1.934123401785247e+02	1	0	0.000000000000000e+00	0.000000000000000e+00	0.000000000000000e+00
16	-5.773502691896258e-01  5.773502691896258e-01 -5.773502691896258e-01	 7.071067811865476e-01  7.071067811865476e-01 -3.124842898819631e-18	 5.519468573452824e+02  5.519468573452824e+02 -2.439160906938323e-15	1	0	0.000000000000000e+00	0.000000000000000e+00	0.000000000000000e+00
17	-5.773502691896258e-01  5.773502691896258e-01 -5.773502691896258e-01	-7.071067811865476e-01  0.000000000000000e+00  7.071067811865476e-01	 1.412198758437825e+03  0.000000000000000e+00 -1.412198758437825e+03	1	0	0.000000000000000e+00	0.000000000000000e+00	0.000000000000000e+00
18	-5.773502691896258e-01  5.773502691896258e-01 -5.773502691896258e-01	-3.124842898819631e-18  7.071067811865476e-01  7.071067811865476e-01	 9.389238637586849e-16 -2.124648990617823e+02 -2.124648990617823e+02	1	0	0.000000000000000e+00	0.000000000000000e+00	0.000000000000000e+00
19	-5.773502691896258e-01  5.773502691896258e-01 -5.773502691896258e-01	-7.071067811865476e-01 -7.071067811865476e-01  3.124842898819631e-18	-7.851963660978913e+01 -7.851963660978913e+01  3.469936018238618e-16	1	0	0.000000000000000e+00	0.000000000000000e+00	0.000000000000000e+00
20	 5.773502691896258e-01 -5.773502691896258e-01  5.773502691896258e-01	0.000000000000000e+00 0.000000000000000e+00 0.000000000000000e+00	-7.597929542535472e+02  6.027536810339691e+02  3.059956426705008e+02	1	1	0.000000000000000e+00	0.000000000000000e+00	0.000000000000000e+00
0	0	1	0
6	0	1	0
5	5	0	0
6	5	0	0
0	6	0	0
5	0	6	0
1	1	2	0
6	1	2	0
0	1	7	0
1	7	1	0
2	2	3	0
6	2	3	0
1	2	8	0
2	8	2	0
3	3	4	0
6	3	4	0
2	3	9	0
3	9	3	0
4	4	5	0
6	4	5	0
3	4	10	0
4	10	4	0
4	5	11	0
5	11	5	0
5	6	66	0
0	67	6	0
0	7	42	0
1	68	7	0
2	69	8	0
1	8	70	0
2	9	71	0
3	72	9	0
3	10	38	0
4	73	10	0
5	74	11	0
4	11	75	0
7	12	13	0
13	12	13	0
12	17	12	0
13	17	12	0
7	18	12	0
12	12	18	0
8	13	14	0
13	13	14	0
7	13	19	0
8	19	13	0
9	14	15	0
13	14	15	0
8	14	20	0
9	20	14	0
10	15	16	0
13	15	16	0
9	15	21	0
10	21	15	0
11	16	17	0
13	16	17	0
10	16	22	0
11	22	16	0
11	17	23	0
12	23	17	0
7	76	18	0
12	18	110	0
7	19	78	0
8	79	19	0
8	20	80	0
9	111	20	0
10	83	21	0
9	21	112	0
10	22	84	0
11	85	22	0
11	23	87	0
12	113	23	0
14	24	25	0
20	24	25	0
19	29	24	0
20	29	24	0
14	30	24	0
19	24	30	0
15	25	26	0
20	25	26	0
14	25	31	0
15	31	25	0
16	26	27	0
20	26	27	0
15	26	32	0
16	32	26	0
17	27	28	0
20	27	28	0
16	27	33	0
17	33	27	0
18	28	29	0
20	28	29	0
17	28	34	0
18	34	28	0
18	29	35	0
19	35	29	0
14	88	30	0
19	30	89	0
14	31	90	0
15	91	31	0
16	40	32	0
15	32	92	0
17	93	33	0
16	33	94	0
17	34	95	0
18	96	34	0
19	36	35	0
18	35	97	0
19	98	36	0
15	36	99	0
15	100	36	0
1	38	101	0
1	102	38	0
3	38	103	0
16	104	40	0
18	40	105	0
18	106	40	0
0	42	107	0
4	42	108	0
4	109	42	0
5	66	44	0
5	44	74	0
0	45	67	0
0	107	45	0
1	46	68	0
1	101	46	0
2	47	69	0
2	71	47	0
1	70	48	0
1	48	102	0
3	49	72	0
3	103	49	0
4	50	73	0
4	108	50	0
4	75	51	0
4	51	109	0
7	52	76	0
7	78	52	0
12	114	53	0
12	53	115	0
8	54	79	0
8	80	54	0
9	55	116	0
9	117	55	0
10	56	83	0
10	84	56	0
11	57	85	0
11	87	57	0
14	58	88	0
14	90	58	0
19	89	59	0
19	59	98	0
15	60	91	0
15	99	60	0
15	92	61	0
15	61	100	0
17	62	93	0
17	95	62	0
16	94	63	0
16	63	104	0
18	64	96	0
18	105	64	0
18	97	65	0
18	65	106	0
12	110	77	0
12	77	114	0
9	81	111	0
9	116	81	0
9	112	82	0
9	82	117	0
12	86	113	0
12	115	86	0
