114
21
172
0	1.570392732195782e+03 3.025315410553647e+02 8.256108849411653e+02	0.000000000000000e+00 0.000000000000000e+00 0.000000000000000e+00	1.000000000000000e+00	0	0	0
1	 1.130451827073287e+03 -5.773502691896260e+02  1.265551790063660e+03	0.000000000000000e+00 0.000000000000000e+00 0.000000000000000e+00	1.000000000000000e+00	0	0	1
2	-1.974537920628516e+02 -1.241303078757696e+03  6.015989804955904e+02	0.000000000000000e+00 0.000000000000000e+00 0.000000000000000e+00	1.000000000000000e+00	0	0	2
3	 2.032272947547480e+02 -1.641984165575296e+03  1.402961154130791e+03	0.000000000000000e+00 0.000000000000000e+00 0.000000000000000e+00	1.000000000000000e+00	0	0	3
4	 6.431681998772439e+02 -7.621023553303065e+02  9.630202490082960e+02	0.000000000000000e+00 0.000000000000000e+00 0.000000000000000e+00	1.000000000000000e+00	0	0	4
5	 1.971073819013383e+03 -9.814954576223676e+01  1.626973058576365e+03	0.000000000000000e+00 0.000000000000000e+00 0.000000000000000e+00	1.000000000000000e+00	0	0	5
6	1.570304107333194e+03 3.026201659179529e+02 8.256995098037536e+02	-1.089202341972850e-04  1.093737373594195e-04  1.087638011085801e-04	1.000000000000000e+00	0	0	6
7	 1.130316555815178e+03 -5.772149979315172e+02  1.265687061321769e+03	-1.910272258101031e-04  1.915290340548381e-04  1.912806183099747e-04	1.000000000000000e+00	0	0	7
8	-1.973623076558875e+02 -1.241394563164660e+03  6.015074960886262e+02	 1.114006008720025e-04 -1.115114573622122e-04 -1.115058184950612e-04	1.000000000000000e+00	0	0	8
9	 2.032245531792990e+02 -1.641981423999847e+03  1.402963895706240e+03	-2.667009766810224e-06  2.639035983520444e-06  2.692514271984692e-06	1.000000000000000e+00	0	0	9
10	 6.432095784583423e+02 -7.621437339114051e+02  9.629788704271974e+02	 7.731898949714378e-05 -7.806471694493666e-05 -7.995219493750483e-05	1.000000000000000e+00	0	0	10
11	 1.971092832817939e+03 -9.816855956679235e+01  1.626954044771810e+03	 2.400074481556658e-05 -2.397621392447036e-05 -2.397096795903053e-05	1.000000000000000e+00	0	0	11
12	-2.170837012152994e+02  1.154700538379251e+02  5.877425740350395e+02	0.000000000000000e+00 0.000000000000000e+00 0.000000000000000e+00	1.000000000000000e+00	12	0	12
13	 1.408734656822689e+02 -6.004442799572098e+02  9.456997409326077e+02	0.000000000000000e+00 0.000000000000000e+00 0.000000000000000e+00	1.000000000000000e+00	12	0	13
14	 9.214510296266424e+02 -9.907330619293978e+02  5.554109589604201e+02	0.000000000000000e+00 0.000000000000000e+00 0.000000000000000e+00	1.000000000000000e+00	12	0	14
15	 1.853294364098699e+03 -5.888972745734176e+01 -1.308275709983692e+03	0.000000000000000e+00 0.000000000000000e+00 0.000000000000000e+00	1.000000000000000e+00	12	0	15
16	 1.495337197201131e+03  6.570246063377946e+02 -1.666232876881260e+03	0.000000000000000e+00 0.000000000000000e+00 0.000000000000000e+00	1.000000000000000e+00	12	0	16
17	 7.147596332567570e+02  1.047313388309982e+03 -1.275944094909073e+03	0.000000000000000e+00 0.000000000000000e+00 0.000000000000000e+00	1.000000000000000e+00	12	0	17
18	-2.172894980602860e+02  1.152642569929386e+02  5.875367771900530e+02	-2.501352088681112e-04 -2.501352088681112e-04 -2.501352088681112e-04	1.000000000000000e+00	12	0	18
19	 1.411750999444919e+02 -6.001426456949869e+02  9.460013751948306e+02	3.652304003480822e-04 3.652304003480822e-04 3.652304003480822e-04	1.000000000000000e+00	12	0	19
20	 9.215078923321084e+02 -9.906761992239317e+02  5.554678216658862e+02	7.217084930744022e-05 7.146077405195683e-05 7.159613596741110e-05	1.000000000000000e+00	12	0	20
21	 1.853394621532198e+03 -5.878947002384274e+01 -1.308175452550193e+03	1.225439773406833e-04 1.225086161866784e-04 1.225447485921904e-04	1.000000000000000e+00	12	0	21
22	 1.495605023210828e+03  6.572924323474907e+02 -1.665965050871564e+03	3.291015261008093e-04 3.291015261008094e-04 3.291015261008094e-04	1.000000000000000e+00	12	0	22
23	 7.159044455944170e+02  1.048458200647642e+03 -1.274799282571413e+03	1.390699258384605e-03 1.390699258384605e-03 1.390699258384605e-03	1.000000000000000e+00	12	0	23
24	-7.597929542535472e+02  6.027536810339691e+02  3.059956426705008e+02	0.000000000000000e+00 0.000000000000000e+00 0.000000000000000e+00	1.000000000000000e+00	24	0	24
25	-1.191650955607388e+03 -2.609623216737101e+02 -1.258623586833382e+02	0.000000000000000e+00 0.000000000000000e+00 0.000000000000000e+00	1.000000000000000e+00	24	0	25
26	 5.126870390403868e+02  5.912066756501777e+02 -9.780313560072266e+02	0.000000000000000e+00 0.000000000000000e+00 0.000000000000000e+00	1.000000000000000e+00	24	0	26
27	 9.572467463163994e+02  1.466469683741651e+02 -1.867150770559250e+03	0.000000000000000e+00 0.000000000000000e+00 0.000000000000000e+00	1.000000000000000e+00	24	0	27
28	 1.389104747670240e+03  1.010362971081845e+03 -1.435292769205410e+03	0.000000000000000e+00 0.000000000000000e+00 0.000000000000000e+00	1.000000000000000e+00	24	0	28
29	-3.152332469775362e+02  1.581939737579582e+02 -5.831237718815206e+02	0.000000000000000e+00 0.000000000000000e+00 0.000000000000000e+00	1.000000000000000e+00	24	0	29
30	-7.598547414316671e+02  6.028154682120891e+02  3.059338554923809e+02	-7.508695125579834e-05  7.509472925448790e-05 -7.484192610718310e-05	1.000000000000000e+00	24	0	30
31	-1.191769761466820e+03 -2.608435158142779e+02 -1.259811645427703e+02	-1.451255229767412e-04  1.449207775294781e-04 -1.451294519938529e-04	1.000000000000000e+00	24	0	31
32	 5.089168629837184e+02  5.949768517068461e+02 -9.818015320638950e+02	-7.486567987749974e-03  7.486567987749974e-03 -7.486567987749974e-03	1.000000000000000e+00	24	0	32
33	 9.567812439566424e+02  1.471124707339221e+02 -1.867616272919007e+03	-5.697553278878331e-04  5.697553278878331e-04 -5.697553278878331e-04	1.000000000000000e+00	24	0	33
34	 1.388225331270823e+03  1.011242387481262e+03 -1.436172185604826e+03	-1.078224275261164e-03  1.078224275261164e-03 -1.078224275261164e-03	1.000000000000000e+00	24	0	34
35	-3.134464767898914e+02  1.564072035703134e+02 -5.813370016938758e+02	 5.061144319673379e-03 -5.061144319673379e-03  5.061144319673380e-03	1.000000000000000e+00	24	0	35
36	-3.283645852297054e+02  1.713253120101274e+02 -5.581499923671751e+02	-1.390675742489596e-03  1.390675742489596e-03 -1.390675742489596e-03	1.000000000000000e+00	24	0	36
38	 6.037495280728466e+02 -8.404631384405933e+02  1.002438920812693e+03	-1.967696007341146e-04  1.979130611289293e-04  1.970433368114755e-04	1.000000000000000e+00	0	0	38
40	 5.264890246373324e+02  5.774046900532325e+02 -1.002334488176797e+03	 2.195063900823395e-03 -2.195063900823394e-03  2.195063900823394e-03	1.000000000000000e+00	24	0	40
42	 1.169747391645654e+03 -4.988663788473088e+02  1.226256225491293e+03	 4.839238317799754e-05 -4.814976273337379e-05 -4.813813575310633e-05	1.000000000000000e+00	0	0	42
44	1.770747372759742e+03 1.021769004914045e+02 1.226277878700900e+03	 1.761171552061569e-05 -1.761171552061569e-05 -1.760148006724194e-05	1.000000000000000e+00	0	0	44
45	 1.369828375703170e+03 -9.792579959759684e+01  1.026175241433778e+03	-2.754399902187288e-04  2.752757281996310e-04  2.754399902187288e-04	1.000000000000000e+00	0	0	45
46	 8.669372012597536e+02 -7.087432756796393e+02  1.134158783573647e+03	-3.478515427559614e-04  3.477206046227366e-04  3.477206046227366e-04	1.000000000000000e+00	0	0	46
47	 2.966965585383206e+00 -1.441723836405931e+03  1.002199858780835e+03	 9.791094635147601e-05 -9.791094635147601e-05 -9.789731848286465e-05	1.000000000000000e+00	0	0	47
48	 2.033925216229882e+02 -1.041127700949296e+03  8.017743583039899e+02	 1.999987434828654e-04 -1.998502557398751e-04 -1.998502557398751e-04	1.000000000000000e+00	0	0	48
49	 4.034624335790979e+02 -1.241197751114628e+03  1.202726015306441e+03	-1.286499900743365e-04  1.284619793295860e-04  1.286499900743365e-04	1.000000000000000e+00	0	0	49
50	 9.067670699708024e+02 -6.307933442815388e+02  1.094329260057064e+03	 4.503661766648293e-04 -4.495755129028112e-04 -4.495755129028112e-04	1.000000000000000e+00	0	0	50
51	 1.570474879696234e+03 -2.985722215730775e+02  1.426550382765525e+03	 1.022444193949923e-04 -1.022066426230595e-04 -1.022066426230595e-04	1.000000000000000e+00	0	0	51
52	-3.802341339832241e+01 -2.424054024448946e+02  7.668028618520162e+02	1.008517065201886e-04 1.008678154903464e-04 1.008517065201886e-04	1.000000000000000e+00	12	0	52
53	 2.488853392906462e+02  5.814390943438708e+02 -3.440533857386616e+02	4.433565482031554e-05 4.433565482031554e-05 4.433920548763126e-05	1.000000000000000e+00	12	0	53
54	 5.311411515500998e+02 -7.956094267975683e+02  7.505345940922498e+02	-2.139290154445916e-05 -2.055961158475839e-05 -2.055961158475839e-05	1.000000000000000e+00	12	0	54
55	 1.387379190800140e+03 -5.248049007559011e+02 -3.764258807212837e+02	8.768539373704698e-06 8.768539373704698e-06 8.770772183197550e-06	1.000000000000000e+00	12	0	55
56	 1.674555512272073e+03  2.993071022052532e+02 -1.487014561810319e+03	2.902185660786927e-04 2.900515682995319e-04 2.902185660786927e-04	1.000000000000000e+00	12	0	56
57	 1.104021541111590e+03  8.511343069477177e+02 -1.472123176271337e+03	-1.241368241608143e-03 -1.260302844457328e-03 -1.260302844457328e-03	1.000000000000000e+00	12	0	57
58	-9.759049345073761e+02  1.710787612352880e+02  8.988366241667357e+01	-2.206894423579797e-04  2.209370431955904e-04 -2.206894423579797e-04	1.000000000000000e+00	24	0	58
59	-5.439315341237188e+02  3.868922609041406e+02 -1.259299820354114e+02	-8.049039024626836e-05  8.049039024626836e-05 -8.059196261456236e-05	1.000000000000000e+00	24	0	59
60	-7.599262654991089e+02 -4.490009648123247e+01 -3.419245838758169e+02	-1.653968647588044e-04  1.651782949920744e-04 -1.651782949920744e-04	1.000000000000000e+00	24	0	60
61	 8.878748988652598e+01  3.846139321739243e+02 -7.714386125309737e+02	-7.559794001281261e-03  7.470737677067518e-03 -7.470737677067518e-03	1.000000000000000e+00	24	0	61
62	 1.173088178849221e+03  5.785925668871864e+02 -1.651309338026429e+03	-1.556226197862998e-04  1.553592446725816e-04 -1.556226197862998e-04	1.000000000000000e+00	24	0	62
63	 7.404977769331006e+02  3.633959377574643e+02 -1.436112587852262e+03	-1.003514509648085e-03  1.003514509648085e-03 -1.003158628009260e-03	1.000000000000000e+00	24	0	63
64	 9.577917911914251e+02  7.938919189630215e+02 -1.218821717086586e+03	 6.582839996553957e-04 -6.510199164040387e-04  6.510199164040387e-04	1.000000000000000e+00	24	0	64
65	 1.086935455136961e+02  3.647101952331113e+02 -7.896399933566761e+02	 7.496593985706568e-03 -7.576727308332920e-03  7.576727308332920e-03	1.000000000000000e+00	24	0	65
66	1.670618661317274e+03 2.023056119338733e+02 1.025895736096084e+03	 6.916540587553754e-05 -6.916540587553754e-05 -6.925283378222957e-05	1.000000000000000e+00	0	0	66
67	1.469966944862341e+03 1.024466501928979e+02 9.260366722746064e+02	-3.146341186948121e-04  3.149732365272939e-04  3.146341186948121e-04	1.000000000000000e+00	0	0	67
68	 9.986082299907225e+02 -6.429603415384222e+02  1.199941717714864e+03	-2.967772597912699e-04  2.971305511891842e-04  2.971305511891842e-04	1.000000000000000e+00	0	0	68
69	-9.720709140848702e+01 -1.341549779412061e+03  8.018630974739590e+02	 9.276733180740848e-05 -9.276733180740848e-05 -9.276135097024962e-05	1.000000000000000e+00	0	0	69
70	 3.063834337350642e+00 -1.141309930956063e+03  7.015921282972236e+02	 2.149902720702812e-04 -2.150895888917148e-04 -2.150895888917148e-04	1.000000000000000e+00	0	0	70
71	 1.031126335673307e+02 -1.541869504387879e+03  1.202565016523409e+03	 6.880043656565249e-05 -6.880043656565249e-05 -6.876022962387651e-05	1.000000000000000e+00	0	0	71
72	 3.033361776724471e+02 -1.441582256375230e+03  1.302852271213092e+03	-7.476050814148039e-05  7.470425043720752e-05  7.476050814148039e-05	1.000000000000000e+00	0	0	72
73	 7.752003175146665e+02 -6.966813584840406e+02  1.028441245854562e+03	 5.271065747365355e-04 -5.288781831040978e-04 -5.288781831040978e-04	1.000000000000000e+00	0	0	73
74	1.870895391003929e+03 2.028882247218241e+00 1.426640672571854e+03	-1.010373489407357e-05  1.010373489407357e-05  1.010654614219675e-05	1.000000000000000e+00	0	0	74
75	 1.770796720350494e+03 -1.983832476673051e+02  1.526739356671297e+03	 7.931621803436428e-05 -7.927983824629337e-05 -7.927983824629337e-05	1.000000000000000e+00	0	0	75
76	-1.275088827965990e+02 -6.342289249692146e+01  6.773173924537397e+02	1.027196849463508e-04 1.029866689350456e-04 1.027196849463508e-04	1.000000000000000e+00	12	0	76
77	1.567809704448980e+01 3.482318520977144e+02 1.216215638737417e+02	-2.443297416903079e-04 -2.443297416903079e-04 -2.450831234455109e-04	1.000000000000000e+00	12	0	77
78	 5.148804896215906e+01 -4.213617158612085e+02  8.563143242124977e+02	1.291087683057413e-04 1.293682871619239e-04 1.291087683057413e-04	1.000000000000000e+00	12	0	78
79	 3.360688814820007e+02 -6.979656923393322e+02  8.481783285504860e+02	6.574600411113352e-05 6.515347922686487e-05 6.515347922686487e-05	1.000000000000000e+00	12	0	79
80	 7.266468208447320e+02 -8.928205804340515e+02  6.533234404557667e+02	4.117997013963759e-04 4.120495868846774e-04 4.120495868846774e-04	1.000000000000000e+00	12	0	80
81	 1.154396179661086e+03 -7.577879118949554e+02  8.947360477886949e+01	-1.885079291241709e-05 -1.885079291241709e-05 -1.885887286334764e-05	1.000000000000000e+00	12	0	81
82	 1.620398186796697e+03 -2.917859047593442e+02 -8.422893716471541e+02	7.964214455569163e-05 7.964214455569163e-05 7.967850251588970e-05	1.000000000000000e+00	12	0	82
83	 1.763948655635288e+03  1.202323486216395e+02 -1.397621418447104e+03	1.747033966239542e-04 1.744833862176165e-04 1.747033966239542e-04	1.000000000000000e+00	12	0	83
84	 1.585053352657283e+03  4.782728737637742e+02 -1.576516721425109e+03	2.759335329756141e-04 2.758998016361147e-04 2.759335329756141e-04	1.000000000000000e+00	12	0	84
85	 1.300873271463522e+03  7.552771488574131e+02 -1.567980334361642e+03	6.521162576973438e-04 6.488522049039602e-04 6.488522049039602e-04	1.000000000000000e+00	12	0	85
86	 4.818576060580028e+02  8.144113611112274e+02 -8.099634477836032e+02	6.778831448173150e-05 6.778831448173150e-05 6.823387957410887e-05	1.000000000000000e+00	12	0	86
87	 9.111720620852459e+02  9.510015099909965e+02 -1.372255973228058e+03	1.539290766231716e-03 1.520547084510326e-03 1.520547084510326e-03	1.000000000000000e+00	12	0	87
88	-8.678069588075425e+02  3.868742346997590e+02  1.979816381165072e+02	-5.817253259010613e-05  5.829437941429205e-05 -5.817253259010613e-05	1.000000000000000e+00	24	0	88
89	-6.520364261162326e+02  4.949971528966543e+02  8.985867631127613e+01	-2.527004689909518e-04  2.527004689909518e-04 -2.526843454688787e-04	1.000000000000000e+00	24	0	89
90	-1.083912080699425e+03 -4.480774706670724e+01 -1.812348377537527e+01	-2.737771719694138e-04  2.736522583290935e-04 -2.737771719694138e-04	1.000000000000000e+00	24	0	90
91	-9.757771436820266e+02 -1.529426461263767e+02 -2.338820342306728e+02	-6.859550921944901e-05  6.856142863398418e-05 -6.856142863398418e-05	1.000000000000000e+00	24	0	91
92	 2.982922968680326e+02  4.903627146791677e+02 -8.771873950362170e+02	-7.842494174838066e-03  7.833064533770084e-03 -7.833064533770084e-03	1.000000000000000e+00	24	0	92
93	 1.064915314361939e+03  3.628722970770685e+02 -1.759482202513711e+03	-3.604272787924856e-04  3.613642475102097e-04 -3.604272787924856e-04	1.000000000000000e+00	24	0	93
94	 8.485128164416682e+02  2.553808982488967e+02 -1.651992089293857e+03	-9.413914522156119e-04  9.413914522156119e-04 -9.435774991288781e-04	1.000000000000000e+00	24	0	94
95	 1.280218780568818e+03  7.953508585249181e+02 -1.544178736306832e+03	-1.382702379487455e-03  1.369286910630763e-03 -1.382702379487455e-03	1.000000000000000e+00	24	0	95
96	 1.172724460453658e+03  9.028496908233278e+02 -1.327779488946892e+03	-5.537050310522318e-04  5.535085801966488e-04 -5.535085801966488e-04	1.000000000000000e+00	24	0	96
97	-1.024213473682713e+02  2.605951654631484e+02 -6.855249635867131e+02	 6.785940844565630e-03 -6.876353640109301e-03  6.876353640109301e-03	1.000000000000000e+00	24	0	97
98	-4.356056116311036e+02  2.785663384115254e+02 -3.414981311290040e+02	 3.600670315790921e-04 -3.600670315790921e-04  3.578581963665783e-04	1.000000000000000e+00	24	0	98
99	-5.441032033047125e+02  6.317034532026273e+01 -4.499950256773121e+02	-3.073160187341273e-04  3.066491626668721e-04 -3.066491626668721e-04	1.000000000000000e+00	24	0	99
100	-1.203674778713699e+02  2.785314032410273e+02 -6.653560835980767e+02	-6.778613198548555e-03  6.633049342781305e-03 -6.633049342781305e-03	1.000000000000000e+00	24	0	100
101	 7.353676554202929e+02 -7.746275696911262e+02  1.068274489562160e+03	-2.589699870441109e-04  2.586803457234055e-04  2.586803457234055e-04	1.000000000000000e+00	0	0	101
102	 4.036147921959025e+02 -9.408391434056978e+02  9.020629158475883e+02	 5.718733882531524e-05 -5.700497058569454e-05 -5.700497058569454e-05	1.000000000000000e+00	0	0	102
103	 5.034992432703987e+02 -1.040723652270287e+03  1.102689205615141e+03	-2.908444730564952e-04  2.908834430854768e-04  2.908444730564952e-04	1.000000000000000e+00	0	0	103
104	 6.326384606571931e+02  4.712552540333716e+02 -1.220074556163097e+03	-8.814350003376603e-04  8.814350003376603e-04 -8.698970777913928e-04	1.000000000000000e+00	24	0	104
105	 7.415200201758464e+02  6.862680255492803e+02 -1.111197823672845e+03	 2.803895040415227e-04 -2.773200976662338e-04  2.773200976662338e-04	1.000000000000000e+00	24	0	105
106	 3.194172137392565e+02  4.692784437935838e+02 -8.942082419171485e+02	 7.841714657843113e-03 -7.697299588471651e-03  7.697299588471651e-03	1.000000000000000e+00	24	0	106
107	 1.269706907260830e+03 -2.983152371318639e+02  1.126296709876117e+03	-2.168230857932940e-04  2.164299512514845e-04  2.168230857932940e-04	1.000000000000000e+00	0	0	107
108	 1.038317042966614e+03 -5.648894386885838e+02  1.160233165650019e+03	 3.344698052387685e-04 -3.334078064654022e-04 -3.334078064654022e-04	1.000000000000000e+00	0	0	108
109	 1.370163965726354e+03 -3.987721631176216e+02  1.326350441220981e+03	 1.398072054143995e-04 -1.398700696881860e-04 -1.398700696881860e-04	1.000000000000000e+00	0	0	109
110	-1.010444030835679e+02  2.315093519696566e+02  3.543406631777446e+02	-5.375290056690574e-04 -5.375290056690574e-04 -5.374242900870740e-04	1.000000000000000e+00	12	0	110
111	 1.037873102164462e+03 -8.743109893915794e+02  3.223918076525474e+02	-7.009506953181699e-05 -7.009506953181699e-05 -7.003013161011040e-05	1.000000000000000e+00	12	0	111
112	 1.736913386104174e+03 -1.752707054518673e+02 -1.075215426969677e+03	1.217075041495264e-04 1.217075041495264e-04 1.217333337990567e-04	1.000000000000000e+00	12	0	112
113	 5.988846474636949e+02  9.314384025169194e+02 -1.042375720284116e+03	7.383314077742398e-04 7.383314077742398e-04 7.434854633174837e-04	1.000000000000000e+00	12	0	113
114	 1.323878898863211e+02  4.649416449395457e+02 -1.111095859550620e+02	3.227510023862123e-05 3.227510023862123e-05 3.227046181564219e-05	1.000000000000000e+00	12	0	114
115	 3.653366582296763e+02  6.978904132829009e+02 -5.770433186527932e+02	-4.375941443868214e-06 -4.375941443868214e-06 -4.377789537102217e-06	1.000000000000000e+00	12	0	115
116	 1.270888469859930e+03 -6.412956216961109e+02 -1.434753523668202e+02	-4.081745828443673e-06 -4.081745828443673e-06 -4.082361101609422e-06	1.000000000000000e+00	12	0	116
117	 1.503881305261269e+03 -4.083027862947727e+02 -6.093650117685353e+02	3.532541086315177e-05 3.532541086315177e-05 3.533979543135501e-05	1.000000000000000e+00	12	0	117
0	-5.773502691896258e-01  5.773502691896258e-01  5.773502691896258e-01	-7.071067811865476e-01  3.124842898819631e-18 -7.071067811865476e-01	 1.198001808568474e+03 -5.294203851356715e-15  1.198001808568474e+03	1	0	0.000000000000000e+00	0.000000000000000e+00	0.000000000000000e+00
1	-5.773502691896258e-01  5.773502691896258e-01  5.773502691896258e-01	 0.000000000000000e+00  7.071067811865476e-01 -7.071067811865476e-01	 0.000000000000000e+00 -9.214510296266430e+02  9.214510296266430e+02	1	0	0.000000000000000e+00	0.000000000000000e+00	0.000000000000000e+00
2	-5.773502691896258e-01  5.773502691896258e-01  5.773502691896258e-01	 7.071067811865476e-01  7.071067811865476e-01 -3.124842898819631e-18	-7.193784354102739e+02 -7.193784354102739e+02  3.179073734356852e-15	1	0	0.000000000000000e+00	0.000000000000000e+00	0.000000000000000e+00
3	-5.773502691896258e-01  5.773502691896258e-01  5.773502691896258e-01	 7.071067811865476e-01 -3.124842898819631e-18  7.071067811865476e-01	 8.030942244427697e+02 -3.549030148066116e-15  8.030942244427697e+02	1	0	0.000000000000000e+00	0.000000000000000e+00	0.000000000000000e+00
4	-5.773502691896258e-01  5.773502691896258e-01  5.773502691896258e-01	 0.000000000000000e+00  7.071067811865476e-01 -7.071067811865476e-01	 0.000000000000000e+00 -8.625613021693013e+02  8.625613021693013e+02	1	0	0.000000000000000e+00	0.000000000000000e+00	0.000000000000000e+00
5	-5.773502691896258e-01  5.773502691896258e-01  5.773502691896258e-01	-7.071067811865476e-01 -7.071067811865476e-01  3.124842898819631e-18	 9.364621366255734e+02  9.364621366255734e+02 -4.138408986458117e-15	1	0	0.000000000000000e+00	0.000000000000000e+00	0.000000000000000e+00
6	 5.773502691896258e-01 -5.773502691896258e-01 -5.773502691896258e-01	0.000000000000000e+00 0.000000000000000e+00 0.000000000000000e+00	1.570392732195782e+03 3.025315410553647e+02 8.256108849411653e+02	1	1	0.000000000000000e+00	0.000000000000000e+00	0.000000000000000e+00
7	-5.773502691896258e-01 -5.773502691896258e-01 -5.773502691896258e-01	-7.071067811865476e-01  0.000000000000000e+00  7.071067811865476e-01	-4.024131376251693e+02  0.000000000000000e+00  4.024131376251693e+02	1	0	0.000000000000000e+00	0.000000000000000e+00	0.000000000000000e+00
8	-5.773502691896258e-01 -5.773502691896258e-01 -5.773502691896258e-01	 0.000000000000000e+00 -7.071067811865476e-01  7.071067811865476e-01	 0.000000000000000e+00 -7.730720104449091e+02  7.730720104449091e+02	1	0	0.000000000000000e+00	0.000000000000000e+00	0.000000000000000e+00
9	-5.773502691896258e-01 -5.773502691896258e-01 -5.773502691896258e-01	 7.071067811865476e-01 -7.071067811865476e-01  0.000000000000000e+00	 9.560920457780206e+02 -9.560920457780206e+02  0.000000000000000e+00	1	0	0.000000000000000e+00	0.000000000000000e+00	0.000000000000000e+00
10	-5.773502691896258e-01 -5.773502691896258e-01 -5.773502691896258e-01	 7.071067811865476e-01  0.000000000000000e+00 -7.071067811865476e-01	 1.580785037041196e+03  0.000000000000000e+00 -1.580785037041196e+03	1	0	0.000000000000000e+00	0.000000000000000e+00	0.000000000000000e+00
11	-5.773502691896258e-01 -5.773502691896258e-01 -5.773502691896258e-01	 0.000000000000000e+00  7.071067811865476e-01 -7.071067811865476e-01	 0.000000000000000e+00  1.161628741609527e+03 -1.161628741609527e+03	1	0	0.000000000000000e+00	0.000000000000000e+00	0.000000000000000e+00
12	-5.773502691896258e-01 -5.773502691896258e-01 -5.773502691896258e-01	-7.071067811865476e-01  7.071067811865476e-01  0.000000000000000e+00	-1.662768775266123e+02  1.662768775266123e+02  0.000000000000000e+00	1	0	0.000000000000000e+00	0.000000000000000e+00	0.000000000000000e+00
13	5.773502691896258e-01 5.773502691896258e-01 5.773502691896258e-01	0.000000000000000e+00 0.000000000000000e+00 0.000000000000000e+00	-2.170837012152994e+02  1.154700538379251e+02  5.877425740350395e+02	1	1	0.000000000000000e+00	0.000000000000000e+00	0.000000000000000e+00
14	-5.773502691896258e-01  5.773502691896258e-01 -5.773502691896258e-01	 7.071067811865476e-01  0.000000000000000e+00 -7.071067811865476e-01	-5.328942984620248e+02  0.000000000000000e+00  5.328942984620248e+02	1	0	0.000000000000000e+00	0.000000000000000e+00	0.000000000000000e+00
15	-5.773502691896258e-01  5.773502691896258e-01 -5.773502691896258e-01	-3.124842898819631e-18  7.071067811865476e-01  7.071067811865476e-01	 8.547268868455420e-16 -1.934123401785247e+02 -1.934123401785247e+02	1	0	0.000000000000000e+00	0.000000000000000e+00	0.000000000000000e+00
16	-5.773502691896258e-01  5.773502691896258e-01 -5.773502691896258e-01	 7.071067811865476e-01  7.071067811865476e-01 -3.124842898819631e-18	 5.519468573452824e+02  5.519468573452824e+02 -2.439160906938323e-15	1	0	0.000000000000000e+00	0.000000000000000e+00	0.000000000000000e+00
17	-5.773502691896258e-01  5.773502691896258e-01 -5.773502691896258e-01	-7.071067811865476e-01  0.000000000000000e+00  7.071067811865476e-01	 1.412198758437825e+03  0.000000000000000e+00 -1.412198758437825e+03	1	0	0.000000000000000e+00	0.000000000000000e+00	0.000000000000000e+00
18	-5.773502691896258e-01  5.773502691896258e-01 -5.773502691896258e-01	-3.124842898819631e-18  7.071067811865476e-01  7.071067811865476e-01	 9.389238637586849e-16 -2.124648990617823e+02 -2.124648990617823e+02	1	0	0.000000000000000e+00	0.000000000000000e+00	0.000000000000000e+00
19	-5.773502691896258e-01  5.773502691896258e-01 -5.773502691896258e-01	-7.071067811865476e-01 -7.071067811865476e-01  3.124842898819631e-18	-7.851963660978913e+01 -7.851963660978913e+01  3.469936018238618e-16	1	0	0.000000000000000e+00	0.000000000000000e+00	0.000000000000000e+00
20	 5.773502691896258e-01 -5.773502691896258e-01  5.773502691896258e-01	0.000000000000000e+00 0.000000000000000e+00 0.000000000000000e+00	-7.597929542535472e+02  6.027536810339691e+02  3.059956426705008e+02	1	1	0.000000000000000e+00	0.000000000000000e+00	0.000000000000000e+00
0	0	1	0
6	0	1	0
5	5	0	0
6	5	0	0
0	6	0	0
5	0	6	0
1	1	2	0
6	1	2	0
0	1	7	0
1	7	1	0
2	2	3	0
6	2	3	0
1	2	8	0
2	8	2	0
3	3	4	0
6	3	4	0
2	3	9	0
3	9	3	0
4	4	5	0
6	4	5	0
3	4	10	0
4	10	4	0
4	5	11	0
5	11	5	0
5	6	66	0
0	67	6	0
0	7	42	0
1	68	7	0
2	69	8	0
1	8	70	0
2	9	71	0
3	72	9	0
3	10	38	0
4	73	10	0
5	74	11	0
4	11	75	0
7	12	13	0
13	12	13	0
12	17	12	0
13	17	12	0
7	18	12	0
12	12	18	0
8	13	14	0
13	13	14	0
7	13	19	0
8	19	13	0
9	14	15	0
13	14	15	0
8	14	20	0
9	20	14	0
10	15	16	0
13	15	16	0
9	15	21	0
10	21	15	0
11	16	17	0
13	16	17	0
10	16	22	0
11	22	16	0
11	17	23	0
12	23	17	0
7	76	18	0
12	18	110	0
7	19	78	0
8	79	19	0
8	20	80	0
9	111	20	0
10	83	21	0
9	21	112	0
10	22	84	0
11	85	22	0
11	23	87	0
12	113	23	0
14	24	25	0
20	24	25	0
19	29	24	0
20	29	24	0
14	30	24	0
19	24	30	0
15	25	26	0
20	25	26	0
14	25	31	0
15	31	25	0
16	26	27	0
20	26	27	0
15	26	32	0
16	32	26	0
17	27	28	0
20	27	28	0
16	27	33	0
17	33	27	0
18	28	29	0
20	28	29	0
17	28	34	0
18	34	28	0
18	29	35	0
19	35	29	0
14	88	30	0
19	30	89	0
14	31	90	0
15	91	31	0
16	40	32	0
15	32	92	0
17	93	33	0
16	33	94	0
17	34	95	0
18	96	34	0
19	36	35	0
18	35	97	0
19	98	36	0
15	36	99	0
15	100	36	0
1	38	101	0
1	102	38	0
3	38	103	0
16	104	40	0
18	40	105	0
18	106	40	0
0	42	107	0
4	42	108	0
4	109	42	0
5	66	44	0
5	44	74	0
0	45	67	0
0	107	45	0
1	46	68	0
1	101	46	0
2	47	69	0
2	71	47	0
1	70	48	0
1	48	102	0
3	49	72	0
3	103	49	0
4	50	73	0
4	108	50	0
4	75	51	0
4	51	109	0
7	52	76	0
7	78	52	0
12	114	53	0
12	53	115	0
8	54	79	0
8	80	54	0
9	55	116	0
9	117	55	0
10	56	83	0
10	84	56	0
11	57	85	0
11	87	57	0
14	58	88	0
14	90	58	0
19	89	59	0
19	59	98	0
15	60	91	0
15	99	60	0
15	92	61	0
15	61	100	0
17	62	93	0
17	95	62	0
16	94	63	0
16	63	104	0
18	64	96	0
18	105	64	0
18	97	65	0
18	65	106	0
12	110	77	0
12	77	114	0
9	81	111	0
9	116	81	0
9	112	82	0
9	82	117	0
12	86	113	0
12	115	86	0
