114
21
172
0	1.570392732195782e+03 3.025315410553647e+02 8.256108849411653e+02	0.000000000000000e+00 0.000000000000000e+00 0.000000000000000e+00	1.000000000000000e+00	0	0	0
1	 1.130451827073287e+03 -5.773502691896260e+02  1.265551790063660e+03	0.000000000000000e+00 0.000000000000000e+00 0.000000000000000e+00	1.000000000000000e+00	0	0	1
2	-1.974537920628516e+02 -1.241303078757696e+03  6.015989804955904e+02	0.000000000000000e+00 0.000000000000000e+00 0.000000000000000e+00	1.000000000000000e+00	0	0	2
3	 2.032272947547480e+02 -1.641984165575296e+03  1.402961154130791e+03	0.000000000000000e+00 0.000000000000000e+00 0.000000000000000e+00	1.000000000000000e+00	0	0	3
4	 6.431681998772439e+02 -7.621023553303065e+02  9.630202490082960e+02	0.000000000000000e+00 0.000000000000000e+00 0.000000000000000e+00	1.000000000000000e+00	0	0	4
5	 1.971073819013383e+03 -9.814954576223676e+01  1.626973058576365e+03	0.000000000000000e+00 0.000000000000000e+00 0.000000000000000e+00	1.000000000000000e+00	0	0	5
6	1.569974345910277e+03 3.029499273408697e+02 8.260292712266703e+02	-1.156386497314088e-04  1.185117071145214e-04  1.143291447078809e-04	1.000000000000000e+00	0	0	6
7	 1.129336895308817e+03 -5.762353374251555e+02  1.266666721828131e+03	-5.276158141593138e-04  5.276158141593138e-04  5.276158141593138e-04	1.000000000000000e+00	0	0	7
8	-1.970368586488015e+02 -1.241720012171746e+03  6.011820470815403e+02	 1.101967282011174e-04 -1.107648567995057e-04 -1.107537464122288e-04	1.000000000000000e+00	0	0	8
9	 2.032236742627939e+02 -1.641980545083342e+03  1.402964774622745e+03	 2.148159637727076e-06 -2.346567725908244e-06 -1.944587438629242e-06	1.000000000000000e+00	0	0	9
10	 6.438826735815320e+02 -7.628168290345947e+02  9.623057753040079e+02	 4.323857234946142e-04 -4.323857234946142e-04 -4.323857234946142e-04	1.000000000000000e+00	0	0	10
11	 1.971172514555101e+03 -9.824824130395409e+01  1.626874363034648e+03	 3.064154225285165e-05 -3.045744051632937e-05 -3.040419323951937e-05	1.000000000000000e+00	0	0	11
12	-2.170837012152994e+02  1.154700538379251e+02  5.877425740350395e+02	0.000000000000000e+00 0.000000000000000e+00 0.000000000000000e+00	1.000000000000000e+00	12	0	12
13	 1.408734656822689e+02 -6.004442799572098e+02  9.456997409326077e+02	0.000000000000000e+00 0.000000000000000e+00 0.000000000000000e+00	1.000000000000000e+00	12	0	13
14	 9.214510296266424e+02 -9.907330619293978e+02  5.554109589604201e+02	0.000000000000000e+00 0.000000000000000e+00 0.000000000000000e+00	1.000000000000000e+00	12	0	14
15	 1.853294364098699e+03 -5.888972745734176e+01 -1.308275709983692e+03	0.000000000000000e+00 0.000000000000000e+00 0.000000000000000e+00	1.000000000000000e+00	12	0	15
16	 1.495337197201131e+03  6.570246063377946e+02 -1.666232876881260e+03	0.000000000000000e+00 0.000000000000000e+00 0.000000000000000e+00	1.000000000000000e+00	12	0	16
17	 7.147596332567570e+02  1.047313388309982e+03 -1.275944094909073e+03	0.000000000000000e+00 0.000000000000000e+00 0.000000000000000e+00	1.000000000000000e+00	12	0	17
18	-2.180122214746214e+02  1.145415335786032e+02  5.868140537757176e+02	-2.425587784576540e-04 -2.425587784576540e-04 -2.425587784576540e-04	1.000000000000000e+00	12	0	18
19	 1.422166245213397e+02 -5.991011211181391e+02  9.470428997716785e+02	3.466129128355533e-04 3.466129128355533e-04 3.466129128355533e-04	1.000000000000000e+00	12	0	19
20	 9.217411197620731e+02 -9.904429717939670e+02  5.557010490958509e+02	8.919394167605788e-05 8.585961040807888e-05 8.649028313811868e-05	1.000000000000000e+00	12	0	20
21	 1.853753677080055e+03 -5.843041447598574e+01 -1.307816397002336e+03	1.219212645082735e-04 1.217712997458875e-04 1.219237019540742e-04	1.000000000000000e+00	12	0	21
22	 1.496580095541092e+03  6.582675046777548e+02 -1.664989978541300e+03	3.361653264922401e-04 3.361653264922400e-04 3.361653264922400e-04	1.000000000000000e+00	12	0	22
23	 7.199079643185319e+02  1.052461719371757e+03 -1.270795763847298e+03	1.343873019019763e-03 1.343873019019763e-03 1.343873019019763e-03	1.000000000000000e+00	12	0	23
24	-7.597929542535472e+02  6.027536810339691e+02  3.059956426705008e+02	0.000000000000000e+00 0.000000000000000e+00 0.000000000000000e+00	1.000000000000000e+00	24	0	24
25	-1.191650955607388e+03 -2.609623216737101e+02 -1.258623586833382e+02	0.000000000000000e+00 0.000000000000000e+00 0.000000000000000e+00	1.000000000000000e+00	24	0	25
26	 5.126870390403868e+02  5.912066756501777e+02 -9.780313560072266e+02	0.000000000000000e+00 0.000000000000000e+00 0.000000000000000e+00	1.000000000000000e+00	24	0	26
27	 9.572467463163994e+02  1.466469683741651e+02 -1.867150770559250e+03	0.000000000000000e+00 0.000000000000000e+00 0.000000000000000e+00	1.000000000000000e+00	24	0	27
28	 1.389104747670240e+03  1.010362971081845e+03 -1.435292769205410e+03	0.000000000000000e+00 0.000000000000000e+00 0.000000000000000e+00	1.000000000000000e+00	24	0	28
29	-3.152332469775362e+02  1.581939737579582e+02 -5.831237718815206e+02	0.000000000000000e+00 0.000000000000000e+00 0.000000000000000e+00	1.000000000000000e+00	24	0	29
30	-7.600723334557475e+02  6.030330602361694e+02  3.057162634683005e+02	-7.443207141477615e-05  7.451153214788064e-05 -7.308876956813037e-05	1.000000000000000e+00	24	0	30
31	-1.192198342058340e+03 -2.604149352227576e+02 -1.264097451342907e+02	-1.477556070312858e-04  1.466714020352811e-04 -1.477057812735438e-04	1.000000000000000e+00	24	0	31
32	 5.021182239949296e+02  6.017754906956349e+02 -9.886001710526838e+02	-3.472382765418540e-04  3.472382765418539e-04 -3.472382765418540e-04	1.000000000000000e+00	24	0	32
33	 9.550911508753999e+02  1.488025638151646e+02 -1.869306366000249e+03	-5.832447398764392e-04  5.832447398764392e-04 -5.832447398764392e-04	1.000000000000000e+00	24	0	33
34	 1.385009801747035e+03  1.014457917005050e+03 -1.439387715128614e+03	-1.114368050669630e-03  1.114368050669630e-03 -1.114368050669630e-03	1.000000000000000e+00	24	0	34
35	-3.054670261075573e+02  1.484277528879793e+02 -5.733575510115418e+02	 4.516137617732360e-04 -4.516137617732360e-04  4.516137617732359e-04	1.000000000000000e+00	24	0	35
36	-3.302771620421788e+02  1.732378888226008e+02 -5.600625691796484e+02	-4.395542418933474e-05  1.795853131625336e-05  2.049681788776070e-04	1.000000000000000e+00	24	0	36
38	 6.031063277953247e+02 -8.398199381630714e+02  1.003082121090215e+03	-2.524472462634246e-04  2.524472462634246e-04  2.524472462634246e-04	1.000000000000000e+00	0	0	38
40	 5.281443745507793e+02  5.757493401397855e+02 -1.000679138263350e+03	 2.603865368655534e-06  2.095768468279857e-05 -1.645296288188547e-04	1.000000000000000e+00	24	0	40
42	 1.169965737086712e+03 -4.990847242883671e+02  1.226037880050235e+03	 1.180202962132171e-04 -1.047035038936883e-04 -1.098231878131628e-04	1.000000000000000e+00	0	0	42
44	1.770802728596911e+03 1.021215446542360e+02 1.226222615628801e+03	 2.009553281823173e-05 -2.009553281823173e-05 -2.004036832659040e-05	1.000000000000000e+00	0	0	44
45	 1.368997467306248e+03 -9.709627347237625e+01  1.027006149830699e+03	-2.919402613770217e-04  2.911508781835437e-04  2.919402613770217e-04	1.000000000000000e+00	0	0	45
46	 8.651151408851523e+02 -7.069234239389393e+02  1.135978635314347e+03	-9.837489342316985e-04  9.819106198847294e-04  9.819106198847294e-04	1.000000000000000e+00	0	0	46
47	 3.253997060335716e+00 -1.442010867880884e+03  1.001912925776801e+03	 9.803591819945723e-05 -9.803591819945723e-05 -9.798530663829297e-05	1.000000000000000e+00	0	0	47
48	 2.039602350871911e+02 -1.041694263428353e+03  8.012077958249336e+02	 1.874766312539577e-04 -1.868529943749309e-04 -1.868529943749309e-04	1.000000000000000e+00	0	0	48
49	 4.030859137480550e+02 -1.240822749852249e+03  1.203102535137484e+03	-1.281787990592420e-04  1.273352390853688e-04  1.281787990592420e-04	1.000000000000000e+00	0	0	49
50	 9.088856131781276e+02 -6.328999562767981e+02  1.092222648061804e+03	 1.084157382138073e-03 -1.074680942110717e-03 -1.074680942110717e-03	1.000000000000000e+00	0	0	50
51	 1.570797131339696e+03 -2.988941145320341e+02  1.426228489806568e+03	 1.182262640213594e-04 -1.180045437649824e-04 -1.180045437649824e-04	1.000000000000000e+00	0	0	51
52	-3.771590446599043e+01 -2.420977008334470e+02  7.671103707843482e+02	1.093848622986116e-04 1.095150510082021e-04 1.093848622986116e-04	1.000000000000000e+00	12	0	52
53	 2.489455066609794e+02  5.814992617142040e+02 -3.439931654999307e+02	1.352878371108091e-05 1.352878371108091e-05 1.356151278741891e-05	1.000000000000000e+00	12	0	53
54	 5.311230731908801e+02 -7.956207267668777e+02  7.505232941229405e+02	7.828906745999120e-06 1.159637395176105e-05 1.159637395176105e-05	1.000000000000000e+00	12	0	54
55	 1.387411093917060e+03 -5.247729976389810e+02 -3.763939550774467e+02	1.187119414680637e-05 1.187119414680637e-05 1.188452824862907e-05	1.000000000000000e+00	12	0	55
56	 1.675380914510712e+03  3.001311888474661e+02 -1.486189159571680e+03	2.728963445406407e-04 2.721758501138538e-04 2.728963445406407e-04	1.000000000000000e+00	12	0	56
57	 1.100784742480796e+03  8.477642646095653e+02 -1.475493218609490e+03	-9.532191907055676e-04 -1.023126766085625e-03 -1.023126766085625e-03	1.000000000000000e+00	12	0	57
58	-9.765262291255237e+02  1.717019881221215e+02  8.926236779852591e+01	-2.043382701231167e-04  2.053909265669063e-04 -2.043382701231167e-04	1.000000000000000e+00	24	0	58
59	-5.441506939095443e+02  3.871114206899661e+02 -1.261498037594043e+02	-6.892325473017991e-05  6.892325473017991e-05 -6.922822649357840e-05	1.000000000000000e+00	24	0	59
60	-7.604452818070040e+02 -4.438336362180723e+01 -3.424413167352422e+02	-1.861497876234353e-04  1.847365056164563e-04 -1.847365056164563e-04	1.000000000000000e+00	24	0	60
61	 8.424320837079236e+01  3.891110965629943e+02 -7.759357769200437e+02	 1.143168719863752e-05 -1.171966505353339e-05  1.171966505353339e-05	1.000000000000000e+00	24	0	61
62	 1.172373171427238e+03  5.792959584171117e+02 -1.652024345448412e+03	-3.078565350733697e-04  2.993258531205356e-04 -3.078565350733697e-04	1.000000000000000e+00	24	0	62
63	 7.375309620776377e+02  3.663627526129271e+02 -1.439076842304527e+03	-1.022059936076403e-03  1.022059936076403e-03 -1.020767260342836e-03	1.000000000000000e+00	24	0	63
64	 9.596416610248111e+02  7.920983486040750e+02 -1.217028146727640e+03	 6.033002864569426e-04 -5.728958058170974e-04  5.728958058170974e-04	1.000000000000000e+00	24	0	64
65	 1.133717557528842e+02  3.599928345544586e+02 -7.849226326780233e+02	 7.520763028878719e-05 -7.500970241380855e-05  7.500970241380855e-05	1.000000000000000e+00	24	0	65
66	1.670830862743683e+03 2.020934105074637e+02 1.025682694807771e+03	 7.560758967883885e-05 -7.560758967883885e-05 -7.612536865053698e-05	1.000000000000000e+00	0	0	66
67	1.469017307354292e+03 1.033992899613801e+02 9.269863097826553e+02	-3.337199741508812e-04  3.354889922775328e-04  3.337199741508812e-04	1.000000000000000e+00	0	0	67
68	 9.970523457756149e+02 -6.413954024935115e+02  1.201506656759775e+03	-8.437933865934610e-04  8.526390301994979e-04  8.526390301994979e-04	1.000000000000000e+00	0	0	68
69	-9.693977342774086e+01 -1.341817097392807e+03  8.015958219302356e+02	 8.970895578386262e-05 -8.970895578386262e-05 -8.968755719251931e-05	1.000000000000000e+00	0	0	69
70	 3.680894525860282e+00 -1.141927757320590e+03  7.009743019326966e+02	 2.062278217636049e-04 -2.066409942926839e-04 -2.066409942926839e-04	1.000000000000000e+00	0	0	70
71	 1.033233505892477e+02 -1.542080221409796e+03  1.202354646292673e+03	 7.504018867621198e-05 -7.504018867621198e-05 -7.483914669137448e-05	1.000000000000000e+00	0	0	71
72	 3.031191003168117e+02 -1.441365639544376e+03  1.303069348568728e+03	-7.328581705223769e-05  7.302780431928113e-05  7.328581705223769e-05	1.000000000000000e+00	0	0	72
73	 7.774291488170993e+02 -6.989355612801287e+02  1.026187043058474e+03	 1.071117003448308e-03 -1.091347308829427e-03 -1.091347308829427e-03	1.000000000000000e+00	0	0	73
74	1.870864918156394e+03 2.059355094753105e+00 1.426671175987175e+03	-1.078703280654736e-05  1.078703280654736e-05  1.080719994206447e-05	1.000000000000000e+00	0	0	74
75	 1.771050222626434e+03 -1.986364055245140e+02  1.526486198814089e+03	 9.404306183569133e-05 -9.383155702380463e-05 -9.383155702380463e-05	1.000000000000000e+00	0	0	75
76	-1.272260639903213e+02 -6.313800862173263e+01  6.776002112600173e+02	9.164774382952601e-05 9.277508797822520e-05 9.164774382952601e-05	1.000000000000000e+00	12	0	76
77	1.495553630246384e+01 3.475092913556884e+02 1.208929000306166e+02	-2.475267392583191e-04 -2.475267392583191e-04 -2.509180922061205e-04	1.000000000000000e+00	12	0	77
78	 5.189036586438473e+01 -4.209572240300674e+02  8.567166411147234e+02	1.452248834539205e-04 1.464605884393677e-04 1.452248834539205e-04	1.000000000000000e+00	12	0	78
79	 3.363011984533352e+02 -6.977382562409020e+02  8.484057646489161e+02	9.317133662989363e-05 9.042514284374192e-05 9.042514284374192e-05	1.000000000000000e+00	12	0	79
80	 7.278133864510444e+02 -8.916522192876120e+02  6.544918016022062e+02	3.843942540697753e-04 3.853075322695076e-04 3.853075322695076e-04	1.000000000000000e+00	12	0	80
81	 1.154344261087845e+03 -7.578398304681964e+02  8.942162650264552e+01	-1.706920374999754e-05 -1.706920374999754e-05 -1.710077049210668e-05	1.000000000000000e+00	12	0	81
82	 1.620635843588544e+03 -2.915482479674970e+02 -8.420514164804650e+02	8.146110485540703e-05 8.146110485540703e-05 8.162724407156929e-05	1.000000000000000e+00	12	0	82
83	 1.764453698060703e+03  1.207356823797366e+02 -1.397116376021689e+03	1.693315716693178e-04 1.684077287791297e-04 1.693315716693178e-04	1.000000000000000e+00	12	0	83
84	 1.585854467378303e+03  4.790735950010064e+02 -1.575715606704089e+03	2.706900704652071e-04 2.704292419366539e-04 2.706900704652071e-04	1.000000000000000e+00	12	0	84
85	 1.302391324354040e+03  7.567516264261999e+02 -1.566505856792855e+03	5.142064765095711e-04 4.912296426482499e-04 4.912296426482499e-04	1.000000000000000e+00	12	0	85
86	 4.820537799820825e+02  8.146075350353070e+02 -8.097629886309030e+02	7.354411354754120e-05 7.354411354754120e-05 7.609002204844728e-05	1.000000000000000e+00	12	0	86
87	 9.155840640512790e+02  9.552692186273512e+02 -1.367988264591704e+03	1.475028577260673e-03 1.397536718286574e-03 1.397536718286574e-03	1.000000000000000e+00	12	0	87
88	-8.679583665063012e+02  3.870266067988834e+02  1.978302304177485e+02	-4.630590410670266e-05  4.683866427512839e-05 -4.630590410670266e-05	1.000000000000000e+00	24	0	88
89	-6.527646700312766e+02  4.957253968116983e+02  8.913059082706596e+01	-2.445547434035689e-04  2.445547434035689e-04 -2.444568381179124e-04	1.000000000000000e+00	24	0	89
90	-1.084697961081627e+03 -4.402281894228014e+01 -1.890936415757709e+01	-2.630240342114121e-04  2.625134657137096e-04 -2.630240342114121e-04	1.000000000000000e+00	24	0	90
91	-9.759967958070782e+02 -1.527233314779925e+02 -2.341013488790569e+02	-8.069528121268377e-05  8.048673043958843e-05 -8.048673043958843e-05	1.000000000000000e+00	24	0	91
92	 2.931695633822495e+02  4.954639981699855e+02 -8.822886785270349e+02	-1.360561873298138e-04  1.337737776339054e-04 -1.337737776339054e-04	1.000000000000000e+00	24	0	92
93	 1.063858240637134e+03  3.639360115941161e+02 -1.760539276238516e+03	-3.609779814723879e-04  3.644207026809454e-04 -3.609779814723879e-04	1.000000000000000e+00	24	0	93
94	 8.457325143106435e+02  2.581612003799213e+02 -1.654790623015335e+03	-9.562415070831776e-04  9.562415070831776e-04 -9.665960096754134e-04	1.000000000000000e+00	24	0	94
95	 1.275979631061799e+03  7.994820809919727e+02 -1.548417885813851e+03	-1.337881782092154e-03  1.289067673496902e-03 -1.337881782092154e-03	1.000000000000000e+00	24	0	95
96	 1.171091580892903e+03  9.044786032927582e+02 -1.329408401416323e+03	-5.615741247311234e-04  5.584757309406996e-04 -5.584757309406996e-04	1.000000000000000e+00	24	0	96
97	-9.642277354986723e+01  2.545428658128497e+02 -6.794726639364144e+02	 1.419620530214161e-04 -1.388957898598164e-04  1.388957898598164e-04	1.000000000000000e+00	24	0	97
98	-4.345458547653205e+02  2.775065815457422e+02 -3.404664820496847e+02	 3.635505272541195e-04 -3.635505272541195e-04  3.503730986267328e-04	1.000000000000000e+00	24	0	98
99	-5.451830988047770e+02  6.423726811761867e+01 -4.510619484746682e+02	-3.927759826183319e-04  3.879089490510523e-04 -3.879089490510523e-04	1.000000000000000e+00	24	0	99
100	-1.262892477446349e+02  2.841922790261275e+02 -6.710169593831769e+02	 1.016724581859307e-05 -2.840722845576238e-05  2.840722845576238e-05	1.000000000000000e+00	24	0	100
101	 7.339269998015324e+02 -7.731970646161581e+02  1.069704994637128e+03	-8.023778791539371e-04  7.915115565992892e-04  7.915115565992892e-04	1.000000000000000e+00	0	0	101
102	 4.037756239615053e+02 -9.409984685102102e+02  9.019035907430759e+02	 5.102829891256988e-05 -5.018766387365758e-05 -5.018766387365758e-05	1.000000000000000e+00	0	0	102
103	 5.026574629235222e+02 -1.039881713243448e+03  1.103530985962017e+03	-2.836024505086243e-04  2.836023049894720e-04  2.836024505086243e-04	1.000000000000000e+00	0	0	103
104	 6.299658725192252e+02  4.739278421713396e+02 -1.222657712108971e+03	-9.431010694243014e-04  9.431010694243014e-04 -8.992975344881415e-04	1.000000000000000e+00	24	0	104
105	 7.425775714817912e+02  6.852315608216802e+02 -1.110161358945245e+03	 4.051164723932743e-04 -3.985892108175904e-04  3.985892108175904e-04	1.000000000000000e+00	24	0	105
106	 3.243776228535675e+02  4.645262354223085e+02 -8.894560335458732e+02	 1.200201586470939e-05  7.842506420274731e-06 -7.842506420274731e-06	1.000000000000000e+00	24	0	106
107	 1.269039002929103e+03 -2.976510228173494e+02  1.126964614207845e+03	-2.393901231698692e-04  2.371195732848719e-04  2.393901231698692e-04	1.000000000000000e+00	0	0	107
108	 1.039939179127403e+03 -5.664897544856392e+02  1.158632849852963e+03	 8.509953622706234e-04 -8.310318225994706e-04 -8.310318225994706e-04	1.000000000000000e+00	0	0	108
109	 1.370613171064494e+03 -3.992219106063246e+02  1.325900693732278e+03	 1.685363968135789e-04 -1.688398479018360e-04 -1.688398479018360e-04	1.000000000000000e+00	0	0	109
110	-1.025996336903227e+02  2.299541213629019e+02  3.527863915986648e+02	-5.237006116658449e-04 -5.237006116658449e-04 -5.231301765888929e-04	1.000000000000000e+00	12	0	110
111	 1.037682604578417e+03 -8.745014869776246e+02  3.222018279161561e+02	-6.004025999573059e-05 -6.004025999573059e-05 -5.975583553663455e-05	1.000000000000000e+00	12	0	111
112	 1.737270648016271e+03 -1.749134435397704e+02 -1.074857958729772e+03	1.213210343848914e-04 1.213210343848914e-04 1.214346702909097e-04	1.000000000000000e+00	12	0	112
113	 6.010309894656667e+02  9.335847445188912e+02 -1.040188120983302e+03	7.235188386403024e-04 7.235188386403024e-04 7.462552166543901e-04	1.000000000000000e+00	12	0	113
114	 1.324485791645627e+02  4.650023342177873e+02 -1.110490979856728e+02	1.391530258842977e-05 1.391530258842977e-05 1.376760883431416e-05	1.000000000000000e+00	12	0	114
115	 3.652024907455985e+02  6.977562457988231e+02 -5.771775967460114e+02	-5.331651846063323e-05 -5.331651846063323e-05 -5.339484050637111e-05	1.000000000000000e+00	12	0	115
116	 1.270881116884828e+03 -6.413029746712136e+02 -1.434827083809976e+02	-1.806064801712637e-06 -1.806064801712637e-06 -1.807445983104117e-06	1.000000000000000e+00	12	0	116
117	 1.503991307790356e+03 -4.081927837656856e+02 -6.092548849699994e+02	3.852277222904377e-05 3.852277222904377e-05 3.859326170640998e-05	1.000000000000000e+00	12	0	117
0	-5.773502691896258e-01  5.773502691896258e-01  5.773502691896258e-01	-7.071067811865476e-01  3.124842898819631e-18 -7.071067811865476e-01	 1.198001808568474e+03 -5.294203851356715e-15  1.198001808568474e+03	1	0	0.000000000000000e+00	0.000000000000000e+00	0.000000000000000e+00
1	-5.773502691896258e-01  5.773502691896258e-01  5.773502691896258e-01	 0.000000000000000e+00  7.071067811865476e-01 -7.071067811865476e-01	 0.000000000000000e+00 -9.214510296266430e+02  9.214510296266430e+02	1	0	0.000000000000000e+00	0.000000000000000e+00	0.000000000000000e+00
2	-5.773502691896258e-01  5.773502691896258e-01  5.773502691896258e-01	 7.071067811865476e-01  7.071067811865476e-01 -3.124842898819631e-18	-7.193784354102739e+02 -7.193784354102739e+02  3.179073734356852e-15	1	0	0.000000000000000e+00	0.000000000000000e+00	0.000000000000000e+00
3	-5.773502691896258e-01  5.773502691896258e-01  5.773502691896258e-01	 7.071067811865476e-01 -3.124842898819631e-18  7.071067811865476e-01	 8.030942244427697e+02 -3.549030148066116e-15  8.030942244427697e+02	1	0	0.000000000000000e+00	0.000000000000000e+00	0.000000000000000e+00
4	-5.773502691896258e-01  5.773502691896258e-01  5.773502691896258e-01	 0.000000000000000e+00  7.071067811865476e-01 -7.071067811865476e-01	 0.000000000000000e+00 -8.625613021693013e+02  8.625613021693013e+02	1	0	0.000000000000000e+00	0.000000000000000e+00	0.000000000000000e+00
5	-5.773502691896258e-01  5.773502691896258e-01  5.773502691896258e-01	-7.071067811865476e-01 -7.071067811865476e-01  3.124842898819631e-18	 9.364621366255734e+02  9.364621366255734e+02 -4.138408986458117e-15	1	0	0.000000000000000e+00	0.000000000000000e+00	0.000000000000000e+00
6	 5.773502691896258e-01 -5.773502691896258e-01 -5.773502691896258e-01	0.000000000000000e+00 0.000000000000000e+00 0.000000000000000e+00	1.570392732195782e+03 3.025315410553647e+02 8.256108849411653e+02	1	1	0.000000000000000e+00	0.000000000000000e+00	0.000000000000000e+00
7	-5.773502691896258e-01 -5.773502691896258e-01 -5.773502691896258e-01	-7.071067811865476e-01  0.000000000000000e+00  7.071067811865476e-01	-4.024131376251693e+02  0.000000000000000e+00  4.024131376251693e+02	1	0	0.000000000000000e+00	0.000000000000000e+00	0.000000000000000e+00
8	-5.773502691896258e-01 -5.773502691896258e-01 -5.773502691896258e-01	 0.000000000000000e+00 -7.071067811865476e-01  7.071067811865476e-01	 0.000000000000000e+00 -7.730720104449091e+02  7.730720104449091e+02	1	0	0.000000000000000e+00	0.000000000000000e+00	0.000000000000000e+00
9	-5.773502691896258e-01 -5.773502691896258e-01 -5.773502691896258e-01	 7.071067811865476e-01 -7.071067811865476e-01  0.000000000000000e+00	 9.560920457780206e+02 -9.560920457780206e+02  0.000000000000000e+00	1	0	0.000000000000000e+00	0.000000000000000e+00	0.000000000000000e+00
10	-5.773502691896258e-01 -5.773502691896258e-01 -5.773502691896258e-01	 7.071067811865476e-01  0.000000000000000e+00 -7.071067811865476e-01	 1.580785037041196e+03  0.000000000000000e+00 -1.580785037041196e+03	1	0	0.000000000000000e+00	0.000000000000000e+00	0.000000000000000e+00
11	-5.773502691896258e-01 -5.773502691896258e-01 -5.773502691896258e-01	 0.000000000000000e+00  7.071067811865476e-01 -7.071067811865476e-01	 0.000000000000000e+00  1.161628741609527e+03 -1.161628741609527e+03	1	0	0.000000000000000e+00	0.000000000000000e+00	0.000000000000000e+00
12	-5.773502691896258e-01 -5.773502691896258e-01 -5.773502691896258e-01	-7.071067811865476e-01  7.071067811865476e-01  0.000000000000000e+00	-1.662768775266123e+02  1.662768775266123e+02  0.000000000000000e+00	1	0	0.000000000000000e+00	0.000000000000000e+00	0.000000000000000e+00
13	5.773502691896258e-01 5.773502691896258e-01 5.773502691896258e-01	0.000000000000000e+00 0.000000000000000e+00 0.000000000000000e+00	-2.170837012152994e+02  1.154700538379251e+02  5.877425740350395e+02	1	1	0.000000000000000e+00	0.000000000000000e+00	0.000000000000000e+00
14	-5.773502691896258e-01  5.773502691896258e-01 -5.773502691896258e-01	 7.071067811865476e-01  0.000000000000000e+00 -7.071067811865476e-01	-5.328942984620248e+02  0.000000000000000e+00  5.328942984620248e+02	1	0	0.000000000000000e+00	0.000000000000000e+00	0.000000000000000e+00
15	-5.773502691896258e-01  5.773502691896258e-01 -5.773502691896258e-01	-3.124842898819631e-18  7.071067811865476e-01  7.071067811865476e-01	 8.547268868455420e-16 -1.934123401785247e+02 -1.934123401785247e+02	1	0	0.000000000000000e+00	0.000000000000000e+00	0.000000000000000e+00
16	-5.773502691896258e-01  5.773502691896258e-01 -5.773502691896258e-01	 7.071067811865476e-01  7.071067811865476e-01 -3.124842898819631e-18	 5.519468573452824e+02  5.519468573452824e+02 -2.439160906938323e-15	1	0	0.000000000000000e+00	0.000000000000000e+00	0.000000000000000e+00
17	-5.773502691896258e-01  5.773502691896258e-01 -5.773502691896258e-01	-7.071067811865476e-01  0.000000000000000e+00  7.071067811865476e-01	 1.412198758437825e+03  0.000000000000000e+00 -1.412198758437825e+03	1	0	0.000000000000000e+00	0.000000000000000e+00	0.000000000000000e+00
18	-5.773502691896258e-01  5.773502691896258e-01 -5.773502691896258e-01	-3.124842898819631e-18  7.071067811865476e-01  7.071067811865476e-01	 9.389238637586849e-16 -2.124648990617823e+02 -2.124648990617823e+02	1	0	0.000000000000000e+00	0.000000000000000e+00	0.000000000000000e+00
19	-5.773502691896258e-01  5.773502691896258e-01 -5.773502691896258e-01	-7.071067811865476e-01 -7.071067811865476e-01  3.124842898819631e-18	-7.851963660978913e+01 -7.851963660978913e+01  3.469936018238618e-16	1	0	0.000000000000000e+00	0.000000000000000e+00	0.000000000000000e+00
20	 5.773502691896258e-01 -5.773502691896258e-01  5.773502691896258e-01	0.000000000000000e+00 0.000000000000000e+00 0.000000000000000e+00	-7.597929542535472e+02  6.027536810339691e+02  3.059956426705008e+02	1	1	0.000000000000000e+00	0.000000000000000e+00	0.000000000000000e+00
0	0	1	0
6	0	1	0
5	5	0	0
6	5	0	0
0	6	0	0
5	0	6	0
1	1	2	0
6	1	2	0
0	1	7	0
1	7	1	0
2	2	3	0
6	2	3	0
1	2	8	0
2	8	2	0
3	3	4	0
6	3	4	0
2	3	9	0
3	9	3	0
4	4	5	0
6	4	5	0
3	4	10	0
4	10	4	0
4	5	11	0
5	11	5	0
5	6	66	0
0	67	6	0
0	7	42	0
1	68	7	0
2	69	8	0
1	8	70	0
2	9	71	0
3	72	9	0
3	10	38	0
4	73	10	0
5	74	11	0
4	11	75	0
7	12	13	0
13	12	13	0
12	17	12	0
13	17	12	0
7	18	12	0
12	12	18	0
8	13	14	0
13	13	14	0
7	13	19	0
8	19	13	0
9	14	15	0
13	14	15	0
8	14	20	0
9	20	14	0
10	15	16	0
13	15	16	0
9	15	21	0
10	21	15	0
11	16	17	0
13	16	17	0
10	16	22	0
11	22	16	0
11	17	23	0
12	23	17	0
7	76	18	0
12	18	110	0
7	19	78	0
8	79	19	0
8	20	80	0
9	111	20	0
10	83	21	0
9	21	112	0
10	22	84	0
11	85	22	0
11	23	87	0
12	113	23	0
14	24	25	0
20	24	25	0
19	29	24	0
20	29	24	0
14	30	24	0
19	24	30	0
15	25	26	0
20	25	26	0
14	25	31	0
15	31	25	0
16	26	27	0
20	26	27	0
15	26	32	0
16	32	26	0
17	27	28	0
20	27	28	0
16	27	33	0
17	33	27	0
18	28	29	0
20	28	29	0
17	28	34	0
18	34	28	0
18	29	35	0
19	35	29	0
14	88	30	0
19	30	89	0
14	31	90	0
15	91	31	0
16	40	32	0
15	32	92	0
17	93	33	0
16	33	94	0
17	34	95	0
18	96	34	0
19	36	35	0
18	35	97	0
19	98	36	0
15	36	99	0
15	100	36	0
1	38	101	0
1	102	38	0
3	38	103	0
16	104	40	0
18	40	105	0
18	106	40	0
0	42	107	0
4	42	108	0
4	109	42	0
5	66	44	0
5	44	74	0
0	45	67	0
0	107	45	0
1	46	68	0
1	101	46	0
2	47	69	0
2	71	47	0
1	70	48	0
1	48	102	0
3	49	72	0
3	103	49	0
4	50	73	0
4	108	50	0
4	75	51	0
4	51	109	0
7	52	76	0
7	78	52	0
12	114	53	0
12	53	115	0
8	54	79	0
8	80	54	0
9	55	116	0
9	117	55	0
10	56	83	0
10	84	56	0
11	57	85	0
11	87	57	0
14	58	88	0
14	90	58	0
19	89	59	0
19	59	98	0
15	60	91	0
15	99	60	0
15	92	61	0
15	61	100	0
17	62	93	0
17	95	62	0
16	94	63	0
16	63	104	0
18	64	96	0
18	105	64	0
18	97	65	0
18	65	106	0
12	110	77	0
12	77	114	0
9	81	111	0
9	116	81	0
9	112	82	0
9	82	117	0
12	86	113	0
12	115	86	0
