114
21
172
0	1.570392732195782e+03 3.025315410553647e+02 8.256108849411653e+02	0.000000000000000e+00 0.000000000000000e+00 0.000000000000000e+00	1.000000000000000e+00	0	0	0
1	 1.130451827073287e+03 -5.773502691896260e+02  1.265551790063660e+03	0.000000000000000e+00 0.000000000000000e+00 0.000000000000000e+00	1.000000000000000e+00	0	0	1
2	-1.974537920628516e+02 -1.241303078757696e+03  6.015989804955904e+02	0.000000000000000e+00 0.000000000000000e+00 0.000000000000000e+00	1.000000000000000e+00	0	0	2
3	 2.032272947547480e+02 -1.641984165575296e+03  1.402961154130791e+03	0.000000000000000e+00 0.000000000000000e+00 0.000000000000000e+00	1.000000000000000e+00	0	0	3
4	 6.431681998772439e+02 -7.621023553303065e+02  9.630202490082960e+02	0.000000000000000e+00 0.000000000000000e+00 0.000000000000000e+00	1.000000000000000e+00	0	0	4
5	 1.971073819013383e+03 -9.814954576223676e+01  1.626973058576365e+03	0.000000000000000e+00 0.000000000000000e+00 0.000000000000000e+00	1.000000000000000e+00	0	0	5
6	1.569605595208311e+03 3.033186780428354e+02 8.263980219286360e+02	-1.230910711456090e-04  1.300078001804650e-04  1.194307697005570e-04	1.000000000000000e+00	0	0	6
7	 1.126678767890565e+03 -5.735772100069038e+02  1.269324849246382e+03	-1.260778944318493e-03  1.260778944318493e-03  1.260778944318493e-03	1.000000000000000e+00	0	0	7
8	-1.966995468041865e+02 -1.242057324016361e+03  6.008447352369253e+02	 1.083276292774826e-04 -1.094521794584580e-04 -1.094620602088980e-04	1.000000000000000e+00	0	0	8
9	 2.032385499825155e+02 -1.641995420803063e+03  1.402949898903023e+03	 7.643727258255240e-06 -8.149050700012594e-06 -7.097232355590677e-06	1.000000000000000e+00	0	0	9
10	 6.462790667790737e+02 -7.652132222321363e+02  9.599093821064662e+02	 1.182237523607910e-03 -1.182237523607910e-03 -1.182237523607910e-03	1.000000000000000e+00	0	0	10
11	 1.971277017664277e+03 -9.835274441313041e+01  1.626769859925472e+03	 3.801066122832708e-05 -3.750061659957282e-05 -3.732606637640856e-05	1.000000000000000e+00	0	0	11
12	-2.170837012152994e+02  1.154700538379251e+02  5.877425740350395e+02	0.000000000000000e+00 0.000000000000000e+00 0.000000000000000e+00	1.000000000000000e+00	12	0	12
13	 1.408734656822689e+02 -6.004442799572098e+02  9.456997409326077e+02	0.000000000000000e+00 0.000000000000000e+00 0.000000000000000e+00	1.000000000000000e+00	12	0	13
14	 9.214510296266424e+02 -9.907330619293978e+02  5.554109589604201e+02	0.000000000000000e+00 0.000000000000000e+00 0.000000000000000e+00	1.000000000000000e+00	12	0	14
15	 1.853294364098699e+03 -5.888972745734176e+01 -1.308275709983692e+03	0.000000000000000e+00 0.000000000000000e+00 0.000000000000000e+00	1.000000000000000e+00	12	0	15
16	 1.495337197201131e+03  6.570246063377946e+02 -1.666232876881260e+03	0.000000000000000e+00 0.000000000000000e+00 0.000000000000000e+00	1.000000000000000e+00	12	0	16
17	 7.147596332567570e+02  1.047313388309982e+03 -1.275944094909073e+03	0.000000000000000e+00 0.000000000000000e+00 0.000000000000000e+00	1.000000000000000e+00	12	0	17
18	-2.187439672640935e+02  1.138097877891310e+02  5.860823079862455e+02	-2.343655166138584e-04 -2.343655166138584e-04 -2.343655166138585e-04	1.000000000000000e+00	12	0	18
19	 1.432567496056093e+02 -5.980609960338695e+02  9.480830248559481e+02	3.316391860911002e-04 3.316391860911002e-04 3.316391860911002e-04	1.000000000000000e+00	12	0	19
20	 9.220334632772291e+02 -9.901506282788112e+02  5.559933926110068e+02	1.071561564458534e-04 1.010845589917153e-04 1.022157885017805e-04	1.000000000000000e+00	12	0	20
21	 1.854124711221261e+03 -5.805938033478004e+01 -1.307445362861131e+03	1.198853642563336e-04 1.196379889734089e-04 1.198890022351407e-04	1.000000000000000e+00	12	0	21
22	 1.497617930205123e+03  6.593053393417857e+02 -1.663952143877269e+03	3.386220196262002e-04 3.386220196262002e-04 3.386220196262002e-04	1.000000000000000e+00	12	0	22
23	 7.239630935685417e+02  1.056516848621766e+03 -1.266740634597288e+03	1.297904799381892e-03 1.297904799381892e-03 1.297904799381892e-03	1.000000000000000e+00	12	0	23
24	-7.597929542535472e+02  6.027536810339691e+02  3.059956426705008e+02	0.000000000000000e+00 0.000000000000000e+00 0.000000000000000e+00	1.000000000000000e+00	24	0	24
25	-1.191650955607388e+03 -2.609623216737101e+02 -1.258623586833382e+02	0.000000000000000e+00 0.000000000000000e+00 0.000000000000000e+00	1.000000000000000e+00	24	0	25
26	 5.126870390403868e+02  5.912066756501777e+02 -9.780313560072266e+02	0.000000000000000e+00 0.000000000000000e+00 0.000000000000000e+00	1.000000000000000e+00	24	0	26
27	 9.572467463163994e+02  1.466469683741651e+02 -1.867150770559250e+03	0.000000000000000e+00 0.000000000000000e+00 0.000000000000000e+00	1.000000000000000e+00	24	0	27
28	 1.389104747670240e+03  1.010362971081845e+03 -1.435292769205410e+03	0.000000000000000e+00 0.000000000000000e+00 0.000000000000000e+00	1.000000000000000e+00	24	0	28
29	-3.152332469775362e+02  1.581939737579582e+02 -5.831237718815206e+02	0.000000000000000e+00 0.000000000000000e+00 0.000000000000000e+00	1.000000000000000e+00	24	0	29
30	-7.602987784310031e+02  6.032595052114251e+02  3.054898184930448e+02	-7.426806405419484e-05  7.451812416547909e-05 -7.142813410609961e-05	1.000000000000000e+00	24	0	30
31	-1.192654165080052e+03 -2.599591122010460e+02 -1.268655681560022e+02	-1.503550156485289e-04  1.481873332522810e-04 -1.501680817455053e-04	1.000000000000000e+00	24	0	31
32	 5.014922044020221e+02  6.024015102885425e+02 -9.892261906455914e+02	-1.544151261138419e-04  1.544151261138419e-04 -1.544151261138420e-04	1.000000000000000e+00	24	0	32
33	 9.532808722349897e+02  1.506128424555747e+02 -1.871116644640660e+03	-5.960472432586054e-04  5.960472432586054e-04 -5.960472432586054e-04	1.000000000000000e+00	24	0	33
34	 1.381557512677493e+03  1.017910206074592e+03 -1.442840004198157e+03	-1.131350407376885e-03  1.131350407376885e-03 -1.131350407376885e-03	1.000000000000000e+00	24	0	34
35	-3.047291050129804e+02  1.476898317934024e+02 -5.726196299169649e+02	 1.619097117024164e-04 -1.619097117024164e-04  1.619097117024163e-04	1.000000000000000e+00	24	0	35
36	-3.299368934078813e+02  1.728976201883033e+02 -5.597223005453510e+02	 6.156974268378690e-05 -6.598982872674242e-05  2.639239246491343e-04	1.000000000000000e+00	24	0	36
38	 6.021341560368769e+02 -8.388477664046236e+02  1.004054292848663e+03	-3.951859738056858e-04  3.951859738056859e-04  3.951859738056858e-04	1.000000000000000e+00	0	0	38
40	 5.278041358888731e+02  5.760895788016916e+02 -1.001019376925256e+03	-9.755354403750971e-05  9.617177420295775e-05 -1.942674134625122e-04	1.000000000000000e+00	24	0	40
42	 1.170511591145487e+03 -4.996305783471427e+02  1.225492025991460e+03	 2.591850158448021e-04 -2.591850158448021e-04 -2.591850158448021e-04	1.000000000000000e+00	0	0	42
44	1.770867626114546e+03 1.020566471366005e+02 1.226157975236340e+03	 2.203465555794537e-05 -2.203465555794537e-05 -2.192064130213112e-05	1.000000000000000e+00	0	0	44
45	 1.368073113880886e+03 -9.617542952402806e+01  1.027930503256061e+03	-3.104630450252444e-04  3.089552046731114e-04  3.104630450252444e-04	1.000000000000000e+00	0	0	45
46	 8.604038560982239e+02 -7.022270971650928e+02  1.140674962088193e+03	-2.077751560136676e-03  2.068620873615146e-03  2.068620873615146e-03	1.000000000000000e+00	0	0	46
47	 3.556055344470269e+00 -1.442312926165018e+03  1.001611058552307e+03	 9.893823880702257e-05 -9.893823880702257e-05 -9.886745101539418e-05	1.000000000000000e+00	0	0	47
48	 2.045136896214290e+02 -1.042245148028834e+03  8.006569112244522e+02	 1.725733309285715e-04 -1.715371327009052e-04 -1.715371327009052e-04	1.000000000000000e+00	0	0	48
49	 4.026941736948904e+02 -1.240434606103593e+03  1.203494275190649e+03	-1.269165804842487e-04  1.254244270967320e-04  1.269165804842487e-04	1.000000000000000e+00	0	0	49
50	 9.139193015919218e+02 -6.378649076534616e+02  1.087257696685141e+03	 2.192356856539845e-03 -2.153681358322501e-03 -2.153681358322501e-03	1.000000000000000e+00	0	0	50
51	 1.571190205340212e+03 -2.992860540741522e+02  1.425836550264450e+03	 1.386031653964892e-04 -1.380541943944991e-04 -1.380541943944991e-04	1.000000000000000e+00	0	0	51
52	-3.736701770060359e+01 -2.417481159122930e+02  7.674592575497351e+02	1.175584329757839e-04 1.178972597699612e-04 1.175584329757839e-04	1.000000000000000e+00	12	0	52
53	 2.489816255901010e+02  5.815353806433255e+02 -3.439568984316891e+02	1.014657209452707e-05 1.014657209452707e-05 1.021114803734235e-05	1.000000000000000e+00	12	0	53
54	 5.311824513588000e+02 -7.955455244068925e+02  7.505984964829257e+02	2.900656545534730e-05 3.543370257830247e-05 3.543370257830247e-05	1.000000000000000e+00	12	0	54
55	 1.387449556541555e+03 -5.247345350144860e+02 -3.763554316593000e+02	1.320763658441138e-05 1.320763658441138e-05 1.323428296018392e-05	1.000000000000000e+00	12	0	55
56	 1.676191598282127e+03  3.009388459838734e+02 -1.485378475800265e+03	2.555187966208905e-04 2.542756265029311e-04 2.555187966208905e-04	1.000000000000000e+00	12	0	56
57	 1.098257468997279e+03  8.449471666532506e+02 -1.478310316565804e+03	-7.008538814261556e-04 -8.185997721739113e-04 -8.185997721739113e-04	1.000000000000000e+00	12	0	57
58	-9.771304272302402e+02  1.723105537224921e+02  8.865816969380940e+01	-1.893659209599718e-04  1.911372673930600e-04 -1.893659209599718e-04	1.000000000000000e+00	24	0	58
59	-5.443432633932598e+02  3.873039901736815e+02 -1.263432675630116e+02	-5.657642395817675e-05  5.657642395817675e-05 -5.680620961356908e-05	1.000000000000000e+00	24	0	59
60	-7.610418344624832e+02 -4.379342754526022e+01 -3.430312528117892e+02	-2.024499117396772e-04  1.995213533518836e-04 -1.995213533518836e-04	1.000000000000000e+00	24	0	60
61	 8.435081609349314e+01  3.890034513921830e+02 -7.758281317492324e+02	 3.778163591050543e-05 -3.766390727832913e-05  3.766390727832913e-05	1.000000000000000e+00	24	0	61
62	 1.171268800796950e+03  5.803563635922551e+02 -1.653128716078700e+03	-4.083124513272196e-04  3.878679999615997e-04 -4.083124513272196e-04	1.000000000000000e+00	24	0	62
63	 7.343609972782131e+02  3.695327174123518e+02 -1.442242230902052e+03	-1.043278491124511e-03  1.043278491124511e-03 -1.041718758642673e-03	1.000000000000000e+00	24	0	63
64	 9.614097320915157e+02  7.904548121392982e+02 -1.215384610262863e+03	 5.499639664776623e-04 -4.999520024284720e-04  4.999520024284720e-04	1.000000000000000e+00	24	0	64
65	 1.135216176604670e+02  3.598439748136961e+02 -7.847737729372609e+02	 4.332742901169695e-05 -4.294301106710918e-05  4.294301106710918e-05	1.000000000000000e+00	24	0	65
66	1.671072545707820e+03 2.018517275433267e+02 1.025438455986731e+03	 8.169110515154898e-05 -8.169110515154898e-05 -8.287795935757458e-05	1.000000000000000e+00	0	0	66
67	1.467961172762977e+03 1.044636594529144e+02 9.280424443739710e+02	-3.544391947798431e-04  3.581087221391499e-04  3.544391947798431e-04	1.000000000000000e+00	0	0	67
68	 9.929248728288453e+02 -6.371753555670471e+02  1.205726703686239e+03	-1.869712607003748e-03  1.932917279191315e-03  1.932917279191315e-03	1.000000000000000e+00	0	0	68
69	-9.666841038498022e+01 -1.342088460435568e+03  8.013245353183902e+02	 8.726192027097568e-05 -8.726192027097568e-05 -8.723563223611563e-05	1.000000000000000e+00	0	0	69
70	 4.299121480733817e+00 -1.142547668866710e+03  7.003543903865761e+02	 1.963117974810302e-04 -1.969835866475478e-04 -1.969835866475478e-04	1.000000000000000e+00	0	0	70
71	 1.035644461297543e+02 -1.542321316950302e+03  1.202114466636171e+03	 8.219661685870960e-05 -8.219661685870960e-05 -8.179470023605973e-05	1.000000000000000e+00	0	0	71
72	 3.028968925758365e+02 -1.441144546800977e+03  1.303291556309703e+03	-7.145749987103045e-05  7.098931382643059e-05  7.145749987103045e-05	1.000000000000000e+00	0	0	72
73	 7.821911198021980e+02 -7.038594182161746e+02  1.021263186122428e+03	 2.034887438639998e-03 -2.134421607479453e-03 -2.134421607479453e-03	1.000000000000000e+00	0	0	73
74	1.870829867890132e+03 2.094405361014434e+00 1.426706336299478e+03	-1.219279602082679e-05  1.219279602082679e-05  1.224768038809998e-05	1.000000000000000e+00	0	0	74
75	 1.771364746100041e+03 -1.989498798742206e+02  1.526172724464382e+03	 1.111620658775792e-04 -1.106708950828761e-04 -1.106708950828761e-04	1.000000000000000e+00	0	0	75
76	-1.269574700860355e+02 -6.286468547916626e+01  6.778688051643031e+02	8.355472527910024e-05 8.549472113372758e-05 8.355472527910024e-05	1.000000000000000e+00	12	0	76
77	1.419399655667901e+01 3.467477516099036e+02 1.201168591084356e+02	-2.486057346686721e-04 -2.486057346686721e-04 -2.546453906688839e-04	1.000000000000000e+00	12	0	77
78	 5.235765485307082e+01 -4.204845313806925e+02  8.571839301034095e+02	1.584418059792370e-04 1.607239537406713e-04 1.584418059792370e-04	1.000000000000000e+00	12	0	78
79	 3.366350931278122e+02 -6.974162809949976e+02  8.487277398948206e+02	1.250896311830729e-04 1.200712940772064e-04 1.200712940772064e-04	1.000000000000000e+00	12	0	79
80	 7.289464335343789e+02 -8.905158800723995e+02  6.556281408174187e+02	3.528666275087744e-04 3.540035977493972e-04 3.540035977493972e-04	1.000000000000000e+00	12	0	80
81	 1.154294706320871e+03 -7.578893852351707e+02  8.937194978250434e+01	-1.492141473136144e-05 -1.492141473136144e-05 -1.496688400948187e-05	1.000000000000000e+00	12	0	81
82	 1.620885818599770e+03 -2.912982729562714e+02 -8.418007308996627e+02	8.138069097185507e-05 8.138069097185507e-05 8.167663327185437e-05	1.000000000000000e+00	12	0	82
83	 1.764962822009804e+03  1.212410131208365e+02 -1.396607252072588e+03	1.623131392989308e-04 1.607868325663731e-04 1.623131392989308e-04	1.000000000000000e+00	12	0	83
84	 1.586677357003019e+03  4.798951174698529e+02 -1.574892717079373e+03	2.655064454302192e-04 2.648541121743619e-04 2.655064454302192e-04	1.000000000000000e+00	12	0	84
85	 1.303810905206973e+03  7.580538602831862e+02 -1.565203622935869e+03	4.129734879825264e-04 3.587610553950071e-04 3.587610553950071e-04	1.000000000000000e+00	12	0	85
86	 4.823065572747594e+02  8.148603123279839e+02 -8.094985215307049e+02	9.087664511753246e-05 9.087664511753246e-05 9.600932389730588e-05	1.000000000000000e+00	12	0	86
87	 9.200224902485527e+02  9.593913115908967e+02 -1.363866171628158e+03	1.417470746673644e-03 1.290578744374216e-03 1.290578744374216e-03	1.000000000000000e+00	12	0	87
88	-8.680849579176731e+02  3.871554687041555e+02  1.977036390063766e+02	-3.622690564952791e-05  3.717103390954435e-05 -3.622690564952791e-05	1.000000000000000e+00	24	0	88
89	-6.535028012370753e+02  4.964635280174970e+02  8.839293753826487e+01	-2.363001112826169e-04  2.363001112826169e-04 -2.360800863243639e-04	1.000000000000000e+00	24	0	89
90	-1.085488879157310e+03 -4.323397721314046e+01 -1.970028223326041e+01	-2.521564310882241e-04  2.513284271117300e-04 -2.521564310882241e-04	1.000000000000000e+00	24	0	90
91	-9.762628102336320e+02 -1.524583323251765e+02 -2.343663480318729e+02	-9.274348121834919e-05  9.227805276168510e-05 -9.227805276168510e-05	1.000000000000000e+00	24	0	91
92	 2.929247017585916e+02  4.957039380032346e+02 -8.825286183602840e+02	-6.666599074378610e-05  6.515728455269709e-05 -6.515728455269709e-05	1.000000000000000e+00	24	0	92
93	 1.062746909387139e+03  3.650608807687020e+02 -1.761650607488511e+03	-3.635170869529247e-04  3.687681746669114e-04 -3.635170869529247e-04	1.000000000000000e+00	24	0	93
94	 8.427733953369469e+02  2.611203193536179e+02 -1.657795479519835e+03	-9.715281194075942e-04  9.715281194075942e-04 -9.910898515954614e-04	1.000000000000000e+00	24	0	94
95	 1.272231324398209e+03  8.030778525582389e+02 -1.552166192477441e+03	-1.124409027397633e-03  1.075276406481862e-03 -1.124409027397633e-03	1.000000000000000e+00	24	0	95
96	 1.169348865355762e+03  9.062031139860405e+02 -1.331132912109605e+03	-5.741306813433766e-04  5.649909726344049e-04 -5.649909726344049e-04	1.000000000000000e+00	24	0	96
97	-9.614569408452658e+01  2.542750615638636e+02 -6.792048596874283e+02	 8.528132457286119e-05 -8.201422315323725e-05  8.201422315323725e-05	1.000000000000000e+00	24	0	97
98	-4.334235537087760e+02  2.763842804891977e+02 -3.393891489355166e+02	 3.676908090710640e-04 -3.676908090710640e-04  3.516263386700302e-04	1.000000000000000e+00	24	0	98
99	-5.464032908147094e+02  6.544888881548690e+01 -4.522735691725364e+02	-4.009713302366436e-04  4.005522059742361e-04 -4.005522059742361e-04	1.000000000000000e+00	24	0	99
100	-1.260554728185653e+02  2.839170891086893e+02 -6.707417694657387e+02	 8.663994958624244e-05 -9.869415225693956e-05  9.869415225693956e-05	1.000000000000000e+00	24	0	100
101	 7.298826987622259e+02 -7.692865330106806e+02  1.073615526242605e+03	-1.882834709249437e-03  1.783821498975158e-03  1.783821498975158e-03	1.000000000000000e+00	0	0	101
102	 4.039037468499234e+02 -9.411232244695914e+02  9.017788347836947e+02	 2.890984978876077e-05 -2.766392026387621e-05 -2.766392026387621e-05	1.000000000000000e+00	0	0	102
103	 5.017994350266783e+02 -1.039024719780878e+03  1.104389013858861e+03	-2.752465952653438e-04  2.743575314525515e-04  2.752465952653438e-04	1.000000000000000e+00	0	0	103
104	 6.269707798239955e+02  4.769229348665693e+02 -1.225481050780559e+03	-1.008095103316009e-03  1.008095103316009e-03 -9.395444067195058e-04	1.000000000000000e+00	24	0	104
105	 7.439089435146063e+02  6.839080627810097e+02 -1.108837860904574e+03	 4.602011758834124e-04 -4.622858832590282e-04  4.622858832590282e-04	1.000000000000000e+00	24	0	105
106	 3.242220961714817e+02  4.647303738686376e+02 -8.896601719922023e+02	-6.465963815571740e-05  7.909292617114261e-05 -7.909292617114261e-05	1.000000000000000e+00	24	0	106
107	 1.268265167593856e+03 -2.968887928522810e+02  1.127738449543092e+03	-2.651627000886947e-04  2.595442929305136e-04  2.651627000886947e-04	1.000000000000000e+00	0	0	107
108	 1.044124292383269e+03 -5.704766917536360e+02  1.154645912584966e+03	 1.941092777997255e-03 -1.804918050765991e-03 -1.804918050765991e-03	1.000000000000000e+00	0	0	108
109	 1.371195669635442e+03 -3.998054721145570e+02  1.325317132224046e+03	 2.145039616152644e-04 -2.147910563508049e-04 -2.147910563508049e-04	1.000000000000000e+00	0	0	109
110	-1.041854719453295e+02  2.283682831078951e+02  3.512032056643196e+02	-5.096733802929521e-04 -5.096733802929521e-04 -5.084974691271782e-04	1.000000000000000e+00	12	0	110
111	 1.037516925503116e+03 -8.746671660529250e+02  3.220373181336321e+02	-4.723892561742105e-05 -4.723892561742105e-05 -4.677448669099249e-05	1.000000000000000e+00	12	0	111
112	 1.737640270700296e+03 -1.745438208557448e+02 -1.074487855899374e+03	1.194797005155124e-04 1.194797005155124e-04 1.196776938741095e-04	1.000000000000000e+00	12	0	112
113	 6.032203305596041e+02  9.357740856128286e+02 -1.037902859806193e+03	7.030043052509427e-04 7.030043052509427e-04 7.424982613883913e-04	1.000000000000000e+00	12	0	113
114	 1.324747969773500e+02  4.650285520305746e+02 -1.110236784578211e+02	3.283154001110233e-06 3.283154001110233e-06 2.895477564379689e-06	1.000000000000000e+00	12	0	114
115	 3.650501207790718e+02  6.976038758322964e+02 -5.773303300034484e+02	-4.564044138533063e-05 -4.564044138533063e-05 -4.579686356009915e-05	1.000000000000000e+00	12	0	115
116	 1.270877246135447e+03 -6.413068454205943e+02 -1.434865832772998e+02	-6.300007271420327e-07 -6.300007271420327e-07 -6.309978175522701e-07	1.000000000000000e+00	12	0	116
117	 1.504111371569205e+03 -4.080727199868359e+02 -6.091345134330001e+02	3.968986493418925e-05 3.968986493418925e-05 3.982018097303808e-05	1.000000000000000e+00	12	0	117
0	-5.773502691896258e-01  5.773502691896258e-01  5.773502691896258e-01	-7.071067811865476e-01  3.124842898819631e-18 -7.071067811865476e-01	 1.198001808568474e+03 -5.294203851356715e-15  1.198001808568474e+03	1	0	0.000000000000000e+00	0.000000000000000e+00	0.000000000000000e+00
1	-5.773502691896258e-01  5.773502691896258e-01  5.773502691896258e-01	 0.000000000000000e+00  7.071067811865476e-01 -7.071067811865476e-01	 0.000000000000000e+00 -9.214510296266430e+02  9.214510296266430e+02	1	0	0.000000000000000e+00	0.000000000000000e+00	0.000000000000000e+00
2	-5.773502691896258e-01  5.773502691896258e-01  5.773502691896258e-01	 7.071067811865476e-01  7.071067811865476e-01 -3.124842898819631e-18	-7.193784354102739e+02 -7.193784354102739e+02  3.179073734356852e-15	1	0	0.000000000000000e+00	0.000000000000000e+00	0.000000000000000e+00
3	-5.773502691896258e-01  5.773502691896258e-01  5.773502691896258e-01	 7.071067811865476e-01 -3.124842898819631e-18  7.071067811865476e-01	 8.030942244427697e+02 -3.549030148066116e-15  8.030942244427697e+02	1	0	0.000000000000000e+00	0.000000000000000e+00	0.000000000000000e+00
4	-5.773502691896258e-01  5.773502691896258e-01  5.773502691896258e-01	 0.000000000000000e+00  7.071067811865476e-01 -7.071067811865476e-01	 0.000000000000000e+00 -8.625613021693013e+02  8.625613021693013e+02	1	0	0.000000000000000e+00	0.000000000000000e+00	0.000000000000000e+00
5	-5.773502691896258e-01  5.773502691896258e-01  5.773502691896258e-01	-7.071067811865476e-01 -7.071067811865476e-01  3.124842898819631e-18	 9.364621366255734e+02  9.364621366255734e+02 -4.138408986458117e-15	1	0	0.000000000000000e+00	0.000000000000000e+00	0.000000000000000e+00
6	 5.773502691896258e-01 -5.773502691896258e-01 -5.773502691896258e-01	0.000000000000000e+00 0.000000000000000e+00 0.000000000000000e+00	1.570392732195782e+03 3.025315410553647e+02 8.256108849411653e+02	1	1	0.000000000000000e+00	0.000000000000000e+00	0.000000000000000e+00
7	-5.773502691896258e-01 -5.773502691896258e-01 -5.773502691896258e-01	-7.071067811865476e-01  0.000000000000000e+00  7.071067811865476e-01	-4.024131376251693e+02  0.000000000000000e+00  4.024131376251693e+02	1	0	0.000000000000000e+00	0.000000000000000e+00	0.000000000000000e+00
8	-5.773502691896258e-01 -5.773502691896258e-01 -5.773502691896258e-01	 0.000000000000000e+00 -7.071067811865476e-01  7.071067811865476e-01	 0.000000000000000e+00 -7.730720104449091e+02  7.730720104449091e+02	1	0	0.000000000000000e+00	0.000000000000000e+00	0.000000000000000e+00
9	-5.773502691896258e-01 -5.773502691896258e-01 -5.773502691896258e-01	 7.071067811865476e-01 -7.071067811865476e-01  0.000000000000000e+00	 9.560920457780206e+02 -9.560920457780206e+02  0.000000000000000e+00	1	0	0.000000000000000e+00	0.000000000000000e+00	0.000000000000000e+00
10	-5.773502691896258e-01 -5.773502691896258e-01 -5.773502691896258e-01	 7.071067811865476e-01  0.000000000000000e+00 -7.071067811865476e-01	 1.580785037041196e+03  0.000000000000000e+00 -1.580785037041196e+03	1	0	0.000000000000000e+00	0.000000000000000e+00	0.000000000000000e+00
11	-5.773502691896258e-01 -5.773502691896258e-01 -5.773502691896258e-01	 0.000000000000000e+00  7.071067811865476e-01 -7.071067811865476e-01	 0.000000000000000e+00  1.161628741609527e+03 -1.161628741609527e+03	1	0	0.000000000000000e+00	0.000000000000000e+00	0.000000000000000e+00
12	-5.773502691896258e-01 -5.773502691896258e-01 -5.773502691896258e-01	-7.071067811865476e-01  7.071067811865476e-01  0.000000000000000e+00	-1.662768775266123e+02  1.662768775266123e+02  0.000000000000000e+00	1	0	0.000000000000000e+00	0.000000000000000e+00	0.000000000000000e+00
13	5.773502691896258e-01 5.773502691896258e-01 5.773502691896258e-01	0.000000000000000e+00 0.000000000000000e+00 0.000000000000000e+00	-2.170837012152994e+02  1.154700538379251e+02  5.877425740350395e+02	1	1	0.000000000000000e+00	0.000000000000000e+00	0.000000000000000e+00
14	-5.773502691896258e-01  5.773502691896258e-01 -5.773502691896258e-01	 7.071067811865476e-01  0.000000000000000e+00 -7.071067811865476e-01	-5.328942984620248e+02  0.000000000000000e+00  5.328942984620248e+02	1	0	0.000000000000000e+00	0.000000000000000e+00	0.000000000000000e+00
15	-5.773502691896258e-01  5.773502691896258e-01 -5.773502691896258e-01	-3.124842898819631e-18  7.071067811865476e-01  7.071067811865476e-01	 8.547268868455420e-16 -1.934123401785247e+02 -1.934123401785247e+02	1	0	0.000000000000000e+00	0.000000000000000e+00	0.000000000000000e+00
16	-5.773502691896258e-01  5.773502691896258e-01 -5.773502691896258e-01	 7.071067811865476e-01  7.071067811865476e-01 -3.124842898819631e-18	 5.519468573452824e+02  5.519468573452824e+02 -2.439160906938323e-15	1	0	0.000000000000000e+00	0.000000000000000e+00	0.000000000000000e+00
17	-5.773502691896258e-01  5.773502691896258e-01 -5.773502691896258e-01	-7.071067811865476e-01  0.000000000000000e+00  7.071067811865476e-01	 1.412198758437825e+03  0.000000000000000e+00 -1.412198758437825e+03	1	0	0.000000000000000e+00	0.000000000000000e+00	0.000000000000000e+00
18	-5.773502691896258e-01  5.773502691896258e-01 -5.773502691896258e-01	-3.124842898819631e-18  7.071067811865476e-01  7.071067811865476e-01	 9.389238637586849e-16 -2.124648990617823e+02 -2.124648990617823e+02	1	0	0.000000000000000e+00	0.000000000000000e+00	0.000000000000000e+00
19	-5.773502691896258e-01  5.773502691896258e-01 -5.773502691896258e-01	-7.071067811865476e-01 -7.071067811865476e-01  3.124842898819631e-18	-7.851963660978913e+01 -7.851963660978913e+01  3.469936018238618e-16	1	0	0.000000000000000e+00	0.000000000000000e+00	0.000000000000000e+00
20	 5.773502691896258e-01 -5.773502691896258e-01  5.773502691896258e-01	0.000000000000000e+00 0.000000000000000e+00 0.000000000000000e+00	-7.597929542535472e+02  6.027536810339691e+02  3.059956426705008e+02	1	1	0.000000000000000e+00	0.000000000000000e+00	0.000000000000000e+00
0	0	1	0
6	0	1	0
5	5	0	0
6	5	0	0
0	6	0	0
5	0	6	0
1	1	2	0
6	1	2	0
0	1	7	0
1	7	1	0
2	2	3	0
6	2	3	0
1	2	8	0
2	8	2	0
3	3	4	0
6	3	4	0
2	3	9	0
3	9	3	0
4	4	5	0
6	4	5	0
3	4	10	0
4	10	4	0
4	5	11	0
5	11	5	0
5	6	66	0
0	67	6	0
0	7	42	0
1	68	7	0
2	69	8	0
1	8	70	0
2	9	71	0
3	72	9	0
3	10	38	0
4	73	10	0
5	74	11	0
4	11	75	0
7	12	13	0
13	12	13	0
12	17	12	0
13	17	12	0
7	18	12	0
12	12	18	0
8	13	14	0
13	13	14	0
7	13	19	0
8	19	13	0
9	14	15	0
13	14	15	0
8	14	20	0
9	20	14	0
10	15	16	0
13	15	16	0
9	15	21	0
10	21	15	0
11	16	17	0
13	16	17	0
10	16	22	0
11	22	16	0
11	17	23	0
12	23	17	0
7	76	18	0
12	18	110	0
7	19	78	0
8	79	19	0
8	20	80	0
9	111	20	0
10	83	21	0
9	21	112	0
10	22	84	0
11	85	22	0
11	23	87	0
12	113	23	0
14	24	25	0
20	24	25	0
19	29	24	0
20	29	24	0
14	30	24	0
19	24	30	0
15	25	26	0
20	25	26	0
14	25	31	0
15	31	25	0
16	26	27	0
20	26	27	0
15	26	32	0
16	32	26	0
17	27	28	0
20	27	28	0
16	27	33	0
17	33	27	0
18	28	29	0
20	28	29	0
17	28	34	0
18	34	28	0
18	29	35	0
19	35	29	0
14	88	30	0
19	30	89	0
14	31	90	0
15	91	31	0
16	40	32	0
15	32	92	0
17	93	33	0
16	33	94	0
17	34	95	0
18	96	34	0
19	36	35	0
18	35	97	0
19	98	36	0
15	36	99	0
15	100	36	0
1	38	101	0
1	102	38	0
3	38	103	0
16	104	40	0
18	40	105	0
18	106	40	0
0	42	107	0
4	42	108	0
4	109	42	0
5	66	44	0
5	44	74	0
0	45	67	0
0	107	45	0
1	46	68	0
1	101	46	0
2	47	69	0
2	71	47	0
1	70	48	0
1	48	102	0
3	49	72	0
3	103	49	0
4	50	73	0
4	108	50	0
4	75	51	0
4	51	109	0
7	52	76	0
7	78	52	0
12	114	53	0
12	53	115	0
8	54	79	0
8	80	54	0
9	55	116	0
9	117	55	0
10	56	83	0
10	84	56	0
11	57	85	0
11	87	57	0
14	58	88	0
14	90	58	0
19	89	59	0
19	59	98	0
15	60	91	0
15	99	60	0
15	92	61	0
15	61	100	0
17	62	93	0
17	95	62	0
16	94	63	0
16	63	104	0
18	64	96	0
18	105	64	0
18	97	65	0
18	65	106	0
12	110	77	0
12	77	114	0
9	81	111	0
9	116	81	0
9	112	82	0
9	82	117	0
12	86	113	0
12	115	86	0
