114
21
172
0	1.570392732195782e+03 3.025315410553647e+02 8.256108849411653e+02	0.000000000000000e+00 0.000000000000000e+00 0.000000000000000e+00	1.000000000000000e+00	0	0	0
1	 1.130451827073287e+03 -5.773502691896260e+02  1.265551790063660e+03	0.000000000000000e+00 0.000000000000000e+00 0.000000000000000e+00	1.000000000000000e+00	0	0	1
2	-1.974537920628516e+02 -1.241303078757696e+03  6.015989804955904e+02	0.000000000000000e+00 0.000000000000000e+00 0.000000000000000e+00	1.000000000000000e+00	0	0	2
3	 2.032272947547480e+02 -1.641984165575296e+03  1.402961154130791e+03	0.000000000000000e+00 0.000000000000000e+00 0.000000000000000e+00	1.000000000000000e+00	0	0	3
4	 6.431681998772439e+02 -7.621023553303065e+02  9.630202490082960e+02	0.000000000000000e+00 0.000000000000000e+00 0.000000000000000e+00	1.000000000000000e+00	0	0	4
5	 1.971073819013383e+03 -9.814954576223676e+01  1.626973058576365e+03	0.000000000000000e+00 0.000000000000000e+00 0.000000000000000e+00	1.000000000000000e+00	0	0	5
6	1.569848605433797e+03 3.030756678173495e+02 8.261550117031502e+02	-1.181798361358233e-04  1.222749124281108e-04  1.161938416771591e-04	1.000000000000000e+00	0	0	6
7	 1.128663615509956e+03 -5.755620576262952e+02  1.267340001626991e+03	-7.405459764413536e-04  7.405459764413536e-04  7.405459764413536e-04	1.000000000000000e+00	0	0	7
8	-1.969187817556757e+02 -1.241838089064872e+03  6.010639701884144e+02	 1.096152554964647e-04 -1.103702452383004e-04 -1.103633039747365e-04	1.000000000000000e+00	0	0	8
9	 2.032269575493886e+02 -1.641983828369936e+03  1.402961491336150e+03	 4.005988557764795e-06 -4.295608505344717e-06 -3.701968580571702e-06	1.000000000000000e+00	0	0	9
10	 6.444581857056977e+02 -7.633923411587605e+02  9.617302631798420e+02	 6.530333193950355e-04 -6.530333193950355e-04 -6.530333193950355e-04	1.000000000000000e+00	0	0	10
11	 1.971206462326152e+03 -9.828218907500587e+01  1.626840415263596e+03	 3.317142545711249e-05 -3.289505548309535e-05 -3.280948658357374e-05	1.000000000000000e+00	0	0	11
12	-2.170837012152994e+02  1.154700538379251e+02  5.877425740350395e+02	0.000000000000000e+00 0.000000000000000e+00 0.000000000000000e+00	1.000000000000000e+00	12	0	12
13	 1.408734656822689e+02 -6.004442799572098e+02  9.456997409326077e+02	0.000000000000000e+00 0.000000000000000e+00 0.000000000000000e+00	1.000000000000000e+00	12	0	13
14	 9.214510296266424e+02 -9.907330619293978e+02  5.554109589604201e+02	0.000000000000000e+00 0.000000000000000e+00 0.000000000000000e+00	1.000000000000000e+00	12	0	14
15	 1.853294364098699e+03 -5.888972745734176e+01 -1.308275709983692e+03	0.000000000000000e+00 0.000000000000000e+00 0.000000000000000e+00	1.000000000000000e+00	12	0	15
16	 1.495337197201131e+03  6.570246063377946e+02 -1.666232876881260e+03	0.000000000000000e+00 0.000000000000000e+00 0.000000000000000e+00	1.000000000000000e+00	12	0	16
17	 7.147596332567570e+02  1.047313388309982e+03 -1.275944094909073e+03	0.000000000000000e+00 0.000000000000000e+00 0.000000000000000e+00	1.000000000000000e+00	12	0	17
18	-2.182701410896718e+02  1.142836139635527e+02  5.865561341606672e+02	-2.395545307081193e-04 -2.395545307081193e-04 -2.395545307081193e-04	1.000000000000000e+00	12	0	18
19	 1.425844274110460e+02 -5.987333182284328e+02  9.474107026613848e+02	3.409475320950150e-04 3.409475320950150e-04 3.409475320950150e-04	1.000000000000000e+00	12	0	19
20	 9.218373559298832e+02 -9.903467356261569e+02  5.557972852636609e+02	9.531992691336200e-05 9.101883188122883e-05 9.182988287648186e-05	1.000000000000000e+00	12	0	20
21	 1.853883713388085e+03 -5.830037816795673e+01 -1.307686360694307e+03	1.212400311487727e-04 1.210535338032059e-04 1.212429633596912e-04	1.000000000000000e+00	12	0	21
22	 1.496940832347580e+03  6.586282414842431e+02 -1.664629241734812e+03	3.379416884854436e-04 3.379416884854436e-04 3.379416884854436e-04	1.000000000000000e+00	12	0	22
23	 7.213373392242647e+02  1.053891094277490e+03 -1.269366388941565e+03	1.327843715747197e-03 1.327843715747197e-03 1.327843715747198e-03	1.000000000000000e+00	12	0	23
24	-7.597929542535472e+02  6.027536810339691e+02  3.059956426705008e+02	0.000000000000000e+00 0.000000000000000e+00 0.000000000000000e+00	1.000000000000000e+00	24	0	24
25	-1.191650955607388e+03 -2.609623216737101e+02 -1.258623586833382e+02	0.000000000000000e+00 0.000000000000000e+00 0.000000000000000e+00	1.000000000000000e+00	24	0	25
26	 5.126870390403868e+02  5.912066756501777e+02 -9.780313560072266e+02	0.000000000000000e+00 0.000000000000000e+00 0.000000000000000e+00	1.000000000000000e+00	24	0	26
27	 9.572467463163994e+02  1.466469683741651e+02 -1.867150770559250e+03	0.000000000000000e+00 0.000000000000000e+00 0.000000000000000e+00	1.000000000000000e+00	24	0	27
28	 1.389104747670240e+03  1.010362971081845e+03 -1.435292769205410e+03	0.000000000000000e+00 0.000000000000000e+00 0.000000000000000e+00	1.000000000000000e+00	24	0	28
29	-3.152332469775362e+02  1.581939737579582e+02 -5.831237718815206e+02	0.000000000000000e+00 0.000000000000000e+00 0.000000000000000e+00	1.000000000000000e+00	24	0	29
30	-7.601514563804074e+02  6.031121831608293e+02  3.056371405436406e+02	-7.443765207426623e-05  7.456387538695708e-05 -7.261127757374197e-05	1.000000000000000e+00	24	0	30
31	-1.192356446888999e+03 -2.602568303920985e+02 -1.265678499649498e+02	-1.486595137976110e-04  1.472104340791702e-04 -1.485689717810601e-04	1.000000000000000e+00	24	0	31
32	 5.018365632419095e+02  6.020571514486550e+02 -9.888818318057039e+02	-2.076890668831766e-04  2.076890668831765e-04 -2.076890668831766e-04	1.000000000000000e+00	24	0	32
33	 9.544646723703793e+02  1.494290423201851e+02 -1.869932844505270e+03	-5.877394384394089e-04  5.877394384394089e-04 -5.877394384394089e-04	1.000000000000000e+00	24	0	33
34	 1.383812761882322e+03  1.015654956869762e+03 -1.440584754993327e+03	-1.122618210501969e-03  1.122618210501969e-03 -1.122618210501969e-03	1.000000000000000e+00	24	0	34
35	-3.051142326528698e+02  1.480749594332918e+02 -5.730047575568542e+02	 2.483183246416350e-04 -2.483183246416350e-04  2.483183246416351e-04	1.000000000000000e+00	24	0	35
36	-3.301857512863156e+02  1.731464780667376e+02 -5.599711584237854e+02	 3.036471935047302e-05 -4.610547694028355e-05  2.536498359404504e-04	1.000000000000000e+00	24	0	36
38	 6.028162459827067e+02 -8.395298563504534e+02  1.003372202902833e+03	-2.918714599218220e-04  2.918714599218220e-04  2.918714599218220e-04	1.000000000000000e+00	0	0	38
40	 5.280484212566183e+02  5.758452934339464e+02 -1.000775091557511e+03	-5.889175372431055e-05  7.243661821121350e-05 -1.955343177542090e-04	1.000000000000000e+00	24	0	40
42	 1.170105345759157e+03 -4.992243329608125e+02  1.225898271377790e+03	 1.695933751761913e-04 -1.366276119370013e-04 -1.503095118096098e-04	1.000000000000000e+00	0	0	42
44	1.770824652814333e+03 1.020996204368134e+02 1.226200760654602e+03	 2.087065695377532e-05 -2.087065695377532e-05 -2.079614023386966e-05	1.000000000000000e+00	0	0	44
45	 1.368681731166851e+03 -9.678151120969056e+01  1.027321885970096e+03	-2.982518053613603e-04  2.972193178720772e-04  2.982518053613603e-04	1.000000000000000e+00	0	0	45
46	 8.638697034217561e+02 -7.056807730106143e+02  1.137221286242672e+03	-1.355974003672600e-03  1.352457096800208e-03  1.352457096800208e-03	1.000000000000000e+00	0	0	46
47	 3.358982652916930e+00 -1.442115853473465e+03  1.001807999421341e+03	 9.821993444347754e-05 -9.821993444347754e-05 -9.816019155550748e-05	1.000000000000000e+00	0	0	47
48	 2.041582630991953e+02 -1.041891541090086e+03  8.010105181632005e+02	 1.826160441851243e-04 -1.818387536332011e-04 -1.818387536332011e-04	1.000000000000000e+00	0	0	48
49	 4.029489507611399e+02 -1.240686813387542e+03  1.203239498124399e+03	-1.278133131563663e-04  1.267387415282428e-04  1.278133131563663e-04	1.000000000000000e+00	0	0	49
50	 9.102390922295081e+02 -6.342395158377890e+02  1.090883088500814e+03	 1.457964419387281e-03 -1.440868829376996e-03 -1.440868829376996e-03	1.000000000000000e+00	0	0	50
51	 1.570927119676995e+03 -2.990238172996897e+02  1.426098787038913e+03	 1.248272019438446e-04 -1.245120947714895e-04 -1.245120947714895e-04	1.000000000000000e+00	0	0	51
52	-3.759719380163484e+01 -2.419788181640565e+02  7.672290814487038e+02	1.124689370044507e-04 1.126621282310225e-04 1.124689370044507e-04	1.000000000000000e+00	12	0	52
53	 2.489592632519957e+02  5.815130183052203e+02 -3.439793682800462e+02	1.224453808390535e-05 1.224453808390535e-05 1.228780274686869e-05	1.000000000000000e+00	12	0	53
54	 5.311361776992145e+02 -7.956030499902716e+02  7.505409708995466e+02	1.646516830078326e-05 2.123484046023805e-05 2.123484046023805e-05	1.000000000000000e+00	12	0	54
55	 1.387424038082036e+03 -5.247600534740050e+02 -3.763809943206944e+02	1.232437352882698e-05 1.232437352882698e-05 1.234209867106983e-05	1.000000000000000e+00	12	0	55
56	 1.675669552271739e+03  3.004189546761841e+02 -1.485900521810653e+03	2.666426298674196e-04 2.657342702150345e-04 2.666426298674196e-04	1.000000000000000e+00	12	0	56
57	 1.099815423035482e+03  8.467107535798157e+02 -1.476546729639239e+03	-8.598290733061731e-04 -9.471959201619029e-04 -9.471959201619029e-04	1.000000000000000e+00	12	0	57
58	-9.767420387017371e+02  1.719190671627304e+02  8.904655822231260e+01	-1.990537857636809e-04  2.003715926548466e-04 -1.990537857636809e-04	1.000000000000000e+00	24	0	58
59	-5.442221211766691e+02  3.871828479570909e+02 -1.262215639702896e+02	-6.458599091274664e-05  6.458599091274664e-05 -6.489743100246415e-05	1.000000000000000e+00	24	0	59
60	-7.606475244198718e+02 -4.418290209517306e+01 -3.426417782618764e+02	-1.918630587169901e-04  1.899427879834548e-04 -1.899427879834548e-04	1.000000000000000e+00	24	0	60
61	 8.427453021864736e+01  3.890796339918244e+02 -7.759043143488739e+02	 3.739193198271096e-05 -3.742335320566781e-05  3.742335320566781e-05	1.000000000000000e+00	24	0	61
62	 1.172023589922677e+03  5.796343500482549e+02 -1.652373926952973e+03	-3.451512893661857e-04  3.327066078782082e-04 -3.451512893661857e-04	1.000000000000000e+00	24	0	62
63	 7.364334980199044e+02  3.674602166706604e+02 -1.440172818408789e+03	-1.029310747981071e-03  1.029310747981071e-03 -1.027837395668030e-03	1.000000000000000e+00	24	0	63
64	 9.602766392566687e+02  7.914998712411289e+02 -1.216429669364694e+03	 5.837244680151343e-04 -5.459900712594390e-04  5.459900712594390e-04	1.000000000000000e+00	24	0	64
65	 1.134322067956716e+02  3.599326745565531e+02 -7.848624726801179e+02	 4.735129186883569e-05 -4.703350350609981e-05  4.703350350609981e-05	1.000000000000000e+00	24	0	65
66	1.670912958737300e+03 2.020113145138464e+02 1.025599936872531e+03	 7.782957254676148e-05 -7.782957254676148e-05 -7.855387957533821e-05	1.000000000000000e+00	0	0	66
67	1.468656417229746e+03 1.037623959582995e+02 9.273471999072015e+02	-3.408617922104895e-04  3.432436787988991e-04  3.408617922104895e-04	1.000000000000000e+00	0	0	67
68	 9.959793511629919e+02 -6.403077359514168e+02  1.202594323301869e+03	-1.173891243524849e-03  1.193670323118567e-03  1.193670323118567e-03	1.000000000000000e+00	0	0	68
69	-9.684431933578524e+01 -1.341912551484763e+03  8.015003925343062e+02	 8.872907346813008e-05 -8.872907346813008e-05 -8.870455349097028e-05	1.000000000000000e+00	0	0	69
70	 3.899798201375603e+00 -1.142147156592137e+03  7.007549026611491e+02	 2.029130409937352e-04 -2.034248609561473e-04 -2.034248609561473e-04	1.000000000000000e+00	0	0	70
71	 1.034049065891723e+02 -1.542161777409720e+03  1.202273340221231e+03	 7.742067100480199e-05 -7.742067100480199e-05 -7.715381070738658e-05	1.000000000000000e+00	0	0	71
72	 3.030410179732555e+02 -1.441287872533008e+03  1.303147430912284e+03	-7.265991735039279e-05  7.232849020510912e-05  7.265991735039279e-05	1.000000000000000e+00	0	0	72
73	 7.787417325785054e+02 -7.002784625586487e+02  1.024844141779954e+03	 1.392939942888916e-03 -1.430950593203306e-03 -1.430950593203306e-03	1.000000000000000e+00	0	0	73
74	1.870853173894624e+03 2.071099356523273e+00 1.426682946904978e+03	-1.117036572395591e-05  1.117036572395591e-05  1.120041270041838e-05	1.000000000000000e+00	0	0	74
75	 1.771153913155945e+03 -1.987398255870866e+02  1.526382778751516e+03	 9.980901086237282e-05 -9.951282117981464e-05 -9.951282117981464e-05	1.000000000000000e+00	0	0	75
76	-1.271296114732429e+02 -6.304019240187369e+01  6.776966637770958e+02	8.866933785611764e-05 9.008945926325396e-05 8.866933785611764e-05	1.000000000000000e+00	12	0	76
77	1.469048531300457e+01 3.472442403662291e+02 1.206237195660874e+02	-2.478940878063440e-04 -2.478940878063440e-04 -2.522200520616025e-04	1.000000000000000e+00	12	0	77
78	 5.204854495258940e+01 -4.207975270865625e+02  8.568748202029280e+02	1.503511448390782e-04 1.519530633231625e-04 1.503511448390782e-04	1.000000000000000e+00	12	0	78
79	 3.364065341982479e+02 -6.976362824200896e+02  8.485077384697286e+02	1.038036061800085e-04 1.002649296424352e-04 1.002649296424352e-04	1.000000000000000e+00	12	0	79
80	 7.282191648417781e+02 -8.912453827590481e+02  6.548986381307701e+02	3.739829116966575e-04 3.750374598894268e-04 3.750374598894268e-04	1.000000000000000e+00	12	0	80
81	 1.154326275388936e+03 -7.578578161671053e+02  8.940360344228364e+01	-1.651768980082124e-05 -1.651768980082124e-05 -1.655571577430237e-05	1.000000000000000e+00	12	0	81
82	 1.620722997883796e+03 -2.914610936722452e+02 -8.419640598540451e+02	8.144007733790204e-05 8.144007733790204e-05 8.165205508703366e-05	1.000000000000000e+00	12	0	82
83	 1.764633590496198e+03  1.209144648502318e+02 -1.396936483586194e+03	1.669072371441871e-04 1.657588727539405e-04 1.669072371441871e-04	1.000000000000000e+00	12	0	83
84	 1.586143087078860e+03  4.793618726903449e+02 -1.575426987003532e+03	2.688021340873092e-04 2.684204373508692e-04 2.688021340873092e-04	1.000000000000000e+00	12	0	84
85	 1.302922887639545e+03  7.572533246037115e+02 -1.566004158615343e+03	4.778928414452821e-04 4.446779203135520e-04 4.446779203135520e-04	1.000000000000000e+00	12	0	85
86	 4.821358033892695e+02  8.146895584424941e+02 -8.096777862360493e+02	7.975817425176501e-05 7.975817425176501e-05 8.316296589327976e-05	1.000000000000000e+00	12	0	86
87	 9.171511603447173e+02  9.567434418038342e+02 -1.366514041415221e+03	1.454244949854910e-03 1.358354231342673e-03 1.358354231342673e-03	1.000000000000000e+00	12	0	87
88	-8.680060051974481e+02  3.870748932842964e+02  1.977825917266016e+02	-4.274637467460707e-05  4.342421379988082e-05 -4.274637467460707e-05	1.000000000000000e+00	24	0	88
89	-6.530248092723054e+02  4.959855360527271e+02  8.887057634448129e+01	-2.416839124634862e-04  2.416839124634862e-04 -2.415478520561010e-04	1.000000000000000e+00	24	0	89
90	-1.084977402027776e+03 -4.374398955451267e+01 -1.918880510372652e+01	-2.592847158666700e-04  2.586538030300289e-04 -2.592847158666700e-04	1.000000000000000e+00	24	0	90
91	-9.760853279999436e+02 -1.526350649499920e+02 -2.341896154070575e+02	-8.480323594994843e-05  8.451363828498870e-05 -8.451363828498870e-05	1.000000000000000e+00	24	0	91
92	 2.930633400510163e+02  4.955682797701501e+02 -8.823929601271994e+02	-7.793586701154709e-05  7.638525858055800e-05 -7.638525858055800e-05	1.000000000000000e+00	24	0	92
93	 1.063471737067963e+03  3.643265902260972e+02 -1.760925779807687e+03	-3.615205932874233e-04  3.656798508018255e-04 -3.615205932874233e-04	1.000000000000000e+00	24	0	93
94	 8.447064889776092e+02  2.591872257129556e+02 -1.655829393153097e+03	-9.615684975869954e-04  9.615684975869954e-04 -9.750528261065483e-04	1.000000000000000e+00	24	0	94
95	 1.274597534425690e+03  8.008110994453416e+02 -1.549799982449960e+03	-1.248802640475333e-03  1.198780490085483e-03 -1.248802640475333e-03	1.000000000000000e+00	24	0	95
96	 1.170488550841158e+03  9.050773644532087e+02 -1.330007162576773e+03	-5.656679859384894e-04  5.607290077023208e-04 -5.607290077023208e-04	1.000000000000000e+00	24	0	96
97	-9.631137310778573e+01  2.544345905673019e+02 -6.793643886908667e+02	 8.498536044498906e-05 -8.209006773540750e-05  8.209006773540750e-05	1.000000000000000e+00	24	0	97
98	-4.341561276935489e+02  2.771168544739706e+02 -3.400914383151550e+02	 3.649249556474388e-04 -3.649249556474388e-04  3.506901848595589e-04	1.000000000000000e+00	24	0	98
99	-5.456055606287739e+02  6.465520289940312e+01 -4.514798832564526e+02	-3.965292999055237e-04  3.929976373910904e-04 -3.929976373910904e-04	1.000000000000000e+00	24	0	99
100	-1.262292314385760e+02  2.841158834121003e+02 -6.709405637691497e+02	 8.075511868810281e-05 -9.425319149158895e-05  9.425319149158895e-05	1.000000000000000e+00	24	0	100
101	 7.328974384497805e+02 -7.721865168389859e+02  1.070715542414300e+03	-1.135481637902558e-03  1.108859432861209e-03  1.108859432861209e-03	1.000000000000000e+00	0	0	101
102	 4.038275653415337e+02 -9.410493956199318e+02  9.018526636333543e+02	 4.568431177176535e-05 -4.463565710466355e-05 -4.463565710466355e-05	1.000000000000000e+00	0	0	102
103	 5.023555112879515e+02 -1.039579840548118e+03  1.103832937597588e+03	-2.807753335218877e-04  2.806074335239828e-04  2.807753335218877e-04	1.000000000000000e+00	0	0	103
104	 6.289446458574797e+02  4.749490688330851e+02 -1.223627627238798e+03	-9.657618356868625e-04  9.657618356868625e-04 -9.136255248449743e-04	1.000000000000000e+00	24	0	104
105	 7.430222981793097e+02  6.847925264572611e+02 -1.109722324580826e+03	 4.257739346940070e-04 -4.217701498419046e-04  4.217701498419046e-04	1.000000000000000e+00	24	0	105
106	 3.243466783232804e+02  4.645758776854698e+02 -8.895056758090345e+02	-5.284698272589594e-05  6.878141721244901e-05 -6.878141721244901e-05	1.000000000000000e+00	24	0	106
107	 1.268778228379540e+03 -2.973931699199230e+02  1.127225388757407e+03	-2.480926050338894e-04  2.448702580295503e-04  2.480926050338894e-04	1.000000000000000e+00	0	0	107
108	 1.041016943191477e+03 -5.675353555655199e+02  1.157587248773083e+03	 1.177881378680468e-03 -1.135303522460163e-03 -1.135303522460163e-03	1.000000000000000e+00	0	0	108
109	 1.370800602590937e+03 -3.994097013069957e+02  1.325712903031607e+03	 1.821820478653535e-04 -1.825435319915414e-04 -1.825435319915414e-04	1.000000000000000e+00	0	0	109
110	-1.031572706355401e+02  2.293964844176845e+02  3.522294698831077e+02	-5.186357884667814e-04 -5.186357884667814e-04 -5.178668070584536e-04	1.000000000000000e+00	12	0	110
111	 1.037620473115700e+03 -8.745636184403415e+02  3.221400394898878e+02	-5.601943848887458e-05 -5.601943848887458e-05 -5.566378604271449e-05	1.000000000000000e+00	12	0	111
112	 1.737400118104826e+03 -1.747839734512149e+02 -1.074728350820479e+03	1.206769084092230e-04 1.206769084092230e-04 1.208207613672130e-04	1.000000000000000e+00	12	0	112
113	 6.018012381501168e+02  9.343549932033412e+02 -1.039390308084018e+03	7.162063266150653e-04 7.162063266150653e-04 7.449640543200076e-04	1.000000000000000e+00	12	0	113
114	 1.324614278597562e+02  4.650151829129808e+02 -1.110364454713714e+02	1.012239408737514e-05 1.012239408737514e-05 9.901460543915164e-06	1.000000000000000e+00	12	0	114
115	 3.651466784625433e+02  6.977004335157678e+02 -5.772335082056732e+02	-5.088275429443456e-05 -5.088275429443456e-05 -5.098961628391407e-05	1.000000000000000e+00	12	0	115
116	 1.270879367485729e+03 -6.413047240703120e+02 -1.434844593185062e+02	-1.452879587304778e-06 -1.452879587304778e-06 -1.454340690543177e-06	1.000000000000000e+00	12	0	116
117	 1.504032749395516e+03 -4.081513421605248e+02 -6.092133569160793e+02	3.893454777426086e-05 3.893454777426086e-05 3.902569369529374e-05	1.000000000000000e+00	12	0	117
0	-5.773502691896258e-01  5.773502691896258e-01  5.773502691896258e-01	-7.071067811865476e-01  3.124842898819631e-18 -7.071067811865476e-01	 1.198001808568474e+03 -5.294203851356715e-15  1.198001808568474e+03	1	0	0.000000000000000e+00	0.000000000000000e+00	0.000000000000000e+00
1	-5.773502691896258e-01  5.773502691896258e-01  5.773502691896258e-01	 0.000000000000000e+00  7.071067811865476e-01 -7.071067811865476e-01	 0.000000000000000e+00 -9.214510296266430e+02  9.214510296266430e+02	1	0	0.000000000000000e+00	0.000000000000000e+00	0.000000000000000e+00
2	-5.773502691896258e-01  5.773502691896258e-01  5.773502691896258e-01	 7.071067811865476e-01  7.071067811865476e-01 -3.124842898819631e-18	-7.193784354102739e+02 -7.193784354102739e+02  3.179073734356852e-15	1	0	0.000000000000000e+00	0.000000000000000e+00	0.000000000000000e+00
3	-5.773502691896258e-01  5.773502691896258e-01  5.773502691896258e-01	 7.071067811865476e-01 -3.124842898819631e-18  7.071067811865476e-01	 8.030942244427697e+02 -3.549030148066116e-15  8.030942244427697e+02	1	0	0.000000000000000e+00	0.000000000000000e+00	0.000000000000000e+00
4	-5.773502691896258e-01  5.773502691896258e-01  5.773502691896258e-01	 0.000000000000000e+00  7.071067811865476e-01 -7.071067811865476e-01	 0.000000000000000e+00 -8.625613021693013e+02  8.625613021693013e+02	1	0	0.000000000000000e+00	0.000000000000000e+00	0.000000000000000e+00
5	-5.773502691896258e-01  5.773502691896258e-01  5.773502691896258e-01	-7.071067811865476e-01 -7.071067811865476e-01  3.124842898819631e-18	 9.364621366255734e+02  9.364621366255734e+02 -4.138408986458117e-15	1	0	0.000000000000000e+00	0.000000000000000e+00	0.000000000000000e+00
6	 5.773502691896258e-01 -5.773502691896258e-01 -5.773502691896258e-01	0.000000000000000e+00 0.000000000000000e+00 0.000000000000000e+00	1.570392732195782e+03 3.025315410553647e+02 8.256108849411653e+02	1	1	0.000000000000000e+00	0.000000000000000e+00	0.000000000000000e+00
7	-5.773502691896258e-01 -5.773502691896258e-01 -5.773502691896258e-01	-7.071067811865476e-01  0.000000000000000e+00  7.071067811865476e-01	-4.024131376251693e+02  0.000000000000000e+00  4.024131376251693e+02	1	0	0.000000000000000e+00	0.000000000000000e+00	0.000000000000000e+00
8	-5.773502691896258e-01 -5.773502691896258e-01 -5.773502691896258e-01	 0.000000000000000e+00 -7.071067811865476e-01  7.071067811865476e-01	 0.000000000000000e+00 -7.730720104449091e+02  7.730720104449091e+02	1	0	0.000000000000000e+00	0.000000000000000e+00	0.000000000000000e+00
9	-5.773502691896258e-01 -5.773502691896258e-01 -5.773502691896258e-01	 7.071067811865476e-01 -7.071067811865476e-01  0.000000000000000e+00	 9.560920457780206e+02 -9.560920457780206e+02  0.000000000000000e+00	1	0	0.000000000000000e+00	0.000000000000000e+00	0.000000000000000e+00
10	-5.773502691896258e-01 -5.773502691896258e-01 -5.773502691896258e-01	 7.071067811865476e-01  0.000000000000000e+00 -7.071067811865476e-01	 1.580785037041196e+03  0.000000000000000e+00 -1.580785037041196e+03	1	0	0.000000000000000e+00	0.000000000000000e+00	0.000000000000000e+00
11	-5.773502691896258e-01 -5.773502691896258e-01 -5.773502691896258e-01	 0.000000000000000e+00  7.071067811865476e-01 -7.071067811865476e-01	 0.000000000000000e+00  1.161628741609527e+03 -1.161628741609527e+03	1	0	0.000000000000000e+00	0.000000000000000e+00	0.000000000000000e+00
12	-5.773502691896258e-01 -5.773502691896258e-01 -5.773502691896258e-01	-7.071067811865476e-01  7.071067811865476e-01  0.000000000000000e+00	-1.662768775266123e+02  1.662768775266123e+02  0.000000000000000e+00	1	0	0.000000000000000e+00	0.000000000000000e+00	0.000000000000000e+00
13	5.773502691896258e-01 5.773502691896258e-01 5.773502691896258e-01	0.000000000000000e+00 0.000000000000000e+00 0.000000000000000e+00	-2.170837012152994e+02  1.154700538379251e+02  5.877425740350395e+02	1	1	0.000000000000000e+00	0.000000000000000e+00	0.000000000000000e+00
14	-5.773502691896258e-01  5.773502691896258e-01 -5.773502691896258e-01	 7.071067811865476e-01  0.000000000000000e+00 -7.071067811865476e-01	-5.328942984620248e+02  0.000000000000000e+00  5.328942984620248e+02	1	0	0.000000000000000e+00	0.000000000000000e+00	0.000000000000000e+00
15	-5.773502691896258e-01  5.773502691896258e-01 -5.773502691896258e-01	-3.124842898819631e-18  7.071067811865476e-01  7.071067811865476e-01	 8.547268868455420e-16 -1.934123401785247e+02 -1.934123401785247e+02	1	0	0.000000000000000e+00	0.000000000000000e+00	0.000000000000000e+00
16	-5.773502691896258e-01  5.773502691896258e-01 -5.773502691896258e-01	 7.071067811865476e-01  7.071067811865476e-01 -3.124842898819631e-18	 5.519468573452824e+02  5.519468573452824e+02 -2.439160906938323e-15	1	0	0.000000000000000e+00	0.000000000000000e+00	0.000000000000000e+00
17	-5.773502691896258e-01  5.773502691896258e-01 -5.773502691896258e-01	-7.071067811865476e-01  0.000000000000000e+00  7.071067811865476e-01	 1.412198758437825e+03  0.000000000000000e+00 -1.412198758437825e+03	1	0	0.000000000000000e+00	0.000000000000000e+00	0.000000000000000e+00
18	-5.773502691896258e-01  5.773502691896258e-01 -5.773502691896258e-01	-3.124842898819631e-18  7.071067811865476e-01  7.071067811865476e-01	 9.389238637586849e-16 -2.124648990617823e+02 -2.124648990617823e+02	1	0	0.000000000000000e+00	0.000000000000000e+00	0.000000000000000e+00
19	-5.773502691896258e-01  5.773502691896258e-01 -5.773502691896258e-01	-7.071067811865476e-01 -7.071067811865476e-01  3.124842898819631e-18	-7.851963660978913e+01 -7.851963660978913e+01  3.469936018238618e-16	1	0	0.000000000000000e+00	0.000000000000000e+00	0.000000000000000e+00
20	 5.773502691896258e-01 -5.773502691896258e-01  5.773502691896258e-01	0.000000000000000e+00 0.000000000000000e+00 0.000000000000000e+00	-7.597929542535472e+02  6.027536810339691e+02  3.059956426705008e+02	1	1	0.000000000000000e+00	0.000000000000000e+00	0.000000000000000e+00
0	0	1	0
6	0	1	0
5	5	0	0
6	5	0	0
0	6	0	0
5	0	6	0
1	1	2	0
6	1	2	0
0	1	7	0
1	7	1	0
2	2	3	0
6	2	3	0
1	2	8	0
2	8	2	0
3	3	4	0
6	3	4	0
2	3	9	0
3	9	3	0
4	4	5	0
6	4	5	0
3	4	10	0
4	10	4	0
4	5	11	0
5	11	5	0
5	6	66	0
0	67	6	0
0	7	42	0
1	68	7	0
2	69	8	0
1	8	70	0
2	9	71	0
3	72	9	0
3	10	38	0
4	73	10	0
5	74	11	0
4	11	75	0
7	12	13	0
13	12	13	0
12	17	12	0
13	17	12	0
7	18	12	0
12	12	18	0
8	13	14	0
13	13	14	0
7	13	19	0
8	19	13	0
9	14	15	0
13	14	15	0
8	14	20	0
9	20	14	0
10	15	16	0
13	15	16	0
9	15	21	0
10	21	15	0
11	16	17	0
13	16	17	0
10	16	22	0
11	22	16	0
11	17	23	0
12	23	17	0
7	76	18	0
12	18	110	0
7	19	78	0
8	79	19	0
8	20	80	0
9	111	20	0
10	83	21	0
9	21	112	0
10	22	84	0
11	85	22	0
11	23	87	0
12	113	23	0
14	24	25	0
20	24	25	0
19	29	24	0
20	29	24	0
14	30	24	0
19	24	30	0
15	25	26	0
20	25	26	0
14	25	31	0
15	31	25	0
16	26	27	0
20	26	27	0
15	26	32	0
16	32	26	0
17	27	28	0
20	27	28	0
16	27	33	0
17	33	27	0
18	28	29	0
20	28	29	0
17	28	34	0
18	34	28	0
18	29	35	0
19	35	29	0
14	88	30	0
19	30	89	0
14	31	90	0
15	91	31	0
16	40	32	0
15	32	92	0
17	93	33	0
16	33	94	0
17	34	95	0
18	96	34	0
19	36	35	0
18	35	97	0
19	98	36	0
15	36	99	0
15	100	36	0
1	38	101	0
1	102	38	0
3	38	103	0
16	104	40	0
18	40	105	0
18	106	40	0
0	42	107	0
4	42	108	0
4	109	42	0
5	66	44	0
5	44	74	0
0	45	67	0
0	107	45	0
1	46	68	0
1	101	46	0
2	47	69	0
2	71	47	0
1	70	48	0
1	48	102	0
3	49	72	0
3	103	49	0
4	50	73	0
4	108	50	0
4	75	51	0
4	51	109	0
7	52	76	0
7	78	52	0
12	114	53	0
12	53	115	0
8	54	79	0
8	80	54	0
9	55	116	0
9	117	55	0
10	56	83	0
10	84	56	0
11	57	85	0
11	87	57	0
14	58	88	0
14	90	58	0
19	89	59	0
19	59	98	0
15	60	91	0
15	99	60	0
15	92	61	0
15	61	100	0
17	62	93	0
17	95	62	0
16	94	63	0
16	63	104	0
18	64	96	0
18	105	64	0
18	97	65	0
18	65	106	0
12	110	77	0
12	77	114	0
9	81	111	0
9	116	81	0
9	112	82	0
9	82	117	0
12	86	113	0
12	115	86	0
