114
21
172
0	1.570392732195782e+03 3.025315410553647e+02 8.256108849411653e+02	0.000000000000000e+00 0.000000000000000e+00 0.000000000000000e+00	1.000000000000000e+00	0	0	0
1	 1.130451827073287e+03 -5.773502691896260e+02  1.265551790063660e+03	0.000000000000000e+00 0.000000000000000e+00 0.000000000000000e+00	1.000000000000000e+00	0	0	1
2	-1.974537920628516e+02 -1.241303078757696e+03  6.015989804955904e+02	0.000000000000000e+00 0.000000000000000e+00 0.000000000000000e+00	1.000000000000000e+00	0	0	2
3	 2.032272947547480e+02 -1.641984165575296e+03  1.402961154130791e+03	0.000000000000000e+00 0.000000000000000e+00 0.000000000000000e+00	1.000000000000000e+00	0	0	3
4	 6.431681998772439e+02 -7.621023553303065e+02  9.630202490082960e+02	0.000000000000000e+00 0.000000000000000e+00 0.000000000000000e+00	1.000000000000000e+00	0	0	4
5	 1.971073819013383e+03 -9.814954576223676e+01  1.626973058576365e+03	0.000000000000000e+00 0.000000000000000e+00 0.000000000000000e+00	1.000000000000000e+00	0	0	5
6	1.569904196191792e+03 3.030200770593543e+02 8.260994209451549e+02	-1.170571704278700e-04  1.205917797051370e-04  1.153863267973065e-04	1.000000000000000e+00	0	0	6
7	 1.128987560008530e+03 -5.758860021248693e+02  1.267016057128417e+03	-6.399887497536838e-04  6.399887497536838e-04  6.399887497536838e-04	1.000000000000000e+00	0	0	7
8	-1.969705864075817e+02 -1.241786284412966e+03  6.011157748403205e+02	 1.098817592719570e-04 -1.105535775423050e-04 -1.105443807318807e-04	1.000000000000000e+00	0	0	8
9	 2.032252708408778e+02 -1.641982141661425e+03  1.402963178044661e+03	 3.183175977028441e-06 -3.430727701925207e-06 -2.925708258771920e-06	1.000000000000000e+00	0	0	9
10	 6.441761638314910e+02 -7.631103192845536e+02  9.620122850540489e+02	 5.490913366278013e-04 -5.490913366278013e-04 -5.490913366278013e-04	1.000000000000000e+00	0	0	10
11	 1.971191226778650e+03 -9.826695352750349e+01  1.626855650811098e+03	 3.205539178452455e-05 -3.182210275554098e-05 -3.175189340254292e-05	1.000000000000000e+00	0	0	11
12	-2.170837012152994e+02  1.154700538379251e+02  5.877425740350395e+02	0.000000000000000e+00 0.000000000000000e+00 0.000000000000000e+00	1.000000000000000e+00	12	0	12
13	 1.408734656822689e+02 -6.004442799572098e+02  9.456997409326077e+02	0.000000000000000e+00 0.000000000000000e+00 0.000000000000000e+00	1.000000000000000e+00	12	0	13
14	 9.214510296266424e+02 -9.907330619293978e+02  5.554109589604201e+02	0.000000000000000e+00 0.000000000000000e+00 0.000000000000000e+00	1.000000000000000e+00	12	0	14
15	 1.853294364098699e+03 -5.888972745734176e+01 -1.308275709983692e+03	0.000000000000000e+00 0.000000000000000e+00 0.000000000000000e+00	1.000000000000000e+00	12	0	15
16	 1.495337197201131e+03  6.570246063377946e+02 -1.666232876881260e+03	0.000000000000000e+00 0.000000000000000e+00 0.000000000000000e+00	1.000000000000000e+00	12	0	16
17	 7.147596332567570e+02  1.047313388309982e+03 -1.275944094909073e+03	0.000000000000000e+00 0.000000000000000e+00 0.000000000000000e+00	1.000000000000000e+00	12	0	17
18	-2.181572449375458e+02  1.143965101156788e+02  5.866690303127932e+02	-2.408567670499906e-04 -2.408567670499906e-04 -2.408567670499906e-04	1.000000000000000e+00	12	0	18
19	 1.424236142677958e+02 -5.988941313716830e+02  9.472498895181346e+02	3.433743258938193e-04 3.433743258938193e-04 3.433743258938193e-04	1.000000000000000e+00	12	0	19
20	 9.217943536654881e+02 -9.903897378905522e+02  5.557542829992658e+02	9.261561353923753e-05 8.873850310919806e-05 8.947074820753187e-05	1.000000000000000e+00	12	0	20
21	 1.853826686154970e+03 -5.835740540107158e+01 -1.307743387927422e+03	1.215444353874773e-04 1.213736395584419e-04 1.215471565956250e-04	1.000000000000000e+00	12	0	21
22	 1.496782146070662e+03  6.584695552073250e+02 -1.664787928011730e+03	3.372869590142121e-04 3.372869590142121e-04 3.372869590142121e-04	1.000000000000000e+00	12	0	22
23	 7.207115951512927e+02  1.053265350204518e+03 -1.269992133014537e+03	1.334882302520176e-03 1.334882302520176e-03 1.334882302520176e-03	1.000000000000000e+00	12	0	23
24	-7.597929542535472e+02  6.027536810339691e+02  3.059956426705008e+02	0.000000000000000e+00 0.000000000000000e+00 0.000000000000000e+00	1.000000000000000e+00	24	0	24
25	-1.191650955607388e+03 -2.609623216737101e+02 -1.258623586833382e+02	0.000000000000000e+00 0.000000000000000e+00 0.000000000000000e+00	1.000000000000000e+00	24	0	25
26	 5.126870390403868e+02  5.912066756501777e+02 -9.780313560072266e+02	0.000000000000000e+00 0.000000000000000e+00 0.000000000000000e+00	1.000000000000000e+00	24	0	26
27	 9.572467463163994e+02  1.466469683741651e+02 -1.867150770559250e+03	0.000000000000000e+00 0.000000000000000e+00 0.000000000000000e+00	1.000000000000000e+00	24	0	27
28	 1.389104747670240e+03  1.010362971081845e+03 -1.435292769205410e+03	0.000000000000000e+00 0.000000000000000e+00 0.000000000000000e+00	1.000000000000000e+00	24	0	28
29	-3.152332469775362e+02  1.581939737579582e+02 -5.831237718815206e+02	0.000000000000000e+00 0.000000000000000e+00 0.000000000000000e+00	1.000000000000000e+00	24	0	29
30	-7.601167199992046e+02  6.030774467796266e+02  3.056718769248434e+02	-7.444252696586773e-05  7.454666047124192e-05 -7.283354352694005e-05	1.000000000000000e+00	24	0	30
31	-1.192286897545594e+03 -2.603263797355040e+02 -1.264983006215442e+02	-1.482610241509974e-04  1.469744020141661e-04 -1.481894869357347e-04	1.000000000000000e+00	24	0	31
32	 5.019429439152572e+02  6.019507707753073e+02 -9.887754511323562e+02	-2.485730704696228e-04  2.485730704696227e-04 -2.485730704696228e-04	1.000000000000000e+00	24	0	32
33	 9.547404465948118e+02  1.491532680957526e+02 -1.869657070280837e+03	-5.857708747498691e-04  5.857708747498691e-04 -5.857708747498691e-04	1.000000000000000e+00	24	0	33
34	 1.384339642755259e+03  1.015128075996826e+03 -1.440057874120390e+03	-1.119347133984169e-03  1.119347133984168e-03 -1.119347133984168e-03	1.000000000000000e+00	24	0	34
35	-3.052439196709508e+02  1.482046464513729e+02 -5.731344445749353e+02	 3.085862457131346e-04 -3.085862457131346e-04  3.085862457131346e-04	1.000000000000000e+00	24	0	35
36	-3.302336361353352e+02  1.731943629157572e+02 -5.600190432728049e+02	 8.292036000057124e-06 -2.771863000816666e-05  2.402043028268963e-04	1.000000000000000e+00	24	0	36
38	 6.029488904992930e+02 -8.396625008670397e+02  1.003239558386247e+03	-2.730187261477113e-04  2.730187261477113e-04  2.730187261477113e-04	1.000000000000000e+00	0	0	38
40	 5.280965475252247e+02  5.757971671653401e+02 -1.000726965288904e+03	-3.946266951970756e-05  5.690075704478659e-05 -1.875765010481700e-04	1.000000000000000e+00	24	0	40
42	 1.170038548270451e+03 -4.991575354721061e+02  1.225965068866496e+03	 1.444839144824073e-04 -1.219923797179945e-04 -1.310674997512251e-04	1.000000000000000e+00	0	0	42
44	1.770814920639202e+03 1.021093526119444e+02 1.226210459860295e+03	 2.054094329650979e-05 -2.054094329650979e-05 -2.047510133706965e-05	1.000000000000000e+00	0	0	44
45	 1.368821251094030e+03 -9.692057130330437e+01  1.027182366042917e+03	-2.954608353320509e-04  2.945361193269491e-04  2.954608353320509e-04	1.000000000000000e+00	0	0	45
46	 8.644660890795434e+02 -7.062757120249066e+02  1.136626347228379e+03	-1.184066873975098e-03  1.181395375169814e-03  1.181395375169814e-03	1.000000000000000e+00	0	0	46
47	 3.312842981333234e+00 -1.442069713801881e+03  1.001854111875939e+03	 9.812357166083530e-05 -9.812357166083530e-05 -9.806756133912131e-05	1.000000000000000e+00	0	0	47
48	 2.040719198233465e+02 -1.041805547626446e+03  8.010965116268396e+02	 1.847872335929424e-04 -1.840761542553082e-04 -1.840761542553082e-04	1.000000000000000e+00	0	0	48
49	 4.030090637059150e+02 -1.240746444999447e+03  1.203179385179624e+03	-1.279835560126230e-04  1.270098437089473e-04  1.279835560126230e-04	1.000000000000000e+00	0	0	49
50	 9.095950382851215e+02 -6.336025872232108e+02  1.091520017115392e+03	 1.285025267861784e-03 -1.271682558581233e-03 -1.271682558581233e-03	1.000000000000000e+00	0	0	50
51	 1.570869151180468e+03 -2.989659865820495e+02  1.426156617756553e+03	 1.218695251736790e-04 -1.215976444655098e-04 -1.215976444655098e-04	1.000000000000000e+00	0	0	51
52	-3.764974368948356e+01 -2.420314519380431e+02  7.671765315608551e+02	1.111426172428764e-04 1.113067919504829e-04 1.111426172428764e-04	1.000000000000000e+00	12	0	52
53	 2.489533865449052e+02  5.815071415981298e+02 -3.439852642183985e+02	1.276741204492282e-05 1.276741204492282e-05 1.280600918107666e-05	1.000000000000000e+00	12	0	53
54	 5.311292862820575e+02 -7.956120817636200e+02  7.505319391261982e+02	1.282608627661830e-05 1.716305814625230e-05 1.716305814625230e-05	1.000000000000000e+00	12	0	54
55	 1.387418292885014e+03 -5.247657986710274e+02 -3.763867473846495e+02	1.212536335515324e-05 1.212536335515324e-05 1.214112853631377e-05	1.000000000000000e+00	12	0	55
56	 1.675543591036335e+03  3.002934011754911e+02 -1.486026483046057e+03	2.693636924959719e-04 2.685370272956789e-04 2.693636924959719e-04	1.000000000000000e+00	12	0	56
57	 1.100228928985202e+03  8.471635413931388e+02 -1.476093941825916e+03	-8.998989360406995e-04 -9.796802187338471e-04 -9.796802187338471e-04	1.000000000000000e+00	12	0	57
58	-9.766479398685804e+02  1.718243758151813e+02  8.914065705546929e+01	-2.013643534155563e-04  2.025676221819595e-04 -2.013643534155563e-04	1.000000000000000e+00	24	0	58
59	-5.441913181239170e+02  3.871520449043387e+02 -1.261906139136823e+02	-6.648782436968759e-05  6.648782436968759e-05 -6.680079241050407e-05	1.000000000000000e+00	24	0	59
60	-7.605579366647053e+02 -4.427164062757526e+01 -3.425530397294742e+02	-1.893648877739906e-04  1.876702153822407e-04 -1.876702153822407e-04	1.000000000000000e+00	24	0	60
61	 8.425781959112524e+01  3.890963750721432e+02 -7.759210554291926e+02	 3.278920848970301e-05 -3.289343294454738e-05  3.289343294454738e-05	1.000000000000000e+00	24	0	61
62	 1.172182049620673e+03  5.794813224153991e+02 -1.652215467254977e+03	-3.291065513622016e-04  3.184218367096037e-04 -3.291065513622016e-04	1.000000000000000e+00	24	0	62
63	 7.369165176900267e+02  3.669771970005381e+02 -1.439690475898886e+03	-1.026104320771992e-03  1.026104320771992e-03 -1.024698955006897e-03	1.000000000000000e+00	24	0	63
64	 9.600003005550666e+02  7.917592125306510e+02 -1.216689010654216e+03	 5.921991541981697e-04 -5.576151306740940e-04  5.576151306740940e-04	1.000000000000000e+00	24	0	64
65	 1.134088653595725e+02  3.599558737152192e+02 -7.848856718387840e+02	 5.289228283800185e-05 -5.260735997580923e-05  5.260735997580923e-05	1.000000000000000e+00	24	0	65
66	1.670876605239993e+03 2.020476680111540e+02 1.025636608414184e+03	 7.686499156989157e-05 -7.686499156989157e-05 -7.749516953481361e-05	1.000000000000000e+00	0	0	66
67	1.468815880398508e+03 1.036018785721096e+02 9.271877367384393e+02	-3.377143002580851e-04  3.398206899873912e-04  3.377143002580851e-04	1.000000000000000e+00	0	0	67
68	 9.964944041795911e+02 -6.408306842006600e+02  1.202071375052626e+03	-1.020219177007675e-03  1.034307759255171e-03  1.034307759255171e-03	1.000000000000000e+00	0	0	68
69	-9.688611880324241e+01 -1.341870752017305e+03  8.015421807457042e+02	 8.914432692108676e-05 -8.914432692108676e-05 -8.912100020097569e-05	1.000000000000000e+00	0	0	69
70	 3.804081306334780e+00 -1.142051209027645e+03  7.008508502256414e+02	 2.043852582573891e-04 -2.048548194579780e-04 -2.048548194579780e-04	1.000000000000000e+00	0	0	70
71	 1.033687690460265e+02 -1.542125639866574e+03  1.202309359299068e+03	 7.636201189598069e-05 -7.636201189598069e-05 -7.612457557115704e-05	1.000000000000000e+00	0	0	71
72	 3.030752333115945e+02 -1.441321939686502e+03  1.303113215573945e+03	-7.293630187632516e-05  7.263709994731471e-05  7.293630187632516e-05	1.000000000000000e+00	0	0	72
73	 7.781225336252382e+02 -6.996435886940585e+02  1.025479015644544e+03	 1.243989798240364e-03 -1.273031230084598e-03 -1.273031230084598e-03	1.000000000000000e+00	0	0	73
74	1.870858384526178e+03 2.065888724969048e+00 1.426677723260521e+03	-1.099659948522458e-05  1.099659948522458e-05  1.102202804759145e-05	1.000000000000000e+00	0	0	74
75	 1.771107606597708e+03 -1.986936490190638e+02  1.526428955319539e+03	 9.725214476929978e-05 -9.699468500912189e-05 -9.699468500912189e-05	1.000000000000000e+00	0	0	75
76	-1.271715867452838e+02 -6.308280523437167e+01  6.776546885050549e+02	8.995214011520147e-05 9.124497591983527e-05 8.995214011520147e-05	1.000000000000000e+00	12	0	76
77	1.480695781777565e+01 3.473607128710002e+02 1.207421290751304e+02	-2.477339876350015e-04 -2.477339876350015e-04 -2.516510430723429e-04	1.000000000000000e+00	12	0	77
78	 5.197839019978881e+01 -4.208683968330640e+02  8.568046654501275e+02	1.481665094615892e-04 1.496074546594173e-04 1.481665094615892e-04	1.000000000000000e+00	12	0	78
79	 3.363588633456295e+02 -6.976823721030505e+02  8.484616487867677e+02	9.907702042255551e-05 9.588655666448176e-05 9.588655666448176e-05	1.000000000000000e+00	12	0	79
80	 7.280422982165171e+02 -8.914227326561496e+02  6.547212882336686e+02	3.786139714065939e-04 3.796139790210873e-04 3.796139790210873e-04	1.000000000000000e+00	12	0	80
81	 1.154334102647932e+03 -7.578499889081090e+02  8.941144796046981e+01	-1.678280750638805e-05 -1.678280750638805e-05 -1.681818139331881e-05	1.000000000000000e+00	12	0	81
82	 1.620684718103391e+03 -2.914993734526502e+02 -8.420024345471053e+02	8.145214815158397e-05 8.145214815158397e-05 8.164407336153090e-05	1.000000000000000e+00	12	0	82
83	 1.764554891982227e+03  1.208362834349012e+02 -1.397015182100165e+03	1.679768174653873e-04 1.669250632403418e-04 1.679768174653873e-04	1.000000000000000e+00	12	0	83
84	 1.586016558648450e+03  4.792355104743845e+02 -1.575553515433942e+03	2.696182345971465e-04 2.692919515538961e-04 2.696182345971465e-04	1.000000000000000e+00	12	0	84
85	 1.302694278164879e+03  7.570391963699863e+02 -1.566218286849069e+03	4.948218702338636e-04 4.663609724957496e-04 4.663609724957496e-04	1.000000000000000e+00	12	0	85
86	 4.820989552562326e+02  8.146527103094571e+02 -8.097161440538064e+02	7.704290328547359e-05 7.704290328547359e-05 8.006462303455919e-05	1.000000000000000e+00	12	0	86
87	 9.164655460725801e+02  9.561010427130263e+02 -1.367156440506029e+03	1.463270280510187e-03 1.375292427837849e-03 1.375292427837849e-03	1.000000000000000e+00	12	0	87
88	-8.679855485497621e+02  3.870541329807986e+02  1.978030483742876e+02	-4.430169065017253e-05  4.491607614909299e-05 -4.430169065017253e-05	1.000000000000000e+00	24	0	88
89	-6.529109207806182e+02  4.958716475610399e+02  8.898440499859126e+01	-2.429451415082440e-04  2.429451415082440e-04 -2.428263833280653e-04	1.000000000000000e+00	24	0	89
90	-1.084855149747884e+03 -4.386595737912518e+01 -1.906655282383391e+01	-2.609326620586216e-04  2.603533503133804e-04 -2.609326620586216e-04	1.000000000000000e+00	24	0	90
91	-9.760458985776212e+02 -1.526743669762629e+02 -2.341503133807866e+02	-8.298838656628504e-05  8.273550338344648e-05 -8.273550338344648e-05	1.000000000000000e+00	24	0	91
92	 2.931029738064357e+02  4.955294103012255e+02 -8.823540906582749e+02	-9.248945571016520e-05  9.076305286725983e-05 -9.076305286725983e-05	1.000000000000000e+00	24	0	92
93	 1.063641582090719e+03  3.641548610544485e+02 -1.760755934784931e+03	-3.612367436289787e-04  3.650928265415132e-04 -3.612367436289787e-04	1.000000000000000e+00	24	0	93
94	 8.451578749760091e+02  2.587358397145557e+02 -1.655371996323654e+03	-9.592280839569867e-04  9.592280839569867e-04 -9.713274193927646e-04	1.000000000000000e+00	24	0	94
95	 1.275192952215107e+03  8.002391439605378e+02 -1.549204564660544e+03	-1.285420265048742e-03  1.235656905919313e-03 -1.285420265048742e-03	1.000000000000000e+00	24	0	95
96	 1.170753974709591e+03  9.048140593351341e+02 -1.329743857458699e+03	-5.638119764626026e-04  5.597229464910924e-04 -5.597229464910924e-04	1.000000000000000e+00	24	0	96
97	-9.635361430710614e+01  2.544754770755737e+02 -6.794052751991385e+02	 9.678368223831058e-05 -9.389949264004827e-05  9.389949264004827e-05	1.000000000000000e+00	24	0	97
98	-4.343274974953773e+02  2.772882242757990e+02 -3.402562205643200e+02	 3.643120289780200e-04 -3.643120289780200e-04  3.505174536257982e-04	1.000000000000000e+00	24	0	98
99	-5.454195112119671e+02  6.447096418520798e+01 -4.512956445422574e+02	-3.951283288188279e-04  3.909654333256185e-04 -3.909654333256185e-04	1.000000000000000e+00	24	0	99
100	-1.262639882213244e+02  2.841572546607555e+02 -6.709819350178049e+02	 6.480015872512013e-05 -7.958117203088477e-05  7.958117203088477e-05	1.000000000000000e+00	24	0	100
101	 7.333938057565782e+02 -7.726724434836879e+02  1.070229615769598e+03	-9.794677607715130e-04  9.612113353796303e-04  9.612113353796303e-04	1.000000000000000e+00	0	0	101
102	 4.038054585488105e+02 -9.410277617384202e+02  9.018742975148659e+02	 4.830572652281262e-05 -4.734339381684549e-05 -4.734339381684549e-05	1.000000000000000e+00	0	0	102
103	 5.024877714781871e+02 -1.039712043755731e+03  1.103700677407352e+03	-2.820283698383719e-04  2.819492947310209e-04  2.820283698383719e-04	1.000000000000000e+00	0	0	103
104	 6.293962084477365e+02  4.744975062428283e+02 -1.223199700700984e+03	-9.558030869811773e-04  9.558030869811773e-04 -9.073449764400721e-04	1.000000000000000e+00	24	0	104
105	 7.428242396561884e+02  6.849884196047558e+02 -1.109918217728321e+03	 4.169855092186481e-04 -4.117955104447901e-04  4.117955104447901e-04	1.000000000000000e+00	24	0	105
106	 3.243681292149856e+02  4.645466975158695e+02 -8.894764956394342e+02	-3.645548349595629e-05  5.351343497750349e-05 -5.351343497750349e-05	1.000000000000000e+00	24	0	106
107	 1.268893921602010e+03 -2.975074540261768e+02  1.127109695534938e+03	-2.442362892907113e-04  2.414550253888592e-04  2.442362892907113e-04	1.000000000000000e+00	0	0	107
108	 1.040500222927025e+03 -5.670357610021344e+02  1.158086843336468e+03	 1.023902790620923e-03 -9.930511005222797e-04 -9.930511005222797e-04	1.000000000000000e+00	0	0	108
109	 1.370716470403577e+03 -3.993254037232953e+02  1.325797200615307e+03	 1.759160804795101e-04 -1.762569299899042e-04 -1.762569299899042e-04	1.000000000000000e+00	0	0	109
110	-1.029129943631742e+02  2.296407606900503e+02  3.524734057977597e+02	-5.208389484323561e-04 -5.208389484323561e-04 -5.201589083299041e-04	1.000000000000000e+00	12	0	110
111	 1.037647233856811e+03 -8.745368576992300e+02  3.221666401770739e+02	-5.783770393463783e-05 -5.783770393463783e-05 -5.751246135332622e-05	1.000000000000000e+00	12	0	111
112	 1.737343333057321e+03 -1.748407584987203e+02 -1.074785200385683e+03	1.209609326906502e-04 1.209609326906502e-04 1.210916234413162e-04	1.000000000000000e+00	12	0	112
113	 6.014638685374658e+02  9.340176235906903e+02 -1.039740578254446e+03	7.194067584350705e-04 7.194067584350705e-04 7.455442682839930e-04	1.000000000000000e+00	12	0	113
114	 1.324562830652337e+02  4.650100381184583e+02 -1.110414944127030e+02	1.177045851363800e-05 1.177045851363800e-05 1.158307441073703e-05	1.000000000000000e+00	12	0	114
115	 3.651708682323903e+02  6.977246232856148e+02 -5.772092711145585e+02	-5.203658656682819e-05 -5.203658656682819e-05 -5.213107579038478e-05	1.000000000000000e+00	12	0	115
116	 1.270880089796972e+03 -6.413040017590697e+02 -1.434837363209300e+02	-1.613005565559433e-06 -1.613005565559433e-06 -1.614454049558844e-06	1.000000000000000e+00	12	0	116
117	 1.504014492000898e+03 -4.081695995551433e+02 -6.092316550053980e+02	3.875648326356895e-05 3.875648326356895e-05 3.883853423758410e-05	1.000000000000000e+00	12	0	117
0	-5.773502691896258e-01  5.773502691896258e-01  5.773502691896258e-01	-7.071067811865476e-01  3.124842898819631e-18 -7.071067811865476e-01	 1.198001808568474e+03 -5.294203851356715e-15  1.198001808568474e+03	1	0	0.000000000000000e+00	0.000000000000000e+00	0.000000000000000e+00
1	-5.773502691896258e-01  5.773502691896258e-01  5.773502691896258e-01	 0.000000000000000e+00  7.071067811865476e-01 -7.071067811865476e-01	 0.000000000000000e+00 -9.214510296266430e+02  9.214510296266430e+02	1	0	0.000000000000000e+00	0.000000000000000e+00	0.000000000000000e+00
2	-5.773502691896258e-01  5.773502691896258e-01  5.773502691896258e-01	 7.071067811865476e-01  7.071067811865476e-01 -3.124842898819631e-18	-7.193784354102739e+02 -7.193784354102739e+02  3.179073734356852e-15	1	0	0.000000000000000e+00	0.000000000000000e+00	0.000000000000000e+00
3	-5.773502691896258e-01  5.773502691896258e-01  5.773502691896258e-01	 7.071067811865476e-01 -3.124842898819631e-18  7.071067811865476e-01	 8.030942244427697e+02 -3.549030148066116e-15  8.030942244427697e+02	1	0	0.000000000000000e+00	0.000000000000000e+00	0.000000000000000e+00
4	-5.773502691896258e-01  5.773502691896258e-01  5.773502691896258e-01	 0.000000000000000e+00  7.071067811865476e-01 -7.071067811865476e-01	 0.000000000000000e+00 -8.625613021693013e+02  8.625613021693013e+02	1	0	0.000000000000000e+00	0.000000000000000e+00	0.000000000000000e+00
5	-5.773502691896258e-01  5.773502691896258e-01  5.773502691896258e-01	-7.071067811865476e-01 -7.071067811865476e-01  3.124842898819631e-18	 9.364621366255734e+02  9.364621366255734e+02 -4.138408986458117e-15	1	0	0.000000000000000e+00	0.000000000000000e+00	0.000000000000000e+00
6	 5.773502691896258e-01 -5.773502691896258e-01 -5.773502691896258e-01	0.000000000000000e+00 0.000000000000000e+00 0.000000000000000e+00	1.570392732195782e+03 3.025315410553647e+02 8.256108849411653e+02	1	1	0.000000000000000e+00	0.000000000000000e+00	0.000000000000000e+00
7	-5.773502691896258e-01 -5.773502691896258e-01 -5.773502691896258e-01	-7.071067811865476e-01  0.000000000000000e+00  7.071067811865476e-01	-4.024131376251693e+02  0.000000000000000e+00  4.024131376251693e+02	1	0	0.000000000000000e+00	0.000000000000000e+00	0.000000000000000e+00
8	-5.773502691896258e-01 -5.773502691896258e-01 -5.773502691896258e-01	 0.000000000000000e+00 -7.071067811865476e-01  7.071067811865476e-01	 0.000000000000000e+00 -7.730720104449091e+02  7.730720104449091e+02	1	0	0.000000000000000e+00	0.000000000000000e+00	0.000000000000000e+00
9	-5.773502691896258e-01 -5.773502691896258e-01 -5.773502691896258e-01	 7.071067811865476e-01 -7.071067811865476e-01  0.000000000000000e+00	 9.560920457780206e+02 -9.560920457780206e+02  0.000000000000000e+00	1	0	0.000000000000000e+00	0.000000000000000e+00	0.000000000000000e+00
10	-5.773502691896258e-01 -5.773502691896258e-01 -5.773502691896258e-01	 7.071067811865476e-01  0.000000000000000e+00 -7.071067811865476e-01	 1.580785037041196e+03  0.000000000000000e+00 -1.580785037041196e+03	1	0	0.000000000000000e+00	0.000000000000000e+00	0.000000000000000e+00
11	-5.773502691896258e-01 -5.773502691896258e-01 -5.773502691896258e-01	 0.000000000000000e+00  7.071067811865476e-01 -7.071067811865476e-01	 0.000000000000000e+00  1.161628741609527e+03 -1.161628741609527e+03	1	0	0.000000000000000e+00	0.000000000000000e+00	0.000000000000000e+00
12	-5.773502691896258e-01 -5.773502691896258e-01 -5.773502691896258e-01	-7.071067811865476e-01  7.071067811865476e-01  0.000000000000000e+00	-1.662768775266123e+02  1.662768775266123e+02  0.000000000000000e+00	1	0	0.000000000000000e+00	0.000000000000000e+00	0.000000000000000e+00
13	5.773502691896258e-01 5.773502691896258e-01 5.773502691896258e-01	0.000000000000000e+00 0.000000000000000e+00 0.000000000000000e+00	-2.170837012152994e+02  1.154700538379251e+02  5.877425740350395e+02	1	1	0.000000000000000e+00	0.000000000000000e+00	0.000000000000000e+00
14	-5.773502691896258e-01  5.773502691896258e-01 -5.773502691896258e-01	 7.071067811865476e-01  0.000000000000000e+00 -7.071067811865476e-01	-5.328942984620248e+02  0.000000000000000e+00  5.328942984620248e+02	1	0	0.000000000000000e+00	0.000000000000000e+00	0.000000000000000e+00
15	-5.773502691896258e-01  5.773502691896258e-01 -5.773502691896258e-01	-3.124842898819631e-18  7.071067811865476e-01  7.071067811865476e-01	 8.547268868455420e-16 -1.934123401785247e+02 -1.934123401785247e+02	1	0	0.000000000000000e+00	0.000000000000000e+00	0.000000000000000e+00
16	-5.773502691896258e-01  5.773502691896258e-01 -5.773502691896258e-01	 7.071067811865476e-01  7.071067811865476e-01 -3.124842898819631e-18	 5.519468573452824e+02  5.519468573452824e+02 -2.439160906938323e-15	1	0	0.000000000000000e+00	0.000000000000000e+00	0.000000000000000e+00
17	-5.773502691896258e-01  5.773502691896258e-01 -5.773502691896258e-01	-7.071067811865476e-01  0.000000000000000e+00  7.071067811865476e-01	 1.412198758437825e+03  0.000000000000000e+00 -1.412198758437825e+03	1	0	0.000000000000000e+00	0.000000000000000e+00	0.000000000000000e+00
18	-5.773502691896258e-01  5.773502691896258e-01 -5.773502691896258e-01	-3.124842898819631e-18  7.071067811865476e-01  7.071067811865476e-01	 9.389238637586849e-16 -2.124648990617823e+02 -2.124648990617823e+02	1	0	0.000000000000000e+00	0.000000000000000e+00	0.000000000000000e+00
19	-5.773502691896258e-01  5.773502691896258e-01 -5.773502691896258e-01	-7.071067811865476e-01 -7.071067811865476e-01  3.124842898819631e-18	-7.851963660978913e+01 -7.851963660978913e+01  3.469936018238618e-16	1	0	0.000000000000000e+00	0.000000000000000e+00	0.000000000000000e+00
20	 5.773502691896258e-01 -5.773502691896258e-01  5.773502691896258e-01	0.000000000000000e+00 0.000000000000000e+00 0.000000000000000e+00	-7.597929542535472e+02  6.027536810339691e+02  3.059956426705008e+02	1	1	0.000000000000000e+00	0.000000000000000e+00	0.000000000000000e+00
0	0	1	0
6	0	1	0
5	5	0	0
6	5	0	0
0	6	0	0
5	0	6	0
1	1	2	0
6	1	2	0
0	1	7	0
1	7	1	0
2	2	3	0
6	2	3	0
1	2	8	0
2	8	2	0
3	3	4	0
6	3	4	0
2	3	9	0
3	9	3	0
4	4	5	0
6	4	5	0
3	4	10	0
4	10	4	0
4	5	11	0
5	11	5	0
5	6	66	0
0	67	6	0
0	7	42	0
1	68	7	0
2	69	8	0
1	8	70	0
2	9	71	0
3	72	9	0
3	10	38	0
4	73	10	0
5	74	11	0
4	11	75	0
7	12	13	0
13	12	13	0
12	17	12	0
13	17	12	0
7	18	12	0
12	12	18	0
8	13	14	0
13	13	14	0
7	13	19	0
8	19	13	0
9	14	15	0
13	14	15	0
8	14	20	0
9	20	14	0
10	15	16	0
13	15	16	0
9	15	21	0
10	21	15	0
11	16	17	0
13	16	17	0
10	16	22	0
11	22	16	0
11	17	23	0
12	23	17	0
7	76	18	0
12	18	110	0
7	19	78	0
8	79	19	0
8	20	80	0
9	111	20	0
10	83	21	0
9	21	112	0
10	22	84	0
11	85	22	0
11	23	87	0
12	113	23	0
14	24	25	0
20	24	25	0
19	29	24	0
20	29	24	0
14	30	24	0
19	24	30	0
15	25	26	0
20	25	26	0
14	25	31	0
15	31	25	0
16	26	27	0
20	26	27	0
15	26	32	0
16	32	26	0
17	27	28	0
20	27	28	0
16	27	33	0
17	33	27	0
18	28	29	0
20	28	29	0
17	28	34	0
18	34	28	0
18	29	35	0
19	35	29	0
14	88	30	0
19	30	89	0
14	31	90	0
15	91	31	0
16	40	32	0
15	32	92	0
17	93	33	0
16	33	94	0
17	34	95	0
18	96	34	0
19	36	35	0
18	35	97	0
19	98	36	0
15	36	99	0
15	100	36	0
1	38	101	0
1	102	38	0
3	38	103	0
16	104	40	0
18	40	105	0
18	106	40	0
0	42	107	0
4	42	108	0
4	109	42	0
5	66	44	0
5	44	74	0
0	45	67	0
0	107	45	0
1	46	68	0
1	101	46	0
2	47	69	0
2	71	47	0
1	70	48	0
1	48	102	0
3	49	72	0
3	103	49	0
4	50	73	0
4	108	50	0
4	75	51	0
4	51	109	0
7	52	76	0
7	78	52	0
12	114	53	0
12	53	115	0
8	54	79	0
8	80	54	0
9	55	116	0
9	117	55	0
10	56	83	0
10	84	56	0
11	57	85	0
11	87	57	0
14	58	88	0
14	90	58	0
19	89	59	0
19	59	98	0
15	60	91	0
15	99	60	0
15	92	61	0
15	61	100	0
17	62	93	0
17	95	62	0
16	94	63	0
16	63	104	0
18	64	96	0
18	105	64	0
18	97	65	0
18	65	106	0
12	110	77	0
12	77	114	0
9	81	111	0
9	116	81	0
9	112	82	0
9	82	117	0
12	86	113	0
12	115	86	0
