114
21
172
0	1.570392732195782e+03 3.025315410553647e+02 8.256108849411653e+02	0.000000000000000e+00 0.000000000000000e+00 0.000000000000000e+00	1.000000000000000e+00	0	0	0
1	 1.130451827073287e+03 -5.773502691896260e+02  1.265551790063660e+03	0.000000000000000e+00 0.000000000000000e+00 0.000000000000000e+00	1.000000000000000e+00	0	0	1
2	-1.974537920628515e+02 -1.241303078757696e+03  6.015989804955898e+02	0.000000000000000e+00 0.000000000000000e+00 0.000000000000000e+00	1.000000000000000e+00	0	0	2
3	 2.032272947547480e+02 -1.641984165575296e+03  1.402961154130791e+03	0.000000000000000e+00 0.000000000000000e+00 0.000000000000000e+00	1.000000000000000e+00	0	0	3
4	 6.431681998772440e+02 -7.621023553303055e+02  9.630202490082953e+02	0.000000000000000e+00 0.000000000000000e+00 0.000000000000000e+00	1.000000000000000e+00	0	0	4
5	 1.971073819013383e+03 -9.814954576223676e+01  1.626973058576365e+03	0.000000000000000e+00 0.000000000000000e+00 0.000000000000000e+00	1.000000000000000e+00	0	0	5
6	1.569458436774533e+03 3.034658364766134e+02 8.265451803624140e+02	-1.260544959222898e-04  1.349693047814071e-04  1.211481576319784e-04	1.000000000000000e+00	0	0	6
7	 1.125031302680121e+03 -5.719297447964603e+02  1.270972314456826e+03	-1.540384915036460e-03  1.540384915036460e-03  1.540384915036460e-03	1.000000000000000e+00	0	0	7
8	-1.965723291745804e+02 -1.242184541645967e+03  6.007175176073187e+02	 1.074650426744483e-04 -1.088141725631431e-04 -1.088390999939293e-04	1.000000000000000e+00	0	0	8
9	 2.032487657842041e+02 -1.642005636604752e+03  1.402939683101335e+03	 9.863426384981722e-06 -1.052400875778403e-05 -9.140199836110696e-06	1.000000000000000e+00	0	0	9
10	 6.478341160926498e+02 -7.667682715457113e+02  9.583543327928895e+02	 1.460244180634618e-03 -1.460244180634618e-03 -1.460244180634618e-03	1.000000000000000e+00	0	0	10
11	 1.971322634767662e+03 -9.839836151651519e+01  1.626724242822087e+03	 4.091498703928664e-05 -4.022489520139061e-05 -3.997722160420381e-05	1.000000000000000e+00	0	0	11
12	-2.170837012152994e+02  1.154700538379251e+02  5.877425740350395e+02	0.000000000000000e+00 0.000000000000000e+00 0.000000000000000e+00	1.000000000000000e+00	12	0	12
13	 1.408734656822689e+02 -6.004442799572098e+02  9.456997409326077e+02	0.000000000000000e+00 0.000000000000000e+00 0.000000000000000e+00	1.000000000000000e+00	12	0	13
14	 9.214510296266424e+02 -9.907330619293978e+02  5.554109589604201e+02	0.000000000000000e+00 0.000000000000000e+00 0.000000000000000e+00	1.000000000000000e+00	12	0	14
15	 1.853294364098699e+03 -5.888972745734211e+01 -1.308275709983692e+03	0.000000000000000e+00 0.000000000000000e+00 0.000000000000000e+00	1.000000000000000e+00	12	0	15
16	 1.495337197201131e+03  6.570246063377944e+02 -1.666232876881260e+03	0.000000000000000e+00 0.000000000000000e+00 0.000000000000000e+00	1.000000000000000e+00	12	0	16
17	 7.147596332567570e+02  1.047313388309982e+03 -1.275944094909073e+03	0.000000000000000e+00 0.000000000000000e+00 0.000000000000000e+00	1.000000000000000e+00	12	0	17
18	-2.190165294293875e+02  1.135372256238370e+02  5.858097458209514e+02	-2.315749006811529e-04 -2.315749006811529e-04 -2.315749006811529e-04	1.000000000000000e+00	12	0	18
19	 1.436419642418302e+02 -5.976757813976486e+02  9.484682394921689e+02	3.269341056390355e-04 3.269341056390355e-04 3.269341056390355e-04	1.000000000000000e+00	12	0	19
20	 9.221583214526999e+02 -9.900257701033403e+02  5.561182507864776e+02	1.142254768637940e-04 1.071624283213168e-04 1.084649775293656e-04	1.000000000000000e+00	12	0	20
21	 1.854264392071094e+03 -5.791969948494708e+01 -1.307305682011297e+03	1.190522234537639e-04 1.187736343126744e-04 1.190560651593842e-04	1.000000000000000e+00	12	0	21
22	 1.498013651217366e+03  6.597010603540294e+02 -1.663556422865025e+03	3.376778525610765e-04 3.376778525610765e-04 3.376778525610765e-04	1.000000000000000e+00	12	0	22
23	 7.254714279201744e+02  1.058025182973399e+03 -1.265232300245656e+03	1.280438232546051e-03 1.280438232546051e-03 1.280438232546051e-03	1.000000000000000e+00	12	0	23
24	-7.597929542535480e+02  6.027536810339697e+02  3.059956426705016e+02	0.000000000000000e+00 0.000000000000000e+00 0.000000000000000e+00	1.000000000000000e+00	24	0	24
25	-1.191650955607388e+03 -2.609623216737101e+02 -1.258623586833382e+02	0.000000000000000e+00 0.000000000000000e+00 0.000000000000000e+00	1.000000000000000e+00	24	0	25
26	 5.126870390403867e+02  5.912066756501773e+02 -9.780313560072267e+02	0.000000000000000e+00 0.000000000000000e+00 0.000000000000000e+00	1.000000000000000e+00	24	0	26
27	 9.572467463163994e+02  1.466469683741651e+02 -1.867150770559250e+03	0.000000000000000e+00 0.000000000000000e+00 0.000000000000000e+00	1.000000000000000e+00	24	0	27
28	 1.389104747670240e+03  1.010362971081845e+03 -1.435292769205410e+03	0.000000000000000e+00 0.000000000000000e+00 0.000000000000000e+00	1.000000000000000e+00	24	0	28
29	-3.152332469775350e+02  1.581939737579566e+02 -5.831237718815215e+02	0.000000000000000e+00 0.000000000000000e+00 0.000000000000000e+00	1.000000000000000e+00	24	0	29
30	-7.603844366362325e+02  6.033451634166541e+02  3.054041602878171e+02	-7.405308861052617e-05  7.440042099915445e-05 -7.055602327454835e-05	1.000000000000000e+00	24	0	30
31	-1.192829644972191e+03 -2.597836323089070e+02 -1.270410480481413e+02	-1.513450406491756e-04  1.487458212068304e-04 -1.510935107944533e-04	1.000000000000000e+00	24	0	31
32	 5.013152061295164e+02  6.025785085610476e+02 -9.894031889180970e+02	-1.491860214931269e-04  1.491860214931269e-04 -1.491860214931270e-04	1.000000000000000e+00	24	0	32
33	 9.525806748291748e+02  1.513130398613897e+02 -1.871816842046474e+03	-6.008737254887819e-04  6.008737254887819e-04 -6.008737254887819e-04	1.000000000000000e+00	24	0	33
34	 1.380232510039076e+03  1.019235208713009e+03 -1.444165006836574e+03	-1.133273588493466e-03  1.133273588493466e-03 -1.133273588493466e-03	1.000000000000000e+00	24	0	34
35	-3.045483572954470e+02  1.475090840758686e+02 -5.724388821994336e+02	 1.486426044721156e-04 -1.486426044721156e-04  1.486426044721157e-04	1.000000000000000e+00	24	0	35
36	-3.297841459630113e+02  1.727448727434330e+02 -5.595695531004826e+02	 6.621940701734275e-05 -6.455312541220337e-05  2.594838151708245e-04	1.000000000000000e+00	24	0	36
38	 6.016342100844371e+02 -8.383478204521825e+02  1.004554238801102e+03	-4.575771357243260e-04  4.575771357243260e-04  4.575771357243260e-04	1.000000000000000e+00	0	0	38
40	 5.276508071446126e+02  5.762429075459522e+02 -1.001172705669517e+03	-1.117848587455228e-04  1.008368999464437e-04 -1.845949882408604e-04	1.000000000000000e+00	24	0	40
42	 1.170854028357908e+03 -4.999730155595637e+02  1.225149588779039e+03	 3.247248096158728e-04 -3.247248096158728e-04 -3.247248096158728e-04	1.000000000000000e+00	0	0	42
44	1.770893715292768e+03 1.020305579583787e+02 1.226132033796360e+03	 2.255138861073647e-05 -2.255138861073647e-05 -2.241262882307637e-05	1.000000000000000e+00	0	0	44
45	 1.367705565435792e+03 -9.580981417045774e+01  1.028298051701155e+03	-3.178625483997166e-04  3.160642227157950e-04  3.178625483997166e-04	1.000000000000000e+00	0	0	45
46	 8.578354401756454e+02 -6.996715025343208e+02  1.143230556718965e+03	-2.265276387333870e-03  2.252688864246011e-03  2.252688864246011e-03	1.000000000000000e+00	0	0	46
47	 3.672173290182668e+00 -1.442429044110731e+03  1.001495025350335e+03	 9.957635484170169e-05 -9.957635484170169e-05 -9.950273670256138e-05	1.000000000000000e+00	0	0	47
48	 2.047118372496525e+02 -1.042442003754744e+03  8.004600554985425e+02	 1.660658163018525e-04 -1.648956676945090e-04 -1.648956676945090e-04	1.000000000000000e+00	0	0	48
49	 4.025460538288282e+02 -1.240288369987134e+03  1.203642395056711e+03	-1.262640435015783e-04  1.245371531695127e-04  1.262640435015783e-04	1.000000000000000e+00	0	0	49
50	 9.166279760742245e+02 -6.405216351055258e+02  1.084600969233077e+03	 2.390013309195638e-03 -2.340970095247030e-03 -2.340970095247030e-03	1.000000000000000e+00	0	0	50
51	 1.571357565363124e+03 -2.994526672286875e+02  1.425669937109915e+03	 1.475979952374473e-04 -1.468629779992625e-04 -1.468629779992625e-04	1.000000000000000e+00	0	0	51
52	-3.722793581257909e+01 -2.416085798346780e+02  7.675983394377596e+02	1.201523045892827e-04 1.205917797051370e-04 1.201523045892827e-04	1.000000000000000e+00	12	0	52
53	 2.489928016040999e+02  5.815465566573245e+02 -3.439456391315069e+02	8.959617844084278e-06 8.959617844084278e-06 9.037510608322918e-06	1.000000000000000e+00	12	0	53
54	 5.312195785969672e+02 -7.955003977958239e+02  7.506436230939943e+02	3.424647366045974e-05 4.147199069848284e-05 4.147199069848284e-05	1.000000000000000e+00	12	0	54
55	 1.387465330307282e+03 -5.247187612487596e+02 -3.763396234243729e+02	1.375985084450804e-05 1.375985084450804e-05 1.379218792862957e-05	1.000000000000000e+00	12	0	55
56	 1.676486917692488e+03  3.012326009951862e+02 -1.485083156389903e+03	2.493320207577199e-04 2.479018876329064e-04 2.493320207577199e-04	1.000000000000000e+00	12	0	56
57	 1.097487937827373e+03  8.440301957256913e+02 -1.479227287493364e+03	-6.152482819743454e-04 -7.494106539525092e-04 -7.494106539525092e-04	1.000000000000000e+00	12	0	57
58	-9.773487194368679e+02  1.725310605408460e+02  8.843987748718179e+01	-1.837873423937708e-04  1.857987517723814e-04 -1.837873423937708e-04	1.000000000000000e+00	24	0	58
59	-5.444067559813802e+02  3.873674827618020e+02 -1.264069727210023e+02	-5.196393613005057e-05  5.196393613005057e-05 -5.209075607126579e-05	1.000000000000000e+00	24	0	59
60	-7.612823236361637e+02 -4.355672764382638e+01 -3.432679527132231e+02	-2.086497697746381e-04  2.050961193162948e-04 -2.050961193162948e-04	1.000000000000000e+00	24	0	60
61	 8.439488482888797e+01  3.889595592571216e+02 -7.757842396141709e+02	 3.760330218938179e-05 -3.742016997421160e-05  3.742016997421160e-05	1.000000000000000e+00	24	0	61
62	 1.170771371341145e+03  5.808270253009036e+02 -1.653626145534505e+03	-4.416019073687494e-04  4.162724071647972e-04 -4.416019073687494e-04	1.000000000000000e+00	24	0	62
63	 7.331354769742745e+02  3.707582377162903e+02 -1.443465975992008e+03	-1.051655854098499e-03  1.051655854098499e-03 -1.050200313329697e-03	1.000000000000000e+00	24	0	63
64	 9.620425033112247e+02  7.898843528406831e+02 -1.214814150964248e+03	 5.318781477399170e-04 -4.754578694701195e-04  4.754578694701195e-04	1.000000000000000e+00	24	0	64
65	 1.135714023419794e+02  3.597946550042698e+02 -7.847244531278345e+02	 4.175171125098132e-05 -4.134224582230672e-05  4.134224582230672e-05	1.000000000000000e+00	24	0	65
66	1.671169354862698e+03 2.017549183884485e+02 1.025340075213447e+03	 8.378148777410388e-05 -8.378148777410388e-05 -8.528766193194315e-05	1.000000000000000e+00	0	0	66
67	1.467541765940967e+03 1.048878463201979e+02 9.284618511959807e+02	-3.625189128797501e-04  3.670327132567763e-04  3.625189128797501e-04	1.000000000000000e+00	0	0	67
68	 9.905690595564315e+02 -6.347263253392043e+02  1.208175733914082e+03	-2.120295073837042e-03  2.215750049799681e-03  2.215750049799681e-03	1.000000000000000e+00	0	0	68
69	-9.656670065474847e+01 -1.342190170165799e+03  8.012228555968122e+02	 8.662481559440494e-05 -8.662481559440494e-05 -8.660015009809285e-05	1.000000000000000e+00	0	0	69
70	 4.526415304142944e+00 -1.142775795376538e+03  7.001262638767482e+02	 1.921926450449973e-04 -1.929423451656476e-04 -1.929423451656476e-04	1.000000000000000e+00	0	0	70
71	 1.036623480069229e+02 -1.542419218827471e+03  1.202017085259130e+03	 8.517612877767533e-05 -8.517612877767533e-05 -8.468722808174789e-05	1.000000000000000e+00	0	0	71
72	 3.028137089596839e+02 -1.441061957557846e+03  1.303374739925855e+03	-7.073380402289331e-05  7.018593896646053e-05  7.073380402289331e-05	1.000000000000000e+00	0	0	72
73	 7.847073336285675e+02 -7.065179581542167e+02  1.018604646184386e+03	 2.227412071079016e-03 -2.370180794969201e-03 -2.370180794969201e-03	1.000000000000000e+00	0	0	73
74	1.870815165862144e+03 2.109107389002735e+00 1.426721113366772e+03	-1.295448873861460e-05  1.295448873861460e-05  1.302853434026474e-05	1.000000000000000e+00	0	0	74
75	 1.771498876474657e+03 -1.990833558044176e+02  1.526039248534185e+03	 1.181690386147238e-04 -1.175379074993543e-04 -1.175379074993543e-04	1.000000000000000e+00	0	0	75
76	-1.268613403936795e+02 -6.276611588471166e+01  6.779649348566592e+02	8.079791587078944e-05 8.302734204335138e-05 8.079791587078944e-05	1.000000000000000e+00	12	0	76
77	1.390287245757015e+01 3.464566275107947e+02 1.198180923826808e+02	-2.490425249561667e-04 -2.490425249561667e-04 -2.560657158028334e-04	1.000000000000000e+00	12	0	77
78	 5.254537695989880e+01 -4.202939102218132e+02  8.573716522102375e+02	1.623754069441929e-04 1.650482881814241e-04 1.623754069441929e-04	1.000000000000000e+00	12	0	78
79	 3.367891307814991e+02 -6.972686169936405e+02  8.488754038961777e+02	1.382868213113397e-04 1.324112818110734e-04 1.324112818110734e-04	1.000000000000000e+00	12	0	79
80	 7.293515338852583e+02 -8.901094833768121e+02  6.560345375130061e+02	3.395238891243935e-04 3.405883035156876e-04 3.405883035156876e-04	1.000000000000000e+00	12	0	80
81	 1.154277965702585e+03 -7.579061258534562e+02  8.935515502890055e+01	-1.366257674817462e-05 -1.366257674817462e-05 -1.370927202515304e-05	1.000000000000000e+00	12	0	81
82	 1.620981014788459e+03 -2.912030767675822e+02 -8.417051602590096e+02	8.134806557791308e-05 8.134806557791308e-05 8.169213106157258e-05	1.000000000000000e+00	12	0	82
83	 1.765151145756457e+03  1.214274339613679e+02 -1.396418928325934e+03	1.596021029399708e-04 1.578781957505271e-04 1.596021029399708e-04	1.000000000000000e+00	12	0	83
84	 1.586986916108536e+03  4.802038094145763e+02 -1.574583157973856e+03	2.636575372889638e-04 2.628250804264098e-04 2.636575372889638e-04	1.000000000000000e+00	12	0	84
85	 1.304275752502460e+03  7.584483732017313e+02 -1.564809110017324e+03	3.824719751719385e-04 3.165766247548163e-04 3.165766247548163e-04	1.000000000000000e+00	12	0	85
86	 4.824165072008266e+02  8.149702622540511e+02 -8.093819399819720e+02	9.703565592644736e-05 9.703565592644736e-05 1.032480722642504e-04	1.000000000000000e+00	12	0	86
87	 9.216689706116479e+02  9.608796531095745e+02 -1.362377830109480e+03	1.397154177539051e-03 1.253911410458386e-03 1.253911410458386e-03	1.000000000000000e+00	12	0	87
88	-8.681251433732989e+02  3.871968488347904e+02  1.976634535507508e+02	-3.246756386943161e-05  3.356557863298804e-05 -3.246756386943161e-05	1.000000000000000e+00	24	0	88
89	-6.537774251156811e+02  4.967381518961029e+02  8.811860407627674e+01	-2.331392024643719e-04  2.331392024643719e-04 -2.328616537852213e-04	1.000000000000000e+00	24	0	89
90	-1.085781416066536e+03 -4.294246797527246e+01 -1.999281914248647e+01	-2.478899841662496e-04  2.469632308930159e-04 -2.478899841662496e-04	1.000000000000000e+00	24	0	90
91	-9.763741218148215e+02 -1.523476330563837e+02 -2.344770473006657e+02	-9.755741484696046e-05  9.697420318843797e-05 -9.697420318843797e-05	1.000000000000000e+00	24	0	91
92	 2.928466293100904e+02  4.957802147024320e+02 -8.826048950594815e+02	-6.684254913125187e-05  6.528351514134556e-05 -6.528351514134556e-05	1.000000000000000e+00	24	0	92
93	 1.062320621115700e+03  3.654936112849462e+02 -1.762076895759950e+03	-3.652498417068273e-04  3.709938609972596e-04 -3.652498417068273e-04	1.000000000000000e+00	24	0	93
94	 8.416333072996503e+02  2.622604073909146e+02 -1.658960605392542e+03	-9.773407364264131e-04  9.773407364264131e-04 -1.000599702820182e-03	1.000000000000000e+00	24	0	94
95	 1.270949781050690e+03  8.043023802356436e+02 -1.553447735824960e+03	-1.067800447344780e-03  1.019434421323240e-03 -1.067800447344780e-03	1.000000000000000e+00	24	0	95
96	 1.168674139132480e+03  9.068655365198279e+02 -1.331795334643392e+03	-5.792566225863993e-04  5.673300474882126e-04 -5.673300474882126e-04	1.000000000000000e+00	24	0	96
97	-9.604381682976523e+01  2.541771125417347e+02 -6.791069106652994e+02	 8.860674279276282e-05 -8.516907109878957e-05  8.516907109878957e-05	1.000000000000000e+00	24	0	97
98	-4.329923573621880e+02  2.759530841426097e+02 -3.389774133450274e+02	 3.694087499752641e-04 -3.694087499752641e-04  3.521916223689914e-04	1.000000000000000e+00	24	0	98
99	-5.468737473356780e+02  6.592003235321202e+01 -4.527447127102615e+02	-4.032118304166943e-04  4.048299742862582e-04 -4.048299742862582e-04	1.000000000000000e+00	24	0	99
100	-1.259556124180582e+02  2.838032424621620e+02 -6.706279228192114e+02	 8.419418736593798e-05 -9.606367530068383e-05  9.606367530068383e-05	1.000000000000000e+00	24	0	100
101	 7.274707373150112e+02 -7.670288025437851e+02  1.075873256709501e+03	-2.208039863035083e-03  2.041969681158662e-03  2.041969681158662e-03	1.000000000000000e+00	0	0	101
102	 4.039296645169704e+02 -9.411477227170519e+02  9.017543365362342e+02	 1.495411106589017e-05 -1.380731737299357e-05 -1.380731737299357e-05	1.000000000000000e+00	0	0	102
103	 5.014793529182175e+02 -1.038706073821537e+03  1.104709095967322e+03	-2.718878095038235e-04  2.702870697248727e-04  2.718878095038235e-04	1.000000000000000e+00	0	0	103
104	 6.257769116331305e+02  4.781168030574343e+02 -1.226588740738508e+03	-1.032692613080144e-03  1.032692613080144e-03 -9.538290323689580e-04	1.000000000000000e+00	24	0	104
105	 7.444582507750649e+02  6.833538809184163e+02 -1.108283679041981e+03	 4.786009958479553e-04 -4.849334945902228e-04  4.849334945902228e-04	1.000000000000000e+00	24	0	105
106	 3.241472373001786e+02  4.648219568504490e+02 -8.897517549740137e+02	-6.319524254649878e-05  7.736947009107098e-05 -7.736947009107098e-05	1.000000000000000e+00	24	0	106
107	 1.267948819414700e+03 -2.965800845160475e+02  1.128054797722247e+03	-2.756763133220375e-04  2.681663609109819e-04  2.756763133220375e-04	1.000000000000000e+00	0	0	107
108	 1.046621250664765e+03 -5.727666249926294e+02  1.152355979345973e+03	 2.296660095453262e-03 -2.077417215332389e-03 -2.077417215332389e-03	1.000000000000000e+00	0	0	108
109	 1.371459923528276e+03 -4.000699382549183e+02  1.325052666083684e+03	 2.376850316068158e-04 -2.377305063419044e-04 -2.377305063419044e-04	1.000000000000000e+00	0	0	109
110	-1.047788767825151e+02  2.277748782707095e+02  3.506113262041157e+02	-5.047197337262332e-04 -5.047197337262332e-04 -5.032856133766472e-04	1.000000000000000e+00	12	0	110
111	 1.037465021658116e+03 -8.747190698979255e+02  3.219859852221630e+02	-4.142428588238545e-05 -4.142428588238545e-05 -4.091520531801507e-05	1.000000000000000e+00	12	0	111
112	 1.737779659665026e+03 -1.744044318910151e+02 -1.074348217502128e+03	1.187930756714195e-04 1.187930756714195e-04 1.190213151858188e-04	1.000000000000000e+00	12	0	112
113	 6.040385147418847e+02  9.365922697951094e+02 -1.037034949673508e+03	6.956388242542744e-04 6.956388242542744e-04 7.411160040646791e-04	1.000000000000000e+00	12	0	113
114	 1.324763546744411e+02  4.650301097276657e+02 -1.110226403687777e+02	-6.097778282310173e-07 -6.097778282310173e-07 -1.112506424760795e-06	1.000000000000000e+00	12	0	114
115	 3.649985202505110e+02  6.975522753037355e+02 -5.773821291521442e+02	-4.256891406839713e-05 -4.256891406839713e-05 -4.275166429579258e-05	1.000000000000000e+00	12	0	115
116	 1.270876853078466e+03 -6.413072384775749e+02 -1.434869770999180e+02	-3.429754258377216e-08 -3.429754258377216e-08 -3.455397745710798e-08	1.000000000000000e+00	12	0	116
117	 1.504158070382827e+03 -4.080260211732143e+02 -6.090876485740333e+02	4.013810394098982e-05 4.013810394098982e-05 4.029169213026762e-05	1.000000000000000e+00	12	0	117
0	-5.773502691896258e-01  5.773502691896258e-01  5.773502691896258e-01	-7.071067811865476e-01  3.124842898819631e-18 -7.071067811865476e-01	 1.198001808568474e+03 -5.294203851356715e-15  1.198001808568474e+03	1	0	0.000000000000000e+00	0.000000000000000e+00	0.000000000000000e+00
1	-5.773502691896258e-01  5.773502691896258e-01  5.773502691896258e-01	 0.000000000000000e+00  7.071067811865476e-01 -7.071067811865476e-01	 0.000000000000000e+00 -9.214510296266430e+02  9.214510296266430e+02	1	0	0.000000000000000e+00	0.000000000000000e+00	0.000000000000000e+00
2	-5.773502691896258e-01  5.773502691896258e-01  5.773502691896258e-01	 7.071067811865476e-01  7.071067811865476e-01 -3.124842898819631e-18	-7.193784354102739e+02 -7.193784354102739e+02  3.179073734356852e-15	1	0	0.000000000000000e+00	0.000000000000000e+00	0.000000000000000e+00
3	-5.773502691896258e-01  5.773502691896258e-01  5.773502691896258e-01	 7.071067811865476e-01 -3.124842898819631e-18  7.071067811865476e-01	 8.030942244427697e+02 -3.549030148066116e-15  8.030942244427697e+02	1	0	0.000000000000000e+00	0.000000000000000e+00	0.000000000000000e+00
4	-5.773502691896258e-01  5.773502691896258e-01  5.773502691896258e-01	 0.000000000000000e+00  7.071067811865476e-01 -7.071067811865476e-01	 0.000000000000000e+00 -8.625613021693013e+02  8.625613021693013e+02	1	0	0.000000000000000e+00	0.000000000000000e+00	0.000000000000000e+00
5	-5.773502691896258e-01  5.773502691896258e-01  5.773502691896258e-01	-7.071067811865476e-01 -7.071067811865476e-01  3.124842898819631e-18	 9.364621366255734e+02  9.364621366255734e+02 -4.138408986458117e-15	1	0	0.000000000000000e+00	0.000000000000000e+00	0.000000000000000e+00
6	 5.773502691896258e-01 -5.773502691896258e-01 -5.773502691896258e-01	0.000000000000000e+00 0.000000000000000e+00 0.000000000000000e+00	1.570392732195782e+03 3.025315410553647e+02 8.256108849411653e+02	1	1	0.000000000000000e+00	0.000000000000000e+00	0.000000000000000e+00
7	-5.773502691896258e-01 -5.773502691896258e-01 -5.773502691896258e-01	-7.071067811865476e-01  0.000000000000000e+00  7.071067811865476e-01	-4.024131376251693e+02  0.000000000000000e+00  4.024131376251693e+02	1	0	0.000000000000000e+00	0.000000000000000e+00	0.000000000000000e+00
8	-5.773502691896258e-01 -5.773502691896258e-01 -5.773502691896258e-01	 0.000000000000000e+00 -7.071067811865476e-01  7.071067811865476e-01	 0.000000000000000e+00 -7.730720104449091e+02  7.730720104449091e+02	1	0	0.000000000000000e+00	0.000000000000000e+00	0.000000000000000e+00
9	-5.773502691896258e-01 -5.773502691896258e-01 -5.773502691896258e-01	 7.071067811865476e-01 -7.071067811865476e-01  0.000000000000000e+00	 9.560920457780206e+02 -9.560920457780206e+02  0.000000000000000e+00	1	0	0.000000000000000e+00	0.000000000000000e+00	0.000000000000000e+00
10	-5.773502691896258e-01 -5.773502691896258e-01 -5.773502691896258e-01	 7.071067811865476e-01  0.000000000000000e+00 -7.071067811865476e-01	 1.580785037041196e+03  0.000000000000000e+00 -1.580785037041196e+03	1	0	0.000000000000000e+00	0.000000000000000e+00	0.000000000000000e+00
11	-5.773502691896258e-01 -5.773502691896258e-01 -5.773502691896258e-01	 0.000000000000000e+00  7.071067811865476e-01 -7.071067811865476e-01	 0.000000000000000e+00  1.161628741609527e+03 -1.161628741609527e+03	1	0	0.000000000000000e+00	0.000000000000000e+00	0.000000000000000e+00
12	-5.773502691896258e-01 -5.773502691896258e-01 -5.773502691896258e-01	-7.071067811865476e-01  7.071067811865476e-01  0.000000000000000e+00	-1.662768775266123e+02  1.662768775266123e+02  0.000000000000000e+00	1	0	0.000000000000000e+00	0.000000000000000e+00	0.000000000000000e+00
13	5.773502691896258e-01 5.773502691896258e-01 5.773502691896258e-01	0.000000000000000e+00 0.000000000000000e+00 0.000000000000000e+00	-2.170837012152994e+02  1.154700538379251e+02  5.877425740350395e+02	1	1	0.000000000000000e+00	0.000000000000000e+00	0.000000000000000e+00
14	-5.773502691896258e-01  5.773502691896258e-01 -5.773502691896258e-01	 7.071067811865476e-01  0.000000000000000e+00 -7.071067811865476e-01	-5.328942984620248e+02  0.000000000000000e+00  5.328942984620248e+02	1	0	0.000000000000000e+00	0.000000000000000e+00	0.000000000000000e+00
15	-5.773502691896258e-01  5.773502691896258e-01 -5.773502691896258e-01	-3.124842898819631e-18  7.071067811865476e-01  7.071067811865476e-01	 8.547268868455420e-16 -1.934123401785247e+02 -1.934123401785247e+02	1	0	0.000000000000000e+00	0.000000000000000e+00	0.000000000000000e+00
16	-5.773502691896258e-01  5.773502691896258e-01 -5.773502691896258e-01	 7.071067811865476e-01  7.071067811865476e-01 -3.124842898819631e-18	 5.519468573452824e+02  5.519468573452824e+02 -2.439160906938323e-15	1	0	0.000000000000000e+00	0.000000000000000e+00	0.000000000000000e+00
17	-5.773502691896258e-01  5.773502691896258e-01 -5.773502691896258e-01	-7.071067811865476e-01  0.000000000000000e+00  7.071067811865476e-01	 1.412198758437825e+03  0.000000000000000e+00 -1.412198758437825e+03	1	0	0.000000000000000e+00	0.000000000000000e+00	0.000000000000000e+00
18	-5.773502691896258e-01  5.773502691896258e-01 -5.773502691896258e-01	-3.124842898819631e-18  7.071067811865476e-01  7.071067811865476e-01	 9.389238637586849e-16 -2.124648990617823e+02 -2.124648990617823e+02	1	0	0.000000000000000e+00	0.000000000000000e+00	0.000000000000000e+00
19	-5.773502691896258e-01  5.773502691896258e-01 -5.773502691896258e-01	-7.071067811865476e-01 -7.071067811865476e-01  3.124842898819631e-18	-7.851963660978913e+01 -7.851963660978913e+01  3.469936018238618e-16	1	0	0.000000000000000e+00	0.000000000000000e+00	0.000000000000000e+00
20	 5.773502691896258e-01 -5.773502691896258e-01  5.773502691896258e-01	0.000000000000000e+00 0.000000000000000e+00 0.000000000000000e+00	-7.597929542535480e+02  6.027536810339697e+02  3.059956426705016e+02	1	1	0.000000000000000e+00	0.000000000000000e+00	0.000000000000000e+00
0	0	1	0
6	0	1	0
5	5	0	0
6	5	0	0
0	6	0	0
5	0	6	0
1	1	2	0
6	1	2	0
0	1	7	0
1	7	1	0
2	2	3	0
6	2	3	0
1	2	8	0
2	8	2	0
3	3	4	0
6	3	4	0
2	3	9	0
3	9	3	0
4	4	5	0
6	4	5	0
3	4	10	0
4	10	4	0
4	5	11	0
5	11	5	0
5	6	66	0
0	67	6	0
0	7	42	0
1	68	7	0
2	69	8	0
1	8	70	0
2	9	71	0
3	72	9	0
3	10	38	0
4	73	10	0
5	74	11	0
4	11	75	0
7	12	13	0
13	12	13	0
12	17	12	0
13	17	12	0
7	18	12	0
12	12	18	0
8	13	14	0
13	13	14	0
7	13	19	0
8	19	13	0
9	14	15	0
13	14	15	0
8	14	20	0
9	20	14	0
10	15	16	0
13	15	16	0
9	15	21	0
10	21	15	0
11	16	17	0
13	16	17	0
10	16	22	0
11	22	16	0
11	17	23	0
12	23	17	0
7	76	18	0
12	18	110	0
7	19	78	0
8	79	19	0
8	20	80	0
9	111	20	0
10	83	21	0
9	21	112	0
10	22	84	0
11	85	22	0
11	23	87	0
12	113	23	0
14	24	25	0
20	24	25	0
19	29	24	0
20	29	24	0
14	30	24	0
19	24	30	0
15	25	26	0
20	25	26	0
14	25	31	0
15	31	25	0
16	26	27	0
20	26	27	0
15	26	32	0
16	32	26	0
17	27	28	0
20	27	28	0
16	27	33	0
17	33	27	0
18	28	29	0
20	28	29	0
17	28	34	0
18	34	28	0
18	29	35	0
19	35	29	0
14	88	30	0
19	30	89	0
14	31	90	0
15	91	31	0
16	40	32	0
15	32	92	0
17	93	33	0
16	33	94	0
17	34	95	0
18	96	34	0
19	36	35	0
18	35	97	0
19	98	36	0
15	36	99	0
15	100	36	0
1	38	101	0
1	102	38	0
3	38	103	0
16	104	40	0
18	40	105	0
18	106	40	0
0	42	107	0
4	42	108	0
4	109	42	0
5	66	44	0
5	44	74	0
0	45	67	0
0	107	45	0
1	46	68	0
1	101	46	0
2	47	69	0
2	71	47	0
1	70	48	0
1	48	102	0
3	49	72	0
3	103	49	0
4	50	73	0
4	108	50	0
4	75	51	0
4	51	109	0
7	52	76	0
7	78	52	0
12	114	53	0
12	53	115	0
8	54	79	0
8	80	54	0
9	55	116	0
9	117	55	0
10	56	83	0
10	84	56	0
11	57	85	0
11	87	57	0
14	58	88	0
14	90	58	0
19	89	59	0
19	59	98	0
15	60	91	0
15	99	60	0
15	92	61	0
15	61	100	0
17	62	93	0
17	95	62	0
16	94	63	0
16	63	104	0
18	64	96	0
18	105	64	0
18	97	65	0
18	65	106	0
12	110	77	0
12	77	114	0
9	81	111	0
9	116	81	0
9	112	82	0
9	82	117	0
12	86	113	0
12	115	86	0
