114
21
172
0	1.570392732195782e+03 3.025315410553647e+02 8.256108849411653e+02	0.000000000000000e+00 0.000000000000000e+00 0.000000000000000e+00	1.000000000000000e+00	0	0	0
1	 1.130451827073287e+03 -5.773502691896260e+02  1.265551790063660e+03	0.000000000000000e+00 0.000000000000000e+00 0.000000000000000e+00	1.000000000000000e+00	0	0	1
2	-1.974537920628516e+02 -1.241303078757696e+03  6.015989804955904e+02	0.000000000000000e+00 0.000000000000000e+00 0.000000000000000e+00	1.000000000000000e+00	0	0	2
3	 2.032272947547480e+02 -1.641984165575296e+03  1.402961154130791e+03	0.000000000000000e+00 0.000000000000000e+00 0.000000000000000e+00	1.000000000000000e+00	0	0	3
4	 6.431681998772439e+02 -7.621023553303065e+02  9.630202490082960e+02	0.000000000000000e+00 0.000000000000000e+00 0.000000000000000e+00	1.000000000000000e+00	0	0	4
5	 1.971073819013383e+03 -9.814954576223676e+01  1.626973058576365e+03	0.000000000000000e+00 0.000000000000000e+00 0.000000000000000e+00	1.000000000000000e+00	0	0	5
6	1.569702851800296e+03 3.032214214508504e+02 8.263007653366510e+02	-1.211245180456899e-04  1.268398773390800e-04  1.181919506052509e-04	1.000000000000000e+00	0	0	6
7	 1.127589368258468e+03 -5.744878103748066e+02  1.268414248878479e+03	-1.044690143316984e-03  1.044690143316984e-03  1.044690143316984e-03	1.000000000000000e+00	0	0	7
8	-1.967858951973274e+02 -1.241970975623220e+03  6.009310836300662e+02	 1.088653298211284e-04 -1.098412903957069e-04 -1.098431384889409e-04	1.000000000000000e+00	0	0	8
9	 2.032331018608063e+02 -1.641989972681354e+03  1.402955347024733e+03	 6.179788670124253e-06 -6.592632416868582e-06 -5.737854280596366e-06	1.000000000000000e+00	0	0	9
10	 6.454311187170717e+02 -7.643652741701344e+02  9.607573301684681e+02	 9.641781022461752e-04 -9.641781022461752e-04 -9.641781022461752e-04	1.000000000000000e+00	0	0	10
11	 1.971248035517535e+03 -9.832376226638794e+01  1.626798842072214e+03	 3.608092447393574e-05 -3.567355452105403e-05 -3.553910210030153e-05	1.000000000000000e+00	0	0	11
12	-2.170837012152994e+02  1.154700538379251e+02  5.877425740350395e+02	0.000000000000000e+00 0.000000000000000e+00 0.000000000000000e+00	1.000000000000000e+00	12	0	12
13	 1.408734656822689e+02 -6.004442799572098e+02  9.456997409326077e+02	0.000000000000000e+00 0.000000000000000e+00 0.000000000000000e+00	1.000000000000000e+00	12	0	13
14	 9.214510296266424e+02 -9.907330619293978e+02  5.554109589604201e+02	0.000000000000000e+00 0.000000000000000e+00 0.000000000000000e+00	1.000000000000000e+00	12	0	14
15	 1.853294364098699e+03 -5.888972745734176e+01 -1.308275709983692e+03	0.000000000000000e+00 0.000000000000000e+00 0.000000000000000e+00	1.000000000000000e+00	12	0	15
16	 1.495337197201131e+03  6.570246063377946e+02 -1.666232876881260e+03	0.000000000000000e+00 0.000000000000000e+00 0.000000000000000e+00	1.000000000000000e+00	12	0	16
17	 7.147596332567570e+02  1.047313388309982e+03 -1.275944094909073e+03	0.000000000000000e+00 0.000000000000000e+00 0.000000000000000e+00	1.000000000000000e+00	12	0	17
18	-2.185580409738595e+02  1.139957140793650e+02  5.862682342764795e+02	-2.363459886206935e-04 -2.363459886206935e-04 -2.363459886206935e-04	1.000000000000000e+00	12	0	18
19	 1.429933929227323e+02 -5.983243527167465e+02  9.478196681730710e+02	3.351235160759340e-04 3.351235160759340e-04 3.351235160759340e-04	1.000000000000000e+00	12	0	19
20	 9.219534232263818e+02 -9.902306683296584e+02  5.559133525601595e+02	1.024169832817279e-04 9.703585237730294e-05 9.804429282667115e-05	1.000000000000000e+00	12	0	20
21	 1.854029846415643e+03 -5.815424514039854e+01 -1.307540227666749e+03	1.204307991429232e-04 1.202063285745680e-04 1.204342042910866e-04	1.000000000000000e+00	12	0	21
22	 1.497350345079780e+03  6.590377542164435e+02 -1.664219729002611e+03	3.387324589615067e-04 3.387324589615067e-04 3.387324589615067e-04	1.000000000000000e+00	12	0	22
23	 7.229330753030732e+02  1.055486830356298e+03 -1.267770652862757e+03	1.309723670904835e-03 1.309723670904835e-03 1.309723670904835e-03	1.000000000000000e+00	12	0	23
24	-7.597929542535472e+02  6.027536810339691e+02  3.059956426705008e+02	0.000000000000000e+00 0.000000000000000e+00 0.000000000000000e+00	1.000000000000000e+00	24	0	24
25	-1.191650955607388e+03 -2.609623216737101e+02 -1.258623586833382e+02	0.000000000000000e+00 0.000000000000000e+00 0.000000000000000e+00	1.000000000000000e+00	24	0	25
26	 5.126870390403868e+02  5.912066756501777e+02 -9.780313560072266e+02	0.000000000000000e+00 0.000000000000000e+00 0.000000000000000e+00	1.000000000000000e+00	24	0	26
27	 9.572467463163994e+02  1.466469683741651e+02 -1.867150770559250e+03	0.000000000000000e+00 0.000000000000000e+00 0.000000000000000e+00	1.000000000000000e+00	24	0	27
28	 1.389104747670240e+03  1.010362971081845e+03 -1.435292769205410e+03	0.000000000000000e+00 0.000000000000000e+00 0.000000000000000e+00	1.000000000000000e+00	24	0	28
29	-3.152332469775362e+02  1.581939737579582e+02 -5.831237718815206e+02	0.000000000000000e+00 0.000000000000000e+00 0.000000000000000e+00	1.000000000000000e+00	24	0	29
30	-7.602406998982357e+02  6.032014266786576e+02  3.055478970258123e+02	-7.436455052811652e-05  7.455961895175278e-05 -7.194181671366096e-05	1.000000000000000e+00	24	0	30
31	-1.192536226260939e+03 -2.600770510201590e+02 -1.267476293368892e+02	-1.496847980888560e-04  1.478051417507231e-04 -1.495385367888957e-04	1.000000000000000e+00	24	0	31
32	 5.016174259499798e+02  6.022762887405847e+02 -9.891009690976337e+02	-1.638696994632483e-04  1.638696994632482e-04 -1.638696994632483e-04	1.000000000000000e+00	24	0	32
33	 9.537504573731563e+02  1.501432573174081e+02 -1.870647059502493e+03	-5.927780487885078e-04  5.927780487885078e-04 -5.927780487885078e-04	1.000000000000000e+00	24	0	33
34	 1.382450346618168e+03  1.017017372133916e+03 -1.441947170257481e+03	-1.128811039961874e-03  1.128811039961874e-03 -1.128811039961874e-03	1.000000000000000e+00	24	0	34
35	-3.048632862048570e+02  1.478240129852790e+02 -5.727538111088414e+02	 1.796185485242556e-04 -1.796185485242556e-04  1.796185485242555e-04	1.000000000000000e+00	24	0	35
36	-3.300391867082002e+02  1.729999134886222e+02 -5.598245938456699e+02	 5.530666749109514e-05 -6.385045708157122e-05  2.644307678565383e-04	1.000000000000000e+00	24	0	36
38	 6.024287478267009e+02 -8.391423581944476e+02  1.003759701058839e+03	-3.510140910899888e-04  3.510140910899888e-04  3.510140910899888e-04	1.000000000000000e+00	0	0	38
40	 5.279048493928475e+02  5.759888652977172e+02 -1.000918663421282e+03	-8.633315883344039e-05  9.089961531572044e-05 -1.983873080462217e-04	1.000000000000000e+00	24	0	40
42	 1.170325073475437e+03 -4.994440606770928e+02  1.225678543661510e+03	 2.134313350931431e-04 -2.134313350931431e-04 -2.134313350931431e-04	1.000000000000000e+00	0	0	42
44	1.770850376348908e+03 1.020738969022391e+02 1.226175141310420e+03	 2.162552300433163e-05 -2.162552300433163e-05 -2.152755041606724e-05	1.000000000000000e+00	0	0	44
45	 1.368316440350531e+03 -9.641764060156498e+01  1.027687176786417e+03	-3.055739216506481e-04  3.042570606339723e-04  3.055739216506481e-04	1.000000000000000e+00	0	0	45
46	 8.619478781958254e+02 -7.037649282239349e+02  1.139137131029351e+03	-1.819328987039626e-03  1.812745351344347e-03  1.812745351344347e-03	1.000000000000000e+00	0	0	46
47	 3.478035670606939e+00 -1.442234906491155e+03  1.001689023580789e+03	 9.859335841611028e-05 -9.859335841611028e-05 -9.852600487647578e-05	1.000000000000000e+00	0	0	47
48	 2.043757066645822e+02 -1.042107945377085e+03  8.007941138762014e+02	 1.767080102581531e-04 -1.757696009008214e-04 -1.757696009008214e-04	1.000000000000000e+00	0	0	48
49	 4.027945940156462e+02 -1.240533911716909e+03  1.203393854869893e+03	-1.273043162655085e-04  1.259747514268383e-04  1.273043162655085e-04	1.000000000000000e+00	0	0	49
50	 9.122874451354064e+02 -6.362600113219064e+02  1.088862593016696e+03	 1.927360775880516e-03 -1.897815032862127e-03 -1.897815032862127e-03	1.000000000000000e+00	0	0	50
51	 1.571082978803573e+03 -2.991792192832936e+02  1.425943385055309e+03	 1.329179067397490e-04 -1.324722834397107e-04 -1.324722834397107e-04	1.000000000000000e+00	0	0	51
52	-3.745914567024486e+01 -2.418404868245802e+02  7.673671295800938e+02	1.156565558630973e-04 1.159337261924520e-04 1.156565558630973e-04	1.000000000000000e+00	12	0	52
53	 2.489732895004586e+02  5.815270445536831e+02 -3.439652820928121e+02	1.095794686989393e-05 1.095794686989393e-05 1.101386806112714e-05	1.000000000000000e+00	12	0	53
54	 5.311612169043148e+02 -7.955715973366058e+02  7.505724235532124e+02	2.463309465383645e-05 3.044628283532802e-05 3.044628283532802e-05	1.000000000000000e+00	12	0	54
55	 1.387439264932097e+03 -5.247448266239444e+02 -3.763657428687166e+02	1.284882546315202e-05 1.284882546315202e-05 1.287182931264397e-05	1.000000000000000e+00	12	0	55
56	 1.675988042069996e+03  3.007362207090405e+02 -1.485582032012396e+03	2.598262217361480e-04 2.587129129096866e-04 2.598262217361480e-04	1.000000000000000e+00	12	0	56
57	 1.098835018515191e+03  8.456131737136918e+02 -1.477644309505363e+03	-7.616626098752022e-04 -8.677949663251638e-04 -8.677949663251638e-04	1.000000000000000e+00	12	0	57
58	-9.769793268447718e+02  1.721581216848437e+02  8.880927007927791e+01	-1.931670412886888e-04  1.947657729033381e-04 -1.931670412886888e-04	1.000000000000000e+00	24	0	58
59	-5.442973252497786e+02  3.872580520302004e+02 -1.262971282104387e+02	-5.972271173959598e-05  5.972271173959598e-05 -5.999915083521046e-05	1.000000000000000e+00	24	0	59
60	-7.608835527627580e+02 -4.394955761499604e+01 -3.428751227420534e+02	-1.982690737349913e-04  1.957479835255072e-04 -1.957479835255072e-04	1.000000000000000e+00	24	0	60
61	 8.432082519265046e+01  3.890333681358435e+02 -7.758580484928930e+02	 3.818853292614222e-05 -3.811925489571877e-05  3.811925489571877e-05	1.000000000000000e+00	24	0	61
62	 1.171581964583931e+03  5.800580663446967e+02 -1.652815552291719e+03	-3.843349986709654e-04  3.671261074487120e-04 -3.843349986709654e-04	1.000000000000000e+00	24	0	62
63	 7.351829777382943e+02  3.687107369522705e+02 -1.441421488232304e+03	-1.037703361362219e-03  1.037703361362219e-03 -1.036138157360256e-03	1.000000000000000e+00	24	0	63
64	 9.609701970626907e+02  7.908566556813566e+02 -1.215786453804921e+03	 5.628607468679547e-04 -5.174890975467861e-04  5.174890975467861e-04	1.000000000000000e+00	24	0	64
65	 1.134870189247201e+02  3.598782777233109e+02 -7.848080758468757e+02	 4.424158396432176e-05 -4.387772423797287e-05  4.387772423797287e-05	1.000000000000000e+00	24	0	65
66	1.671008589466064e+03 2.019156837850831e+02 1.025503271675115e+03	 8.021490066312253e-05 -8.021490066312253e-05 -8.120682468870655e-05	1.000000000000000e+00	0	0	66
67	1.468239041463161e+03 1.041831040185349e+02 9.277645756737863e+02	-3.490404633339494e-04  3.521785256452858e-04  3.490404633339494e-04	1.000000000000000e+00	0	0	67
68	 9.943003948155906e+02 -6.385923660828589e+02  1.204309693170427e+03	-1.605491735972464e-03  1.647944329306483e-03  1.647944329306483e-03	1.000000000000000e+00	0	0	68
69	-9.673754789638404e+01 -1.342019322924164e+03  8.013936520152729e+02	 8.778195478953421e-05 -8.778195478953421e-05 -8.775570313446224e-05	1.000000000000000e+00	0	0	69
70	 4.142970818655527e+00 -1.142391010580452e+03  7.005110486728340e+02	 1.989878801396117e-04 -1.996004139073193e-04 -1.996004139073193e-04	1.000000000000000e+00	0	0	70
71	 1.035002828272318e+02 -1.542257153647780e+03  1.202178334484930e+03	 8.025595161598176e-05 -8.025595161598176e-05 -7.990936865098774e-05	1.000000000000000e+00	0	0	71
72	 3.029535344174130e+02 -1.441200840098740e+03  1.303234914468126e+03	-7.193777855718508e-05  7.152352191042155e-05  7.193777855718508e-05	1.000000000000000e+00	0	0	72
73	 7.806729092107989e+02 -7.022741097738167e+02  1.022848494564786e+03	 1.799742109142244e-03 -1.870769076049328e-03 -1.870769076049328e-03	1.000000000000000e+00	0	0	73
74	1.870839318374843e+03 2.084954876304255e+00 1.426696846868902e+03	-1.174362841993570e-05  1.174362841993570e-05  1.178760703623993e-05	1.000000000000000e+00	0	0	74
75	 1.771278747739377e+03 -1.988642360524682e+02  1.526258368286134e+03	 1.065821998054162e-04 -1.061742586898617e-04 -1.061742586898617e-04	1.000000000000000e+00	0	0	75
76	-1.270242484322478e+02 -6.293291714084659e+01  6.778020268180909e+02	8.551454084226862e-05 8.725324005354196e-05 8.551454084226862e-05	1.000000000000000e+00	12	0	76
77	1.439028017318294e+01 3.469440352264075e+02 1.203176487079695e+02	-2.483166172169149e-04 -2.483166172169149e-04 -2.536842948757112e-04	1.000000000000000e+00	12	0	77
78	 5.223364031770498e+01 -4.206102433362737e+02  8.570599155680436e+02	1.554754562675953e-04 1.574904745211825e-04 1.554754562675953e-04	1.000000000000000e+00	12	0	78
79	 3.365397083073969e+02 -6.975079319609922e+02  8.486360889288260e+02	1.164493296528235e-04 1.120145025197417e-04 1.120145025197417e-04	1.000000000000000e+00	12	0	79
80	 7.286642284367979e+02 -8.907989853778246e+02  6.553450355119936e+02	3.615027526393533e-04 3.626378602348268e-04 3.626378602348268e-04	1.000000000000000e+00	12	0	80
81	 1.154306788004520e+03 -7.578773035515210e+02  8.938406660961780e+01	-1.564469312143046e-05 -1.564469312143046e-05 -1.568801781104412e-05	1.000000000000000e+00	12	0	81
82	 1.620821518736400e+03 -2.913625728196416e+02 -8.418652515636155e+02	8.140393038047478e-05 8.140393038047478e-05 8.166696352418512e-05	1.000000000000000e+00	12	0	82
83	 1.764833874052400e+03  1.211132149033713e+02 -1.396736200029992e+03	1.641339185880497e-04 1.627506426302716e-04 1.641339185880497e-04	1.000000000000000e+00	12	0	83
84	 1.586467105060276e+03  4.796853356491126e+02 -1.575102969022115e+03	2.667801163624972e-04 2.662408805917948e-04 2.667801163624972e-04	1.000000000000000e+00	12	0	84
85	 1.303475519544324e+03  7.577580625260803e+02 -1.565499420692975e+03	4.365096683613956e-04 3.905233752448112e-04 3.905233752448112e-04	1.000000000000000e+00	12	0	85
86	 4.822364584558538e+02  8.147902135090784e+02 -8.095723964035376e+02	8.657455327920616e-05 8.657455327920616e-05 9.100629540625960e-05	1.000000000000000e+00	12	0	86
87	 9.188970853226522e+02  9.583615432475804e+02 -1.364895939971474e+03	1.431710901670158e-03 1.316570094786584e-03 1.316570094786584e-03	1.000000000000000e+00	12	0	87
88	-8.680553281280202e+02  3.871251343695751e+02  1.977332687960295e+02	-3.878525239997543e-05  3.962479968322441e-05 -3.878525239997543e-05	1.000000000000000e+00	24	0	88
89	-6.533152812625490e+02  4.962760080429707e+02  8.858029781611540e+01	-2.384305262239650e-04  2.384305262239650e-04 -2.382457460043952e-04	1.000000000000000e+00	24	0	89
90	-1.085288550665449e+03 -4.343368030981452e+01 -1.949995374139942e+01	-2.549954515416175e-04  2.542410220485181e-04 -2.549954515416175e-04	1.000000000000000e+00	24	0	90
91	-9.761908043115335e+02 -1.525299998695966e+02 -2.342946804874529e+02	-8.956357487477362e-05  8.917142258724198e-05 -8.917142258724198e-05	1.000000000000000e+00	24	0	91
92	 2.929775496429178e+02  4.956522683903657e+02 -8.824769487474151e+02	-6.739398668287322e-05  6.591725832549855e-05 -6.591725832549855e-05	1.000000000000000e+00	24	0	92
93	 1.063033704376480e+03  3.647700897165703e+02 -1.761363812499170e+03	-3.625790996011347e-04  3.674369072541595e-04 -3.625790996011347e-04	1.000000000000000e+00	24	0	93
94	 8.435393475904865e+02  2.603543671000783e+02 -1.657015040365357e+03	-9.675957262516022e-04  9.675957262516022e-04 -9.847207693383098e-04	1.000000000000000e+00	24	0	94
95	 1.273136733956885e+03  8.022114794356855e+02 -1.551260782918765e+03	-1.168614369817078e-03  1.118935178965330e-03 -1.168614369817078e-03	1.000000000000000e+00	24	0	95
96	 1.169801073161758e+03  9.057574236310097e+02 -1.330687221754574e+03	-5.707138334400952e-04  5.633325781673193e-04 -5.633325781673193e-04	1.000000000000000e+00	24	0	96
97	-9.621195034914413e+01  2.543387945443303e+02 -6.792685926678951e+02	 8.249115489888936e-05 -7.937416376080364e-05  7.937416376080364e-05	1.000000000000000e+00	24	0	97
98	-4.337135837298509e+02  2.766743105102726e+02 -3.396667804805194e+02	 3.665695840027183e-04 -3.665695840027183e-04  3.512397233862430e-04	1.000000000000000e+00	24	0	98
99	-5.460871501200202e+02  6.513359550562592e+01 -4.519582758626754e+02	-3.993689315393567e-04  3.976562875322998e-04 -3.976562875322998e-04	1.000000000000000e+00	24	0	99
100	-1.261245863554560e+02  2.839958093007432e+02 -6.708204896577926e+02	 8.815854380372912e-05 -1.004540608846582e-04  1.004540608846582e-04	1.000000000000000e+00	24	0	100
101	 7.312552194081899e+02 -7.705959075712826e+02  1.072306151682003e+03	-1.587575883604586e-03  1.525011961348355e-03  1.525011961348355e-03	1.000000000000000e+00	0	0	101
102	 4.038777403255269e+02 -9.410981930244709e+02  9.018038662288152e+02	 3.667301643872634e-05 -3.546198786352761e-05 -3.546198786352761e-05	1.000000000000000e+00	0	0	102
103	 5.020177610315116e+02 -1.039242491737808e+03  1.104170687854028e+03	-2.774672466330230e-04  2.769363345578313e-04  2.774672466330230e-04	1.000000000000000e+00	0	0	103
104	 6.277605742363206e+02  4.761331404542441e+02 -1.224742763270325e+03	-9.913970716297626e-04  9.913970716297626e-04 -9.295019553974271e-04	1.000000000000000e+00	24	0	104
105	 7.435505338126725e+02  6.842670802131531e+02 -1.109196878336718e+03	 4.470860294532031e-04 -4.465813981369138e-04  4.465813981369138e-04	1.000000000000000e+00	24	0	105
106	 3.242732305638098e+02  4.646677300375948e+02 -8.895975281611595e+02	-6.444537575589493e-05  7.917873881524429e-05 -7.917873881524429e-05	1.000000000000000e+00	24	0	106
107	 1.268471914470794e+03 -2.970915311306518e+02  1.127531702666153e+03	-2.582859015092254e-04  2.537273103371263e-04  2.582859015092254e-04	1.000000000000000e+00	0	0	107
108	 1.042711118966290e+03 -5.691520866117532e+02  1.155970517726849e+03	 1.633648993447423e-03 -1.543622114695609e-03 -1.543622114695609e-03	1.000000000000000e+00	0	0	108
109	 1.371031818164872e+03 -3.996413617915357e+02  1.325481242547067e+03	 2.005809365073219e-04 -2.009381714742631e-04 -2.009381714742631e-04	1.000000000000000e+00	0	0	109
110	-1.037814684131918e+02  2.287722866400328e+02  3.516063463922740e+02	-5.131330108270049e-04 -5.131330108270049e-04 -5.121232243254781e-04	1.000000000000000e+00	12	0	110
111	 1.037555713280204e+03 -8.746283782758369e+02  3.220757537837739e+02	-5.091142884339206e-05 -5.091142884339206e-05 -5.048543607699685e-05	1.000000000000000e+00	12	0	111
112	 1.737545696378260e+03 -1.746383951777811e+02 -1.074582578352071e+03	1.199491889565252e-04 1.199491889565252e-04 1.201261620735750e-04	1.000000000000000e+00	12	0	112
113	 6.026629385345287e+02  9.352166935877532e+02 -1.038489812410488e+03	7.081287330947816e-04 7.081287330947816e-04 7.434602011926472e-04	1.000000000000000e+00	12	0	113
114	 1.324711480001508e+02  4.650249030533754e+02 -1.110270494336829e+02	5.960569524177117e-06 5.960569524177117e-06 5.643438726110617e-06	1.000000000000000e+00	12	0	114
115	 3.650870024881648e+02  6.976407575413893e+02 -5.772933321599801e+02	-4.772901229443960e-05 -4.772901229443960e-05 -4.786648059962317e-05	1.000000000000000e+00	12	0	115
116	 1.270877883611818e+03 -6.413062079442232e+02 -1.434859448897457e+02	-9.873906492430251e-07 -9.873906492430251e-07 -9.886852012641612e-07	1.000000000000000e+00	12	0	116
117	 1.504080135354609e+03 -4.081039562014319e+02 -6.091658464313983e+02	3.939000089303590e-05 3.939000089303590e-05 3.950475002056919e-05	1.000000000000000e+00	12	0	117
0	-5.773502691896258e-01  5.773502691896258e-01  5.773502691896258e-01	-7.071067811865476e-01  3.124842898819631e-18 -7.071067811865476e-01	 1.198001808568474e+03 -5.294203851356715e-15  1.198001808568474e+03	1	0	0.000000000000000e+00	0.000000000000000e+00	0.000000000000000e+00
1	-5.773502691896258e-01  5.773502691896258e-01  5.773502691896258e-01	 0.000000000000000e+00  7.071067811865476e-01 -7.071067811865476e-01	 0.000000000000000e+00 -9.214510296266430e+02  9.214510296266430e+02	1	0	0.000000000000000e+00	0.000000000000000e+00	0.000000000000000e+00
2	-5.773502691896258e-01  5.773502691896258e-01  5.773502691896258e-01	 7.071067811865476e-01  7.071067811865476e-01 -3.124842898819631e-18	-7.193784354102739e+02 -7.193784354102739e+02  3.179073734356852e-15	1	0	0.000000000000000e+00	0.000000000000000e+00	0.000000000000000e+00
3	-5.773502691896258e-01  5.773502691896258e-01  5.773502691896258e-01	 7.071067811865476e-01 -3.124842898819631e-18  7.071067811865476e-01	 8.030942244427697e+02 -3.549030148066116e-15  8.030942244427697e+02	1	0	0.000000000000000e+00	0.000000000000000e+00	0.000000000000000e+00
4	-5.773502691896258e-01  5.773502691896258e-01  5.773502691896258e-01	 0.000000000000000e+00  7.071067811865476e-01 -7.071067811865476e-01	 0.000000000000000e+00 -8.625613021693013e+02  8.625613021693013e+02	1	0	0.000000000000000e+00	0.000000000000000e+00	0.000000000000000e+00
5	-5.773502691896258e-01  5.773502691896258e-01  5.773502691896258e-01	-7.071067811865476e-01 -7.071067811865476e-01  3.124842898819631e-18	 9.364621366255734e+02  9.364621366255734e+02 -4.138408986458117e-15	1	0	0.000000000000000e+00	0.000000000000000e+00	0.000000000000000e+00
6	 5.773502691896258e-01 -5.773502691896258e-01 -5.773502691896258e-01	0.000000000000000e+00 0.000000000000000e+00 0.000000000000000e+00	1.570392732195782e+03 3.025315410553647e+02 8.256108849411653e+02	1	1	0.000000000000000e+00	0.000000000000000e+00	0.000000000000000e+00
7	-5.773502691896258e-01 -5.773502691896258e-01 -5.773502691896258e-01	-7.071067811865476e-01  0.000000000000000e+00  7.071067811865476e-01	-4.024131376251693e+02  0.000000000000000e+00  4.024131376251693e+02	1	0	0.000000000000000e+00	0.000000000000000e+00	0.000000000000000e+00
8	-5.773502691896258e-01 -5.773502691896258e-01 -5.773502691896258e-01	 0.000000000000000e+00 -7.071067811865476e-01  7.071067811865476e-01	 0.000000000000000e+00 -7.730720104449091e+02  7.730720104449091e+02	1	0	0.000000000000000e+00	0.000000000000000e+00	0.000000000000000e+00
9	-5.773502691896258e-01 -5.773502691896258e-01 -5.773502691896258e-01	 7.071067811865476e-01 -7.071067811865476e-01  0.000000000000000e+00	 9.560920457780206e+02 -9.560920457780206e+02  0.000000000000000e+00	1	0	0.000000000000000e+00	0.000000000000000e+00	0.000000000000000e+00
10	-5.773502691896258e-01 -5.773502691896258e-01 -5.773502691896258e-01	 7.071067811865476e-01  0.000000000000000e+00 -7.071067811865476e-01	 1.580785037041196e+03  0.000000000000000e+00 -1.580785037041196e+03	1	0	0.000000000000000e+00	0.000000000000000e+00	0.000000000000000e+00
11	-5.773502691896258e-01 -5.773502691896258e-01 -5.773502691896258e-01	 0.000000000000000e+00  7.071067811865476e-01 -7.071067811865476e-01	 0.000000000000000e+00  1.161628741609527e+03 -1.161628741609527e+03	1	0	0.000000000000000e+00	0.000000000000000e+00	0.000000000000000e+00
12	-5.773502691896258e-01 -5.773502691896258e-01 -5.773502691896258e-01	-7.071067811865476e-01  7.071067811865476e-01  0.000000000000000e+00	-1.662768775266123e+02  1.662768775266123e+02  0.000000000000000e+00	1	0	0.000000000000000e+00	0.000000000000000e+00	0.000000000000000e+00
13	5.773502691896258e-01 5.773502691896258e-01 5.773502691896258e-01	0.000000000000000e+00 0.000000000000000e+00 0.000000000000000e+00	-2.170837012152994e+02  1.154700538379251e+02  5.877425740350395e+02	1	1	0.000000000000000e+00	0.000000000000000e+00	0.000000000000000e+00
14	-5.773502691896258e-01  5.773502691896258e-01 -5.773502691896258e-01	 7.071067811865476e-01  0.000000000000000e+00 -7.071067811865476e-01	-5.328942984620248e+02  0.000000000000000e+00  5.328942984620248e+02	1	0	0.000000000000000e+00	0.000000000000000e+00	0.000000000000000e+00
15	-5.773502691896258e-01  5.773502691896258e-01 -5.773502691896258e-01	-3.124842898819631e-18  7.071067811865476e-01  7.071067811865476e-01	 8.547268868455420e-16 -1.934123401785247e+02 -1.934123401785247e+02	1	0	0.000000000000000e+00	0.000000000000000e+00	0.000000000000000e+00
16	-5.773502691896258e-01  5.773502691896258e-01 -5.773502691896258e-01	 7.071067811865476e-01  7.071067811865476e-01 -3.124842898819631e-18	 5.519468573452824e+02  5.519468573452824e+02 -2.439160906938323e-15	1	0	0.000000000000000e+00	0.000000000000000e+00	0.000000000000000e+00
17	-5.773502691896258e-01  5.773502691896258e-01 -5.773502691896258e-01	-7.071067811865476e-01  0.000000000000000e+00  7.071067811865476e-01	 1.412198758437825e+03  0.000000000000000e+00 -1.412198758437825e+03	1	0	0.000000000000000e+00	0.000000000000000e+00	0.000000000000000e+00
18	-5.773502691896258e-01  5.773502691896258e-01 -5.773502691896258e-01	-3.124842898819631e-18  7.071067811865476e-01  7.071067811865476e-01	 9.389238637586849e-16 -2.124648990617823e+02 -2.124648990617823e+02	1	0	0.000000000000000e+00	0.000000000000000e+00	0.000000000000000e+00
19	-5.773502691896258e-01  5.773502691896258e-01 -5.773502691896258e-01	-7.071067811865476e-01 -7.071067811865476e-01  3.124842898819631e-18	-7.851963660978913e+01 -7.851963660978913e+01  3.469936018238618e-16	1	0	0.000000000000000e+00	0.000000000000000e+00	0.000000000000000e+00
20	 5.773502691896258e-01 -5.773502691896258e-01  5.773502691896258e-01	0.000000000000000e+00 0.000000000000000e+00 0.000000000000000e+00	-7.597929542535472e+02  6.027536810339691e+02  3.059956426705008e+02	1	1	0.000000000000000e+00	0.000000000000000e+00	0.000000000000000e+00
0	0	1	0
6	0	1	0
5	5	0	0
6	5	0	0
0	6	0	0
5	0	6	0
1	1	2	0
6	1	2	0
0	1	7	0
1	7	1	0
2	2	3	0
6	2	3	0
1	2	8	0
2	8	2	0
3	3	4	0
6	3	4	0
2	3	9	0
3	9	3	0
4	4	5	0
6	4	5	0
3	4	10	0
4	10	4	0
4	5	11	0
5	11	5	0
5	6	66	0
0	67	6	0
0	7	42	0
1	68	7	0
2	69	8	0
1	8	70	0
2	9	71	0
3	72	9	0
3	10	38	0
4	73	10	0
5	74	11	0
4	11	75	0
7	12	13	0
13	12	13	0
12	17	12	0
13	17	12	0
7	18	12	0
12	12	18	0
8	13	14	0
13	13	14	0
7	13	19	0
8	19	13	0
9	14	15	0
13	14	15	0
8	14	20	0
9	20	14	0
10	15	16	0
13	15	16	0
9	15	21	0
10	21	15	0
11	16	17	0
13	16	17	0
10	16	22	0
11	22	16	0
11	17	23	0
12	23	17	0
7	76	18	0
12	18	110	0
7	19	78	0
8	79	19	0
8	20	80	0
9	111	20	0
10	83	21	0
9	21	112	0
10	22	84	0
11	85	22	0
11	23	87	0
12	113	23	0
14	24	25	0
20	24	25	0
19	29	24	0
20	29	24	0
14	30	24	0
19	24	30	0
15	25	26	0
20	25	26	0
14	25	31	0
15	31	25	0
16	26	27	0
20	26	27	0
15	26	32	0
16	32	26	0
17	27	28	0
20	27	28	0
16	27	33	0
17	33	27	0
18	28	29	0
20	28	29	0
17	28	34	0
18	34	28	0
18	29	35	0
19	35	29	0
14	88	30	0
19	30	89	0
14	31	90	0
15	91	31	0
16	40	32	0
15	32	92	0
17	93	33	0
16	33	94	0
17	34	95	0
18	96	34	0
19	36	35	0
18	35	97	0
19	98	36	0
15	36	99	0
15	100	36	0
1	38	101	0
1	102	38	0
3	38	103	0
16	104	40	0
18	40	105	0
18	106	40	0
0	42	107	0
4	42	108	0
4	109	42	0
5	66	44	0
5	44	74	0
0	45	67	0
0	107	45	0
1	46	68	0
1	101	46	0
2	47	69	0
2	71	47	0
1	70	48	0
1	48	102	0
3	49	72	0
3	103	49	0
4	50	73	0
4	108	50	0
4	75	51	0
4	51	109	0
7	52	76	0
7	78	52	0
12	114	53	0
12	53	115	0
8	54	79	0
8	80	54	0
9	55	116	0
9	117	55	0
10	56	83	0
10	84	56	0
11	57	85	0
11	87	57	0
14	58	88	0
14	90	58	0
19	89	59	0
19	59	98	0
15	60	91	0
15	99	60	0
15	92	61	0
15	61	100	0
17	62	93	0
17	95	62	0
16	94	63	0
16	63	104	0
18	64	96	0
18	105	64	0
18	97	65	0
18	65	106	0
12	110	77	0
12	77	114	0
9	81	111	0
9	116	81	0
9	112	82	0
9	82	117	0
12	86	113	0
12	115	86	0
