114
21
172
0	1.570392732195782e+03 3.025315410553647e+02 8.256108849411653e+02	0.000000000000000e+00 0.000000000000000e+00 0.000000000000000e+00	1.000000000000000e+00	0	0	0
1	 1.130451827073287e+03 -5.773502691896260e+02  1.265551790063660e+03	0.000000000000000e+00 0.000000000000000e+00 0.000000000000000e+00	1.000000000000000e+00	0	0	1
2	-1.974537920628516e+02 -1.241303078757696e+03  6.015989804955904e+02	0.000000000000000e+00 0.000000000000000e+00 0.000000000000000e+00	1.000000000000000e+00	0	0	2
3	 2.032272947547480e+02 -1.641984165575296e+03  1.402961154130791e+03	0.000000000000000e+00 0.000000000000000e+00 0.000000000000000e+00	1.000000000000000e+00	0	0	3
4	 6.431681998772439e+02 -7.621023553303065e+02  9.630202490082960e+02	0.000000000000000e+00 0.000000000000000e+00 0.000000000000000e+00	1.000000000000000e+00	0	0	4
5	 1.971073819013383e+03 -9.814954576223676e+01  1.626973058576365e+03	0.000000000000000e+00 0.000000000000000e+00 0.000000000000000e+00	1.000000000000000e+00	0	0	5
6	1.570234959204981e+03 3.026893140461654e+02 8.257686579319661e+02	-1.103265603887849e-04  1.111924648284912e-04  1.100028748624027e-04	1.000000000000000e+00	0	0	6
7	 1.130181222653018e+03 -5.770796647693575e+02  1.265822394483929e+03	-2.400784966691087e-04  2.400784966691087e-04  2.400784966691087e-04	1.000000000000000e+00	0	0	7
8	-1.972921207458256e+02 -1.241464750074722e+03  6.014373091785643e+02	 1.112036334234290e-04 -1.114051628974266e-04 -1.113963444367982e-04	1.000000000000000e+00	0	0	8
9	 2.032231816476007e+02 -1.641980052468148e+03  1.402965267237938e+03	-1.679815682109620e-06  1.624575702408038e-06  1.732027271827974e-06	1.000000000000000e+00	0	0	9
10	 6.432748145055000e+02 -7.622089699585626e+02  9.629136343800399e+02	 1.279860880458727e-04 -1.298615097766742e-04 -1.334564149146900e-04	1.000000000000000e+00	0	0	10
11	 1.971108360303617e+03 -9.818408705247056e+01  1.626938517286131e+03	 2.535987005103379e-05 -2.531110294512473e-05 -2.529970515752211e-05	1.000000000000000e+00	0	0	11
12	-2.170837012152994e+02  1.154700538379251e+02  5.877425740350395e+02	0.000000000000000e+00 0.000000000000000e+00 0.000000000000000e+00	1.000000000000000e+00	12	0	12
13	 1.408734656822689e+02 -6.004442799572098e+02  9.456997409326077e+02	0.000000000000000e+00 0.000000000000000e+00 0.000000000000000e+00	1.000000000000000e+00	12	0	13
14	 9.214510296266424e+02 -9.907330619293978e+02  5.554109589604201e+02	0.000000000000000e+00 0.000000000000000e+00 0.000000000000000e+00	1.000000000000000e+00	12	0	14
15	 1.853294364098699e+03 -5.888972745734176e+01 -1.308275709983692e+03	0.000000000000000e+00 0.000000000000000e+00 0.000000000000000e+00	1.000000000000000e+00	12	0	15
16	 1.495337197201131e+03  6.570246063377946e+02 -1.666232876881260e+03	0.000000000000000e+00 0.000000000000000e+00 0.000000000000000e+00	1.000000000000000e+00	12	0	16
17	 7.147596332567570e+02  1.047313388309982e+03 -1.275944094909073e+03	0.000000000000000e+00 0.000000000000000e+00 0.000000000000000e+00	1.000000000000000e+00	12	0	17
18	-2.174467441671481e+02  1.151070108860764e+02  5.873795310831908e+02	-2.489793017351379e-04 -2.489793017351379e-04 -2.489793017351379e-04	1.000000000000000e+00	12	0	18
19	 1.414037596630443e+02 -5.999139859764344e+02  9.462300349133831e+02	3.607217028426627e-04 3.607217028426627e-04 3.607217028426627e-04	1.000000000000000e+00	12	0	19
20	 9.215542096799144e+02 -9.906298818761258e+02  5.555141390136921e+02	7.602864207001403e-05 7.476263999706134e-05 7.500321225961670e-05	1.000000000000000e+00	12	0	20
21	 1.853471953593103e+03 -5.871213796293844e+01 -1.308098120489289e+03	1.228924083989114e-04 1.228305918630213e-04 1.228936162078753e-04	1.000000000000000e+00	12	0	21
22	 1.495813059717478e+03  6.575004688541416e+02 -1.665757014364913e+03	3.310461082340529e-04 3.310461082340528e-04 3.310461082340528e-04	1.000000000000000e+00	12	0	22
23	 7.167769215042088e+02  1.049330676557434e+03 -1.273926806661621e+03	1.379322221813102e-03 1.379322221813102e-03 1.379322221813103e-03	1.000000000000000e+00	12	0	23
24	-7.597929542535472e+02  6.027536810339691e+02  3.059956426705008e+02	0.000000000000000e+00 0.000000000000000e+00 0.000000000000000e+00	1.000000000000000e+00	24	0	24
25	-1.191650955607388e+03 -2.609623216737101e+02 -1.258623586833382e+02	0.000000000000000e+00 0.000000000000000e+00 0.000000000000000e+00	1.000000000000000e+00	24	0	25
26	 5.126870390403868e+02  5.912066756501777e+02 -9.780313560072266e+02	0.000000000000000e+00 0.000000000000000e+00 0.000000000000000e+00	1.000000000000000e+00	24	0	26
27	 9.572467463163994e+02  1.466469683741651e+02 -1.867150770559250e+03	0.000000000000000e+00 0.000000000000000e+00 0.000000000000000e+00	1.000000000000000e+00	24	0	27
28	 1.389104747670240e+03  1.010362971081845e+03 -1.435292769205410e+03	0.000000000000000e+00 0.000000000000000e+00 0.000000000000000e+00	1.000000000000000e+00	24	0	28
29	-3.152332469775362e+02  1.581939737579582e+02 -5.831237718815206e+02	0.000000000000000e+00 0.000000000000000e+00 0.000000000000000e+00	1.000000000000000e+00	24	0	29
30	-7.599017986776728e+02  6.028625254580948e+02  3.058867982463752e+02	-7.457769970642403e-05  7.459479820681736e-05 -7.412538980133832e-05	1.000000000000000e+00	24	0	30
31	-1.191861334651088e+03 -2.607519426300095e+02 -1.260727377270388e+02	-1.457608886994421e-04  1.453850709367543e-04 -1.457617327105254e-04	1.000000000000000e+00	24	0	31
32	 5.051594099860552e+02  5.987343047045093e+02 -9.855589850615582e+02	-3.971461672335863e-03  3.971461672335863e-03 -3.971461672335863e-03	1.000000000000000e+00	24	0	32
33	 9.564212172144400e+02  1.474724974761244e+02 -1.867976299661209e+03	-5.731037623869876e-04  5.731037623869876e-04 -5.731037623869876e-04	1.000000000000000e+00	24	0	33
34	 1.387543394702950e+03  1.011924324049135e+03 -1.436854122172699e+03	-1.086787010232608e-03  1.086787010232608e-03 -1.086787010232608e-03	1.000000000000000e+00	24	0	34
35	-3.096981296597070e+02  1.526588564401290e+02 -5.775886545636914e+02	 5.264036978284517e-03 -5.264036978284517e-03  5.264036978284518e-03	1.000000000000000e+00	24	0	35
36	-3.294076148385402e+02  1.723683416189622e+02 -5.591930219760098e+02	-1.431739384618898e-03  1.431739384618898e-03 -1.431739384618898e-03	1.000000000000000e+00	24	0	36
38	 6.036232125842545e+02 -8.403368229520012e+02  1.002565236301285e+03	-2.041215435989822e-04  2.041215435989822e-04  2.041215435989822e-04	1.000000000000000e+00	0	0	38
40	 5.275635933996125e+02  5.763301212909522e+02 -1.001259919414517e+03	 1.104275249720862e-03 -1.104275249720861e-03  1.104275249720861e-03	1.000000000000000e+00	24	0	40
42	 1.169780432451590e+03 -4.988994196532452e+02  1.226223184685357e+03	 5.753975710831583e-05 -5.665990465786308e-05 -5.681374022969976e-05	1.000000000000000e+00	0	0	42
44	1.770758650006202e+03 1.021656232449445e+02 1.226266610577711e+03	 1.818656892282888e-05 -1.818656892282888e-05 -1.816772783058695e-05	1.000000000000000e+00	0	0	44
45	 1.369653770700194e+03 -9.775133863611342e+01  1.026349846436754e+03	-2.788805577438325e-04  2.785869000945240e-04  2.788805577438325e-04	1.000000000000000e+00	0	0	45
46	 8.666892278114477e+02 -7.084954330715905e+02  1.134406626181696e+03	-4.426030209288001e-04  4.423071804922074e-04  4.423071804922074e-04	1.000000000000000e+00	0	0	46
47	 3.028663232926237e+00 -1.441785534053474e+03  1.002138172742984e+03	 9.794776269700378e-05 -9.794776269700378e-05 -9.792466153157875e-05	1.000000000000000e+00	0	0	47
48	 2.035176662621134e+02 -1.041252717476183e+03  8.016493417771032e+02	 1.972901955014095e-04 -1.970325101865456e-04 -1.970325101865456e-04	1.000000000000000e+00	0	0	48
49	 4.033813753359248e+02 -1.241116856529846e+03  1.202807073549615e+03	-1.286598271690309e-04  1.283282763324678e-04  1.286598271690309e-04	1.000000000000000e+00	0	0	49
50	 9.070794363269151e+02 -6.311049396928115e+02  1.094017664645791e+03	 5.445004208013415e-04 -5.427875439636409e-04 -5.427875439636409e-04	1.000000000000000e+00	0	0	50
51	 1.570540281899786e+03 -2.986375899133700e+02  1.426485014425233e+03	 1.054161766660400e-04 -1.053458545356989e-04 -1.053458545356989e-04	1.000000000000000e+00	0	0	51
52	-3.795940151859145e+01 -2.423413753023364e+02  7.668668737317472e+02	1.024097073241137e-04 1.024427911033854e-04 1.024097073241137e-04	1.000000000000000e+00	12	0	52
53	 2.489064430553813e+02  5.814601981086058e+02 -3.440322780535260e+02	2.540663626859896e-05 2.540663626859896e-05 2.541595131333452e-05	1.000000000000000e+00	12	0	53
54	 5.311298594064887e+02 -7.956199920125360e+02  7.505240288772820e+02	-1.449915907869581e-05 -1.302399232372409e-05 -1.302399232372409e-05	1.000000000000000e+00	12	0	54
55	 1.387385233357509e+03 -5.247988581985319e+02 -3.764198360499213e+02	1.025655910780188e-05 1.025655910780188e-05 1.026107656798558e-05	1.000000000000000e+00	12	0	55
56	 1.674737286787150e+03  2.994887321220518e+02 -1.486832787295242e+03	2.867667353712022e-04 2.864750858861953e-04 2.867667353712022e-04	1.000000000000000e+00	12	0	56
57	 1.103250523519655e+03  8.503472157033564e+02 -1.472910267515698e+03	-1.199534977786243e-03 -1.231244881637394e-03 -1.231244881637394e-03	1.000000000000000e+00	12	0	57
58	-9.760426443557988e+02  1.712166848477802e+02  8.974595256825089e+01	-2.165487967431545e-04  2.169791114283726e-04 -2.165487967431545e-04	1.000000000000000e+00	24	0	58
59	-5.439814881933589e+02  3.869422149737807e+02 -1.259800214840922e+02	-7.810656825313345e-05  7.810656825313345e-05 -7.827446825103834e-05	1.000000000000000e+00	24	0	59
60	-7.600324904370264e+02 -4.479407336714517e+01 -3.420306069899042e+02	-1.716775732347742e-04  1.712474913801998e-04 -1.712474913801998e-04	1.000000000000000e+00	24	0	60
61	 8.554824664456766e+01  3.878160578189341e+02 -7.746407381759835e+02	-2.720788586884737e-03  2.696345560252666e-03 -2.696345560252666e-03	1.000000000000000e+00	24	0	61
62	 1.172973596119942e+03  5.787066240371719e+02 -1.651423920755708e+03	-2.046716253971681e-04  2.031679177889600e-04 -2.046716253971681e-04	1.000000000000000e+00	24	0	62
63	 7.398643970887340e+02  3.640293176018308e+02 -1.436745664085237e+03	-1.007248298265040e-03  1.007248298265040e-03 -1.006643171422184e-03	1.000000000000000e+00	24	0	63
64	 9.582032221151007e+02  7.934867617073141e+02 -1.218416559830879e+03	 6.475388072431087e-04 -6.349110626615584e-04  6.349110626615584e-04	1.000000000000000e+00	24	0	64
65	 1.118987801991432e+02  3.614726032055887e+02 -7.864024013291535e+02	 2.728231251239777e-03 -2.748305443674326e-03  2.748305443674326e-03	1.000000000000000e+00	24	0	65
66	1.670662684754655e+03 2.022615884964914e+02 1.025851633906298e+03	 7.059058407321572e-05 -7.059058407321572e-05 -7.075467146933079e-05	1.000000000000000e+00	0	0	66
67	1.469767460886107e+03 1.026464345467390e+02 9.262361562508402e+02	-3.186653775628656e-04  3.192828153260052e-04  3.186653775628656e-04	1.000000000000000e+00	0	0	67
68	 9.983968534388055e+02 -6.427485826546358e+02  1.200153476598650e+03	-3.770945477299392e-04  3.780118131544441e-04  3.780118131544441e-04	1.000000000000000e+00	0	0	68
69	-9.714884508577596e+01 -1.341608025734772e+03  8.018048562342246e+02	 9.213124576490372e-05 -9.213124576490372e-05 -9.212115401169285e-05	1.000000000000000e+00	0	0	69
70	 3.198671535916588e+00 -1.141444853810650e+03  7.014572054426358e+02	 2.130694774677977e-04 -2.132416848326102e-04 -2.132416848326102e-04	1.000000000000000e+00	0	0	70
71	 1.031564063208698e+02 -1.541913277141418e+03  1.202521279207873e+03	 7.015664596110582e-05 -7.015664596110582e-05 -7.008409738773480e-05	1.000000000000000e+00	0	0	71
72	 3.032891440949663e+02 -1.441535271901339e+03  1.302899304790573e+03	-7.453433499904349e-05  7.443463255185634e-05  7.453433499904349e-05	1.000000000000000e+00	0	0	72
73	 7.755567776859525e+02 -6.970395133539118e+02  1.028083090984691e+03	 6.073516560718417e-04 -6.110678659752011e-04 -6.110678659752011e-04	1.000000000000000e+00	0	0	73
74	1.870888995341631e+03 2.035277909515379e+00 1.426647070829370e+03	-1.021287062030751e-05  1.021287062030751e-05  1.021839216264198e-05	1.000000000000000e+00	0	0	74
75	 1.770847619338570e+03 -1.984341140301767e+02  1.526688490308426e+03	 8.229819650296122e-05 -8.223042823374271e-05 -8.223042823374271e-05	1.000000000000000e+00	0	0	75
76	-1.274452237777111e+02 -6.335900404630990e+01  6.773810514726275e+02	9.947963553713635e-05 9.994002175517380e-05 9.947963553713635e-05	1.000000000000000e+00	12	0	76
77	1.552357259857770e+01 3.480773276518022e+02 1.214663823379019e+02	-2.460108080413193e-04 -2.460108080413193e-04 -2.473432687111199e-04	1.000000000000000e+00	12	0	77
78	 5.157050050287387e+01 -4.212790368468466e+02  8.563967757532125e+02	1.326551573583856e-04 1.331187522737309e-04 1.326551573583856e-04	1.000000000000000e+00	12	0	78
79	 3.361121019116892e+02 -6.979229895644439e+02  8.482210313253743e+02	7.148047734517604e-05 7.042849756544456e-05 7.042849756544456e-05	1.000000000000000e+00	12	0	79
80	 7.269044109642844e+02 -8.925627773462885e+02  6.535812435435297e+02	4.059364437125623e-04 4.063601954840124e-04 4.063601954840124e-04	1.000000000000000e+00	12	0	80
81	 1.154384569990985e+03 -7.577995215650558e+02  8.946198824571482e+01	-1.808449451345950e-05 -1.808449451345950e-05 -1.809815330489073e-05	1.000000000000000e+00	12	0	81
82	 1.620448788922996e+03 -2.917353026330452e+02 -8.422387376313296e+02	8.083783177426085e-05 8.083783177426085e-05 8.090272604022175e-05	1.000000000000000e+00	12	0	82
83	 1.764058541188389e+03  1.203420439846726e+02 -1.397511532894002e+03	1.740424049785361e-04 1.736594276735559e-04 1.740424049785361e-04	1.000000000000000e+00	12	0	83
84	 1.585226914898768e+03  4.784464038760859e+02 -1.576343159183624e+03	2.750038111116737e-04 2.749342820607126e-04 2.750038111116737e-04	1.000000000000000e+00	12	0	84
85	 1.301222337669950e+03  7.556214046892042e+02 -1.567636078529851e+03	4.922393127344549e-04 4.807103832717985e-04 4.807103832717985e-04	1.000000000000000e+00	12	0	85
86	 4.818985759653453e+02  8.144523310185699e+02 -8.099220680274327e+02	6.353185744956136e-05 6.353185744956136e-05 6.439375283662230e-05	1.000000000000000e+00	12	0	86
87	 9.121368913684303e+02  9.519501578196528e+02 -1.371307325399402e+03	1.523836515843868e-03 1.491287257522345e-03 1.491287257522345e-03	1.000000000000000e+00	12	0	87
88	-8.678425312123629e+02  3.869099124280676e+02  1.979460657116868e+02	-5.485100700752810e-05  5.506331217475235e-05 -5.485100700752810e-05	1.000000000000000e+00	24	0	88
89	-6.521950381517386e+02  4.951557649321603e+02  8.970007885189980e+01	-2.508385805413127e-04  2.508385805413127e-04 -2.508080215193331e-04	1.000000000000000e+00	24	0	89
90	-1.084083745120057e+03 -4.463619012343639e+01 -1.829514819600697e+01	-2.712079149205238e-04  2.709923719521612e-04 -2.712079149205238e-04	1.000000000000000e+00	24	0	90
91	-9.758213424919821e+02 -1.528984783283060e+02 -2.339262020287435e+02	-7.166322029661387e-05  7.159807137213647e-05 -7.159807137213647e-05	1.000000000000000e+00	24	0	91
92	 2.949885240949046e+02  4.936604840736380e+02 -8.804851644306874e+02	-2.929692156612873e-03  2.917543984949589e-03 -2.917543984949589e-03	1.000000000000000e+00	24	0	92
93	 1.064688117360135e+03  3.631002838196944e+02 -1.759709399515515e+03	-3.607629332691431e-04  3.623233933467418e-04 -3.607629332691431e-04	1.000000000000000e+00	24	0	93
94	 8.479186874111336e+02  2.559750272794312e+02 -1.652588132252644e+03	-9.447118500247598e-04  9.447118500247598e-04 -9.486082708463073e-04	1.000000000000000e+00	24	0	94
95	 1.279298769062402e+03  7.962580372709888e+02 -1.545098747813248e+03	-1.503591076470912e-03  1.476560835726559e-03 -1.503591076470912e-03	1.000000000000000e+00	24	0	95
96	 1.172375134390128e+03  9.031988013829464e+02 -1.328128599506511e+03	-5.551843787543476e-04  5.546680185943842e-04 -5.546680185943842e-04	1.000000000000000e+00	24	0	96
97	-9.873471928736686e+01  2.568575531509544e+02 -6.817873512745191e+02	 3.842202015221119e-03 -3.880833275616169e-03  3.880833275616169e-03	1.000000000000000e+00	24	0	97
98	-4.353786437928309e+02  2.783393705732527e+02 -3.412739953040883e+02	 3.605382808018476e-04 -3.605382808018476e-04  3.537015581969172e-04	1.000000000000000e+00	24	0	98
99	-5.443101943150871e+02  6.337607911090717e+01 -4.502007594679566e+02	-3.489266964606941e-04  3.454982943367213e-04 -3.454982943367213e-04	1.000000000000000e+00	24	0	99
100	-1.241354361422214e+02  2.821771158960649e+02 -6.690017962531143e+02	-3.973681014031172e-03  3.801129292696714e-03 -3.801129292696714e-03	1.000000000000000e+00	24	0	100
101	 7.351801299267053e+02 -7.744403790129809e+02  1.068461680240305e+03	-3.390821511857212e-04  3.382412542123348e-04  3.382412542123348e-04	1.000000000000000e+00	0	0	101
102	 4.036506407471140e+02 -9.408748322910872e+02  9.020272269621989e+02	 5.657165092998184e-05 -5.624665209325030e-05 -5.624665209325030e-05	1.000000000000000e+00	0	0	102
103	 5.033164705784550e+02 -1.040540847603304e+03  1.102871978307084e+03	-2.893708879128098e-04  2.894318895414472e-04  2.893708879128098e-04	1.000000000000000e+00	0	0	103
104	 6.320790887517336e+02  4.718146259388312e+02 -1.220623010652947e+03	-8.945002336986363e-04  8.945002336986363e-04 -8.720373734831810e-04	1.000000000000000e+00	24	0	104
105	 7.417144077202877e+02  6.860769114780767e+02 -1.111006709601641e+03	 3.322859120089561e-04 -3.253678733017296e-04  3.253678733017296e-04	1.000000000000000e+00	24	0	105
106	 3.227453865205283e+02  4.660471145746337e+02 -8.909769126981984e+02	 2.947947708889842e-03 -2.824698342010379e-03  2.824698342010379e-03	1.000000000000000e+00	24	0	106
107	 1.269568836607681e+03 -2.981775179426687e+02  1.126434780529266e+03	-2.215212007286027e-04  2.207929210271686e-04  2.215212007286027e-04	1.000000000000000e+00	0	0	107
108	 1.038550340247232e+03 -5.651216420020244e+02  1.160000962336578e+03	 4.088464775122702e-04 -4.063112719450146e-04 -4.063112719450146e-04	1.000000000000000e+00	0	0	108
109	 1.370253709289866e+03 -3.988619624551909e+02  1.326260641883412e+03	 1.451661810278893e-04 -1.452808792237192e-04 -1.452808792237192e-04	1.000000000000000e+00	0	0	109
110	-1.013822321190419e+02  2.311715229341827e+02  3.540029278919367e+02	-5.348616978153586e-04 -5.348616978153586e-04 -5.346675752662122e-04	1.000000000000000e+00	12	0	110
111	 1.037829685316892e+03 -8.743544062391488e+02  3.223484471982915e+02	-6.777827366022393e-05 -6.777827366022393e-05 -6.766424485249445e-05	1.000000000000000e+00	12	0	111
112	 1.736990263717566e+03 -1.751938278384755e+02 -1.075138526883610e+03	1.222261635120958e-04 1.222261635120958e-04 1.222716236952692e-04	1.000000000000000e+00	12	0	112
113	 5.993496416634435e+02  9.319033967166680e+02 -1.041906242341612e+03	7.374231354333460e-04 7.374231354333460e-04 7.464985246770084e-04	1.000000000000000e+00	12	0	113
114	 1.324056574113590e+02  4.649594124645836e+02 -1.110918280117054e+02	2.486494850018062e-05 2.486494850018062e-05 2.483765456418041e-05	1.000000000000000e+00	12	0	114
115	 3.653210462222183e+02  6.978748012754429e+02 -5.770589352607701e+02	-3.961663969676010e-05 -3.961663969676010e-05 -3.963080962421373e-05	1.000000000000000e+00	12	0	115
116	 1.270886290793285e+03 -6.412978007627560e+02 -1.434775318897620e+02	-2.956173148049857e-06 -2.956173148049857e-06 -2.956990556413075e-06	1.000000000000000e+00	12	0	116
117	 1.503904112927849e+03 -4.082799786281919e+02 -6.093421912684495e+02	3.690351513796486e-05 3.690351513796486e-05 3.692994141601957e-05	1.000000000000000e+00	12	0	117
0	-5.773502691896258e-01  5.773502691896258e-01  5.773502691896258e-01	-7.071067811865476e-01  3.124842898819631e-18 -7.071067811865476e-01	 1.198001808568474e+03 -5.294203851356715e-15  1.198001808568474e+03	1	0	0.000000000000000e+00	0.000000000000000e+00	0.000000000000000e+00
1	-5.773502691896258e-01  5.773502691896258e-01  5.773502691896258e-01	 0.000000000000000e+00  7.071067811865476e-01 -7.071067811865476e-01	 0.000000000000000e+00 -9.214510296266430e+02  9.214510296266430e+02	1	0	0.000000000000000e+00	0.000000000000000e+00	0.000000000000000e+00
2	-5.773502691896258e-01  5.773502691896258e-01  5.773502691896258e-01	 7.071067811865476e-01  7.071067811865476e-01 -3.124842898819631e-18	-7.193784354102739e+02 -7.193784354102739e+02  3.179073734356852e-15	1	0	0.000000000000000e+00	0.000000000000000e+00	0.000000000000000e+00
3	-5.773502691896258e-01  5.773502691896258e-01  5.773502691896258e-01	 7.071067811865476e-01 -3.124842898819631e-18  7.071067811865476e-01	 8.030942244427697e+02 -3.549030148066116e-15  8.030942244427697e+02	1	0	0.000000000000000e+00	0.000000000000000e+00	0.000000000000000e+00
4	-5.773502691896258e-01  5.773502691896258e-01  5.773502691896258e-01	 0.000000000000000e+00  7.071067811865476e-01 -7.071067811865476e-01	 0.000000000000000e+00 -8.625613021693013e+02  8.625613021693013e+02	1	0	0.000000000000000e+00	0.000000000000000e+00	0.000000000000000e+00
5	-5.773502691896258e-01  5.773502691896258e-01  5.773502691896258e-01	-7.071067811865476e-01 -7.071067811865476e-01  3.124842898819631e-18	 9.364621366255734e+02  9.364621366255734e+02 -4.138408986458117e-15	1	0	0.000000000000000e+00	0.000000000000000e+00	0.000000000000000e+00
6	 5.773502691896258e-01 -5.773502691896258e-01 -5.773502691896258e-01	0.000000000000000e+00 0.000000000000000e+00 0.000000000000000e+00	1.570392732195782e+03 3.025315410553647e+02 8.256108849411653e+02	1	1	0.000000000000000e+00	0.000000000000000e+00	0.000000000000000e+00
7	-5.773502691896258e-01 -5.773502691896258e-01 -5.773502691896258e-01	-7.071067811865476e-01  0.000000000000000e+00  7.071067811865476e-01	-4.024131376251693e+02  0.000000000000000e+00  4.024131376251693e+02	1	0	0.000000000000000e+00	0.000000000000000e+00	0.000000000000000e+00
8	-5.773502691896258e-01 -5.773502691896258e-01 -5.773502691896258e-01	 0.000000000000000e+00 -7.071067811865476e-01  7.071067811865476e-01	 0.000000000000000e+00 -7.730720104449091e+02  7.730720104449091e+02	1	0	0.000000000000000e+00	0.000000000000000e+00	0.000000000000000e+00
9	-5.773502691896258e-01 -5.773502691896258e-01 -5.773502691896258e-01	 7.071067811865476e-01 -7.071067811865476e-01  0.000000000000000e+00	 9.560920457780206e+02 -9.560920457780206e+02  0.000000000000000e+00	1	0	0.000000000000000e+00	0.000000000000000e+00	0.000000000000000e+00
10	-5.773502691896258e-01 -5.773502691896258e-01 -5.773502691896258e-01	 7.071067811865476e-01  0.000000000000000e+00 -7.071067811865476e-01	 1.580785037041196e+03  0.000000000000000e+00 -1.580785037041196e+03	1	0	0.000000000000000e+00	0.000000000000000e+00	0.000000000000000e+00
11	-5.773502691896258e-01 -5.773502691896258e-01 -5.773502691896258e-01	 0.000000000000000e+00  7.071067811865476e-01 -7.071067811865476e-01	 0.000000000000000e+00  1.161628741609527e+03 -1.161628741609527e+03	1	0	0.000000000000000e+00	0.000000000000000e+00	0.000000000000000e+00
12	-5.773502691896258e-01 -5.773502691896258e-01 -5.773502691896258e-01	-7.071067811865476e-01  7.071067811865476e-01  0.000000000000000e+00	-1.662768775266123e+02  1.662768775266123e+02  0.000000000000000e+00	1	0	0.000000000000000e+00	0.000000000000000e+00	0.000000000000000e+00
13	5.773502691896258e-01 5.773502691896258e-01 5.773502691896258e-01	0.000000000000000e+00 0.000000000000000e+00 0.000000000000000e+00	-2.170837012152994e+02  1.154700538379251e+02  5.877425740350395e+02	1	1	0.000000000000000e+00	0.000000000000000e+00	0.000000000000000e+00
14	-5.773502691896258e-01  5.773502691896258e-01 -5.773502691896258e-01	 7.071067811865476e-01  0.000000000000000e+00 -7.071067811865476e-01	-5.328942984620248e+02  0.000000000000000e+00  5.328942984620248e+02	1	0	0.000000000000000e+00	0.000000000000000e+00	0.000000000000000e+00
15	-5.773502691896258e-01  5.773502691896258e-01 -5.773502691896258e-01	-3.124842898819631e-18  7.071067811865476e-01  7.071067811865476e-01	 8.547268868455420e-16 -1.934123401785247e+02 -1.934123401785247e+02	1	0	0.000000000000000e+00	0.000000000000000e+00	0.000000000000000e+00
16	-5.773502691896258e-01  5.773502691896258e-01 -5.773502691896258e-01	 7.071067811865476e-01  7.071067811865476e-01 -3.124842898819631e-18	 5.519468573452824e+02  5.519468573452824e+02 -2.439160906938323e-15	1	0	0.000000000000000e+00	0.000000000000000e+00	0.000000000000000e+00
17	-5.773502691896258e-01  5.773502691896258e-01 -5.773502691896258e-01	-7.071067811865476e-01  0.000000000000000e+00  7.071067811865476e-01	 1.412198758437825e+03  0.000000000000000e+00 -1.412198758437825e+03	1	0	0.000000000000000e+00	0.000000000000000e+00	0.000000000000000e+00
18	-5.773502691896258e-01  5.773502691896258e-01 -5.773502691896258e-01	-3.124842898819631e-18  7.071067811865476e-01  7.071067811865476e-01	 9.389238637586849e-16 -2.124648990617823e+02 -2.124648990617823e+02	1	0	0.000000000000000e+00	0.000000000000000e+00	0.000000000000000e+00
19	-5.773502691896258e-01  5.773502691896258e-01 -5.773502691896258e-01	-7.071067811865476e-01 -7.071067811865476e-01  3.124842898819631e-18	-7.851963660978913e+01 -7.851963660978913e+01  3.469936018238618e-16	1	0	0.000000000000000e+00	0.000000000000000e+00	0.000000000000000e+00
20	 5.773502691896258e-01 -5.773502691896258e-01  5.773502691896258e-01	0.000000000000000e+00 0.000000000000000e+00 0.000000000000000e+00	-7.597929542535472e+02  6.027536810339691e+02  3.059956426705008e+02	1	1	0.000000000000000e+00	0.000000000000000e+00	0.000000000000000e+00
0	0	1	0
6	0	1	0
5	5	0	0
6	5	0	0
0	6	0	0
5	0	6	0
1	1	2	0
6	1	2	0
0	1	7	0
1	7	1	0
2	2	3	0
6	2	3	0
1	2	8	0
2	8	2	0
3	3	4	0
6	3	4	0
2	3	9	0
3	9	3	0
4	4	5	0
6	4	5	0
3	4	10	0
4	10	4	0
4	5	11	0
5	11	5	0
5	6	66	0
0	67	6	0
0	7	42	0
1	68	7	0
2	69	8	0
1	8	70	0
2	9	71	0
3	72	9	0
3	10	38	0
4	73	10	0
5	74	11	0
4	11	75	0
7	12	13	0
13	12	13	0
12	17	12	0
13	17	12	0
7	18	12	0
12	12	18	0
8	13	14	0
13	13	14	0
7	13	19	0
8	19	13	0
9	14	15	0
13	14	15	0
8	14	20	0
9	20	14	0
10	15	16	0
13	15	16	0
9	15	21	0
10	21	15	0
11	16	17	0
13	16	17	0
10	16	22	0
11	22	16	0
11	17	23	0
12	23	17	0
7	76	18	0
12	18	110	0
7	19	78	0
8	79	19	0
8	20	80	0
9	111	20	0
10	83	21	0
9	21	112	0
10	22	84	0
11	85	22	0
11	23	87	0
12	113	23	0
14	24	25	0
20	24	25	0
19	29	24	0
20	29	24	0
14	30	24	0
19	24	30	0
15	25	26	0
20	25	26	0
14	25	31	0
15	31	25	0
16	26	27	0
20	26	27	0
15	26	32	0
16	32	26	0
17	27	28	0
20	27	28	0
16	27	33	0
17	33	27	0
18	28	29	0
20	28	29	0
17	28	34	0
18	34	28	0
18	29	35	0
19	35	29	0
14	88	30	0
19	30	89	0
14	31	90	0
15	91	31	0
16	40	32	0
15	32	92	0
17	93	33	0
16	33	94	0
17	34	95	0
18	96	34	0
19	36	35	0
18	35	97	0
19	98	36	0
15	36	99	0
15	100	36	0
1	38	101	0
1	102	38	0
3	38	103	0
16	104	40	0
18	40	105	0
18	106	40	0
0	42	107	0
4	42	108	0
4	109	42	0
5	66	44	0
5	44	74	0
0	45	67	0
0	107	45	0
1	46	68	0
1	101	46	0
2	47	69	0
2	71	47	0
1	70	48	0
1	48	102	0
3	49	72	0
3	103	49	0
4	50	73	0
4	108	50	0
4	75	51	0
4	51	109	0
7	52	76	0
7	78	52	0
12	114	53	0
12	53	115	0
8	54	79	0
8	80	54	0
9	55	116	0
9	117	55	0
10	56	83	0
10	84	56	0
11	57	85	0
11	87	57	0
14	58	88	0
14	90	58	0
19	89	59	0
19	59	98	0
15	60	91	0
15	99	60	0
15	92	61	0
15	61	100	0
17	62	93	0
17	95	62	0
16	94	63	0
16	63	104	0
18	64	96	0
18	105	64	0
18	97	65	0
18	65	106	0
12	110	77	0
12	77	114	0
9	81	111	0
9	116	81	0
9	112	82	0
9	82	117	0
12	86	113	0
12	115	86	0
