114
21
172
0	1.570392732195782e+03 3.025315410553647e+02 8.256108849411653e+02	0.000000000000000e+00 0.000000000000000e+00 0.000000000000000e+00	1.000000000000000e+00	0	0	0
1	 1.130451827073287e+03 -5.773502691896260e+02  1.265551790063660e+03	0.000000000000000e+00 0.000000000000000e+00 0.000000000000000e+00	1.000000000000000e+00	0	0	1
2	-1.974537920628516e+02 -1.241303078757696e+03  6.015989804955904e+02	0.000000000000000e+00 0.000000000000000e+00 0.000000000000000e+00	1.000000000000000e+00	0	0	2
3	 2.032272947547480e+02 -1.641984165575296e+03  1.402961154130791e+03	0.000000000000000e+00 0.000000000000000e+00 0.000000000000000e+00	1.000000000000000e+00	0	0	3
4	 6.431681998772439e+02 -7.621023553303065e+02  9.630202490082960e+02	0.000000000000000e+00 0.000000000000000e+00 0.000000000000000e+00	1.000000000000000e+00	0	0	4
5	 1.971073819013383e+03 -9.814954576223676e+01  1.626973058576365e+03	0.000000000000000e+00 0.000000000000000e+00 0.000000000000000e+00	1.000000000000000e+00	0	0	5
6	1.569683289544844e+03 3.032409837063025e+02 8.263203275921031e+02	-1.215202210005373e-04  1.274695532629266e-04  1.184474240290001e-04	1.000000000000000e+00	0	0	6
7	 1.127418756451018e+03 -5.743171985673567e+02  1.268584860685929e+03	-1.088295597583055e-03  1.088295597583055e-03  1.088295597583055e-03	1.000000000000000e+00	0	0	7
8	-1.967683793188243e+02 -1.241988491501723e+03  6.009135677515631e+02	 1.087594937416725e-04 -1.097653002943844e-04 -1.097686399589293e-04	1.000000000000000e+00	0	0	8
9	 2.032341123461521e+02 -1.641990983166700e+03  1.402954336539387e+03	 6.473509984061820e-06 -6.904300335008884e-06 -6.011341156408889e-06	1.000000000000000e+00	0	0	9
10	 6.455888981840983e+02 -7.645230536371610e+02  9.605995507014416e+02	 1.008391380310059e-03 -1.008391380310059e-03 -1.008391380310059e-03	1.000000000000000e+00	0	0	10
11	 1.971253787556910e+03 -9.832951430576345e+01  1.626793090032839e+03	 3.646992627182044e-05 -3.604291487135924e-05 -3.590089909266680e-05	1.000000000000000e+00	0	0	11
12	-2.170837012152994e+02  1.154700538379251e+02  5.877425740350395e+02	0.000000000000000e+00 0.000000000000000e+00 0.000000000000000e+00	1.000000000000000e+00	12	0	12
13	 1.408734656822689e+02 -6.004442799572098e+02  9.456997409326077e+02	0.000000000000000e+00 0.000000000000000e+00 0.000000000000000e+00	1.000000000000000e+00	12	0	13
14	 9.214510296266424e+02 -9.907330619293978e+02  5.554109589604201e+02	0.000000000000000e+00 0.000000000000000e+00 0.000000000000000e+00	1.000000000000000e+00	12	0	14
15	 1.853294364098699e+03 -5.888972745734176e+01 -1.308275709983692e+03	0.000000000000000e+00 0.000000000000000e+00 0.000000000000000e+00	1.000000000000000e+00	12	0	15
16	 1.495337197201131e+03  6.570246063377946e+02 -1.666232876881260e+03	0.000000000000000e+00 0.000000000000000e+00 0.000000000000000e+00	1.000000000000000e+00	12	0	16
17	 7.147596332567570e+02  1.047313388309982e+03 -1.275944094909073e+03	0.000000000000000e+00 0.000000000000000e+00 0.000000000000000e+00	1.000000000000000e+00	12	0	17
18	-2.185958238282560e+02  1.139579312249684e+02  5.862304514220830e+02	-2.359377685934305e-04 -2.359377685934305e-04 -2.359377685934305e-04	1.000000000000000e+00	12	0	18
19	 1.430469548532740e+02 -5.982707907862048e+02  9.478732301036127e+02	3.343977829596649e-04 3.343977829596648e-04 3.343977829596648e-04	1.000000000000000e+00	12	0	19
20	 9.219693587352950e+02 -9.902147328207451e+02  5.559292880690728e+02	1.033710068440996e-04 9.784889698494226e-05 9.888265049085021e-05	1.000000000000000e+00	12	0	20
21	 1.854049094741796e+03 -5.813499681424482e+01 -1.307520979340595e+03	1.203213469125330e-04 1.200921178678982e-04 1.203248029923998e-04	1.000000000000000e+00	12	0	21
22	 1.497404543720636e+03  6.590919528572996e+02 -1.664165530361755e+03	3.387473795252541e-04 3.387473795252542e-04 3.387473795252542e-04	1.000000000000000e+00	12	0	22
23	 7.231424407149736e+02  1.055696195768199e+03 -1.267561287450856e+03	1.307329473396142e-03 1.307329473396142e-03 1.307329473396142e-03	1.000000000000000e+00	12	0	23
24	-7.597929542535472e+02  6.027536810339691e+02  3.059956426705008e+02	0.000000000000000e+00 0.000000000000000e+00 0.000000000000000e+00	1.000000000000000e+00	24	0	24
25	-1.191650955607388e+03 -2.609623216737101e+02 -1.258623586833382e+02	0.000000000000000e+00 0.000000000000000e+00 0.000000000000000e+00	1.000000000000000e+00	24	0	25
26	 5.126870390403868e+02  5.912066756501777e+02 -9.780313560072266e+02	0.000000000000000e+00 0.000000000000000e+00 0.000000000000000e+00	1.000000000000000e+00	24	0	26
27	 9.572467463163994e+02  1.466469683741651e+02 -1.867150770559250e+03	0.000000000000000e+00 0.000000000000000e+00 0.000000000000000e+00	1.000000000000000e+00	24	0	27
28	 1.389104747670240e+03  1.010362971081845e+03 -1.435292769205410e+03	0.000000000000000e+00 0.000000000000000e+00 0.000000000000000e+00	1.000000000000000e+00	24	0	28
29	-3.152332469775362e+02  1.581939737579582e+02 -5.831237718815206e+02	0.000000000000000e+00 0.000000000000000e+00 0.000000000000000e+00	1.000000000000000e+00	24	0	29
30	-7.602524762214800e+02  6.032132030019019e+02  3.055361207025680e+02	-7.434814324369654e-05  7.455368904629722e-05 -7.184266723925248e-05	1.000000000000000e+00	24	0	30
31	-1.192560076820001e+03 -2.600532004610968e+02 -1.267714798959514e+02	-1.498206111136824e-04  1.478829653933644e-04 -1.496663608122617e-04	1.000000000000000e+00	24	0	31
32	 5.015914183688334e+02  6.023022963217311e+02 -9.891269766787800e+02	-1.612814667169005e-04  1.612814667169004e-04 -1.612814667169005e-04	1.000000000000000e+00	24	0	32
33	 9.536555601610634e+02  1.502381545295010e+02 -1.870741956714586e+03	-5.934411698641876e-04  5.934411698641876e-04 -5.934411698641876e-04	1.000000000000000e+00	24	0	33
34	 1.382269688280937e+03  1.017198030471147e+03 -1.442127828594712e+03	-1.129414110134045e-03  1.129414110134045e-03 -1.129414110134045e-03	1.000000000000000e+00	24	0	34
35	-3.048349178263215e+02  1.477956446067435e+02 -5.727254427303060e+02	 1.750612476219734e-04 -1.750612476219734e-04  1.750612476219733e-04	1.000000000000000e+00	24	0	35
36	-3.300186578550932e+02  1.729793846355152e+02 -5.598040649925629e+02	 5.693055936717428e-05 -6.462572491727769e-05  2.646005013957620e-04	1.000000000000000e+00	24	0	36
38	 6.023718925351820e+02 -8.390855029029287e+02  1.003816556350358e+03	-3.597575899523993e-04  3.597575899523993e-04  3.597575899523993e-04	1.000000000000000e+00	0	0	38
40	 5.278847296294620e+02  5.760089850611027e+02 -1.000938783184667e+03	-8.882259862730280e-05  9.220760694006458e-05 -1.977867941604927e-04	1.000000000000000e+00	24	0	40
42	 1.170359939970547e+03 -4.994789271722025e+02  1.225643677166400e+03	 2.224838875311737e-04 -2.224838875311737e-04 -2.224838875311737e-04	1.000000000000000e+00	0	0	42
44	1.770853843566727e+03 1.020704296844201e+02 1.226171690022870e+03	 2.171484266000334e-05 -2.171484266000334e-05 -2.161366137443110e-05	1.000000000000000e+00	0	0	44
45	 1.368267470402973e+03 -9.636888439754335e+01  1.027736146733975e+03	-3.065571363549680e-04  3.052019455935806e-04  3.065571363549680e-04	1.000000000000000e+00	0	0	45
46	 8.616521672226166e+02 -7.034703096808139e+02  1.139431749572472e+03	-1.877083443105221e-03  1.870005857199430e-03  1.870005857199430e-03	1.000000000000000e+00	0	0	46
47	 3.493815611273078e+00 -1.442250686431821e+03  1.001673254480710e+03	 9.865684842225164e-05 -9.865684842225164e-05 -9.858870180323720e-05	1.000000000000000e+00	0	0	47
48	 2.044039149390056e+02 -1.042136001891563e+03  8.007660573617229e+02	 1.758887665346265e-04 -1.749300718074664e-04 -1.749300718074664e-04	1.000000000000000e+00	0	0	48
49	 4.027742312640587e+02 -1.240513764335413e+03  1.203414217621481e+03	-1.272293156944215e-04  1.258665579371154e-04  1.272293156944215e-04	1.000000000000000e+00	0	0	49
50	 9.126005348662065e+02 -6.365682266034833e+02  1.088554377735119e+03	 1.986307790502906e-03 -1.954907784238458e-03 -1.954907784238458e-03	1.000000000000000e+00	0	0	50
51	 1.571104334937681e+03 -2.992005025651442e+02  1.425922101773458e+03	 1.340430317213759e-04 -1.335777633357793e-04 -1.335777633357793e-04	1.000000000000000e+00	0	0	51
52	-3.744060903371903e+01 -2.418219048853156e+02  7.673856662166196e+02	1.160529063781723e-04 1.163421402452514e-04 1.160529063781723e-04	1.000000000000000e+00	12	0	52
53	 2.489750296397492e+02  5.815287846929738e+02 -3.439635328690463e+02	1.079283993021818e-05 1.079283993021818e-05 1.085048825189006e-05	1.000000000000000e+00	12	0	53
54	 5.311652338475961e+02 -7.955666399952660e+02  7.505773808945522e+02	2.557939478720073e-05 3.152160570607521e-05 3.152160570607521e-05	1.000000000000000e+00	12	0	54
55	 1.387441326529109e+03 -5.247427650269319e+02 -3.763636775335136e+02	1.292073829972651e-05 1.292073829972651e-05 1.294446701649576e-05	1.000000000000000e+00	12	0	55
56	 1.676029544140086e+03  3.007775425388750e+02 -1.485540529942306e+03	2.589449286460876e-04 2.578050771262497e-04 2.589449286460876e-04	1.000000000000000e+00	12	0	56
57	 1.098714149914693e+03  8.454751335663775e+02 -1.477782349652677e+03	-7.491350988857448e-04 -8.576587424613535e-04 -8.576587424613535e-04	1.000000000000000e+00	12	0	57
58	-9.770101721504068e+02  1.721892256250005e+02  8.877842477364290e+01	-1.923946692841128e-04  1.940290385391563e-04 -1.923946692841128e-04	1.000000000000000e+00	24	0	58
59	-5.443068300580589e+02  3.872675568384807e+02 -1.263066766278622e+02	-5.908355524297804e-05  5.908355524297804e-05 -5.935205263085663e-05	1.000000000000000e+00	24	0	59
60	-7.609153431128561e+02 -4.391817711893543e+01 -3.429065032381140e+02	-1.991156022995710e-04  1.965129340533167e-04 -1.965129340533167e-04	1.000000000000000e+00	24	0	60
61	 8.432692717992418e+01  3.890272780508141e+02 -7.758519584078635e+02	 3.808649125858210e-05 -3.800697595579550e-05  3.800697595579550e-05	1.000000000000000e+00	24	0	61
62	 1.171520076279508e+03  5.801171496672255e+02 -1.652877440596142e+03	-3.892911190632731e-04  3.714331251103431e-04 -3.892911190632731e-04	1.000000000000000e+00	24	0	62
63	 7.350168559265719e+02  3.688768587639929e+02 -1.441587359333386e+03	-1.038826769217849e-03  1.038826769217849e-03 -1.037258538417518e-03	1.000000000000000e+00	24	0	63
64	 9.610600431781918e+02  7.907741455839969e+02 -1.215703943707562e+03	 5.602029850706458e-04 -5.138702108524740e-04  5.138702108524740e-04	1.000000000000000e+00	24	0	64
65	 1.134940834975284e+02  3.598712717293247e+02 -7.848010698528894e+02	 4.406469452078454e-05 -4.369632370071486e-05  4.369632370071486e-05	1.000000000000000e+00	24	0	65
66	1.671021448060482e+03 2.019028251906646e+02 1.025490251347698e+03	 8.051898475969210e-05 -8.051898475969210e-05 -8.154907118296251e-05	1.000000000000000e+00	0	0	66
67	1.468183108388019e+03 1.042395475322843e+02 9.278205087489284e+02	-3.501301107462496e-04  3.533733834046870e-04  3.501301107462496e-04	1.000000000000000e+00	0	0	67
68	 9.940389934706850e+02 -6.383238655620112e+02  1.204578193691275e+03	-1.662211259827018e-03  1.708554220385849e-03  1.708554220385849e-03	1.000000000000000e+00	0	0	68
69	-9.672351169714601e+01 -1.342033359123402e+03  8.013796200237139e+02	 8.767037070356309e-05 -8.767037070356309e-05 -8.764403901295736e-05	1.000000000000000e+00	0	0	69
70	 4.174766423173793e+00 -1.142422905181213e+03  7.004791540720730e+02	 1.984532136702910e-04 -1.990781747736037e-04 -1.990781747736037e-04	1.000000000000000e+00	0	0	70
71	 1.035131545433378e+02 -1.542270025363886e+03  1.202165519094282e+03	 8.064341091085225e-05 -8.064341091085225e-05 -8.028583397390321e-05	1.000000000000000e+00	0	0	71
72	 3.029420320568518e+02 -1.441189404887642e+03  1.303246416828688e+03	-7.184108108049259e-05  7.141589594539255e-05  7.184108108049259e-05	1.000000000000000e+00	0	0	72
73	 7.809649975047350e+02 -7.025779908048121e+02  1.022544613533790e+03	 1.851441920734942e-03 -1.927894190885127e-03 -1.927894190885127e-03	1.000000000000000e+00	0	0	73
74	1.870837433685712e+03 2.086839565434937e+00 1.426698738756419e+03	-1.182553387479857e-05  1.182553387479857e-05  1.187159341498045e-05	1.000000000000000e+00	0	0	74
75	 1.771295873749475e+03 -1.988812955118701e+02  1.526241308826732e+03	 1.074995234375820e-04 -1.070754224201664e-04 -1.070754224201664e-04	1.000000000000000e+00	0	0	75
76	-1.270105981899576e+02 -6.291898543020977e+01  6.778156770603811e+02	8.511148917023093e-05 8.689137030160055e-05 8.511148917023093e-05	1.000000000000000e+00	12	0	76
77	1.435054491363651e+01 3.469042999668611e+02 1.202770437532095e+02	-2.483745047356933e-04 -2.483745047356933e-04 -2.538788248784840e-04	1.000000000000000e+00	12	0	77
78	 5.225856616191039e+01 -4.205849907703430e+02  8.570848414122490e+02	1.560994714964181e-04 1.581687974976376e-04 1.560994714964181e-04	1.000000000000000e+00	12	0	78
79	 3.365584772859640e+02 -6.974898819637510e+02  8.486541389260672e+02	1.181757834274322e-04 1.136226128437556e-04 1.136226128437556e-04	1.000000000000000e+00	12	0	79
80	 7.287219325038011e+02 -8.907410993749774e+02  6.554029215148408e+02	3.597846371121705e-04 3.609234699979424e-04 3.609234699979424e-04	1.000000000000000e+00	12	0	80
81	 1.154304295672417e+03 -7.578797958836244e+02  8.938156730359449e+01	-1.550777051306795e-05 -1.550777051306795e-05 -1.555161725264043e-05	1.000000000000000e+00	12	0	81
82	 1.620834542983498e+03 -2.913495485725430e+02 -8.418521846988975e+02	8.139913552440703e-05 8.139913552440703e-05 8.166886254912242e-05	1.000000000000000e+00	12	0	82
83	 1.764860106211471e+03  1.211392233796999e+02 -1.396709967870921e+03	1.637657114770263e-04 1.623528223717585e-04 1.637657114770263e-04	1.000000000000000e+00	12	0	83
84	 1.586509769161449e+03  4.797279117054065e+02 -1.575060304920943e+03	2.665197534952313e-04 2.659582241903991e-04 2.665197534952313e-04	1.000000000000000e+00	12	0	84
85	 1.303544963540563e+03  7.578200149270328e+02 -1.565437468292022e+03	4.315274709369987e-04 3.838592674583197e-04 3.838592674583197e-04	1.000000000000000e+00	12	0	85
86	 4.822503804749515e+02  8.148041355281761e+02 -8.095577541837945e+02	8.745538070797920e-05 8.745538070797920e-05 9.202718501910567e-05	1.000000000000000e+00	12	0	86
87	 9.191259267032176e+02  9.585717686713783e+02 -1.364685714547677e+03	1.428791205398738e-03 1.311221509240568e-03 1.311221509240568e-03	1.000000000000000e+00	12	0	87
88	-8.680614924355007e+02  3.871314346937963e+02  1.977271044885490e+02	-3.826548709184863e-05  3.912627653335221e-05 -3.826548709184863e-05	1.000000000000000e+00	24	0	88
89	-6.533533958786143e+02  4.963141226590359e+02  8.854221331318686e+01	-2.379994402872398e-04  2.379994402872398e-04 -2.378077479079366e-04	1.000000000000000e+00	24	0	89
90	-1.085329304444276e+03 -4.339304846430838e+01 -1.954070752022628e+01	-2.544230083003640e-04  2.536532119847834e-04 -2.544230083003640e-04	1.000000000000000e+00	24	0	90
91	-9.762051852843150e+02 -1.525156827862494e+02 -2.343089975708000e+02	-9.020297147799283e-05  8.979638369055465e-05 -8.979638369055465e-05	1.000000000000000e+00	24	0	91
92	 2.929667917151058e+02  4.956627896602348e+02 -8.824874700172842e+02	-6.709683657390997e-05  6.561509508173913e-05 -6.561509508173913e-05	1.000000000000000e+00	24	0	92
93	 1.062975677951201e+03  3.648289000678413e+02 -1.761421838924449e+03	-3.627536352723837e-04  3.676950873341411e-04 -3.627536352723837e-04	1.000000000000000e+00	24	0	93
94	 8.433844689297410e+02  2.605092457608238e+02 -1.657172697934631e+03	-9.683924727141857e-04  9.683924727141857e-04 -9.860071586444974e-04	1.000000000000000e+00	24	0	94
95	 1.272950506080658e+03  8.023897666786904e+02 -1.551447010794993e+03	-1.159215578809381e-03  1.109638600610197e-03 -1.159215578809381e-03	1.000000000000000e+00	24	0	95
96	 1.169709704398400e+03  9.058475838834197e+02 -1.330777382006984e+03	-5.714005092158914e-04  5.636724526993930e-04 -5.636724526993930e-04	1.000000000000000e+00	24	0	96
97	-9.619870996884416e+01  2.543260554592473e+02 -6.792558535828121e+02	 8.302477363031358e-05 -7.987549179233611e-05  7.987549179233611e-05	1.000000000000000e+00	24	0	97
98	-4.336549147866415e+02  2.766156415670633e+02 -3.396105759524372e+02	 3.667938581202179e-04 -3.667938581202179e-04  3.513174597173929e-04	1.000000000000000e+00	24	0	98
99	-5.461510757704566e+02  6.519726745494552e+01 -4.520219478119949e+02	-3.997028106823564e-04  3.982463094871491e-04 -3.982463094871491e-04	1.000000000000000e+00	24	0	99
100	-1.261104959331625e+02  2.839797568880591e+02 -6.708044372451085e+02	 8.795498433755711e-05 -1.001857672235928e-04  1.001857672235928e-04	1.000000000000000e+00	24	0	100
101	 7.309962984290859e+02 -7.703475123041071e+02  1.072554546949179e+03	-1.649259356781840e-03  1.580137992277741e-03  1.580137992277741e-03	1.000000000000000e+00	0	0	101
102	 4.038834933983023e+02 -9.411037513015874e+02  9.017983079516987e+02	 3.522100087138824e-05 -3.399742854526266e-05 -3.399742854526266e-05	1.000000000000000e+00	0	0	102
103	 5.019734017116682e+02 -1.039198222427526e+03  1.104215047173871e+03	-2.770211431197822e-04  2.764258533716202e-04  2.770211431197822e-04	1.000000000000000e+00	0	0	103
104	 6.276016815181769e+02  4.762920331723879e+02 -1.224891647272153e+03	-9.947827784344554e-04  9.947827784344554e-04 -9.315590723417699e-04	1.000000000000000e+00	24	0	104
105	 7.436222827901704e+02  6.841953718936190e+02 -1.109125170017184e+03	 4.497890186030418e-04 -4.497901827562600e-04  4.497901827562600e-04	1.000000000000000e+00	24	0	105
106	 3.242628987105315e+02  4.646804130212611e+02 -8.896102111448258e+02	-6.468106585089117e-05  7.933808956295252e-05 -7.933808956295252e-05	1.000000000000000e+00	24	0	106
107	 1.268430479255143e+03 -2.970508412315313e+02  1.127573137881805e+03	-2.596641134005040e-04  2.549039490986615e-04  2.596641134005040e-04	1.000000000000000e+00	0	0	107
108	 1.042977549183947e+03 -5.694034519029408e+02  1.155719152435662e+03	 1.697120838798583e-03 -1.598699018359184e-03 -1.598699018359184e-03	1.000000000000000e+00	0	0	108
109	 1.371064124643230e+03 -3.996737247376411e+02  1.325448879600961e+03	 2.032774209510535e-04 -2.036255900748074e-04 -2.036255900748074e-04	1.000000000000000e+00	0	0	109
110	-1.038635132693489e+02  2.286902417838756e+02  3.515244657250271e+02	-5.124239833094180e-04 -5.124239833094180e-04 -5.113811348564923e-04	1.000000000000000e+00	12	0	110
111	 1.037547624794717e+03 -8.746364667613238e+02  3.220677341207187e+02	-5.018829324399121e-05 -5.018829324399121e-05 -4.975399497197941e-05	1.000000000000000e+00	12	0	111
112	 1.737564880654845e+03 -1.746192109011958e+02 -1.074563365418421e+03	1.198537065647542e-04 1.198537065647542e-04 1.200349724967964e-04	1.000000000000000e+00	12	0	112
113	 6.027761557656478e+02  9.353299108188722e+02 -1.038370874418638e+03	7.070809369906783e-04 7.070809369906783e-04 7.432636339217424e-04	1.000000000000000e+00	12	0	113
114	 1.324720579924544e+02  4.650258130456790e+02 -1.110261912839980e+02	5.412327027443098e-06 5.412327027443098e-06 5.081321887701051e-06	1.000000000000000e+00	12	0	114
115	 3.650793994855691e+02  6.976331545387936e+02 -5.773009574684208e+02	-4.730584259959869e-05 -4.730584259959869e-05 -4.744721809402108e-05	1.000000000000000e+00	12	0	115
116	 1.270877732469725e+03 -6.413063590863164e+02 -1.434860962338316e+02	-9.121737889472570e-07 -9.121737889472570e-07 -9.134143397204753e-07	1.000000000000000e+00	12	0	116
117	 1.504086442563560e+03 -4.080976489924813e+02 -6.091595206128583e+02	3.945050775655545e-05 3.945050775655545e-05 3.956840009777807e-05	1.000000000000000e+00	12	0	117
0	-5.773502691896258e-01  5.773502691896258e-01  5.773502691896258e-01	-7.071067811865476e-01  3.124842898819631e-18 -7.071067811865476e-01	 1.198001808568474e+03 -5.294203851356715e-15  1.198001808568474e+03	1	0	0.000000000000000e+00	0.000000000000000e+00	0.000000000000000e+00
1	-5.773502691896258e-01  5.773502691896258e-01  5.773502691896258e-01	 0.000000000000000e+00  7.071067811865476e-01 -7.071067811865476e-01	 0.000000000000000e+00 -9.214510296266430e+02  9.214510296266430e+02	1	0	0.000000000000000e+00	0.000000000000000e+00	0.000000000000000e+00
2	-5.773502691896258e-01  5.773502691896258e-01  5.773502691896258e-01	 7.071067811865476e-01  7.071067811865476e-01 -3.124842898819631e-18	-7.193784354102739e+02 -7.193784354102739e+02  3.179073734356852e-15	1	0	0.000000000000000e+00	0.000000000000000e+00	0.000000000000000e+00
3	-5.773502691896258e-01  5.773502691896258e-01  5.773502691896258e-01	 7.071067811865476e-01 -3.124842898819631e-18  7.071067811865476e-01	 8.030942244427697e+02 -3.549030148066116e-15  8.030942244427697e+02	1	0	0.000000000000000e+00	0.000000000000000e+00	0.000000000000000e+00
4	-5.773502691896258e-01  5.773502691896258e-01  5.773502691896258e-01	 0.000000000000000e+00  7.071067811865476e-01 -7.071067811865476e-01	 0.000000000000000e+00 -8.625613021693013e+02  8.625613021693013e+02	1	0	0.000000000000000e+00	0.000000000000000e+00	0.000000000000000e+00
5	-5.773502691896258e-01  5.773502691896258e-01  5.773502691896258e-01	-7.071067811865476e-01 -7.071067811865476e-01  3.124842898819631e-18	 9.364621366255734e+02  9.364621366255734e+02 -4.138408986458117e-15	1	0	0.000000000000000e+00	0.000000000000000e+00	0.000000000000000e+00
6	 5.773502691896258e-01 -5.773502691896258e-01 -5.773502691896258e-01	0.000000000000000e+00 0.000000000000000e+00 0.000000000000000e+00	1.570392732195782e+03 3.025315410553647e+02 8.256108849411653e+02	1	1	0.000000000000000e+00	0.000000000000000e+00	0.000000000000000e+00
7	-5.773502691896258e-01 -5.773502691896258e-01 -5.773502691896258e-01	-7.071067811865476e-01  0.000000000000000e+00  7.071067811865476e-01	-4.024131376251693e+02  0.000000000000000e+00  4.024131376251693e+02	1	0	0.000000000000000e+00	0.000000000000000e+00	0.000000000000000e+00
8	-5.773502691896258e-01 -5.773502691896258e-01 -5.773502691896258e-01	 0.000000000000000e+00 -7.071067811865476e-01  7.071067811865476e-01	 0.000000000000000e+00 -7.730720104449091e+02  7.730720104449091e+02	1	0	0.000000000000000e+00	0.000000000000000e+00	0.000000000000000e+00
9	-5.773502691896258e-01 -5.773502691896258e-01 -5.773502691896258e-01	 7.071067811865476e-01 -7.071067811865476e-01  0.000000000000000e+00	 9.560920457780206e+02 -9.560920457780206e+02  0.000000000000000e+00	1	0	0.000000000000000e+00	0.000000000000000e+00	0.000000000000000e+00
10	-5.773502691896258e-01 -5.773502691896258e-01 -5.773502691896258e-01	 7.071067811865476e-01  0.000000000000000e+00 -7.071067811865476e-01	 1.580785037041196e+03  0.000000000000000e+00 -1.580785037041196e+03	1	0	0.000000000000000e+00	0.000000000000000e+00	0.000000000000000e+00
11	-5.773502691896258e-01 -5.773502691896258e-01 -5.773502691896258e-01	 0.000000000000000e+00  7.071067811865476e-01 -7.071067811865476e-01	 0.000000000000000e+00  1.161628741609527e+03 -1.161628741609527e+03	1	0	0.000000000000000e+00	0.000000000000000e+00	0.000000000000000e+00
12	-5.773502691896258e-01 -5.773502691896258e-01 -5.773502691896258e-01	-7.071067811865476e-01  7.071067811865476e-01  0.000000000000000e+00	-1.662768775266123e+02  1.662768775266123e+02  0.000000000000000e+00	1	0	0.000000000000000e+00	0.000000000000000e+00	0.000000000000000e+00
13	5.773502691896258e-01 5.773502691896258e-01 5.773502691896258e-01	0.000000000000000e+00 0.000000000000000e+00 0.000000000000000e+00	-2.170837012152994e+02  1.154700538379251e+02  5.877425740350395e+02	1	1	0.000000000000000e+00	0.000000000000000e+00	0.000000000000000e+00
14	-5.773502691896258e-01  5.773502691896258e-01 -5.773502691896258e-01	 7.071067811865476e-01  0.000000000000000e+00 -7.071067811865476e-01	-5.328942984620248e+02  0.000000000000000e+00  5.328942984620248e+02	1	0	0.000000000000000e+00	0.000000000000000e+00	0.000000000000000e+00
15	-5.773502691896258e-01  5.773502691896258e-01 -5.773502691896258e-01	-3.124842898819631e-18  7.071067811865476e-01  7.071067811865476e-01	 8.547268868455420e-16 -1.934123401785247e+02 -1.934123401785247e+02	1	0	0.000000000000000e+00	0.000000000000000e+00	0.000000000000000e+00
16	-5.773502691896258e-01  5.773502691896258e-01 -5.773502691896258e-01	 7.071067811865476e-01  7.071067811865476e-01 -3.124842898819631e-18	 5.519468573452824e+02  5.519468573452824e+02 -2.439160906938323e-15	1	0	0.000000000000000e+00	0.000000000000000e+00	0.000000000000000e+00
17	-5.773502691896258e-01  5.773502691896258e-01 -5.773502691896258e-01	-7.071067811865476e-01  0.000000000000000e+00  7.071067811865476e-01	 1.412198758437825e+03  0.000000000000000e+00 -1.412198758437825e+03	1	0	0.000000000000000e+00	0.000000000000000e+00	0.000000000000000e+00
18	-5.773502691896258e-01  5.773502691896258e-01 -5.773502691896258e-01	-3.124842898819631e-18  7.071067811865476e-01  7.071067811865476e-01	 9.389238637586849e-16 -2.124648990617823e+02 -2.124648990617823e+02	1	0	0.000000000000000e+00	0.000000000000000e+00	0.000000000000000e+00
19	-5.773502691896258e-01  5.773502691896258e-01 -5.773502691896258e-01	-7.071067811865476e-01 -7.071067811865476e-01  3.124842898819631e-18	-7.851963660978913e+01 -7.851963660978913e+01  3.469936018238618e-16	1	0	0.000000000000000e+00	0.000000000000000e+00	0.000000000000000e+00
20	 5.773502691896258e-01 -5.773502691896258e-01  5.773502691896258e-01	0.000000000000000e+00 0.000000000000000e+00 0.000000000000000e+00	-7.597929542535472e+02  6.027536810339691e+02  3.059956426705008e+02	1	1	0.000000000000000e+00	0.000000000000000e+00	0.000000000000000e+00
0	0	1	0
6	0	1	0
5	5	0	0
6	5	0	0
0	6	0	0
5	0	6	0
1	1	2	0
6	1	2	0
0	1	7	0
1	7	1	0
2	2	3	0
6	2	3	0
1	2	8	0
2	8	2	0
3	3	4	0
6	3	4	0
2	3	9	0
3	9	3	0
4	4	5	0
6	4	5	0
3	4	10	0
4	10	4	0
4	5	11	0
5	11	5	0
5	6	66	0
0	67	6	0
0	7	42	0
1	68	7	0
2	69	8	0
1	8	70	0
2	9	71	0
3	72	9	0
3	10	38	0
4	73	10	0
5	74	11	0
4	11	75	0
7	12	13	0
13	12	13	0
12	17	12	0
13	17	12	0
7	18	12	0
12	12	18	0
8	13	14	0
13	13	14	0
7	13	19	0
8	19	13	0
9	14	15	0
13	14	15	0
8	14	20	0
9	20	14	0
10	15	16	0
13	15	16	0
9	15	21	0
10	21	15	0
11	16	17	0
13	16	17	0
10	16	22	0
11	22	16	0
11	17	23	0
12	23	17	0
7	76	18	0
12	18	110	0
7	19	78	0
8	79	19	0
8	20	80	0
9	111	20	0
10	83	21	0
9	21	112	0
10	22	84	0
11	85	22	0
11	23	87	0
12	113	23	0
14	24	25	0
20	24	25	0
19	29	24	0
20	29	24	0
14	30	24	0
19	24	30	0
15	25	26	0
20	25	26	0
14	25	31	0
15	31	25	0
16	26	27	0
20	26	27	0
15	26	32	0
16	32	26	0
17	27	28	0
20	27	28	0
16	27	33	0
17	33	27	0
18	28	29	0
20	28	29	0
17	28	34	0
18	34	28	0
18	29	35	0
19	35	29	0
14	88	30	0
19	30	89	0
14	31	90	0
15	91	31	0
16	40	32	0
15	32	92	0
17	93	33	0
16	33	94	0
17	34	95	0
18	96	34	0
19	36	35	0
18	35	97	0
19	98	36	0
15	36	99	0
15	100	36	0
1	38	101	0
1	102	38	0
3	38	103	0
16	104	40	0
18	40	105	0
18	106	40	0
0	42	107	0
4	42	108	0
4	109	42	0
5	66	44	0
5	44	74	0
0	45	67	0
0	107	45	0
1	46	68	0
1	101	46	0
2	47	69	0
2	71	47	0
1	70	48	0
1	48	102	0
3	49	72	0
3	103	49	0
4	50	73	0
4	108	50	0
4	75	51	0
4	51	109	0
7	52	76	0
7	78	52	0
12	114	53	0
12	53	115	0
8	54	79	0
8	80	54	0
9	55	116	0
9	117	55	0
10	56	83	0
10	84	56	0
11	57	85	0
11	87	57	0
14	58	88	0
14	90	58	0
19	89	59	0
19	59	98	0
15	60	91	0
15	99	60	0
15	92	61	0
15	61	100	0
17	62	93	0
17	95	62	0
16	94	63	0
16	63	104	0
18	64	96	0
18	105	64	0
18	97	65	0
18	65	106	0
12	110	77	0
12	77	114	0
9	81	111	0
9	116	81	0
9	112	82	0
9	82	117	0
12	86	113	0
12	115	86	0
