114
21
172
0	1.570392732195782e+03 3.025315410553647e+02 8.256108849411653e+02	0.000000000000000e+00 0.000000000000000e+00 0.000000000000000e+00	1.000000000000000e+00	0	0	0
1	 1.130451827073287e+03 -5.773502691896260e+02  1.265551790063660e+03	0.000000000000000e+00 0.000000000000000e+00 0.000000000000000e+00	1.000000000000000e+00	0	0	1
2	-1.974537920628516e+02 -1.241303078757696e+03  6.015989804955904e+02	0.000000000000000e+00 0.000000000000000e+00 0.000000000000000e+00	1.000000000000000e+00	0	0	2
3	 2.032272947547480e+02 -1.641984165575296e+03  1.402961154130791e+03	0.000000000000000e+00 0.000000000000000e+00 0.000000000000000e+00	1.000000000000000e+00	0	0	3
4	 6.431681998772439e+02 -7.621023553303065e+02  9.630202490082960e+02	0.000000000000000e+00 0.000000000000000e+00 0.000000000000000e+00	1.000000000000000e+00	0	0	4
5	 1.971073819013383e+03 -9.814954576223676e+01  1.626973058576365e+03	0.000000000000000e+00 0.000000000000000e+00 0.000000000000000e+00	1.000000000000000e+00	0	0	5
6	1.570368019489724e+03 3.025562537614224e+02 8.256355976472230e+02	-1.076015178114176e-04  1.077188790077344e-04  1.075645850505680e-04	1.000000000000000e+00	0	0	6
7	 1.130417966247736e+03 -5.773164083640752e+02  1.265585650889211e+03	-1.536787167424336e-04  1.537775824544951e-04  1.537284551886842e-04	1.000000000000000e+00	0	0	7
8	-1.974281065183821e+02 -1.241328764302166e+03  6.015732949511208e+02	 1.115547056542709e-04 -1.115847699111328e-04 -1.115830164053477e-04	1.000000000000000e+00	0	0	8
9	 2.032263966770286e+02 -1.641983267497576e+03  1.402962052208510e+03	-3.589402922443696e-06  3.582412091418519e-06  3.595504040276865e-06	1.000000000000000e+00	0	0	9
10	 6.431755439411652e+02 -7.621096993942278e+02  9.630129049443747e+02	 3.797660610871390e-05 -3.812248542089947e-05 -3.861453660647385e-05	1.000000000000000e+00	0	0	10
11	 1.971079051264746e+03 -9.815477801359928e+01  1.626967826325003e+03	 2.272903657285497e-05 -2.272294659633189e-05 -2.272176971018780e-05	1.000000000000000e+00	0	0	11
12	-2.170837012152994e+02  1.154700538379251e+02  5.877425740350395e+02	0.000000000000000e+00 0.000000000000000e+00 0.000000000000000e+00	1.000000000000000e+00	12	0	12
13	 1.408734656822689e+02 -6.004442799572098e+02  9.456997409326077e+02	0.000000000000000e+00 0.000000000000000e+00 0.000000000000000e+00	1.000000000000000e+00	12	0	13
14	 9.214510296266424e+02 -9.907330619293978e+02  5.554109589604201e+02	0.000000000000000e+00 0.000000000000000e+00 0.000000000000000e+00	1.000000000000000e+00	12	0	14
15	 1.853294364098699e+03 -5.888972745734176e+01 -1.308275709983692e+03	0.000000000000000e+00 0.000000000000000e+00 0.000000000000000e+00	1.000000000000000e+00	12	0	15
16	 1.495337197201131e+03  6.570246063377946e+02 -1.666232876881260e+03	0.000000000000000e+00 0.000000000000000e+00 0.000000000000000e+00	1.000000000000000e+00	12	0	16
17	 7.147596332567570e+02  1.047313388309982e+03 -1.275944094909073e+03	0.000000000000000e+00 0.000000000000000e+00 0.000000000000000e+00	1.000000000000000e+00	12	0	17
18	-2.171415700863140e+02  1.154121849669105e+02  5.876847051640250e+02	-2.514499162013332e-04 -2.514499162013332e-04 -2.514499162013332e-04	1.000000000000000e+00	12	0	18
19	 1.409583246754565e+02 -6.003594209640223e+02  9.457845999257953e+02	3.695919585879892e-04 3.695919585879892e-04 3.695919585879892e-04	1.000000000000000e+00	12	0	19
20	 9.214665526610830e+02 -9.907175388949571e+02  5.554264819948608e+02	6.854816456325352e-05 6.835160456830636e-05 6.838907575001940e-05	1.000000000000000e+00	12	0	20
21	 1.853322449086643e+03 -5.886164246939828e+01 -1.308247624995749e+03	1.222338905790821e-04 1.222238497575745e-04 1.222341525135562e-04	1.000000000000000e+00	12	0	21
22	 1.495411905192102e+03  6.570993143287648e+02 -1.666158168890290e+03	3.251884869920711e-04 3.251884869920711e-04 3.251884869920711e-04	1.000000000000000e+00	12	0	22
23	 7.150806850630171e+02  1.047634440116242e+03 -1.275623043102813e+03	1.401376250820855e-03 1.401376250820855e-03 1.401376250820855e-03	1.000000000000000e+00	12	0	23
24	-7.597929542535472e+02  6.027536810339691e+02  3.059956426705008e+02	0.000000000000000e+00 0.000000000000000e+00 0.000000000000000e+00	1.000000000000000e+00	24	0	24
25	-1.191650955607388e+03 -2.609623216737101e+02 -1.258623586833382e+02	0.000000000000000e+00 0.000000000000000e+00 0.000000000000000e+00	1.000000000000000e+00	24	0	25
26	 5.126870390403868e+02  5.912066756501777e+02 -9.780313560072266e+02	0.000000000000000e+00 0.000000000000000e+00 0.000000000000000e+00	1.000000000000000e+00	24	0	26
27	 9.572467463163994e+02  1.466469683741651e+02 -1.867150770559250e+03	0.000000000000000e+00 0.000000000000000e+00 0.000000000000000e+00	1.000000000000000e+00	24	0	27
28	 1.389104747670240e+03  1.010362971081845e+03 -1.435292769205410e+03	0.000000000000000e+00 0.000000000000000e+00 0.000000000000000e+00	1.000000000000000e+00	24	0	28
29	-3.152332469775362e+02  1.581939737579582e+02 -5.831237718815206e+02	0.000000000000000e+00 0.000000000000000e+00 0.000000000000000e+00	1.000000000000000e+00	24	0	29
30	-7.598103568164507e+02  6.027710835968727e+02  3.059782401075972e+02	-7.536661723861471e-05  7.536833436461166e-05 -7.530096627306193e-05	1.000000000000000e+00	24	0	30
31	-1.191684339305789e+03 -2.609289379753085e+02 -1.258957423817397e+02	-1.445437083020806e-04  1.444888766855001e-04 -1.445457601221278e-04	1.000000000000000e+00	24	0	31
32	 5.121787830779483e+02  5.917149316126162e+02 -9.785396119696651e+02	-2.907196215043466e-03  2.907196215043465e-03 -2.907196215043465e-03	1.000000000000000e+00	24	0	32
33	 9.571164442325445e+02  1.467772704580199e+02 -1.867281072643105e+03	-5.666292272508144e-04  5.666292272508144e-04 -5.666292272508144e-04	1.000000000000000e+00	24	0	33
34	 1.388859527997225e+03  1.010608190754860e+03 -1.435537988878424e+03	-1.072223375861843e-03  1.072223375861843e-03 -1.072223375861843e-03	1.000000000000000e+00	24	0	34
35	-3.150508946858284e+02  1.580116214662504e+02 -5.829414195898129e+02	 1.071491123487552e-03 -1.071491123487552e-03  1.071491123487552e-03	1.000000000000000e+00	24	0	35
36	-3.279601974230990e+02  1.709209242035211e+02 -5.577456045605687e+02	-1.916823530336842e-04  1.907498663058504e-04 -1.898428454296663e-04	1.000000000000000e+00	24	0	36
38	 6.038644452933413e+02 -8.405780556610880e+02  1.002324003592198e+03	-1.924532843986526e-04  1.927718258230016e-04  1.925273973029107e-04	1.000000000000000e+00	0	0	38
40	 5.255340093069971e+02  5.783597053835678e+02 -1.003289503507132e+03	 8.391071266184250e-04 -8.391071266184250e-04  8.391071266184250e-04	1.000000000000000e+00	24	0	40
42	 1.169720960402882e+03 -4.988399476045373e+02  1.226282656734065e+03	 4.163757330388762e-05 -4.161420656600967e-05 -4.159501622780226e-05	1.000000000000000e+00	0	0	42
44	1.770737141538438e+03 1.021871317127084e+02 1.226288106128460e+03	 1.707376759441104e-05 -1.707376759441104e-05 -1.707104092929512e-05	1.000000000000000e+00	0	0	44
45	 1.369989947882112e+03 -9.808731005502710e+01  1.026013669254836e+03	-2.722682547755539e-04  2.722227072808892e-04  2.722682547755539e-04	1.000000000000000e+00	0	0	45
46	 8.671201006696004e+02 -7.089261301093125e+02  1.133975929143974e+03	-2.745329693425447e-04  2.745040692389011e-04  2.745040692389011e-04	1.000000000000000e+00	0	0	46
47	 2.909203806728363e+00 -1.441666074627276e+03  1.002257615322030e+03	 9.790926560526714e-05 -9.790926560526714e-05 -9.790524927666411e-05	1.000000000000000e+00	0	0	47
48	 2.032737807738786e+02 -1.041009016526286e+03  8.018930427270004e+02	 2.024880523094907e-04 -2.024457498919219e-04 -2.024457498919219e-04	1.000000000000000e+00	0	0	48
49	 4.035383248451801e+02 -1.241273571420842e+03  1.202650124040359e+03	-1.286221522605047e-04  1.285695325350389e-04  1.286221522605047e-04	1.000000000000000e+00	0	0	49
50	 9.065235304193839e+02 -6.305500814048696e+02  1.094572522933733e+03	 3.775664954446256e-04 -3.773831995204091e-04 -3.773831995204091e-04	1.000000000000000e+00	0	0	50
51	 1.570415413231352e+03 -2.985127690754880e+02  1.426609835263115e+03	 9.933077672030777e-05 -9.932073589880019e-05 -9.932073589880019e-05	1.000000000000000e+00	0	0	51
52	-3.808245292705875e+01 -2.424644477337446e+02  7.667438223232799e+02	9.918428986566141e-05 9.918832802213728e-05 9.918428986566141e-05	1.000000000000000e+00	12	0	52
53	 2.488528095055303e+02  5.814065645587549e+02 -3.440859167964880e+02	6.286671123234555e-05 6.286671123234555e-05 6.286779535003006e-05	1.000000000000000e+00	12	0	53
54	 5.311557518762505e+02 -7.955951403839887e+02  7.505488805058294e+02	-2.812747152347583e-05 -2.789545396808535e-05 -2.789545396808535e-05	1.000000000000000e+00	12	0	54
55	 1.387374465050111e+03 -5.248096265059303e+02 -3.764306072623913e+02	7.450886641890975e-06 7.450886641890975e-06 7.451432793459389e-06	1.000000000000000e+00	12	0	55
56	 1.674383334239905e+03  2.991349875380907e+02 -1.487186739842486e+03	2.935403026640415e-04 2.934927179012448e-04 2.935403026640415e-04	1.000000000000000e+00	12	0	56
57	 1.104759488209337e+03  8.518794578431578e+02 -1.471378025375897e+03	-1.261860597878695e-03 -1.267243409529328e-03 -1.267243409529328e-03	1.000000000000000e+00	12	0	57
58	-9.757736289565544e+02  1.709473617105115e+02  9.001496796749534e+01	-2.242761547677219e-04  2.243463823106140e-04 -2.242761547677219e-04	1.000000000000000e+00	24	0	58
59	-5.438833429972392e+02  3.868440697776609e+02 -1.258817515643219e+02	-8.288481330964714e-05  8.288481330964714e-05 -8.291508856927976e-05	1.000000000000000e+00	24	0	59
60	-7.598301432152421e+02 -4.499613857594101e+01 -3.418285417811084e+02	-1.609341561561450e-04  1.608764723641798e-04 -1.608764723641798e-04	1.000000000000000e+00	24	0	60
61	 9.199279111310835e+01  3.814340145778766e+02 -7.682586949349260e+02	-2.391981193795800e-03  2.386938780546188e-03 -2.386938780546188e-03	1.000000000000000e+00	24	0	61
62	 1.173159978997342e+03  5.785207556174723e+02 -1.651237537878308e+03	-8.300651825265959e-05  8.313879516208544e-05 -8.300651825265959e-05	1.000000000000000e+00	24	0	62
63	 7.410888167876681e+02  3.628048979028968e+02 -1.435521685110264e+03	-9.999827016144991e-04  9.999827016144991e-04 -9.998757159337401e-04	1.000000000000000e+00	24	0	63
64	 9.574003542135893e+02  7.942805979943041e+02 -1.219210396117869e+03	 6.692764582112432e-04 -6.672120071016252e-04  6.672120071016252e-04	1.000000000000000e+00	24	0	64
65	 1.054692392334371e+02  3.679576102455585e+02 -7.928874083691232e+02	 2.442669821903110e-03 -2.447227248921990e-03  2.447227248921990e-03	1.000000000000000e+00	24	0	65
66	1.670578247042400e+03 2.023460262087472e+02 1.025936182594690e+03	 6.783879507565871e-05 -6.783879507565871e-05 -6.786188896512613e-05	1.000000000000000e+00	0	0	66
67	1.470151473697779e+03 1.022619948822245e+02 9.258521434391685e+02	-3.108905802946538e-04  3.109827230218798e-04  3.108905802946538e-04	1.000000000000000e+00	0	0	67
68	 9.987645041499286e+02 -6.431167309606858e+02  1.199785328292600e+03	-2.350421855226159e-04  2.351102739339694e-04  2.351102739339694e-04	1.000000000000000e+00	0	0	68
69	-9.726200664808492e+01 -1.341494864172463e+03  8.019180104070929e+02	 9.340921678813174e-05 -9.340921678813174e-05 -9.340742690255865e-05	1.000000000000000e+00	0	0	69
70	 2.936467914209430e+00 -1.141182526821124e+03  7.017195324321624e+02	 2.167354250559583e-04 -2.167635975638404e-04 -2.167635975638404e-04	1.000000000000000e+00	0	0	70
71	 1.030724148600548e+02 -1.541829285680603e+03  1.202605220174481e+03	 6.754822243237868e-05 -6.754822243237868e-05 -6.753716297680512e-05	1.000000000000000e+00	0	0	71
72	 3.033803451248880e+02 -1.441626402625545e+03  1.302808103760651e+03	-7.498187187593430e-05  7.496615580748767e-05  7.498187187593430e-05	1.000000000000000e+00	0	0	72
73	 7.749081029612998e+02 -6.963885142548374e+02  1.028734090083765e+03	 4.655630618799478e-04 -4.659915284719318e-04 -4.659915284719318e-04	1.000000000000000e+00	0	0	73
74	1.870901326748130e+03 2.022946503016804e+00 1.426634735809071e+03	-1.001702548819594e-05  1.001702548819594e-05  1.001773762254743e-05	1.000000000000000e+00	0	0	74
75	 1.770750737682245e+03 -1.983372784495732e+02  1.526785325889029e+03	 7.654180808458477e-05 -7.653213106095791e-05 -7.653213106095791e-05	1.000000000000000e+00	0	0	75
76	-1.275703698887480e+02 -6.348448126103209e+01  6.772559053615906e+02	1.055632455972955e-04 1.056396140484139e-04 1.055632455972955e-04	1.000000000000000e+00	12	0	76
77	1.582172185266342e+01 3.483754769058880e+02 1.217654724564568e+02	-2.427895233267918e-04 -2.427895233267918e-04 -2.429993473924696e-04	1.000000000000000e+00	12	0	77
78	 5.141290087004187e+01 -4.214369614299555e+02  8.562391761203805e+02	1.255578099517152e-04 1.256295945495367e-04 1.255578099517152e-04	1.000000000000000e+00	12	0	78
79	 3.360316814286872e+02 -6.980026693768359e+02  8.481413515129823e+02	6.034861871739849e-05 6.018398562446237e-05 6.018398562446237e-05	1.000000000000000e+00	12	0	79
80	 7.264022184047778e+02 -8.930652785007816e+02  6.530787423890366e+02	4.173854249529541e-04 4.174575733486563e-04 4.174575733486563e-04	1.000000000000000e+00	12	0	80
81	 1.154407516865249e+03 -7.577765746907921e+02  8.948494508104457e+01	-1.946247903106268e-05 -1.946247903106268e-05 -1.946481097547803e-05	1.000000000000000e+00	12	0	81
82	 1.620351576270648e+03 -2.918325152853936e+02 -8.423359958149837e+02	7.855543663026765e-05 7.855543663026765e-05 7.856549200369045e-05	1.000000000000000e+00	12	0	82
83	 1.763845428049966e+03  1.201292045141075e+02 -1.397724646032425e+03	1.753254327923059e-04 1.752629177644849e-04 1.753254327923059e-04	1.000000000000000e+00	12	0	83
84	 1.584890297308432e+03  4.781098302989783e+02 -1.576679776773959e+03	2.768792619463056e-04 2.768711710814387e-04 2.768792619463056e-04	1.000000000000000e+00	12	0	84
85	 1.300409800999066e+03  7.548139183263906e+02 -1.568443564892664e+03	9.124641073867679e-04 9.133518906310201e-04 9.133518906310201e-04	1.000000000000000e+00	12	0	85
86	 4.818160013236495e+02  8.143697563768741e+02 -8.100052133420565e+02	7.168093725340441e-05 7.168093725340441e-05 7.179329986684024e-05	1.000000000000000e+00	12	0	86
87	 9.102596194314567e+02  9.500961817517987e+02 -1.373161301467256e+03	1.553355134092271e-03 1.548034604638815e-03 1.548034604638815e-03	1.000000000000000e+00	12	0	87
88	-8.677717630652053e+02  3.868389927552291e+02  1.980168338588444e+02	-6.095780918258242e-05  6.099226811784320e-05 -6.095780918258242e-05	1.000000000000000e+00	24	0	88
89	-6.518868286036454e+02  4.948475553840671e+02  9.000826784008669e+01	-2.543842128943652e-04  2.543842128943652e-04 -2.543797600083053e-04	1.000000000000000e+00	24	0	89
90	-1.083749885813675e+03 -4.496989447663015e+01 -1.796128888962522e+01	-2.759580384008586e-04  2.759225608315319e-04 -2.759580384008586e-04	1.000000000000000e+00	24	0	90
91	-9.757374639234921e+02 -1.529823133645088e+02 -2.338423669925407e+02	-6.605720409424976e-05  6.604822556255385e-05 -6.604822556255385e-05	1.000000000000000e+00	24	0	91
92	 3.019970349953331e+02  4.866631839402961e+02 -8.734878642973455e+02	-3.204744076356292e-03  3.202047199010849e-03 -3.202047199010849e-03	1.000000000000000e+00	24	0	92
93	 1.065127976867274e+03  3.626592712490599e+02 -1.759269540008376e+03	-3.607997787185013e-04  3.610810672398657e-04 -3.607997787185013e-04	1.000000000000000e+00	24	0	93
94	 8.490673012001361e+02  2.548264134904288e+02 -1.651436783112080e+03	-9.382400894537568e-04  9.382400894537568e-04 -9.388446342200041e-04	1.000000000000000e+00	24	0	94
95	 1.280935994963528e+03  7.946379894644595e+02 -1.543461521912122e+03	-9.970143437385559e-04  9.947379585355520e-04 -9.970143437385559e-04	1.000000000000000e+00	24	0	95
96	 1.173050322394168e+03  9.025238911460979e+02 -1.327453689269662e+03	-5.502713611349463e-04  5.502363783307374e-04 -5.502363783307374e-04	1.000000000000000e+00	24	0	96
97	-1.048237875887382e+02  2.630175671673917e+02 -6.879473652909564e+02	 1.584278070367873e-03 -1.586769940331578e-03  1.586769940331578e-03	1.000000000000000e+00	24	0	97
98	-4.358180086111341e+02  2.787787353915558e+02 -3.417099409601225e+02	 3.600285272113979e-04 -3.600285272113979e-04  3.597768372856081e-04	1.000000000000000e+00	24	0	98
99	-5.439295258419772e+02  6.299675825338452e+01 -4.498214386104339e+02	-2.861279645003378e-04  2.861745306290686e-04 -2.861745306290686e-04	1.000000000000000e+00	24	0	99
100	-1.180193572209769e+02  2.762130344930805e+02 -6.630377148501299e+02	-1.507990295067430e-03  1.504277694039047e-03 -1.504277694039047e-03	1.000000000000000e+00	24	0	100
101	 7.355015499238897e+02 -7.747613735807035e+02  1.068140685672583e+03	-1.969102595467120e-04  1.968603028217331e-04  1.968603028217331e-04	1.000000000000000e+00	0	0	101
102	 4.035809539606896e+02 -9.408053736983932e+02  9.020966855548929e+02	 5.746288661612198e-05 -5.741239147027954e-05 -5.741239147027954e-05	1.000000000000000e+00	0	0	102
103	 5.036712393992314e+02 -1.040895663553310e+03  1.102517209486308e+03	-2.921974228229374e-04  2.922090643551201e-04  2.921974228229374e-04	1.000000000000000e+00	0	0	103
104	 6.331551422338065e+02  4.707385724567583e+02 -1.219561631356474e+03	-8.701717597432435e-04  8.701717597432435e-04 -8.679779712110758e-04	1.000000000000000e+00	24	0	104
105	 7.413701830200055e+02  6.864170584243609e+02 -1.111346856547926e+03	 2.329408453078941e-04 -2.326708199689165e-04  2.326708199689165e-04	1.000000000000000e+00	24	0	105
106	 3.157503357004720e+02  4.729105983775148e+02 -8.978403965010795e+02	 3.129805205389857e-03 -3.124108770862222e-03  3.124108770862222e-03	1.000000000000000e+00	24	0	106
107	 1.269833550923069e+03 -2.984417349972128e+02  1.126170066213878e+03	-2.124862221535295e-04  2.123806771123782e-04  2.124862221535295e-04	1.000000000000000e+00	0	0	107
108	 1.038137072958758e+03 -5.647098274423367e+02  1.160412776896266e+03	 2.775442262645811e-04 -2.773190499283373e-04 -2.773190499283373e-04	1.000000000000000e+00	0	0	108
109	 1.370082894069880e+03 -3.986910680829722e+02  1.326431536255630e+03	 1.350419479422271e-04 -1.350589154753834e-04 -1.350589154753834e-04	1.000000000000000e+00	0	0	109
110	-1.007265347329121e+02  2.318272203203124e+02  3.546584929773501e+02	-5.400957888923585e-04 -5.400957888923585e-04 -5.400687223300338e-04	1.000000000000000e+00	12	0	110
111	 1.037915092700843e+03 -8.742689988551979e+02  3.224337736634802e+02	-7.216169615276158e-05 -7.216169615276158e-05 -7.214353536255658e-05	1.000000000000000e+00	12	0	111
112	 1.736841757476486e+03 -1.753423340795548e+02 -1.075287065349360e+03	1.212509814649820e-04 1.212509814649820e-04 1.212582355947234e-04	1.000000000000000e+00	12	0	112
113	 5.984489078948528e+02  9.310026629480773e+02 -1.042813405677903e+03	7.392342668026686e-04 7.392342668026686e-04 7.406784570775926e-04	1.000000000000000e+00	12	0	113
114	 1.323665573782625e+02  4.649203124314871e+02 -1.111309184403432e+02	3.916142304660752e-05 3.916142304660752e-05 3.916294008377008e-05	1.000000000000000e+00	12	0	114
115	 3.653268250048540e+02  6.978805800580785e+02 -5.770531518149594e+02	3.175449819536880e-05 3.175449819536880e-05 3.175488018314354e-05	1.000000000000000e+00	12	0	115
116	 1.270891209380452e+03 -6.412928821755893e+02 -1.434726125905605e+02	-5.044101271778345e-06 -5.044101271778345e-06 -5.044308636570349e-06	1.000000000000000e+00	12	0	116
117	 1.503860947381935e+03 -4.083231441741061e+02 -6.093853749790902e+02	3.390080019016750e-05 3.390080019016750e-05 3.390467827557586e-05	1.000000000000000e+00	12	0	117
0	-5.773502691896258e-01  5.773502691896258e-01  5.773502691896258e-01	-7.071067811865476e-01  3.124842898819631e-18 -7.071067811865476e-01	 1.198001808568474e+03 -5.294203851356715e-15  1.198001808568474e+03	1	0	0.000000000000000e+00	0.000000000000000e+00	0.000000000000000e+00
1	-5.773502691896258e-01  5.773502691896258e-01  5.773502691896258e-01	 0.000000000000000e+00  7.071067811865476e-01 -7.071067811865476e-01	 0.000000000000000e+00 -9.214510296266430e+02  9.214510296266430e+02	1	0	0.000000000000000e+00	0.000000000000000e+00	0.000000000000000e+00
2	-5.773502691896258e-01  5.773502691896258e-01  5.773502691896258e-01	 7.071067811865476e-01  7.071067811865476e-01 -3.124842898819631e-18	-7.193784354102739e+02 -7.193784354102739e+02  3.179073734356852e-15	1	0	0.000000000000000e+00	0.000000000000000e+00	0.000000000000000e+00
3	-5.773502691896258e-01  5.773502691896258e-01  5.773502691896258e-01	 7.071067811865476e-01 -3.124842898819631e-18  7.071067811865476e-01	 8.030942244427697e+02 -3.549030148066116e-15  8.030942244427697e+02	1	0	0.000000000000000e+00	0.000000000000000e+00	0.000000000000000e+00
4	-5.773502691896258e-01  5.773502691896258e-01  5.773502691896258e-01	 0.000000000000000e+00  7.071067811865476e-01 -7.071067811865476e-01	 0.000000000000000e+00 -8.625613021693013e+02  8.625613021693013e+02	1	0	0.000000000000000e+00	0.000000000000000e+00	0.000000000000000e+00
5	-5.773502691896258e-01  5.773502691896258e-01  5.773502691896258e-01	-7.071067811865476e-01 -7.071067811865476e-01  3.124842898819631e-18	 9.364621366255734e+02  9.364621366255734e+02 -4.138408986458117e-15	1	0	0.000000000000000e+00	0.000000000000000e+00	0.000000000000000e+00
6	 5.773502691896258e-01 -5.773502691896258e-01 -5.773502691896258e-01	0.000000000000000e+00 0.000000000000000e+00 0.000000000000000e+00	1.570392732195782e+03 3.025315410553647e+02 8.256108849411653e+02	1	1	0.000000000000000e+00	0.000000000000000e+00	0.000000000000000e+00
7	-5.773502691896258e-01 -5.773502691896258e-01 -5.773502691896258e-01	-7.071067811865476e-01  0.000000000000000e+00  7.071067811865476e-01	-4.024131376251693e+02  0.000000000000000e+00  4.024131376251693e+02	1	0	0.000000000000000e+00	0.000000000000000e+00	0.000000000000000e+00
8	-5.773502691896258e-01 -5.773502691896258e-01 -5.773502691896258e-01	 0.000000000000000e+00 -7.071067811865476e-01  7.071067811865476e-01	 0.000000000000000e+00 -7.730720104449091e+02  7.730720104449091e+02	1	0	0.000000000000000e+00	0.000000000000000e+00	0.000000000000000e+00
9	-5.773502691896258e-01 -5.773502691896258e-01 -5.773502691896258e-01	 7.071067811865476e-01 -7.071067811865476e-01  0.000000000000000e+00	 9.560920457780206e+02 -9.560920457780206e+02  0.000000000000000e+00	1	0	0.000000000000000e+00	0.000000000000000e+00	0.000000000000000e+00
10	-5.773502691896258e-01 -5.773502691896258e-01 -5.773502691896258e-01	 7.071067811865476e-01  0.000000000000000e+00 -7.071067811865476e-01	 1.580785037041196e+03  0.000000000000000e+00 -1.580785037041196e+03	1	0	0.000000000000000e+00	0.000000000000000e+00	0.000000000000000e+00
11	-5.773502691896258e-01 -5.773502691896258e-01 -5.773502691896258e-01	 0.000000000000000e+00  7.071067811865476e-01 -7.071067811865476e-01	 0.000000000000000e+00  1.161628741609527e+03 -1.161628741609527e+03	1	0	0.000000000000000e+00	0.000000000000000e+00	0.000000000000000e+00
12	-5.773502691896258e-01 -5.773502691896258e-01 -5.773502691896258e-01	-7.071067811865476e-01  7.071067811865476e-01  0.000000000000000e+00	-1.662768775266123e+02  1.662768775266123e+02  0.000000000000000e+00	1	0	0.000000000000000e+00	0.000000000000000e+00	0.000000000000000e+00
13	5.773502691896258e-01 5.773502691896258e-01 5.773502691896258e-01	0.000000000000000e+00 0.000000000000000e+00 0.000000000000000e+00	-2.170837012152994e+02  1.154700538379251e+02  5.877425740350395e+02	1	1	0.000000000000000e+00	0.000000000000000e+00	0.000000000000000e+00
14	-5.773502691896258e-01  5.773502691896258e-01 -5.773502691896258e-01	 7.071067811865476e-01  0.000000000000000e+00 -7.071067811865476e-01	-5.328942984620248e+02  0.000000000000000e+00  5.328942984620248e+02	1	0	0.000000000000000e+00	0.000000000000000e+00	0.000000000000000e+00
15	-5.773502691896258e-01  5.773502691896258e-01 -5.773502691896258e-01	-3.124842898819631e-18  7.071067811865476e-01  7.071067811865476e-01	 8.547268868455420e-16 -1.934123401785247e+02 -1.934123401785247e+02	1	0	0.000000000000000e+00	0.000000000000000e+00	0.000000000000000e+00
16	-5.773502691896258e-01  5.773502691896258e-01 -5.773502691896258e-01	 7.071067811865476e-01  7.071067811865476e-01 -3.124842898819631e-18	 5.519468573452824e+02  5.519468573452824e+02 -2.439160906938323e-15	1	0	0.000000000000000e+00	0.000000000000000e+00	0.000000000000000e+00
17	-5.773502691896258e-01  5.773502691896258e-01 -5.773502691896258e-01	-7.071067811865476e-01  0.000000000000000e+00  7.071067811865476e-01	 1.412198758437825e+03  0.000000000000000e+00 -1.412198758437825e+03	1	0	0.000000000000000e+00	0.000000000000000e+00	0.000000000000000e+00
18	-5.773502691896258e-01  5.773502691896258e-01 -5.773502691896258e-01	-3.124842898819631e-18  7.071067811865476e-01  7.071067811865476e-01	 9.389238637586849e-16 -2.124648990617823e+02 -2.124648990617823e+02	1	0	0.000000000000000e+00	0.000000000000000e+00	0.000000000000000e+00
19	-5.773502691896258e-01  5.773502691896258e-01 -5.773502691896258e-01	-7.071067811865476e-01 -7.071067811865476e-01  3.124842898819631e-18	-7.851963660978913e+01 -7.851963660978913e+01  3.469936018238618e-16	1	0	0.000000000000000e+00	0.000000000000000e+00	0.000000000000000e+00
20	 5.773502691896258e-01 -5.773502691896258e-01  5.773502691896258e-01	0.000000000000000e+00 0.000000000000000e+00 0.000000000000000e+00	-7.597929542535472e+02  6.027536810339691e+02  3.059956426705008e+02	1	1	0.000000000000000e+00	0.000000000000000e+00	0.000000000000000e+00
0	0	1	0
6	0	1	0
5	5	0	0
6	5	0	0
0	6	0	0
5	0	6	0
1	1	2	0
6	1	2	0
0	1	7	0
1	7	1	0
2	2	3	0
6	2	3	0
1	2	8	0
2	8	2	0
3	3	4	0
6	3	4	0
2	3	9	0
3	9	3	0
4	4	5	0
6	4	5	0
3	4	10	0
4	10	4	0
4	5	11	0
5	11	5	0
5	6	66	0
0	67	6	0
0	7	42	0
1	68	7	0
2	69	8	0
1	8	70	0
2	9	71	0
3	72	9	0
3	10	38	0
4	73	10	0
5	74	11	0
4	11	75	0
7	12	13	0
13	12	13	0
12	17	12	0
13	17	12	0
7	18	12	0
12	12	18	0
8	13	14	0
13	13	14	0
7	13	19	0
8	19	13	0
9	14	15	0
13	14	15	0
8	14	20	0
9	20	14	0
10	15	16	0
13	15	16	0
9	15	21	0
10	21	15	0
11	16	17	0
13	16	17	0
10	16	22	0
11	22	16	0
11	17	23	0
12	23	17	0
7	76	18	0
12	18	110	0
7	19	78	0
8	79	19	0
8	20	80	0
9	111	20	0
10	83	21	0
9	21	112	0
10	22	84	0
11	85	22	0
11	23	87	0
12	113	23	0
14	24	25	0
20	24	25	0
19	29	24	0
20	29	24	0
14	30	24	0
19	24	30	0
15	25	26	0
20	25	26	0
14	25	31	0
15	31	25	0
16	26	27	0
20	26	27	0
15	26	32	0
16	32	26	0
17	27	28	0
20	27	28	0
16	27	33	0
17	33	27	0
18	28	29	0
20	28	29	0
17	28	34	0
18	34	28	0
18	29	35	0
19	35	29	0
14	88	30	0
19	30	89	0
14	31	90	0
15	91	31	0
16	40	32	0
15	32	92	0
17	93	33	0
16	33	94	0
17	34	95	0
18	96	34	0
19	36	35	0
18	35	97	0
19	98	36	0
15	36	99	0
15	100	36	0
1	38	101	0
1	102	38	0
3	38	103	0
16	104	40	0
18	40	105	0
18	106	40	0
0	42	107	0
4	42	108	0
4	109	42	0
5	66	44	0
5	44	74	0
0	45	67	0
0	107	45	0
1	46	68	0
1	101	46	0
2	47	69	0
2	71	47	0
1	70	48	0
1	48	102	0
3	49	72	0
3	103	49	0
4	50	73	0
4	108	50	0
4	75	51	0
4	51	109	0
7	52	76	0
7	78	52	0
12	114	53	0
12	53	115	0
8	54	79	0
8	80	54	0
9	55	116	0
9	117	55	0
10	56	83	0
10	84	56	0
11	57	85	0
11	87	57	0
14	58	88	0
14	90	58	0
19	89	59	0
19	59	98	0
15	60	91	0
15	99	60	0
15	92	61	0
15	61	100	0
17	62	93	0
17	95	62	0
16	94	63	0
16	63	104	0
18	64	96	0
18	105	64	0
18	97	65	0
18	65	106	0
12	110	77	0
12	77	114	0
9	81	111	0
9	116	81	0
9	112	82	0
9	82	117	0
12	86	113	0
12	115	86	0
