114
21
172
0	1.570392732195782e+03 3.025315410553647e+02 8.256108849411653e+02	0.000000000000000e+00 0.000000000000000e+00 0.000000000000000e+00	1.000000000000000e+00	0	0	0
1	 1.130451827073287e+03 -5.773502691896260e+02  1.265551790063660e+03	0.000000000000000e+00 0.000000000000000e+00 0.000000000000000e+00	1.000000000000000e+00	0	0	1
2	-1.974537920628516e+02 -1.241303078757696e+03  6.015989804955904e+02	0.000000000000000e+00 0.000000000000000e+00 0.000000000000000e+00	1.000000000000000e+00	0	0	2
3	 2.032272947547480e+02 -1.641984165575296e+03  1.402961154130791e+03	0.000000000000000e+00 0.000000000000000e+00 0.000000000000000e+00	1.000000000000000e+00	0	0	3
4	 6.431681998772439e+02 -7.621023553303065e+02  9.630202490082960e+02	0.000000000000000e+00 0.000000000000000e+00 0.000000000000000e+00	1.000000000000000e+00	0	0	4
5	 1.971073819013383e+03 -9.814954576223676e+01  1.626973058576365e+03	0.000000000000000e+00 0.000000000000000e+00 0.000000000000000e+00	1.000000000000000e+00	0	0	5
6	1.569631612237275e+03 3.032926610138710e+02 8.263720048996717e+02	-1.225652231369168e-04  1.291512307943776e-04  1.191070914501324e-04	1.000000000000000e+00	0	0	6
7	 1.126937515620960e+03 -5.738359577372994e+02  1.269066101515987e+03	-1.203621504828334e-03  1.203621504828334e-03  1.203621504828334e-03	1.000000000000000e+00	0	0	7
8	-1.967224663545470e+02 -1.242034404466001e+03  6.008676547872858e+02	 1.084741670638323e-04 -1.095589395845309e-04 -1.095665138564073e-04	1.000000000000000e+00	0	0	8
9	 2.032369890003287e+02 -1.641993859820876e+03  1.402951459885210e+03	 7.251317583722994e-06 -7.731105142738670e-06 -6.733761892974144e-06	1.000000000000000e+00	0	0	9
10	 6.460368366657453e+02 -7.649709921188080e+02  9.601516122197945e+02	 1.124820128704111e-03 -1.124820128704111e-03 -1.124820128704111e-03	1.000000000000000e+00	0	0	10
11	 1.971269171021001e+03 -9.834489776985393e+01  1.626777706568748e+03	 3.749528332264163e-05 -3.701394234667532e-05 -3.685073534143157e-05	1.000000000000000e+00	0	0	11
12	-2.170837012152994e+02  1.154700538379251e+02  5.877425740350395e+02	0.000000000000000e+00 0.000000000000000e+00 0.000000000000000e+00	1.000000000000000e+00	12	0	12
13	 1.408734656822689e+02 -6.004442799572098e+02  9.456997409326077e+02	0.000000000000000e+00 0.000000000000000e+00 0.000000000000000e+00	1.000000000000000e+00	12	0	13
14	 9.214510296266424e+02 -9.907330619293978e+02  5.554109589604201e+02	0.000000000000000e+00 0.000000000000000e+00 0.000000000000000e+00	1.000000000000000e+00	12	0	14
15	 1.853294364098699e+03 -5.888972745734176e+01 -1.308275709983692e+03	0.000000000000000e+00 0.000000000000000e+00 0.000000000000000e+00	1.000000000000000e+00	12	0	15
16	 1.495337197201131e+03  6.570246063377946e+02 -1.666232876881260e+03	0.000000000000000e+00 0.000000000000000e+00 0.000000000000000e+00	1.000000000000000e+00	12	0	16
17	 7.147596332567570e+02  1.047313388309982e+03 -1.275944094909073e+03	0.000000000000000e+00 0.000000000000000e+00 0.000000000000000e+00	1.000000000000000e+00	12	0	17
18	-2.186946959579122e+02  1.138590590953123e+02  5.861315792924269e+02	-2.348835356921578e-04 -2.348835356921578e-04 -2.348835356921578e-04	1.000000000000000e+00	12	0	18
19	 1.431870105183185e+02 -5.981307351211602e+02  9.480132857686573e+02	3.325412205109994e-04 3.325412205109994e-04 3.325412205109994e-04	1.000000000000000e+00	12	0	19
20	 9.220118532969458e+02 -9.901722382590943e+02  5.559717826307235e+02	1.058900088537484e-04 1.000005067908205e-04 1.010996493278071e-04	1.000000000000000e+00	12	0	20
21	 1.854099536701367e+03 -5.808455485467438e+01 -1.307470537381025e+03	1.200317055918276e-04 1.197902747662738e-04 1.200352853629738e-04	1.000000000000000e+00	12	0	21
22	 1.497546811285894e+03  6.592342204225574e+02 -1.664023262796497e+03	3.386955262006571e-04 3.386955262006571e-04 3.386955262006571e-04	1.000000000000000e+00	12	0	22
23	 7.236902022762232e+02  1.056243957329448e+03 -1.267013525889607e+03	1.301044986272852e-03 1.301044986272852e-03 1.301044986272852e-03	1.000000000000000e+00	12	0	23
24	-7.597929542535472e+02  6.027536810339691e+02  3.059956426705008e+02	0.000000000000000e+00 0.000000000000000e+00 0.000000000000000e+00	1.000000000000000e+00	24	0	24
25	-1.191650955607388e+03 -2.609623216737101e+02 -1.258623586833382e+02	0.000000000000000e+00 0.000000000000000e+00 0.000000000000000e+00	1.000000000000000e+00	24	0	25
26	 5.126870390403868e+02  5.912066756501777e+02 -9.780313560072266e+02	0.000000000000000e+00 0.000000000000000e+00 0.000000000000000e+00	1.000000000000000e+00	24	0	26
27	 9.572467463163994e+02  1.466469683741651e+02 -1.867150770559250e+03	0.000000000000000e+00 0.000000000000000e+00 0.000000000000000e+00	1.000000000000000e+00	24	0	27
28	 1.389104747670240e+03  1.010362971081845e+03 -1.435292769205410e+03	0.000000000000000e+00 0.000000000000000e+00 0.000000000000000e+00	1.000000000000000e+00	24	0	28
29	-3.152332469775362e+02  1.581939737579582e+02 -5.831237718815206e+02	0.000000000000000e+00 0.000000000000000e+00 0.000000000000000e+00	1.000000000000000e+00	24	0	29
30	-7.602833568373200e+02  6.032440836177419e+02  3.055052400867281e+02	-7.429750257870182e-05  7.453213765984401e-05 -7.157058280427009e-05	1.000000000000000e+00	24	0	30
31	-1.192622771048848e+03 -2.599905062322504e+02 -1.268341741247979e+02	-1.501769729657099e-04  1.480862410971895e-04 -1.500011276220903e-04	1.000000000000000e+00	24	0	31
32	 5.015248159277921e+02  6.023688987627725e+02 -9.891935791198214e+02	-1.562276447657495e-04  1.562276447657495e-04 -1.562276447657497e-04	1.000000000000000e+00	24	0	32
33	 9.534059506066399e+02  1.504877640839246e+02 -1.870991566269009e+03	-5.951793476318320e-04  5.951793476318320e-04 -5.951793476318320e-04	1.000000000000000e+00	24	0	33
34	 1.381795037383662e+03  1.017672681368423e+03 -1.442602479491987e+03	-1.130780205130577e-03  1.130780205130577e-03 -1.130780205130577e-03	1.000000000000000e+00	24	0	34
35	-3.047634853688348e+02  1.477242121492568e+02 -5.726540102728193e+02	 1.656007758962611e-04 -1.656007758962612e-04  1.656007758962612e-04	1.000000000000000e+00	24	0	35
36	-3.299642625125289e+02  1.729249892929509e+02 -5.597496696499986e+02	 6.027524432283826e-05 -6.578011380042881e-05  2.643447369337082e-04	1.000000000000000e+00	24	0	36
38	 6.022158886323352e+02 -8.389294990000819e+02  1.003972560253204e+03	-3.832805959973484e-04  3.832805959973484e-04  3.832805959973484e-04	1.000000000000000e+00	0	0	38
40	 5.278312074430590e+02  5.760625072475058e+02 -1.000992305371070e+03	-9.478929860051721e-05  9.502061584498733e-05 -1.956148626049981e-04	1.000000000000000e+00	24	0	40
42	 1.170458464797820e+03 -4.995774519994752e+02  1.225545152339127e+03	 2.468419552315027e-04 -2.468419552315027e-04 -2.468419552315027e-04	1.000000000000000e+00	0	0	42
44	1.770863009760867e+03 1.020612634902795e+02 1.226162568103445e+03	 2.193044929299504e-05 -2.193044929299504e-05 -2.182075513701420e-05	1.000000000000000e+00	0	0	44
45	 1.368138173012509e+03 -9.624017741020731e+01  1.027865444124439e+03	-3.091549733653665e-04  3.076982975471765e-04  3.091549733653665e-04	1.000000000000000e+00	0	0	45
46	 8.608338526867241e+02 -7.026552497276775e+02  1.140246809525609e+03	-2.016632119193673e-03  2.008196664974093e-03  2.008196664974093e-03	1.000000000000000e+00	0	0	46
47	 3.535288875118590e+00 -1.442292159695666e+03  1.001631810238149e+03	 9.883900929708034e-05 -9.883900929708034e-05 -9.876901458483189e-05	1.000000000000000e+00	0	0	47
48	 2.044773306934413e+02 -1.042209004026973e+03  8.006930552263127e+02	 1.736942504066974e-04 -1.726834743749350e-04 -1.726834743749350e-04	1.000000000000000e+00	0	0	48
49	 4.027208375534212e+02 -1.240460961132400e+03  1.203467611332118e+03	-1.270239008590579e-04  1.255746610695496e-04  1.270239008590579e-04	1.000000000000000e+00	0	0	49
50	 9.134654385418316e+02 -6.374189160612127e+02  1.087703688277390e+03	 2.129346830770373e-03 -2.093057148158550e-03 -2.093057148158550e-03	1.000000000000000e+00	0	0	50
51	 1.571161261864658e+03 -2.992572227938645e+02  1.425865381544738e+03	 1.370601385133341e-04 -1.365402422379702e-04 -1.365402422379702e-04	1.000000000000000e+00	0	0	51
52	-3.739165319036442e+01 -2.417728207665954e+02  7.674346220599742e+02	1.170660907519050e-04 1.173880227725022e-04 1.170660907519050e-04	1.000000000000000e+00	12	0	52
53	 2.489794721552839e+02  5.815332272085085e+02 -3.439590651811776e+02	1.036139929055935e-05 1.036139929055935e-05 1.042364419845399e-05	1.000000000000000e+00	12	0	53
54	 5.311764741333155e+02 -7.955528347954586e+02  7.505911860943596e+02	2.791613042063545e-05 3.418582127778791e-05 3.418582127778791e-05	1.000000000000000e+00	12	0	54
55	 1.387446793086204e+03 -5.247372984698377e+02 -3.763582006065809e+02	1.311158393946243e-05 1.311158393946243e-05 1.313724715146236e-05	1.000000000000000e+00	12	0	55
56	 1.676137819793502e+03  3.008853249524178e+02 -1.485432254288890e+03	2.566531475167722e-04 2.554442035034299e-04 2.566531475167722e-04	1.000000000000000e+00	12	0	56
57	 1.098406322703010e+03  8.451204267300370e+02 -1.478137056489018e+03	-7.167569128796458e-04 -8.314617443829775e-04 -8.314617443829775e-04	1.000000000000000e+00	12	0	57
58	-9.770905541384743e+02  1.722703133904735e+02  8.869804278557532e+01	-1.903733646031469e-04  1.920996437547728e-04 -1.903733646031469e-04	1.000000000000000e+00	24	0	58
59	-5.443312943895899e+02  3.872920211700116e+02 -1.263312487812997e+02	-5.741040877182968e-05  5.741040877182968e-05 -5.765441528637893e-05	1.000000000000000e+00	24	0	59
60	-7.609994372708952e+02 -4.383522130351356e+01 -3.429894590535359e+02	-2.013382181758061e-04  1.985191192943603e-04 -1.985191192943603e-04	1.000000000000000e+00	24	0	60
61	 8.434287380118863e+01  3.890113702704486e+02 -7.758360506274980e+02	 3.786238085012883e-05 -3.775709774345160e-05  3.775709774345160e-05	1.000000000000000e+00	24	0	61
62	 1.171353887411105e+03  5.802754787090166e+02 -1.653043629464545e+03	-4.020560591015965e-04  3.824787854682654e-04 -4.020560591015965e-04	1.000000000000000e+00	24	0	62
63	 7.345799286240642e+02  3.693137860665006e+02 -1.442023627855441e+03	-1.041789771988988e-03  1.041789771988988e-03 -1.040223520249128e-03	1.000000000000000e+00	24	0	63
64	 9.612938844671430e+02  7.905602843738998e+02 -1.215490082497465e+03	 5.533372168429196e-04 -5.045332945883274e-04  5.045332945883274e-04	1.000000000000000e+00	24	0	64
65	 1.135124915243766e+02  3.598530207543854e+02 -7.847828188779501e+02	 4.358483056421392e-05 -4.320550215197727e-05  4.320550215197727e-05	1.000000000000000e+00	24	0	65
66	1.671055431267666e+03 2.018688419834805e+02 1.025455814011030e+03	 8.130471542244777e-05 -8.130471542244777e-05 -8.243815682362765e-05	1.000000000000000e+00	0	0	66
67	1.468035453054074e+03 1.043886238176198e+02 9.279681640828737e+02	-3.529995447024703e-04  3.565248334780335e-04  3.529995447024703e-04	1.000000000000000e+00	0	0	67
68	 9.933106838166364e+02 -6.375738202206880e+02  1.205328239032598e+03	-1.804238767363131e-03  1.861600670963526e-03  1.861600670963526e-03	1.000000000000000e+00	0	0	68
69	-9.668674908796309e+01 -1.342070121732585e+03  8.013428684909832e+02	 8.739266195334494e-05 -8.739266195334494e-05 -8.736628660699353e-05	1.000000000000000e+00	0	0	69
70	 4.257819916827799e+00 -1.142506227828517e+03  7.003958314247689e+02	 1.970319572137669e-04 -1.976885105250403e-04 -1.976885105250403e-04	1.000000000000000e+00	0	0	70
71	 1.035472400377821e+02 -1.542304110858330e+03  1.202131589907722e+03	 8.167416672222316e-05 -8.167416672222316e-05 -8.128721674438566e-05	1.000000000000000e+00	0	0	71
72	 3.029119122016984e+02 -1.441159469618731e+03  1.303276536683841e+03	-7.158586231525987e-05  7.113200263120234e-05  7.158586231525987e-05	1.000000000000000e+00	0	0	72
73	 7.817696857950787e+02 -7.034179219456987e+02  1.021704682392904e+03	 1.978171756491065e-03 -2.069772686809301e-03 -2.069772686809301e-03	1.000000000000000e+00	0	0	73
74	1.870832415218978e+03 2.091858032168375e+00 1.426703777768841e+03	-1.206875185744138e-05  1.206875185744138e-05  1.212058486999013e-05	1.000000000000000e+00	0	0	74
75	 1.771341531961739e+03 -1.989267664472208e+02  1.526195837891382e+03	 1.099322980735451e-04 -1.094640974770300e-04 -1.094640974770300e-04	1.000000000000000e+00	0	0	75
76	-1.269750706642187e+02 -6.288268786852893e+01  6.778512045861199e+02	8.406828419538215e-05 8.595526014687493e-05 8.406828419538215e-05	1.000000000000000e+00	12	0	76
77	1.424619555338820e+01 3.467999506066128e+02 1.201703076596246e+02	-2.485280274413526e-04 -2.485280274413526e-04 -2.543896844144911e-04	1.000000000000000e+00	12	0	77
78	 5.232446203631283e+01 -4.205181959886302e+02  8.571507372866515e+02	1.576807117089629e-04 1.598921226104721e-04 1.576807117089629e-04	1.000000000000000e+00	12	0	78
79	 3.366090698166647e+02 -6.974412667910419e+02  8.487027540987763e+02	1.227655302500352e-04 1.179020764539018e-04 1.179020764539018e-04	1.000000000000000e+00	12	0	79
80	 7.288720850752713e+02 -8.905904677242189e+02  6.555535531655993e+02	3.551987174432725e-04 3.563392383512110e-04 3.563392383512110e-04	1.000000000000000e+00	12	0	80
81	 1.154297861432838e+03 -7.578862301232034e+02  8.937511439533708e+01	-1.512499511591159e-05 -1.512499511591159e-05 -1.516999964223942e-05	1.000000000000000e+00	12	0	81
82	 1.620868728016230e+03 -2.913153635398116e+02 -8.418178827117905e+02	8.138675912050530e-05 8.138675912050530e-05 8.167398482328281e-05	1.000000000000000e+00	12	0	82
83	 1.764928685106783e+03  1.212071928239660e+02 -1.396641388975609e+03	1.627978199394420e-04 1.613087661098689e-04 1.627978199394420e-04	1.000000000000000e+00	12	0	83
84	 1.586621565244669e+03  4.798394594458157e+02 -1.574948508837723e+03	2.658423036336899e-04 2.652207622304559e-04 2.658423036336899e-04	1.000000000000000e+00	12	0	84
85	 1.303723550150690e+03  7.579776616234362e+02 -1.565279821595619e+03	4.189789469819516e-04 3.669324214570224e-04 3.669324214570224e-04	1.000000000000000e+00	12	0	85
86	 4.822875924741759e+02  8.148413475274004e+02 -8.095185442671961e+02	8.974451338872313e-05 8.974451338872313e-05 9.468859207117930e-05	1.000000000000000e+00	12	0	86
87	 9.197244270782714e+02  9.591195730494678e+02 -1.364137910169587e+03	1.421213382855058e-03 1.297386828809977e-03 1.297386828809977e-03	1.000000000000000e+00	12	0	87
88	-8.680772787414583e+02  3.871475941861411e+02  1.977113181825914e+02	-3.690509038278833e-05  3.782148269237950e-05 -3.690509038278833e-05	1.000000000000000e+00	24	0	88
89	-6.534531184162920e+02  4.964138451967137e+02  8.844257517456563e+01	-2.368668647250161e-04  2.368668647250161e-04 -2.366564876865596e-04	1.000000000000000e+00	24	0	89
90	-1.085435846322791e+03 -4.328683816532663e+01 -1.964724939874101e+01	-2.529142075218260e-04  2.521052083466202e-04 -2.529142075218260e-04	1.000000000000000e+00	24	0	90
91	-9.762434239421135e+02 -1.524776229897663e+02 -2.343470573672832e+02	-9.189259435515851e-05  9.144713840214536e-05 -9.144713840214536e-05	1.000000000000000e+00	24	0	91
92	 2.929387062193094e+02  4.956902493468714e+02 -8.825149297039208e+02	-6.671981827821583e-05  6.522077455883846e-05 -6.522077455883846e-05	1.000000000000000e+00	24	0	92
93	 1.062823219483739e+03  3.649834784038028e+02 -1.761574297391911e+03	-3.632492152974010e-04  3.684005641844124e-04 -3.632492152974010e-04	1.000000000000000e+00	24	0	93
94	 8.429773060197630e+02  2.609164086708018e+02 -1.657587529767847e+03	-9.704832918941975e-04  9.704832918941975e-04 -9.893926326185465e-04	1.000000000000000e+00	24	0	94
95	 1.272468628550431e+03  8.028508822720139e+02 -1.551928888325219e+03	-1.135638216510415e-03  1.086353790014982e-03 -1.135638216510415e-03	1.000000000000000e+00	24	0	95
96	 1.169469336317551e+03  9.060845117692729e+02 -1.331014309892837e+03	-5.732167046517134e-04  5.645552882924676e-04 -5.645552882924676e-04	1.000000000000000e+00	24	0	96
97	-9.616352497120093e+01  2.542922102648356e+02 -6.792220083884004e+02	 8.453561895294115e-05 -8.130587229970843e-05  8.130587229970843e-05	1.000000000000000e+00	24	0	97
98	-4.335007369412440e+02  2.764614637216658e+02 -3.394629795819793e+02	 3.673894098028541e-04 -3.673894098028541e-04  3.515231655910611e-04	1.000000000000000e+00	24	0	98
99	-5.463191306255360e+02  6.536485372589829e+01 -4.521895340829477e+02	-4.005552909802645e-04  3.997854655608535e-04 -3.997854655608535e-04	1.000000000000000e+00	24	0	99
100	-1.260737185970193e+02  2.839378712383974e+02 -6.707625515954468e+02	 8.712426642887294e-05 -9.922689787345007e-05  9.922689787345007e-05	1.000000000000000e+00	24	0	100
101	 7.302702014251798e+02 -7.696543773879757e+02  1.073247681865310e+03	-1.807475811801851e-03  1.719110761769116e-03  1.719110761769116e-03	1.000000000000000e+00	0	0	101
102	 4.038974410249400e+02 -9.411171801456787e+02  9.017848791076074e+02	 3.111005935352296e-05 -2.986664549098350e-05 -2.986664549098350e-05	1.000000000000000e+00	0	0	102
103	 5.018572995900142e+02 -1.039082408855596e+03  1.104331149295525e+03	-2.758411865215749e-04  2.750572166405618e-04  2.758411865215749e-04	1.000000000000000e+00	0	0	103
104	 6.271820121405593e+02  4.767117025500054e+02 -1.225284024664600e+03	-1.003661542199552e-03  1.003661542199552e-03 -9.369037579745054e-04	1.000000000000000e+00	24	0	104
105	 7.438126625037160e+02  6.840047063330483e+02 -1.108934504456613e+03	 4.567705909721553e-04 -4.581446701195091e-04  4.581446701195091e-04	1.000000000000000e+00	24	0	105
106	 3.242356895609161e+02  4.647137428891791e+02 -8.896435410127438e+02	-6.478634168161079e-05  7.928358536446467e-05 -7.928358536446467e-05	1.000000000000000e+00	24	0	106
107	 1.268320656816404e+03 -2.969431338485948e+02  1.127682960320543e+03	-2.633170224726200e-04  2.579964639153332e-04  2.633170224726200e-04	1.000000000000000e+00	0	0	107
108	 1.043724994875207e+03 -5.701045676163956e+02  1.155018036722207e+03	 1.861664117313921e-03 -1.738860388286412e-03 -1.738860388286412e-03	1.000000000000000e+00	0	0	108
109	 1.371151031686512e+03 -3.997607711307617e+02  1.325361833207841e+03	 2.106551401084289e-04 -2.109674096573144e-04 -2.109674096573144e-04	1.000000000000000e+00	0	0	109
110	-1.040783446755413e+02  2.284754103776832e+02  3.513100907324381e+02	-5.105831660330296e-04 -5.105831660330296e-04 -5.094520747661591e-04	1.000000000000000e+00	12	0	110
111	 1.037526951507576e+03 -8.746571400484650e+02  3.220472476088866e+02	-4.823933340958320e-05 -4.823933340958320e-05 -4.778448055731133e-05	1.000000000000000e+00	12	0	111
112	 1.737615166853462e+03 -1.745689247025789e+02 -1.074513000740197e+03	1.196040175273083e-04 1.196040175273083e-04 1.197964738821611e-04	1.000000000000000e+00	12	0	112
113	 6.030725573625087e+02  9.356263124157332e+02 -1.038058811155665e+03	7.043544901534915e-04 7.043544901534915e-04 7.427517557516694e-04	1.000000000000000e+00	12	0	113
114	 1.324740329406907e+02  4.650277879939152e+02 -1.110243631267011e+02	3.990428922406863e-06 3.990428922406863e-06 3.622060830821283e-06	1.000000000000000e+00	12	0	114
115	 3.650597637740890e+02  6.976135188273136e+02 -5.773206546810459e+02	-4.619508399628103e-05 -4.619508399628103e-05 -4.634655488189310e-05	1.000000000000000e+00	12	0	115
116	 1.270877388382203e+03 -6.413067031738387e+02 -1.434864408115820e+02	-7.238662647068850e-07 -7.238662647068850e-07 -7.249523150676396e-07	1.000000000000000e+00	12	0	116
117	 1.504103045138539e+03 -4.080810464175026e+02 -6.091428667915858e+02	3.960988397011533e-05 3.960988397011533e-05 3.973604907514527e-05	1.000000000000000e+00	12	0	117
0	-5.773502691896258e-01  5.773502691896258e-01  5.773502691896258e-01	-7.071067811865476e-01  3.124842898819631e-18 -7.071067811865476e-01	 1.198001808568474e+03 -5.294203851356715e-15  1.198001808568474e+03	1	0	0.000000000000000e+00	0.000000000000000e+00	0.000000000000000e+00
1	-5.773502691896258e-01  5.773502691896258e-01  5.773502691896258e-01	 0.000000000000000e+00  7.071067811865476e-01 -7.071067811865476e-01	 0.000000000000000e+00 -9.214510296266430e+02  9.214510296266430e+02	1	0	0.000000000000000e+00	0.000000000000000e+00	0.000000000000000e+00
2	-5.773502691896258e-01  5.773502691896258e-01  5.773502691896258e-01	 7.071067811865476e-01  7.071067811865476e-01 -3.124842898819631e-18	-7.193784354102739e+02 -7.193784354102739e+02  3.179073734356852e-15	1	0	0.000000000000000e+00	0.000000000000000e+00	0.000000000000000e+00
3	-5.773502691896258e-01  5.773502691896258e-01  5.773502691896258e-01	 7.071067811865476e-01 -3.124842898819631e-18  7.071067811865476e-01	 8.030942244427697e+02 -3.549030148066116e-15  8.030942244427697e+02	1	0	0.000000000000000e+00	0.000000000000000e+00	0.000000000000000e+00
4	-5.773502691896258e-01  5.773502691896258e-01  5.773502691896258e-01	 0.000000000000000e+00  7.071067811865476e-01 -7.071067811865476e-01	 0.000000000000000e+00 -8.625613021693013e+02  8.625613021693013e+02	1	0	0.000000000000000e+00	0.000000000000000e+00	0.000000000000000e+00
5	-5.773502691896258e-01  5.773502691896258e-01  5.773502691896258e-01	-7.071067811865476e-01 -7.071067811865476e-01  3.124842898819631e-18	 9.364621366255734e+02  9.364621366255734e+02 -4.138408986458117e-15	1	0	0.000000000000000e+00	0.000000000000000e+00	0.000000000000000e+00
6	 5.773502691896258e-01 -5.773502691896258e-01 -5.773502691896258e-01	0.000000000000000e+00 0.000000000000000e+00 0.000000000000000e+00	1.570392732195782e+03 3.025315410553647e+02 8.256108849411653e+02	1	1	0.000000000000000e+00	0.000000000000000e+00	0.000000000000000e+00
7	-5.773502691896258e-01 -5.773502691896258e-01 -5.773502691896258e-01	-7.071067811865476e-01  0.000000000000000e+00  7.071067811865476e-01	-4.024131376251693e+02  0.000000000000000e+00  4.024131376251693e+02	1	0	0.000000000000000e+00	0.000000000000000e+00	0.000000000000000e+00
8	-5.773502691896258e-01 -5.773502691896258e-01 -5.773502691896258e-01	 0.000000000000000e+00 -7.071067811865476e-01  7.071067811865476e-01	 0.000000000000000e+00 -7.730720104449091e+02  7.730720104449091e+02	1	0	0.000000000000000e+00	0.000000000000000e+00	0.000000000000000e+00
9	-5.773502691896258e-01 -5.773502691896258e-01 -5.773502691896258e-01	 7.071067811865476e-01 -7.071067811865476e-01  0.000000000000000e+00	 9.560920457780206e+02 -9.560920457780206e+02  0.000000000000000e+00	1	0	0.000000000000000e+00	0.000000000000000e+00	0.000000000000000e+00
10	-5.773502691896258e-01 -5.773502691896258e-01 -5.773502691896258e-01	 7.071067811865476e-01  0.000000000000000e+00 -7.071067811865476e-01	 1.580785037041196e+03  0.000000000000000e+00 -1.580785037041196e+03	1	0	0.000000000000000e+00	0.000000000000000e+00	0.000000000000000e+00
11	-5.773502691896258e-01 -5.773502691896258e-01 -5.773502691896258e-01	 0.000000000000000e+00  7.071067811865476e-01 -7.071067811865476e-01	 0.000000000000000e+00  1.161628741609527e+03 -1.161628741609527e+03	1	0	0.000000000000000e+00	0.000000000000000e+00	0.000000000000000e+00
12	-5.773502691896258e-01 -5.773502691896258e-01 -5.773502691896258e-01	-7.071067811865476e-01  7.071067811865476e-01  0.000000000000000e+00	-1.662768775266123e+02  1.662768775266123e+02  0.000000000000000e+00	1	0	0.000000000000000e+00	0.000000000000000e+00	0.000000000000000e+00
13	5.773502691896258e-01 5.773502691896258e-01 5.773502691896258e-01	0.000000000000000e+00 0.000000000000000e+00 0.000000000000000e+00	-2.170837012152994e+02  1.154700538379251e+02  5.877425740350395e+02	1	1	0.000000000000000e+00	0.000000000000000e+00	0.000000000000000e+00
14	-5.773502691896258e-01  5.773502691896258e-01 -5.773502691896258e-01	 7.071067811865476e-01  0.000000000000000e+00 -7.071067811865476e-01	-5.328942984620248e+02  0.000000000000000e+00  5.328942984620248e+02	1	0	0.000000000000000e+00	0.000000000000000e+00	0.000000000000000e+00
15	-5.773502691896258e-01  5.773502691896258e-01 -5.773502691896258e-01	-3.124842898819631e-18  7.071067811865476e-01  7.071067811865476e-01	 8.547268868455420e-16 -1.934123401785247e+02 -1.934123401785247e+02	1	0	0.000000000000000e+00	0.000000000000000e+00	0.000000000000000e+00
16	-5.773502691896258e-01  5.773502691896258e-01 -5.773502691896258e-01	 7.071067811865476e-01  7.071067811865476e-01 -3.124842898819631e-18	 5.519468573452824e+02  5.519468573452824e+02 -2.439160906938323e-15	1	0	0.000000000000000e+00	0.000000000000000e+00	0.000000000000000e+00
17	-5.773502691896258e-01  5.773502691896258e-01 -5.773502691896258e-01	-7.071067811865476e-01  0.000000000000000e+00  7.071067811865476e-01	 1.412198758437825e+03  0.000000000000000e+00 -1.412198758437825e+03	1	0	0.000000000000000e+00	0.000000000000000e+00	0.000000000000000e+00
18	-5.773502691896258e-01  5.773502691896258e-01 -5.773502691896258e-01	-3.124842898819631e-18  7.071067811865476e-01  7.071067811865476e-01	 9.389238637586849e-16 -2.124648990617823e+02 -2.124648990617823e+02	1	0	0.000000000000000e+00	0.000000000000000e+00	0.000000000000000e+00
19	-5.773502691896258e-01  5.773502691896258e-01 -5.773502691896258e-01	-7.071067811865476e-01 -7.071067811865476e-01  3.124842898819631e-18	-7.851963660978913e+01 -7.851963660978913e+01  3.469936018238618e-16	1	0	0.000000000000000e+00	0.000000000000000e+00	0.000000000000000e+00
20	 5.773502691896258e-01 -5.773502691896258e-01  5.773502691896258e-01	0.000000000000000e+00 0.000000000000000e+00 0.000000000000000e+00	-7.597929542535472e+02  6.027536810339691e+02  3.059956426705008e+02	1	1	0.000000000000000e+00	0.000000000000000e+00	0.000000000000000e+00
0	0	1	0
6	0	1	0
5	5	0	0
6	5	0	0
0	6	0	0
5	0	6	0
1	1	2	0
6	1	2	0
0	1	7	0
1	7	1	0
2	2	3	0
6	2	3	0
1	2	8	0
2	8	2	0
3	3	4	0
6	3	4	0
2	3	9	0
3	9	3	0
4	4	5	0
6	4	5	0
3	4	10	0
4	10	4	0
4	5	11	0
5	11	5	0
5	6	66	0
0	67	6	0
0	7	42	0
1	68	7	0
2	69	8	0
1	8	70	0
2	9	71	0
3	72	9	0
3	10	38	0
4	73	10	0
5	74	11	0
4	11	75	0
7	12	13	0
13	12	13	0
12	17	12	0
13	17	12	0
7	18	12	0
12	12	18	0
8	13	14	0
13	13	14	0
7	13	19	0
8	19	13	0
9	14	15	0
13	14	15	0
8	14	20	0
9	20	14	0
10	15	16	0
13	15	16	0
9	15	21	0
10	21	15	0
11	16	17	0
13	16	17	0
10	16	22	0
11	22	16	0
11	17	23	0
12	23	17	0
7	76	18	0
12	18	110	0
7	19	78	0
8	79	19	0
8	20	80	0
9	111	20	0
10	83	21	0
9	21	112	0
10	22	84	0
11	85	22	0
11	23	87	0
12	113	23	0
14	24	25	0
20	24	25	0
19	29	24	0
20	29	24	0
14	30	24	0
19	24	30	0
15	25	26	0
20	25	26	0
14	25	31	0
15	31	25	0
16	26	27	0
20	26	27	0
15	26	32	0
16	32	26	0
17	27	28	0
20	27	28	0
16	27	33	0
17	33	27	0
18	28	29	0
20	28	29	0
17	28	34	0
18	34	28	0
18	29	35	0
19	35	29	0
14	88	30	0
19	30	89	0
14	31	90	0
15	91	31	0
16	40	32	0
15	32	92	0
17	93	33	0
16	33	94	0
17	34	95	0
18	96	34	0
19	36	35	0
18	35	97	0
19	98	36	0
15	36	99	0
15	100	36	0
1	38	101	0
1	102	38	0
3	38	103	0
16	104	40	0
18	40	105	0
18	106	40	0
0	42	107	0
4	42	108	0
4	109	42	0
5	66	44	0
5	44	74	0
0	45	67	0
0	107	45	0
1	46	68	0
1	101	46	0
2	47	69	0
2	71	47	0
1	70	48	0
1	48	102	0
3	49	72	0
3	103	49	0
4	50	73	0
4	108	50	0
4	75	51	0
4	51	109	0
7	52	76	0
7	78	52	0
12	114	53	0
12	53	115	0
8	54	79	0
8	80	54	0
9	55	116	0
9	117	55	0
10	56	83	0
10	84	56	0
11	57	85	0
11	87	57	0
14	58	88	0
14	90	58	0
19	89	59	0
19	59	98	0
15	60	91	0
15	99	60	0
15	92	61	0
15	61	100	0
17	62	93	0
17	95	62	0
16	94	63	0
16	63	104	0
18	64	96	0
18	105	64	0
18	97	65	0
18	65	106	0
12	110	77	0
12	77	114	0
9	81	111	0
9	116	81	0
9	112	82	0
9	82	117	0
12	86	113	0
12	115	86	0
