114
21
172
0	1.570392732195782e+03 3.025315410553647e+02 8.256108849411653e+02	0.000000000000000e+00 0.000000000000000e+00 0.000000000000000e+00	1.000000000000000e+00	0	0	0
1	 1.130451827073287e+03 -5.773502691896260e+02  1.265551790063660e+03	0.000000000000000e+00 0.000000000000000e+00 0.000000000000000e+00	1.000000000000000e+00	0	0	1
2	-1.974537920628516e+02 -1.241303078757696e+03  6.015989804955904e+02	0.000000000000000e+00 0.000000000000000e+00 0.000000000000000e+00	1.000000000000000e+00	0	0	2
3	 2.032272947547480e+02 -1.641984165575296e+03  1.402961154130791e+03	0.000000000000000e+00 0.000000000000000e+00 0.000000000000000e+00	1.000000000000000e+00	0	0	3
4	 6.431681998772439e+02 -7.621023553303065e+02  9.630202490082960e+02	0.000000000000000e+00 0.000000000000000e+00 0.000000000000000e+00	1.000000000000000e+00	0	0	4
5	 1.971073819013383e+03 -9.814954576223676e+01  1.626973058576365e+03	0.000000000000000e+00 0.000000000000000e+00 0.000000000000000e+00	1.000000000000000e+00	0	0	5
6	1.570219464871573e+03 3.027048083795736e+02 8.257841522653742e+02	-1.106434137909673e-04  1.116086787078530e-04  1.102768364944495e-04	1.000000000000000e+00	0	0	6
7	 1.130146766467446e+03 -5.770452085837845e+02  1.265856850669502e+03	-2.523316749526809e-04  2.523316749526809e-04  2.523316749526809e-04	1.000000000000000e+00	0	0	7
8	-1.972765363326453e+02 -1.241480334487902e+03  6.014217247653841e+02	 1.111538367695175e-04 -1.113761099986732e-04 -1.113667312893085e-04	1.000000000000000e+00	0	0	8
9	 2.032229622464809e+02 -1.641979833067028e+03  1.402965486639058e+03	-1.454598873351642e-06  1.392618514728383e-06  1.513591428192740e-06	1.000000000000000e+00	0	0	9
10	 6.432939723880079e+02 -7.622281278410705e+02  9.628944764975320e+02	 1.406211085850373e-04 -1.428414107067510e-04 -1.468460250180215e-04	1.000000000000000e+00	0	0	10
11	 1.971111926874475e+03 -9.818765362332800e+01  1.626934950715274e+03	 2.567088449723087e-05 -2.561604742368218e-05 -2.560301072662696e-05	1.000000000000000e+00	0	0	11
12	-2.170837012152994e+02  1.154700538379251e+02  5.877425740350395e+02	0.000000000000000e+00 0.000000000000000e+00 0.000000000000000e+00	1.000000000000000e+00	12	0	12
13	 1.408734656822689e+02 -6.004442799572098e+02  9.456997409326077e+02	0.000000000000000e+00 0.000000000000000e+00 0.000000000000000e+00	1.000000000000000e+00	12	0	13
14	 9.214510296266424e+02 -9.907330619293978e+02  5.554109589604201e+02	0.000000000000000e+00 0.000000000000000e+00 0.000000000000000e+00	1.000000000000000e+00	12	0	14
15	 1.853294364098699e+03 -5.888972745734176e+01 -1.308275709983692e+03	0.000000000000000e+00 0.000000000000000e+00 0.000000000000000e+00	1.000000000000000e+00	12	0	15
16	 1.495337197201131e+03  6.570246063377946e+02 -1.666232876881260e+03	0.000000000000000e+00 0.000000000000000e+00 0.000000000000000e+00	1.000000000000000e+00	12	0	16
17	 7.147596332567570e+02  1.047313388309982e+03 -1.275944094909073e+03	0.000000000000000e+00 0.000000000000000e+00 0.000000000000000e+00	1.000000000000000e+00	12	0	17
18	-2.174815788021481e+02  1.150721762510764e+02  5.873446964481909e+02	-2.486521552782506e-04 -2.486521552782506e-04 -2.486521552782506e-04	1.000000000000000e+00	12	0	18
19	 1.414541941477971e+02 -5.998635514916817e+02  9.462804693981359e+02	3.597668837755919e-04 3.597668837755919e-04 3.597668837755919e-04	1.000000000000000e+00	12	0	19
20	 9.215647991970118e+02 -9.906192923590283e+02  5.555247285307895e+02	7.685680611757562e-05 7.546640699729323e-05 7.573048787890002e-05	1.000000000000000e+00	12	0	20
21	 1.853489156183878e+03 -5.869493537216357e+01 -1.308080917898514e+03	1.228977926075459e-04 1.228302426170558e-04 1.228990877280012e-04	1.000000000000000e+00	12	0	21
22	 1.495859425150096e+03  6.575468342867592e+02 -1.665710648932295e+03	3.313157261194040e-04 3.313157261194040e-04 3.313157261194040e-04	1.000000000000000e+00	12	0	22
23	 7.169698644093384e+02  1.049523619462563e+03 -1.273733863756492e+03	1.376997601861755e-03 1.376997601861755e-03 1.376997601861755e-03	1.000000000000000e+00	12	0	23
24	-7.597929542535472e+02  6.027536810339691e+02  3.059956426705008e+02	0.000000000000000e+00 0.000000000000000e+00 0.000000000000000e+00	1.000000000000000e+00	24	0	24
25	-1.191650955607388e+03 -2.609623216737101e+02 -1.258623586833382e+02	0.000000000000000e+00 0.000000000000000e+00 0.000000000000000e+00	1.000000000000000e+00	24	0	25
26	 5.126870390403868e+02  5.912066756501777e+02 -9.780313560072266e+02	0.000000000000000e+00 0.000000000000000e+00 0.000000000000000e+00	1.000000000000000e+00	24	0	26
27	 9.572467463163994e+02  1.466469683741651e+02 -1.867150770559250e+03	0.000000000000000e+00 0.000000000000000e+00 0.000000000000000e+00	1.000000000000000e+00	24	0	27
28	 1.389104747670240e+03  1.010362971081845e+03 -1.435292769205410e+03	0.000000000000000e+00 0.000000000000000e+00 0.000000000000000e+00	1.000000000000000e+00	24	0	28
29	-3.152332469775362e+02  1.581939737579582e+02 -5.831237718815206e+02	0.000000000000000e+00 0.000000000000000e+00 0.000000000000000e+00	1.000000000000000e+00	24	0	29
30	-7.599122137022232e+02  6.028729404826452e+02  3.058763832218248e+02	-7.451617420883849e-05  7.453575381077826e-05 -7.401558832498267e-05	1.000000000000000e+00	24	0	30
31	-1.191881731814641e+03 -2.607315454664566e+02 -1.260931348905916e+02	-1.458910555811599e-04  1.454757584724575e-04 -1.458905171602964e-04	1.000000000000000e+00	24	0	31
32	 5.046520932056118e+02  5.992416214849527e+02 -9.860663018420016e+02	-3.292610558370749e-03  3.292610558370749e-03 -3.292610558370749e-03	1.000000000000000e+00	24	0	32
33	 9.563409353482676e+02  1.475527793422968e+02 -1.868056581527382e+03	-5.737818428315222e-04  5.737818428315222e-04 -5.737818428315222e-04	1.000000000000000e+00	24	0	33
34	 1.387391109021690e+03  1.012076609730394e+03 -1.437006407853959e+03	-1.088735608694454e-03  1.088735608694454e-03 -1.088735608694454e-03	1.000000000000000e+00	24	0	34
35	-3.090105520342712e+02  1.519712788146932e+02 -5.769010769382556e+02	 4.553984540204207e-03 -4.553984540204207e-03  4.553984540204207e-03	1.000000000000000e+00	24	0	35
36	-3.295922391549194e+02  1.725529659353414e+02 -5.593776462923892e+02	-1.204212429001927e-03  1.204212429001927e-03 -1.204212429001927e-03	1.000000000000000e+00	24	0	36
38	 6.035945098957907e+02 -8.403081202635374e+02  1.002593938989749e+03	-2.059493175086876e-04  2.059493175086876e-04  2.059493175086876e-04	1.000000000000000e+00	0	0	38
40	 5.277023828591823e+02  5.761913318313824e+02 -1.001121129954947e+03	 8.837679633870721e-04 -8.837679633870721e-04  8.837679633870721e-04	1.000000000000000e+00	24	0	40
42	 1.169788566731032e+03 -4.989075539326873e+02  1.226215050405915e+03	 5.989487908664159e-05 -5.879071250092238e-05 -5.901508120587096e-05	1.000000000000000e+00	0	0	42
44	1.770761204792021e+03 1.021630684591260e+02 1.226264058567723e+03	 1.831105510063935e-05 -1.831105510063935e-05 -1.829022039601114e-05	1.000000000000000e+00	0	0	44
45	 1.369614673635466e+03 -9.771228470698776e+01  1.026388943501481e+03	-2.796549815684557e-04  2.793321909848601e-04  2.796549815684557e-04	1.000000000000000e+00	0	0	45
46	 8.666256295282886e+02 -7.084318793950574e+02  1.134470179858229e+03	-4.662822175305337e-04  4.659398400690407e-04  4.659398400690407e-04	1.000000000000000e+00	0	0	46
47	 3.042376114270188e+00 -1.441799246934818e+03  1.002124463234723e+03	 9.795031655812636e-05 -9.795031655812636e-05 -9.792522905627266e-05	1.000000000000000e+00	0	0	47
48	 2.035452456073008e+02 -1.041280259094206e+03  8.016218001590803e+02	 1.966966519830748e-04 -1.964152470463887e-04 -1.964152470463887e-04	1.000000000000000e+00	0	0	48
49	 4.033633637108398e+02 -1.241098893526915e+03  1.202825085174700e+03	-1.286483602598310e-04  1.282850862480700e-04  1.286483602598310e-04	1.000000000000000e+00	0	0	49
50	 9.071572903500555e+02 -6.311825365563104e+02  1.093940067782292e+03	 5.680371541529894e-04 -5.660712486132979e-04 -5.660712486132979e-04	1.000000000000000e+00	0	0	50
51	 1.570555090717873e+03 -2.986523883541731e+02  1.426470215984429e+03	 1.061448929249309e-04 -1.060668873833492e-04 -1.060668873833492e-04	1.000000000000000e+00	0	0	51
52	-3.794503718433157e+01 -2.423270060356394e+02  7.668812380660071e+02	1.028003753162920e-04 1.028378173941746e-04 1.028003753162920e-04	1.000000000000000e+00	12	0	52
53	 2.489098405820391e+02  5.814635956352637e+02 -3.440288791191868e+02	2.320667772437446e-05 2.320667772437446e-05 2.321748070244212e-05	1.000000000000000e+00	12	0	53
54	 5.311279331164318e+02 -7.956217018858266e+02  7.505223190039915e+02	-1.301125666941516e-05 -1.139376763603650e-05 -1.139376763603650e-05	1.000000000000000e+00	12	0	54
55	 1.387386683864643e+03 -5.247974076913979e+02 -3.764183848739158e+02	1.046130819304381e-05 1.046130819304381e-05 1.046634952217573e-05	1.000000000000000e+00	12	0	55
56	 1.674777377259674e+03  2.995287798660789e+02 -1.486792696822718e+03	2.859460946638137e-04 2.856271748896688e-04 2.859460946638137e-04	1.000000000000000e+00	12	0	56
57	 1.103083564876183e+03  8.501756412239217e+02 -1.473081841995133e+03	-1.185265486128628e-03 -1.219497877173126e-03 -1.219497877173126e-03	1.000000000000000e+00	12	0	57
58	-9.760729020848846e+02  1.712470055923633e+02  8.971569483916507e+01	-2.157032140530646e-04  2.161733718821779e-04 -2.157032140530646e-04	1.000000000000000e+00	24	0	58
59	-5.439923862719033e+02  3.869531130523251e+02 -1.259909439963063e+02	-7.757537969155237e-05  7.757537969155237e-05 -7.775652193231508e-05	1.000000000000000e+00	24	0	59
60	-7.600566091645651e+02 -4.477001848967064e+01 -3.420546618673788e+02	-1.728695351630449e-04  1.723868190310895e-04 -1.723868190310895e-04	1.000000000000000e+00	24	0	60
61	 8.521636922018598e+01  3.881451020119635e+02 -7.749697823690129e+02	-2.047783927991986e-03  2.031244570389390e-03 -2.031244570389390e-03	1.000000000000000e+00	24	0	61
62	 1.172944338141717e+03  5.787356478572406e+02 -1.651453178733933e+03	-2.132654335582629e-04  2.114183589583263e-04 -2.132654335582629e-04	1.000000000000000e+00	24	0	62
63	 7.397233235296724e+02  3.641703911608924e+02 -1.436886649255150e+03	-1.008098945021629e-03  1.008098945021629e-03 -1.007441314868629e-03	1.000000000000000e+00	24	0	63
64	 9.582936970250871e+02  7.933981357125704e+02 -1.218327933836135e+03	 6.449319189414382e-04 -6.311400211416185e-04  6.311400211416185e-04	1.000000000000000e+00	24	0	64
65	 1.122333363058540e+02  3.611357526627808e+02 -7.860655507863455e+02	 2.077633049339056e-03 -2.090793568640947e-03  2.090793568640947e-03	1.000000000000000e+00	24	0	65
66	1.670672589233623e+03 2.022516840175238e+02 1.025841705196747e+03	 7.090399594744667e-05 -7.090399594744667e-05 -7.108625868568197e-05	1.000000000000000e+00	0	0	66
67	1.469722784977241e+03 1.026912013304824e+02 9.262808321597065e+02	-3.195687022525817e-04  3.202500811312348e-04  3.195687022525817e-04	1.000000000000000e+00	0	0	67
68	 9.983426700769282e+02 -6.426942588619745e+02  1.200207800391312e+03	-3.972462145611644e-04  3.983400238212198e-04  3.983400238212198e-04	1.000000000000000e+00	0	0	68
69	-9.713595705213446e+01 -1.341620913768413e+03  8.017919696729969e+02	 9.198210318572819e-05 -9.198210318572819e-05 -9.197116014547646e-05	1.000000000000000e+00	0	0	69
70	 3.228472142269680e+00 -1.141474679623846e+03  7.014273796294406e+02	 2.126509498339146e-04 -2.128389314748347e-04 -2.128389314748347e-04	1.000000000000000e+00	0	0	70
71	 1.031662488666971e+02 -1.541923119687245e+03  1.202511447329094e+03	 7.045304664643481e-05 -7.045304664643481e-05 -7.037314207991585e-05	1.000000000000000e+00	0	0	71
72	 3.032787136844911e+02 -1.441524856120253e+03  1.302909735201048e+03	-7.447043026331812e-05  7.436107262037694e-05  7.447043026331812e-05	1.000000000000000e+00	0	0	72
73	 7.756431958284948e+02 -6.971264878492934e+02  1.027996116489309e+03	 6.274852785281837e-04 -6.317272200249135e-04 -6.317272200249135e-04	1.000000000000000e+00	0	0	73
74	1.870887564775287e+03 2.036708475859757e+00 1.426648502214174e+03	-1.023053118842654e-05  1.023053118842654e-05  1.023671575239860e-05	1.000000000000000e+00	0	0	74
75	 1.770859188490145e+03 -1.984456731823593e+02  1.526676931156243e+03	 8.298135071527213e-05 -8.290618279716000e-05 -8.290618279716000e-05	1.000000000000000e+00	0	0	75
76	-1.274313398338379e+02 -6.334505271758859e+01  6.773949354165007e+02	9.886415500659496e-05 9.936666901921853e-05 9.886415500659496e-05	1.000000000000000e+00	12	0	76
77	1.548911571417654e+01 3.480428707674011e+02 1.214317300295739e+02	-2.462249249219894e-04 -2.462249249219894e-04 -2.476850931998342e-04	1.000000000000000e+00	12	0	77
78	 5.158912758171379e+01 -4.212603416781692e+02  8.564154028320525e+02	1.334520202362910e-04 1.339614973403513e-04 1.334520202362910e-04	1.000000000000000e+00	12	0	78
79	 3.361221984563364e+02 -6.979130474147223e+02  8.482309734750959e+02	7.276586256921291e-05 7.161144458223134e-05 7.161144458223134e-05	1.000000000000000e+00	12	0	79
80	 7.269611514190026e+02 -8.925059750288466e+02  6.536380458609716e+02	4.046321264468133e-04 4.050922580063343e-04 4.050922580063343e-04	1.000000000000000e+00	12	0	80
81	 1.154382045763798e+03 -7.578020457922435e+02  8.945946202283565e+01	-1.797818913473748e-05 -1.797818913473748e-05 -1.799304664018564e-05	1.000000000000000e+00	12	0	81
82	 1.620460116472768e+03 -2.917239750832737e+02 -8.422274005574969e+02	8.097962563624606e-05 8.097962563624606e-05 8.105082088150084e-05	1.000000000000000e+00	12	0	82
83	 1.764082892041910e+03  1.203663387595792e+02 -1.397487182040482e+03	1.738218852551654e-04 1.734035467961803e-04 1.738218852551654e-04	1.000000000000000e+00	12	0	83
84	 1.585265398442322e+03  4.784848770674660e+02 -1.576304675640069e+03	2.747576218098402e-04 2.746791578829288e-04 2.747576218098402e-04	1.000000000000000e+00	12	0	84
85	 1.301290586852959e+03  7.556879528970953e+02 -1.567569530321960e+03	4.839385510422289e-04 4.712085064966232e-04 4.712085064966232e-04	1.000000000000000e+00	12	0	85
86	 4.819074644753139e+02  8.144612195285384e+02 -8.099130521861978e+02	6.348706665448844e-05 6.348706665448844e-05 6.444502650992945e-05	1.000000000000000e+00	12	0	86
87	 9.123500009996380e+02  9.521585028678987e+02 -1.371098980351156e+03	1.520573277957737e-03 1.485041226260364e-03 1.485041226260364e-03	1.000000000000000e+00	12	0	87
88	-8.678501654608601e+02  3.869175777811672e+02  1.979384314631896e+02	-5.421100649982691e-05  5.444318594527431e-05 -5.421100649982691e-05	1.000000000000000e+00	24	0	88
89	-6.522301276587100e+02  4.951908544391317e+02  8.966499386518981e+01	-2.504380827303976e-04  2.504380827303976e-04 -2.504040312487632e-04	1.000000000000000e+00	24	0	89
90	-1.084121676515489e+03 -4.459829026389576e+01 -1.833307959143965e+01	-2.706675149966031e-04  2.704324724618345e-04 -2.706675149966031e-04	1.000000000000000e+00	24	0	90
91	-9.758314186451688e+02 -1.528884118125763e+02 -2.339362685444732e+02	-7.228238973766565e-05  7.220977568067610e-05 -7.220977568067610e-05	1.000000000000000e+00	24	0	91
92	 2.946241378460367e+02  4.940231559588118e+02 -8.808478363158612e+02	-2.299634739756584e-03  2.287395298480988e-03 -2.287395298480988e-03	1.000000000000000e+00	24	0	92
93	 1.064637609072603e+03  3.631510196721718e+02 -1.759759907803047e+03	-3.607818798627704e-04  3.624728415161371e-04 -3.607818798627704e-04	1.000000000000000e+00	24	0	93
94	 8.477863777032043e+02  2.561073369873606e+02 -1.652721014080878e+03	-9.454311802983284e-04  9.454311802983284e-04 -9.497108403593302e-04	1.000000000000000e+00	24	0	94
95	 1.279087869429512e+03  7.964649660403481e+02 -1.545309647446138e+03	-1.508442568592727e-03  1.478757476434112e-03 -1.508442568592727e-03	1.000000000000000e+00	24	0	95
96	 1.172297387932941e+03  9.032764690833060e+02 -1.328206267206871e+03	-5.554817616939545e-04  5.548709305003285e-04 -5.548709305003285e-04	1.000000000000000e+00	24	0	96
97	-9.825444962479665e+01  2.563730279283903e+02 -6.813028260519550e+02	 3.040864830836654e-03 -3.063811454921961e-03  3.063811454921961e-03	1.000000000000000e+00	24	0	97
98	-4.353281562720175e+02  2.782888830524392e+02 -3.412245278135098e+02	 3.607179096434265e-04 -3.607179096434265e-04  3.529955283738673e-04	1.000000000000000e+00	24	0	98
99	-5.443595570181099e+02  6.342492336024414e+01 -4.502496037172936e+02	-3.561195335350931e-04  3.521523613017052e-04 -3.521523613017052e-04	1.000000000000000e+00	24	0	99
100	-1.246312987214274e+02  2.826505965677092e+02 -6.694752769247585e+02	-3.131407313048840e-03  2.984268125146627e-03 -2.984268125146627e-03	1.000000000000000e+00	24	0	100
101	 7.351312767865846e+02 -7.743916561408196e+02  1.068510403112467e+03	-3.591070417314768e-04  3.580810152925551e-04  3.580810152925551e-04	1.000000000000000e+00	0	0	101
102	 4.036585488601747e+02 -9.408826926882869e+02  9.020193665649992e+02	 5.639769005938433e-05 -5.604080070042983e-05 -5.604080070042983e-05	1.000000000000000e+00	0	0	102
103	 5.032759820407048e+02 -1.040500350277012e+03  1.102912466844835e+03	-2.890339528676122e-04  2.890984178520739e-04  2.890339528676122e-04	1.000000000000000e+00	0	0	103
104	 6.319536546026187e+02  4.719400600879461e+02 -1.220745167704174e+03	-8.974425727501512e-04  8.974425727501512e-04 -8.731057168915868e-04	1.000000000000000e+00	24	0	104
105	 7.417614947122686e+02  6.860308282799731e+02 -1.110960626403538e+03	 3.402679576538503e-04 -3.328645834699273e-04  3.328645834699273e-04	1.000000000000000e+00	24	0	105
106	 3.231108650645587e+02  4.656976312054825e+02 -8.906274293290472e+02	 2.296937163919210e-03 -2.191475359722972e-03  2.191475359722972e-03	1.000000000000000e+00	24	0	106
107	 1.269537750217367e+03 -2.981465389673896e+02  1.126465866919581e+03	-2.225783391622826e-04  2.217712753918022e-04  2.225783391622826e-04	1.000000000000000e+00	0	0	107
108	 1.038608870124423e+03 -5.651797870658954e+02  1.159942817272707e+03	 4.275711544323713e-04 -4.245980817358941e-04 -4.245980817358941e-04	1.000000000000000e+00	0	0	108
109	 1.370274118847966e+03 -3.988823888895247e+02  1.326240215449078e+03	 1.464111701352522e-04 -1.465376699343324e-04 -1.465376699343324e-04	1.000000000000000e+00	0	0	109
110	-1.014570677298507e+02  2.310966873233739e+02  3.539281209048616e+02	-5.342113436199725e-04 -5.342113436199725e-04 -5.339963827282190e-04	1.000000000000000e+00	12	0	110
111	 1.037820229733703e+03 -8.743638618223381e+02  3.223390083305525e+02	-6.729971937602386e-05 -6.729971937602386e-05 -6.717488577123731e-05	1.000000000000000e+00	12	0	111
112	 1.737007377227721e+03 -1.751767143283200e+02 -1.075121406709186e+03	1.222484570462257e-04 1.222484570462257e-04 1.222982245963067e-04	1.000000000000000e+00	12	0	112
113	 5.994528450247736e+02  9.320066000779981e+02 -1.041801708505424e+03	7.368905935436487e-04 7.368905935436487e-04 7.468274561688304e-04	1.000000000000000e+00	12	0	113
114	 1.324090606428024e+02  4.649628156960270e+02 -1.110884290103874e+02	2.376913835178129e-05 2.376913835178129e-05 2.373592724325135e-05	1.000000000000000e+00	12	0	114
115	 3.653152221571860e+02  6.978689772104105e+02 -5.770647615577680e+02	-4.343882028479129e-05 -4.343882028479129e-05 -4.345659181126393e-05	1.000000000000000e+00	12	0	115
116	 1.270885887727568e+03 -6.412982038284731e+02 -1.434779350726152e+02	-2.803363713610452e-06 -2.803363713610452e-06 -2.804219548124820e-06	1.000000000000000e+00	12	0	116
117	 1.503909294738639e+03 -4.082747968174024e+02 -6.093370055712945e+02	3.711753015522845e-05 3.711753015522845e-05 3.714664489962161e-05	1.000000000000000e+00	12	0	117
0	-5.773502691896258e-01  5.773502691896258e-01  5.773502691896258e-01	-7.071067811865476e-01  3.124842898819631e-18 -7.071067811865476e-01	 1.198001808568474e+03 -5.294203851356715e-15  1.198001808568474e+03	1	0	0.000000000000000e+00	0.000000000000000e+00	0.000000000000000e+00
1	-5.773502691896258e-01  5.773502691896258e-01  5.773502691896258e-01	 0.000000000000000e+00  7.071067811865476e-01 -7.071067811865476e-01	 0.000000000000000e+00 -9.214510296266430e+02  9.214510296266430e+02	1	0	0.000000000000000e+00	0.000000000000000e+00	0.000000000000000e+00
2	-5.773502691896258e-01  5.773502691896258e-01  5.773502691896258e-01	 7.071067811865476e-01  7.071067811865476e-01 -3.124842898819631e-18	-7.193784354102739e+02 -7.193784354102739e+02  3.179073734356852e-15	1	0	0.000000000000000e+00	0.000000000000000e+00	0.000000000000000e+00
3	-5.773502691896258e-01  5.773502691896258e-01  5.773502691896258e-01	 7.071067811865476e-01 -3.124842898819631e-18  7.071067811865476e-01	 8.030942244427697e+02 -3.549030148066116e-15  8.030942244427697e+02	1	0	0.000000000000000e+00	0.000000000000000e+00	0.000000000000000e+00
4	-5.773502691896258e-01  5.773502691896258e-01  5.773502691896258e-01	 0.000000000000000e+00  7.071067811865476e-01 -7.071067811865476e-01	 0.000000000000000e+00 -8.625613021693013e+02  8.625613021693013e+02	1	0	0.000000000000000e+00	0.000000000000000e+00	0.000000000000000e+00
5	-5.773502691896258e-01  5.773502691896258e-01  5.773502691896258e-01	-7.071067811865476e-01 -7.071067811865476e-01  3.124842898819631e-18	 9.364621366255734e+02  9.364621366255734e+02 -4.138408986458117e-15	1	0	0.000000000000000e+00	0.000000000000000e+00	0.000000000000000e+00
6	 5.773502691896258e-01 -5.773502691896258e-01 -5.773502691896258e-01	0.000000000000000e+00 0.000000000000000e+00 0.000000000000000e+00	1.570392732195782e+03 3.025315410553647e+02 8.256108849411653e+02	1	1	0.000000000000000e+00	0.000000000000000e+00	0.000000000000000e+00
7	-5.773502691896258e-01 -5.773502691896258e-01 -5.773502691896258e-01	-7.071067811865476e-01  0.000000000000000e+00  7.071067811865476e-01	-4.024131376251693e+02  0.000000000000000e+00  4.024131376251693e+02	1	0	0.000000000000000e+00	0.000000000000000e+00	0.000000000000000e+00
8	-5.773502691896258e-01 -5.773502691896258e-01 -5.773502691896258e-01	 0.000000000000000e+00 -7.071067811865476e-01  7.071067811865476e-01	 0.000000000000000e+00 -7.730720104449091e+02  7.730720104449091e+02	1	0	0.000000000000000e+00	0.000000000000000e+00	0.000000000000000e+00
9	-5.773502691896258e-01 -5.773502691896258e-01 -5.773502691896258e-01	 7.071067811865476e-01 -7.071067811865476e-01  0.000000000000000e+00	 9.560920457780206e+02 -9.560920457780206e+02  0.000000000000000e+00	1	0	0.000000000000000e+00	0.000000000000000e+00	0.000000000000000e+00
10	-5.773502691896258e-01 -5.773502691896258e-01 -5.773502691896258e-01	 7.071067811865476e-01  0.000000000000000e+00 -7.071067811865476e-01	 1.580785037041196e+03  0.000000000000000e+00 -1.580785037041196e+03	1	0	0.000000000000000e+00	0.000000000000000e+00	0.000000000000000e+00
11	-5.773502691896258e-01 -5.773502691896258e-01 -5.773502691896258e-01	 0.000000000000000e+00  7.071067811865476e-01 -7.071067811865476e-01	 0.000000000000000e+00  1.161628741609527e+03 -1.161628741609527e+03	1	0	0.000000000000000e+00	0.000000000000000e+00	0.000000000000000e+00
12	-5.773502691896258e-01 -5.773502691896258e-01 -5.773502691896258e-01	-7.071067811865476e-01  7.071067811865476e-01  0.000000000000000e+00	-1.662768775266123e+02  1.662768775266123e+02  0.000000000000000e+00	1	0	0.000000000000000e+00	0.000000000000000e+00	0.000000000000000e+00
13	5.773502691896258e-01 5.773502691896258e-01 5.773502691896258e-01	0.000000000000000e+00 0.000000000000000e+00 0.000000000000000e+00	-2.170837012152994e+02  1.154700538379251e+02  5.877425740350395e+02	1	1	0.000000000000000e+00	0.000000000000000e+00	0.000000000000000e+00
14	-5.773502691896258e-01  5.773502691896258e-01 -5.773502691896258e-01	 7.071067811865476e-01  0.000000000000000e+00 -7.071067811865476e-01	-5.328942984620248e+02  0.000000000000000e+00  5.328942984620248e+02	1	0	0.000000000000000e+00	0.000000000000000e+00	0.000000000000000e+00
15	-5.773502691896258e-01  5.773502691896258e-01 -5.773502691896258e-01	-3.124842898819631e-18  7.071067811865476e-01  7.071067811865476e-01	 8.547268868455420e-16 -1.934123401785247e+02 -1.934123401785247e+02	1	0	0.000000000000000e+00	0.000000000000000e+00	0.000000000000000e+00
16	-5.773502691896258e-01  5.773502691896258e-01 -5.773502691896258e-01	 7.071067811865476e-01  7.071067811865476e-01 -3.124842898819631e-18	 5.519468573452824e+02  5.519468573452824e+02 -2.439160906938323e-15	1	0	0.000000000000000e+00	0.000000000000000e+00	0.000000000000000e+00
17	-5.773502691896258e-01  5.773502691896258e-01 -5.773502691896258e-01	-7.071067811865476e-01  0.000000000000000e+00  7.071067811865476e-01	 1.412198758437825e+03  0.000000000000000e+00 -1.412198758437825e+03	1	0	0.000000000000000e+00	0.000000000000000e+00	0.000000000000000e+00
18	-5.773502691896258e-01  5.773502691896258e-01 -5.773502691896258e-01	-3.124842898819631e-18  7.071067811865476e-01  7.071067811865476e-01	 9.389238637586849e-16 -2.124648990617823e+02 -2.124648990617823e+02	1	0	0.000000000000000e+00	0.000000000000000e+00	0.000000000000000e+00
19	-5.773502691896258e-01  5.773502691896258e-01 -5.773502691896258e-01	-7.071067811865476e-01 -7.071067811865476e-01  3.124842898819631e-18	-7.851963660978913e+01 -7.851963660978913e+01  3.469936018238618e-16	1	0	0.000000000000000e+00	0.000000000000000e+00	0.000000000000000e+00
20	 5.773502691896258e-01 -5.773502691896258e-01  5.773502691896258e-01	0.000000000000000e+00 0.000000000000000e+00 0.000000000000000e+00	-7.597929542535472e+02  6.027536810339691e+02  3.059956426705008e+02	1	1	0.000000000000000e+00	0.000000000000000e+00	0.000000000000000e+00
0	0	1	0
6	0	1	0
5	5	0	0
6	5	0	0
0	6	0	0
5	0	6	0
1	1	2	0
6	1	2	0
0	1	7	0
1	7	1	0
2	2	3	0
6	2	3	0
1	2	8	0
2	8	2	0
3	3	4	0
6	3	4	0
2	3	9	0
3	9	3	0
4	4	5	0
6	4	5	0
3	4	10	0
4	10	4	0
4	5	11	0
5	11	5	0
5	6	66	0
0	67	6	0
0	7	42	0
1	68	7	0
2	69	8	0
1	8	70	0
2	9	71	0
3	72	9	0
3	10	38	0
4	73	10	0
5	74	11	0
4	11	75	0
7	12	13	0
13	12	13	0
12	17	12	0
13	17	12	0
7	18	12	0
12	12	18	0
8	13	14	0
13	13	14	0
7	13	19	0
8	19	13	0
9	14	15	0
13	14	15	0
8	14	20	0
9	20	14	0
10	15	16	0
13	15	16	0
9	15	21	0
10	21	15	0
11	16	17	0
13	16	17	0
10	16	22	0
11	22	16	0
11	17	23	0
12	23	17	0
7	76	18	0
12	18	110	0
7	19	78	0
8	79	19	0
8	20	80	0
9	111	20	0
10	83	21	0
9	21	112	0
10	22	84	0
11	85	22	0
11	23	87	0
12	113	23	0
14	24	25	0
20	24	25	0
19	29	24	0
20	29	24	0
14	30	24	0
19	24	30	0
15	25	26	0
20	25	26	0
14	25	31	0
15	31	25	0
16	26	27	0
20	26	27	0
15	26	32	0
16	32	26	0
17	27	28	0
20	27	28	0
16	27	33	0
17	33	27	0
18	28	29	0
20	28	29	0
17	28	34	0
18	34	28	0
18	29	35	0
19	35	29	0
14	88	30	0
19	30	89	0
14	31	90	0
15	91	31	0
16	40	32	0
15	32	92	0
17	93	33	0
16	33	94	0
17	34	95	0
18	96	34	0
19	36	35	0
18	35	97	0
19	98	36	0
15	36	99	0
15	100	36	0
1	38	101	0
1	102	38	0
3	38	103	0
16	104	40	0
18	40	105	0
18	106	40	0
0	42	107	0
4	42	108	0
4	109	42	0
5	66	44	0
5	44	74	0
0	45	67	0
0	107	45	0
1	46	68	0
1	101	46	0
2	47	69	0
2	71	47	0
1	70	48	0
1	48	102	0
3	49	72	0
3	103	49	0
4	50	73	0
4	108	50	0
4	75	51	0
4	51	109	0
7	52	76	0
7	78	52	0
12	114	53	0
12	53	115	0
8	54	79	0
8	80	54	0
9	55	116	0
9	117	55	0
10	56	83	0
10	84	56	0
11	57	85	0
11	87	57	0
14	58	88	0
14	90	58	0
19	89	59	0
19	59	98	0
15	60	91	0
15	99	60	0
15	92	61	0
15	61	100	0
17	62	93	0
17	95	62	0
16	94	63	0
16	63	104	0
18	64	96	0
18	105	64	0
18	97	65	0
18	65	106	0
12	110	77	0
12	77	114	0
9	81	111	0
9	116	81	0
9	112	82	0
9	82	117	0
12	86	113	0
12	115	86	0
