114
21
172
0	1.570392732195782e+03 3.025315410553647e+02 8.256108849411653e+02	0.000000000000000e+00 0.000000000000000e+00 0.000000000000000e+00	1.000000000000000e+00	0	0	0
1	 1.130451827073287e+03 -5.773502691896260e+02  1.265551790063660e+03	0.000000000000000e+00 0.000000000000000e+00 0.000000000000000e+00	1.000000000000000e+00	0	0	1
2	-1.974537920628516e+02 -1.241303078757696e+03  6.015989804955904e+02	0.000000000000000e+00 0.000000000000000e+00 0.000000000000000e+00	1.000000000000000e+00	0	0	2
3	 2.032272947547480e+02 -1.641984165575296e+03  1.402961154130791e+03	0.000000000000000e+00 0.000000000000000e+00 0.000000000000000e+00	1.000000000000000e+00	0	0	3
4	 6.431681998772439e+02 -7.621023553303065e+02  9.630202490082960e+02	0.000000000000000e+00 0.000000000000000e+00 0.000000000000000e+00	1.000000000000000e+00	0	0	4
5	 1.971073819013383e+03 -9.814954576223676e+01  1.626973058576365e+03	0.000000000000000e+00 0.000000000000000e+00 0.000000000000000e+00	1.000000000000000e+00	0	0	5
6	1.570240481521907e+03 3.026837917292392e+02 8.257631356150398e+02	-1.102137248381041e-04  1.110448356484994e-04  1.099048531614244e-04	1.000000000000000e+00	0	0	6
7	 1.130193118054463e+03 -5.770915601708020e+02  1.265810499082484e+03	-2.358337854578470e-04  2.358337854578470e-04  2.358337854578470e-04	1.000000000000000e+00	0	0	7
8	-1.972976878175056e+02 -1.241459183003042e+03  6.014428762502444e+02	 1.112209793063812e-04 -1.114151455112733e-04 -1.114065453293733e-04	1.000000000000000e+00	0	0	8
9	 2.032232676288226e+02 -1.641980138449370e+03  1.402965181256716e+03	-1.759812221280299e-06  1.706919306343480e-06  1.809676859920728e-06	1.000000000000000e+00	0	0	9
10	 6.432684080265061e+02 -7.622025634795688e+02  9.629200408590337e+02	 1.236014795722440e-04 -1.253631198778749e-04 -1.288143103010952e-04	1.000000000000000e+00	0	0	10
11	 1.971107096896300e+03 -9.818282364515306e+01  1.626939780693449e+03	 2.524970477679744e-05 -2.520304406061769e-05 -2.519220834074076e-05	1.000000000000000e+00	0	0	11
12	-2.170837012152994e+02  1.154700538379251e+02  5.877425740350395e+02	0.000000000000000e+00 0.000000000000000e+00 0.000000000000000e+00	1.000000000000000e+00	12	0	12
13	 1.408734656822689e+02 -6.004442799572098e+02  9.456997409326077e+02	0.000000000000000e+00 0.000000000000000e+00 0.000000000000000e+00	1.000000000000000e+00	12	0	13
14	 9.214510296266424e+02 -9.907330619293978e+02  5.554109589604201e+02	0.000000000000000e+00 0.000000000000000e+00 0.000000000000000e+00	1.000000000000000e+00	12	0	14
15	 1.853294364098699e+03 -5.888972745734176e+01 -1.308275709983692e+03	0.000000000000000e+00 0.000000000000000e+00 0.000000000000000e+00	1.000000000000000e+00	12	0	15
16	 1.495337197201131e+03  6.570246063377946e+02 -1.666232876881260e+03	0.000000000000000e+00 0.000000000000000e+00 0.000000000000000e+00	1.000000000000000e+00	12	0	16
17	 7.147596332567570e+02  1.047313388309982e+03 -1.275944094909073e+03	0.000000000000000e+00 0.000000000000000e+00 0.000000000000000e+00	1.000000000000000e+00	12	0	17
18	-2.174342923607228e+02  1.151194626925017e+02  5.873919828896162e+02	-2.490901776279013e-04 -2.490901776279013e-04 -2.490901776279013e-04	1.000000000000000e+00	12	0	18
19	 1.413857147870480e+02 -5.999320308524308e+02  9.462119900373867e+02	3.610668160642187e-04 3.610668160642187e-04 3.610668160642187e-04	1.000000000000000e+00	12	0	19
20	 9.215504533496038e+02 -9.906336382064363e+02  5.555103826833815e+02	7.573062612209469e-05 7.450898556271568e-05 7.474117592209950e-05	1.000000000000000e+00	12	0	20
21	 1.853465810132950e+03 -5.871828142309105e+01 -1.308104263949442e+03	1.228853216161951e-04 1.228255860041827e-04 1.228865003213286e-04	1.000000000000000e+00	12	0	21
22	 1.495796510010960e+03  6.574839191476236e+02 -1.665773564071431e+03	3.309434784265856e-04 3.309434784265856e-04 3.309434784265856e-04	1.000000000000000e+00	12	0	22
23	 7.167079338858899e+02  1.049261688939115e+03 -1.273995794279940e+03	1.380166892583172e-03 1.380166892583172e-03 1.380166892583172e-03	1.000000000000000e+00	12	0	23
24	-7.597929542535472e+02  6.027536810339691e+02  3.059956426705008e+02	0.000000000000000e+00 0.000000000000000e+00 0.000000000000000e+00	1.000000000000000e+00	24	0	24
25	-1.191650955607388e+03 -2.609623216737101e+02 -1.258623586833382e+02	0.000000000000000e+00 0.000000000000000e+00 0.000000000000000e+00	1.000000000000000e+00	24	0	25
26	 5.126870390403868e+02  5.912066756501777e+02 -9.780313560072266e+02	0.000000000000000e+00 0.000000000000000e+00 0.000000000000000e+00	1.000000000000000e+00	24	0	26
27	 9.572467463163994e+02  1.466469683741651e+02 -1.867150770559250e+03	0.000000000000000e+00 0.000000000000000e+00 0.000000000000000e+00	1.000000000000000e+00	24	0	27
28	 1.389104747670240e+03  1.010362971081845e+03 -1.435292769205410e+03	0.000000000000000e+00 0.000000000000000e+00 0.000000000000000e+00	1.000000000000000e+00	24	0	28
29	-3.152332469775362e+02  1.581939737579582e+02 -5.831237718815206e+02	0.000000000000000e+00 0.000000000000000e+00 0.000000000000000e+00	1.000000000000000e+00	24	0	29
30	-7.598980762423588e+02  6.028588030227808e+02  3.058905206816892e+02	-7.460423512384295e-05  7.462048233719543e-05 -7.416897278744727e-05	1.000000000000000e+00	24	0	30
31	-1.191854053742978e+03 -2.607592235381199e+02 -1.260654568189284e+02	-1.457171165384352e-04  1.453552686143667e-04 -1.457183971069753e-04	1.000000000000000e+00	24	0	31
32	 5.053649063190553e+02  5.985288083715092e+02 -9.853534887285581e+02	-4.245718164990346e-03  4.245718164990346e-03 -4.245718164990346e-03	1.000000000000000e+00	24	0	32
33	 9.564498661194889e+02  1.474438485710755e+02 -1.867947650756160e+03	-5.728569036970536e-04  5.728569036970536e-04 -5.728569036970536e-04	1.000000000000000e+00	24	0	33
34	 1.387597716284447e+03  1.011870002467637e+03 -1.436799800591202e+03	-1.086090225726366e-03  1.086090225726366e-03 -1.086090225726366e-03	1.000000000000000e+00	24	0	34
35	-3.099676676895836e+02  1.529283944700056e+02 -5.778581925935681e+02	 5.510928109288216e-03 -5.510928109288216e-03  5.510928109288216e-03	1.000000000000000e+00	24	0	35
36	-3.293340003879823e+02  1.722947271684043e+02 -5.591194075254519e+02	-1.510732341557741e-03  1.510732341557741e-03 -1.510732341557741e-03	1.000000000000000e+00	24	0	36
38	 6.036334026663528e+02 -8.403470130340995e+02  1.002555046219187e+03	-2.034966455539688e-04  2.034966455539688e-04  2.034966455539688e-04	1.000000000000000e+00	0	0	38
40	 5.275061346332413e+02  5.763875800573234e+02 -1.001317378180888e+03	 1.193187684596827e-03 -1.193187684596827e-03  1.193187684596827e-03	1.000000000000000e+00	24	0	40
42	 1.169777601921468e+03 -4.988965891231231e+02  1.226226015215479e+03	 5.672914630849846e-05 -5.592092202277854e-05 -5.605308251688257e-05	1.000000000000000e+00	0	0	42
44	1.770757741818583e+03 1.021665314325642e+02 1.226267517841282e+03	 1.814180177461822e-05 -1.814180177461822e-05 -1.812366645026486e-05	1.000000000000000e+00	0	0	44
45	 1.369667707692492e+03 -9.776526120961722e+01  1.026335909444456e+03	-2.786047116387635e-04  2.783214149530977e-04  2.786047116387635e-04	1.000000000000000e+00	0	0	45
46	 8.667111479957324e+02 -7.085173388636817e+02  1.134384720389604e+03	-4.343896289356053e-04  4.341094172559679e-04  4.341094172559679e-04	1.000000000000000e+00	0	0	46
47	 3.023765877351267e+00 -1.441780636697899e+03  1.002143068961880e+03	 9.794645302463323e-05 -9.794645302463323e-05 -9.792407217901200e-05	1.000000000000000e+00	0	0	47
48	 2.035077963306877e+02 -1.041242860212243e+03  8.016591990410432e+02	 1.975028717424721e-04 -1.972536992980167e-04 -1.972536992980167e-04	1.000000000000000e+00	0	0	48
49	 4.033878084082937e+02 -1.241123273313921e+03  1.202800640477246e+03	-1.286629121750593e-04  1.283426972804591e-04  1.286629121750593e-04	1.000000000000000e+00	0	0	49
50	 9.070524199805141e+02 -6.310780067950086e+02  1.094044597543594e+03	 5.363376694731414e-04 -5.347105325199664e-04 -5.347105325199664e-04	1.000000000000000e+00	0	0	50
51	 1.570535017681588e+03 -2.986323291423096e+02  1.426490275196293e+03	 1.051578947226517e-04 -1.050902719725855e-04 -1.050902719725855e-04	1.000000000000000e+00	0	0	51
52	-3.796451853560326e+01 -2.423464939352875e+02  7.668617567147354e+02	1.022740543703549e-04 1.023056393023580e-04 1.022740543703549e-04	1.000000000000000e+00	12	0	52
53	 2.489051494611927e+02  5.814589045144172e+02 -3.440335720999227e+02	2.632697942317463e-05 2.632697942317463e-05 2.633576877997257e-05	1.000000000000000e+00	12	0	53
54	 5.311305980036790e+02 -7.956193258766659e+02  7.505246950131524e+02	-1.503435851191171e-05 -1.361005888611544e-05 -1.361005888611544e-05	1.000000000000000e+00	12	0	54
55	 1.387384722657031e+03 -5.247993688990100e+02 -3.764203469715249e+02	1.017136310110800e-05 1.017136310110800e-05 1.017569411487784e-05	1.000000000000000e+00	12	0	55
56	 1.674722941061035e+03  2.994744007303012e+02 -1.486847133021357e+03	2.870561438612640e-04 2.867742441594601e-04 2.870561438612640e-04	1.000000000000000e+00	12	0	56
57	 1.103310622153990e+03  8.504088762790368e+02 -1.472848606940018e+03	-1.204281346872449e-03 -1.235065399669111e-03 -1.235065399669111e-03	1.000000000000000e+00	12	0	57
58	-9.760318090474645e+02  1.712058283884700e+02  8.975678787658512e+01	-2.168580103898421e-04  2.172740205423906e-04 -2.168580103898421e-04	1.000000000000000e+00	24	0	58
59	-5.439775780626760e+02  3.869383048430977e+02 -1.259761030824790e+02	-7.829478272469714e-05  7.829478272469714e-05 -7.845780055504292e-05	1.000000000000000e+00	24	0	59
60	-7.600239179229156e+02 -4.480262484624415e+01 -3.420220555108053e+02	-1.712299563223496e-04  1.708182389847934e-04 -1.708182389847934e-04	1.000000000000000e+00	24	0	60
61	 8.569158120512958e+01  3.876740384600049e+02 -7.744987188170543e+02	-3.011624095961452e-03  2.983441809192300e-03 -2.983441809192300e-03	1.000000000000000e+00	24	0	61
62	 1.172983748042936e+03  5.786965442859296e+02 -1.651413768832714e+03	-2.014557539951056e-04  2.000697859330103e-04 -2.014557539951056e-04	1.000000000000000e+00	24	0	62
63	 7.399147517825174e+02  3.639789629080474e+02 -1.436695339165487e+03	-1.006945734843612e-03  1.006945734843612e-03 -1.006359583698213e-03	1.000000000000000e+00	24	0	63
64	 9.581708217784603e+02  7.935185413175750e+02 -1.218448339441140e+03	 6.484548794105649e-04 -6.362454150803387e-04  6.362454150803387e-04	1.000000000000000e+00	24	0	64
65	 1.117553174399334e+02  3.616171516075237e+02 -7.865469497310885e+02	 3.009347943589091e-03 -3.032717388123274e-03  3.032717388123274e-03	1.000000000000000e+00	24	0	65
66	1.670659158087108e+03 2.022651151640391e+02 1.025855168615059e+03	 7.047833059914410e-05 -7.047833059914410e-05 -7.063602970447391e-05	1.000000000000000e+00	0	0	66
67	1.469783385940255e+03 1.026304791991130e+02 9.262202311966928e+02	-3.183432854712009e-04  3.189380804542452e-04  3.183432854712009e-04	1.000000000000000e+00	0	0	67
68	 9.984155296378244e+02 -6.427673032301859e+02  1.200134756023100e+03	-3.701115492731333e-04  3.709709562826902e-04  3.709709562826902e-04	1.000000000000000e+00	0	0	68
69	-9.715345299314866e+01 -1.341603417827399e+03  8.018094636450205e+02	 9.218394552590325e-05 -9.218394552590325e-05 -9.217415936291218e-05	1.000000000000000e+00	0	0	69
70	 3.188014233274231e+00 -1.141434188042504e+03  7.014678712107821e+02	 2.132196968887001e-04 -2.133862144546583e-04 -2.133862144546583e-04	1.000000000000000e+00	0	0	70
71	 1.031529011961666e+02 -1.541909772016714e+03  1.202524780771751e+03	 7.005043153185397e-05 -7.005043153185397e-05 -6.998049502726644e-05	1.000000000000000e+00	0	0	71
72	 3.032928713709318e+02 -1.441538994280076e+03  1.302895577514608e+03	-7.455617014784366e-05  7.445991650456563e-05  7.455617014784366e-05	1.000000000000000e+00	0	0	72
73	 7.755265884843093e+02 -6.970091429136942e+02  1.028113461424908e+03	 6.003744201734662e-04 -6.039121071808040e-04 -6.039121071808040e-04	1.000000000000000e+00	0	0	73
74	1.870889505421350e+03 2.034767829796506e+00 1.426646560479795e+03	-1.019079354591668e-05  1.019079354591668e-05  1.019607225316577e-05	1.000000000000000e+00	0	0	74
75	 1.770843510612960e+03 -1.984300086261137e+02  1.526692595712489e+03	 8.205582707887515e-05 -8.199067815439776e-05 -8.199067815439776e-05	1.000000000000000e+00	0	0	75
76	-1.274502035799558e+02 -6.336400648290907e+01  6.773760716703829e+02	9.970872633857653e-05 1.001540149445646e-04 9.970872633857653e-05	1.000000000000000e+00	12	0	76
77	1.553587093541234e+01 3.480896259886369e+02 1.214787461324818e+02	-2.459233510307968e-04 -2.459233510307968e-04 -2.472101186867803e-04	1.000000000000000e+00	12	0	77
78	 5.156387498710126e+01 -4.212856851255108e+02  8.563901502374399e+02	1.323712203884497e-04 1.328184735029936e-04 1.323712203884497e-04	1.000000000000000e+00	12	0	78
79	 3.361085395667744e+02 -6.979265002428710e+02  8.482175206469472e+02	7.102258678060025e-05 7.000716868788004e-05 7.000716868788004e-05	1.000000000000000e+00	12	0	79
80	 7.268841022649419e+02 -8.925831068963718e+02  6.535609139934464e+02	4.064021923113614e-04 4.068127309437841e-04 4.068127309437841e-04	1.000000000000000e+00	12	0	80
81	 1.154385475293824e+03 -7.577986162622169e+02  8.946289422043927e+01	-1.812721893656999e-05 -1.812721893656999e-05 -1.814044480852317e-05	1.000000000000000e+00	12	0	81
82	 1.620444748527468e+03 -2.917393430285733e+02 -8.422427812143166e+02	8.077833626884967e-05 8.077833626884967e-05 8.084098226390779e-05	1.000000000000000e+00	12	0	82
83	 1.764049837183289e+03  1.203333588052831e+02 -1.397520236899103e+03	1.741158193908632e-04 1.737455313559622e-04 1.741158193908632e-04	1.000000000000000e+00	12	0	83
84	 1.585213162528597e+03  4.784326549035547e+02 -1.576356911553794e+03	2.750890271272510e-04 2.750225830823183e-04 2.750890271272510e-04	1.000000000000000e+00	12	0	84
85	 1.301197604905431e+03  7.555972357472260e+02 -1.567660247471829e+03	4.971610032953322e-04 4.861334746237844e-04 4.861334746237844e-04	1.000000000000000e+00	12	0	85
86	 4.818953979228038e+02  8.144491529760284e+02 -8.099252882951066e+02	6.360275438055396e-05 6.360275438055396e-05 6.443056918215007e-05	1.000000000000000e+00	12	0	86
87	 9.120606694862975e+02  9.518755360456294e+02 -1.371381947173425e+03	1.525016501545906e-03 1.493540592491627e-03 1.493540592491627e-03	1.000000000000000e+00	12	0	87
88	-8.678397826261728e+02  3.869071534080306e+02  1.979488142978769e+02	-5.508851609192789e-05  5.529370901058428e-05 -5.508851609192789e-05	1.000000000000000e+00	24	0	88
89	-6.521824925442202e+02  4.951432193246418e+02  8.971262296278283e+01	-2.509829355403781e-04  2.509829355403781e-04 -2.509535988792777e-04	1.000000000000000e+00	24	0	89
90	-1.084070179724622e+03 -4.464974491922709e+01 -1.828158280057209e+01	-2.714042493607849e-04  2.711957204155624e-04 -2.714042493607849e-04	1.000000000000000e+00	24	0	90
91	-9.758177650566148e+02 -1.529020525732096e+02 -2.339226277838399e+02	-7.143709808588028e-05  7.137456850614399e-05 -7.137456850614399e-05	1.000000000000000e+00	24	0	91
92	 2.951417724708848e+02  4.935078385846699e+02 -8.803325189417193e+02	-3.199150087311864e-03  3.187193535268307e-03 -3.187193535268307e-03	1.000000000000000e+00	24	0	92
93	 1.064706155248211e+03  3.630821691124364e+02 -1.759691361627439e+03	-3.607524267863482e-04  3.622656222432852e-04 -3.607524267863482e-04	1.000000000000000e+00	24	0	93
94	 8.479659164250633e+02  2.559277982655016e+02 -1.652540711900936e+03	-9.444537572562695e-04  9.444537572562695e-04 -9.482135646976531e-04	1.000000000000000e+00	24	0	94
95	 1.279373873732535e+03  7.961842589374971e+02 -1.545023643143115e+03	-1.500529120676219e-03  1.474489690735936e-03 -1.500529120676219e-03	1.000000000000000e+00	24	0	95
96	 1.172402890906019e+03  9.031710698727761e+02 -1.328100867996341e+03	-5.550783826038241e-04  5.545936874113977e-04 -5.545936874113977e-04	1.000000000000000e+00	24	0	96
97	-9.893506207479655e+01  2.570600010566253e+02 -6.819897991801899e+02	 4.168347455561161e-03 -4.213896114379168e-03  4.213896114379168e-03	1.000000000000000e+00	24	0	97
98	-4.353966692352940e+02  2.783573960157158e+02 -3.412916876158425e+02	 3.604812663979828e-04 -3.604812663979828e-04  3.539881436154246e-04	1.000000000000000e+00	24	0	98
99	-5.442928198455959e+02  6.335887067283154e+01 -4.501835510298810e+02	-3.460850566625595e-04  3.428695781622082e-04 -3.428695781622082e-04	1.000000000000000e+00	24	0	99
100	-1.239281751768518e+02  2.819787129776554e+02 -6.688033933347048e+02	-4.313119221478701e-03  4.131574649363756e-03 -4.131574649363756e-03	1.000000000000000e+00	24	0	100
101	 7.351969065006659e+02 -7.744571150763304e+02  1.068444944176956e+03	-3.321375697851181e-04  3.313563065603375e-04  3.313563065603375e-04	1.000000000000000e+00	0	0	101
102	 4.036478106617367e+02 -9.408720181656465e+02  9.020300410876396e+02	 5.663029514835216e-05 -5.631666863337159e-05 -5.631666863337159e-05	1.000000000000000e+00	0	0	102
103	 5.033309421755223e+02 -1.040555322215470e+03  1.102857506710017e+03	-2.894905337598175e-04  2.895501675084233e-04  2.894905337598175e-04	1.000000000000000e+00	0	0	103
104	 6.321237870254967e+02  4.717699276650681e+02 -1.220579417413209e+03	-8.934520883485675e-04  8.934520883485675e-04 -8.717034943401814e-04	1.000000000000000e+00	24	0	104
105	 7.416978723197583e+02  6.860931061636427e+02 -1.111022904287207e+03	 3.291672619525343e-04 -3.224556276109070e-04  3.224556276109070e-04	1.000000000000000e+00	24	0	105
106	 3.225910348257861e+02  4.661951320076400e+02 -8.911249301312047e+02	 3.224847372621298e-03 -3.094838233664632e-03  3.094838233664632e-03	1.000000000000000e+00	24	0	106
107	 1.269579903064399e+03 -2.981885486939638e+02  1.126423714072548e+03	-2.211446844739839e-04  2.204441552748904e-04  2.211446844739839e-04	1.000000000000000e+00	0	0	107
108	 1.038530063664286e+03 -5.651014884497306e+02  1.160021115888872e+03	 4.023641813546419e-04 -3.999743203166872e-04 -3.999743203166872e-04	1.000000000000000e+00	0	0	108
109	 1.370246462205857e+03 -3.988547097438393e+02  1.326267894594763e+03	 1.447263930458575e-04 -1.448368857381865e-04 -1.448368857381865e-04	1.000000000000000e+00	0	0	109
110	-1.013554831988331e+02  2.311982718543914e+02  3.540296672910602e+02	-5.350901628844440e-04 -5.350901628844440e-04 -5.349033162929118e-04	1.000000000000000e+00	12	0	110
111	 1.037833078649221e+03 -8.743510129068204e+02  3.223518349276669e+02	-6.795180524932221e-05 -6.795180524932221e-05 -6.784163997508585e-05	1.000000000000000e+00	12	0	111
112	 1.736984152765621e+03 -1.751999387904202e+02 -1.075144640069565e+03	1.222115824930370e-04 1.222115824930370e-04 1.222555001731962e-04	1.000000000000000e+00	12	0	112
113	 5.993127662334147e+02  9.318665212866391e+02 -1.041943563673814e+03	7.375884451903403e-04 7.375884451903403e-04 7.463552174158394e-04	1.000000000000000e+00	12	0	113
114	 1.324044033069192e+02  4.649581583601438e+02 -1.110930808040536e+02	2.529429912101477e-05 2.529429912101477e-05 2.526906428101938e-05	1.000000000000000e+00	12	0	114
115	 3.653229861363603e+02  6.978767411895849e+02 -5.770569946695675e+02	-3.798711622948758e-05 -3.798711622948758e-05 -3.800005288212560e-05	1.000000000000000e+00	12	0	115
116	 1.270886440225380e+03 -6.412976513306612e+02 -1.434773824171388e+02	-3.022127657459350e-06 -3.022127657459350e-06 -3.022932105523068e-06	1.000000000000000e+00	12	0	116
117	 1.503902269928928e+03 -4.082818216271132e+02 -6.093440355640665e+02	3.681722591863945e-05 3.681722591863945e-05 3.684268813231029e-05	1.000000000000000e+00	12	0	117
0	-5.773502691896258e-01  5.773502691896258e-01  5.773502691896258e-01	-7.071067811865476e-01  3.124842898819631e-18 -7.071067811865476e-01	 1.198001808568474e+03 -5.294203851356715e-15  1.198001808568474e+03	1	0	0.000000000000000e+00	0.000000000000000e+00	0.000000000000000e+00
1	-5.773502691896258e-01  5.773502691896258e-01  5.773502691896258e-01	 0.000000000000000e+00  7.071067811865476e-01 -7.071067811865476e-01	 0.000000000000000e+00 -9.214510296266430e+02  9.214510296266430e+02	1	0	0.000000000000000e+00	0.000000000000000e+00	0.000000000000000e+00
2	-5.773502691896258e-01  5.773502691896258e-01  5.773502691896258e-01	 7.071067811865476e-01  7.071067811865476e-01 -3.124842898819631e-18	-7.193784354102739e+02 -7.193784354102739e+02  3.179073734356852e-15	1	0	0.000000000000000e+00	0.000000000000000e+00	0.000000000000000e+00
3	-5.773502691896258e-01  5.773502691896258e-01  5.773502691896258e-01	 7.071067811865476e-01 -3.124842898819631e-18  7.071067811865476e-01	 8.030942244427697e+02 -3.549030148066116e-15  8.030942244427697e+02	1	0	0.000000000000000e+00	0.000000000000000e+00	0.000000000000000e+00
4	-5.773502691896258e-01  5.773502691896258e-01  5.773502691896258e-01	 0.000000000000000e+00  7.071067811865476e-01 -7.071067811865476e-01	 0.000000000000000e+00 -8.625613021693013e+02  8.625613021693013e+02	1	0	0.000000000000000e+00	0.000000000000000e+00	0.000000000000000e+00
5	-5.773502691896258e-01  5.773502691896258e-01  5.773502691896258e-01	-7.071067811865476e-01 -7.071067811865476e-01  3.124842898819631e-18	 9.364621366255734e+02  9.364621366255734e+02 -4.138408986458117e-15	1	0	0.000000000000000e+00	0.000000000000000e+00	0.000000000000000e+00
6	 5.773502691896258e-01 -5.773502691896258e-01 -5.773502691896258e-01	0.000000000000000e+00 0.000000000000000e+00 0.000000000000000e+00	1.570392732195782e+03 3.025315410553647e+02 8.256108849411653e+02	1	1	0.000000000000000e+00	0.000000000000000e+00	0.000000000000000e+00
7	-5.773502691896258e-01 -5.773502691896258e-01 -5.773502691896258e-01	-7.071067811865476e-01  0.000000000000000e+00  7.071067811865476e-01	-4.024131376251693e+02  0.000000000000000e+00  4.024131376251693e+02	1	0	0.000000000000000e+00	0.000000000000000e+00	0.000000000000000e+00
8	-5.773502691896258e-01 -5.773502691896258e-01 -5.773502691896258e-01	 0.000000000000000e+00 -7.071067811865476e-01  7.071067811865476e-01	 0.000000000000000e+00 -7.730720104449091e+02  7.730720104449091e+02	1	0	0.000000000000000e+00	0.000000000000000e+00	0.000000000000000e+00
9	-5.773502691896258e-01 -5.773502691896258e-01 -5.773502691896258e-01	 7.071067811865476e-01 -7.071067811865476e-01  0.000000000000000e+00	 9.560920457780206e+02 -9.560920457780206e+02  0.000000000000000e+00	1	0	0.000000000000000e+00	0.000000000000000e+00	0.000000000000000e+00
10	-5.773502691896258e-01 -5.773502691896258e-01 -5.773502691896258e-01	 7.071067811865476e-01  0.000000000000000e+00 -7.071067811865476e-01	 1.580785037041196e+03  0.000000000000000e+00 -1.580785037041196e+03	1	0	0.000000000000000e+00	0.000000000000000e+00	0.000000000000000e+00
11	-5.773502691896258e-01 -5.773502691896258e-01 -5.773502691896258e-01	 0.000000000000000e+00  7.071067811865476e-01 -7.071067811865476e-01	 0.000000000000000e+00  1.161628741609527e+03 -1.161628741609527e+03	1	0	0.000000000000000e+00	0.000000000000000e+00	0.000000000000000e+00
12	-5.773502691896258e-01 -5.773502691896258e-01 -5.773502691896258e-01	-7.071067811865476e-01  7.071067811865476e-01  0.000000000000000e+00	-1.662768775266123e+02  1.662768775266123e+02  0.000000000000000e+00	1	0	0.000000000000000e+00	0.000000000000000e+00	0.000000000000000e+00
13	5.773502691896258e-01 5.773502691896258e-01 5.773502691896258e-01	0.000000000000000e+00 0.000000000000000e+00 0.000000000000000e+00	-2.170837012152994e+02  1.154700538379251e+02  5.877425740350395e+02	1	1	0.000000000000000e+00	0.000000000000000e+00	0.000000000000000e+00
14	-5.773502691896258e-01  5.773502691896258e-01 -5.773502691896258e-01	 7.071067811865476e-01  0.000000000000000e+00 -7.071067811865476e-01	-5.328942984620248e+02  0.000000000000000e+00  5.328942984620248e+02	1	0	0.000000000000000e+00	0.000000000000000e+00	0.000000000000000e+00
15	-5.773502691896258e-01  5.773502691896258e-01 -5.773502691896258e-01	-3.124842898819631e-18  7.071067811865476e-01  7.071067811865476e-01	 8.547268868455420e-16 -1.934123401785247e+02 -1.934123401785247e+02	1	0	0.000000000000000e+00	0.000000000000000e+00	0.000000000000000e+00
16	-5.773502691896258e-01  5.773502691896258e-01 -5.773502691896258e-01	 7.071067811865476e-01  7.071067811865476e-01 -3.124842898819631e-18	 5.519468573452824e+02  5.519468573452824e+02 -2.439160906938323e-15	1	0	0.000000000000000e+00	0.000000000000000e+00	0.000000000000000e+00
17	-5.773502691896258e-01  5.773502691896258e-01 -5.773502691896258e-01	-7.071067811865476e-01  0.000000000000000e+00  7.071067811865476e-01	 1.412198758437825e+03  0.000000000000000e+00 -1.412198758437825e+03	1	0	0.000000000000000e+00	0.000000000000000e+00	0.000000000000000e+00
18	-5.773502691896258e-01  5.773502691896258e-01 -5.773502691896258e-01	-3.124842898819631e-18  7.071067811865476e-01  7.071067811865476e-01	 9.389238637586849e-16 -2.124648990617823e+02 -2.124648990617823e+02	1	0	0.000000000000000e+00	0.000000000000000e+00	0.000000000000000e+00
19	-5.773502691896258e-01  5.773502691896258e-01 -5.773502691896258e-01	-7.071067811865476e-01 -7.071067811865476e-01  3.124842898819631e-18	-7.851963660978913e+01 -7.851963660978913e+01  3.469936018238618e-16	1	0	0.000000000000000e+00	0.000000000000000e+00	0.000000000000000e+00
20	 5.773502691896258e-01 -5.773502691896258e-01  5.773502691896258e-01	0.000000000000000e+00 0.000000000000000e+00 0.000000000000000e+00	-7.597929542535472e+02  6.027536810339691e+02  3.059956426705008e+02	1	1	0.000000000000000e+00	0.000000000000000e+00	0.000000000000000e+00
0	0	1	0
6	0	1	0
5	5	0	0
6	5	0	0
0	6	0	0
5	0	6	0
1	1	2	0
6	1	2	0
0	1	7	0
1	7	1	0
2	2	3	0
6	2	3	0
1	2	8	0
2	8	2	0
3	3	4	0
6	3	4	0
2	3	9	0
3	9	3	0
4	4	5	0
6	4	5	0
3	4	10	0
4	10	4	0
4	5	11	0
5	11	5	0
5	6	66	0
0	67	6	0
0	7	42	0
1	68	7	0
2	69	8	0
1	8	70	0
2	9	71	0
3	72	9	0
3	10	38	0
4	73	10	0
5	74	11	0
4	11	75	0
7	12	13	0
13	12	13	0
12	17	12	0
13	17	12	0
7	18	12	0
12	12	18	0
8	13	14	0
13	13	14	0
7	13	19	0
8	19	13	0
9	14	15	0
13	14	15	0
8	14	20	0
9	20	14	0
10	15	16	0
13	15	16	0
9	15	21	0
10	21	15	0
11	16	17	0
13	16	17	0
10	16	22	0
11	22	16	0
11	17	23	0
12	23	17	0
7	76	18	0
12	18	110	0
7	19	78	0
8	79	19	0
8	20	80	0
9	111	20	0
10	83	21	0
9	21	112	0
10	22	84	0
11	85	22	0
11	23	87	0
12	113	23	0
14	24	25	0
20	24	25	0
19	29	24	0
20	29	24	0
14	30	24	0
19	24	30	0
15	25	26	0
20	25	26	0
14	25	31	0
15	31	25	0
16	26	27	0
20	26	27	0
15	26	32	0
16	32	26	0
17	27	28	0
20	27	28	0
16	27	33	0
17	33	27	0
18	28	29	0
20	28	29	0
17	28	34	0
18	34	28	0
18	29	35	0
19	35	29	0
14	88	30	0
19	30	89	0
14	31	90	0
15	91	31	0
16	40	32	0
15	32	92	0
17	93	33	0
16	33	94	0
17	34	95	0
18	96	34	0
19	36	35	0
18	35	97	0
19	98	36	0
15	36	99	0
15	100	36	0
1	38	101	0
1	102	38	0
3	38	103	0
16	104	40	0
18	40	105	0
18	106	40	0
0	42	107	0
4	42	108	0
4	109	42	0
5	66	44	0
5	44	74	0
0	45	67	0
0	107	45	0
1	46	68	0
1	101	46	0
2	47	69	0
2	71	47	0
1	70	48	0
1	48	102	0
3	49	72	0
3	103	49	0
4	50	73	0
4	108	50	0
4	75	51	0
4	51	109	0
7	52	76	0
7	78	52	0
12	114	53	0
12	53	115	0
8	54	79	0
8	80	54	0
9	55	116	0
9	117	55	0
10	56	83	0
10	84	56	0
11	57	85	0
11	87	57	0
14	58	88	0
14	90	58	0
19	89	59	0
19	59	98	0
15	60	91	0
15	99	60	0
15	92	61	0
15	61	100	0
17	62	93	0
17	95	62	0
16	94	63	0
16	63	104	0
18	64	96	0
18	105	64	0
18	97	65	0
18	65	106	0
12	110	77	0
12	77	114	0
9	81	111	0
9	116	81	0
9	112	82	0
9	82	117	0
12	86	113	0
12	115	86	0
