114
21
172
0	1.570392732195782e+03 3.025315410553647e+02 8.256108849411653e+02	0.000000000000000e+00 0.000000000000000e+00 0.000000000000000e+00	1.000000000000000e+00	0	0	0
1	 1.130451827073287e+03 -5.773502691896260e+02  1.265551790063660e+03	0.000000000000000e+00 0.000000000000000e+00 0.000000000000000e+00	1.000000000000000e+00	0	0	1
2	-1.974537920628516e+02 -1.241303078757696e+03  6.015989804955904e+02	0.000000000000000e+00 0.000000000000000e+00 0.000000000000000e+00	1.000000000000000e+00	0	0	2
3	 2.032272947547480e+02 -1.641984165575296e+03  1.402961154130791e+03	0.000000000000000e+00 0.000000000000000e+00 0.000000000000000e+00	1.000000000000000e+00	0	0	3
4	 6.431681998772439e+02 -7.621023553303065e+02  9.630202490082960e+02	0.000000000000000e+00 0.000000000000000e+00 0.000000000000000e+00	1.000000000000000e+00	0	0	4
5	 1.971073819013383e+03 -9.814954576223676e+01  1.626973058576365e+03	0.000000000000000e+00 0.000000000000000e+00 0.000000000000000e+00	1.000000000000000e+00	0	0	5
6	1.570056187746925e+03 3.028680855042213e+02 8.259474293900219e+02	-1.139783125836402e-04  1.161443287855946e-04  1.130389500758611e-04	1.000000000000000e+00	0	0	6
7	 1.129670727071499e+03 -5.765691691878379e+02  1.266332890065448e+03	-4.167091974522918e-04  4.167091974522918e-04  4.167091974522918e-04	1.000000000000000e+00	0	0	7
8	-1.971154652014243e+02 -1.241641405619123e+03  6.012606536341630e+02	 1.105498449760489e-04 -1.109992736019194e-04 -1.109872537199408e-04	1.000000000000000e+00	0	0	8
9	 2.032225793682773e+02 -1.641979450188825e+03  1.402965869517262e+03	 9.430210639038705e-07 -1.089718807634199e-06 -7.953854606057575e-07	1.000000000000000e+00	0	0	9
10	 6.436182228573864e+02 -7.625523783104491e+02  9.625702260281535e+02	 3.165588908207913e-04 -3.165588908207913e-04 -3.165588908207913e-04	1.000000000000000e+00	0	0	10
11	 1.971151434724769e+03 -9.822716147362226e+01  1.626895442864980e+03	 2.898424099839758e-05 -2.885047069867142e-05 -2.881380169128533e-05	1.000000000000000e+00	0	0	11
12	-2.170837012152994e+02  1.154700538379251e+02  5.877425740350395e+02	0.000000000000000e+00 0.000000000000000e+00 0.000000000000000e+00	1.000000000000000e+00	12	0	12
13	 1.408734656822689e+02 -6.004442799572098e+02  9.456997409326077e+02	0.000000000000000e+00 0.000000000000000e+00 0.000000000000000e+00	1.000000000000000e+00	12	0	13
14	 9.214510296266424e+02 -9.907330619293978e+02  5.554109589604201e+02	0.000000000000000e+00 0.000000000000000e+00 0.000000000000000e+00	1.000000000000000e+00	12	0	14
15	 1.853294364098699e+03 -5.888972745734176e+01 -1.308275709983692e+03	0.000000000000000e+00 0.000000000000000e+00 0.000000000000000e+00	1.000000000000000e+00	12	0	15
16	 1.495337197201131e+03  6.570246063377946e+02 -1.666232876881260e+03	0.000000000000000e+00 0.000000000000000e+00 0.000000000000000e+00	1.000000000000000e+00	12	0	16
17	 7.147596332567570e+02  1.047313388309982e+03 -1.275944094909073e+03	0.000000000000000e+00 0.000000000000000e+00 0.000000000000000e+00	1.000000000000000e+00	12	0	17
18	-2.178392759415708e+02  1.147144791116537e+02  5.869869993087682e+02	-2.446140424581245e-04 -2.446140424581245e-04 -2.446140424581245e-04	1.000000000000000e+00	12	0	18
19	 1.419691048544038e+02 -5.993486407850750e+02  9.467953801047425e+02	3.506600332912058e-04 3.506600332912058e-04 3.506600332912058e-04	1.000000000000000e+00	12	0	19
20	 9.216805148665958e+02 -9.905035766894443e+02  5.556404442003735e+02	8.516838715877384e-05 8.247637742897496e-05 8.298621105495840e-05	1.000000000000000e+00	12	0	20
21	 1.853666993610833e+03 -5.851709794520821e+01 -1.307903080471559e+03	1.223404833581299e-04 1.222163118654862e-04 1.223425642820075e-04	1.000000000000000e+00	12	0	21
22	 1.496341993836108e+03  6.580294029727713e+02 -1.665228080246283e+03	3.345014605050285e-04 3.345014605050285e-04 3.345014605050285e-04	1.000000000000000e+00	12	0	22
23	 7.189500258907758e+02  1.051503780944001e+03 -1.271753702275054e+03	1.354539146025975e-03 1.354539146025975e-03 1.354539146025975e-03	1.000000000000000e+00	12	0	23
24	-7.597929542535472e+02  6.027536810339691e+02  3.059956426705008e+02	0.000000000000000e+00 0.000000000000000e+00 0.000000000000000e+00	1.000000000000000e+00	24	0	24
25	-1.191650955607388e+03 -2.609623216737101e+02 -1.258623586833382e+02	0.000000000000000e+00 0.000000000000000e+00 0.000000000000000e+00	1.000000000000000e+00	24	0	25
26	 5.126870390403868e+02  5.912066756501777e+02 -9.780313560072266e+02	0.000000000000000e+00 0.000000000000000e+00 0.000000000000000e+00	1.000000000000000e+00	24	0	26
27	 9.572467463163994e+02  1.466469683741651e+02 -1.867150770559250e+03	0.000000000000000e+00 0.000000000000000e+00 0.000000000000000e+00	1.000000000000000e+00	24	0	27
28	 1.389104747670240e+03  1.010362971081845e+03 -1.435292769205410e+03	0.000000000000000e+00 0.000000000000000e+00 0.000000000000000e+00	1.000000000000000e+00	24	0	28
29	-3.152332469775362e+02  1.581939737579582e+02 -5.831237718815206e+02	0.000000000000000e+00 0.000000000000000e+00 0.000000000000000e+00	1.000000000000000e+00	24	0	29
30	-7.600197625007729e+02  6.029804892811949e+02  3.057688344232751e+02	-7.440483750542626e-05  7.445988012477756e-05 -7.335845293710008e-05	1.000000000000000e+00	24	0	30
31	-1.192093888454574e+03 -2.605193888265239e+02 -1.263052915305243e+02	-1.471531431889161e-04  1.463001099182293e-04 -1.471248688176274e-04	1.000000000000000e+00	24	0	31
32	 5.024448874862252e+02  6.014488272043393e+02 -9.882735075613882e+02	-6.117120744117225e-04  6.117120744117225e-04 -6.117120744117226e-04	1.000000000000000e+00	24	0	32
33	 9.555041912838267e+02  1.483895234067378e+02 -1.868893325591823e+03	-5.802412051707506e-04  5.802412051707506e-04 -5.802412051707506e-04	1.000000000000000e+00	24	0	33
34	 1.385798542977290e+03  1.013669175774794e+03 -1.438598973898359e+03	-1.107214717194438e-03  1.107214717194438e-03 -1.107214717194438e-03	1.000000000000000e+00	24	0	34
35	-3.059037391397438e+02  1.488644659201658e+02 -5.737942640437282e+02	 8.355822452964882e-04 -8.355822452964882e-04  8.355822452964882e-04	1.000000000000000e+00	24	0	35
36	-3.302745978609220e+02  1.732353246413441e+02 -5.600600049983917e+02	-1.817339798435569e-04  1.419388427166268e-04  1.062379233189858e-04	1.000000000000000e+00	24	0	36
38	 6.032783040307064e+02 -8.399919143984531e+02  1.002910144854833e+03	-2.328282910942411e-04  2.328282910942411e-04  2.328282910942411e-04	1.000000000000000e+00	0	0	38
40	 5.281608041416717e+02  5.757329105488930e+02 -1.000662708672457e+03	 1.068363344529644e-04 -7.201186963357031e-05 -9.700406371848658e-05	1.000000000000000e+00	24	0	40
42	 1.169894800608309e+03 -4.990137878099644e+02  1.226108816528638e+03	 9.345736179966480e-05 -8.675266144564375e-05 -8.911381155485287e-05	1.000000000000000e+00	0	0	42
44	1.770788657416977e+03 1.021356158341700e+02 1.226236651952925e+03	 1.953721221070737e-05 -1.953721221070737e-05 -1.949406032508705e-05	1.000000000000000e+00	0	0	44
45	 1.369203281505508e+03 -9.730158320708512e+01  1.026800335631439e+03	-2.878347295336425e-04  2.872022741939873e-04  2.878347295336425e-04	1.000000000000000e+00	0	0	45
46	 8.657387251978884e+02 -7.075459678980610e+02  1.135356091355225e+03	-7.791055249981582e-04  7.779675652272999e-04  7.779675652272999e-04	1.000000000000000e+00	0	0	46
47	 3.184415186235160e+00 -1.441941286006783e+03  1.001982474259800e+03	 9.797676466405392e-05 -9.797676466405392e-05 -9.793347999220714e-05	1.000000000000000e+00	0	0	47
48	 2.038260239868878e+02 -1.041560457103046e+03  8.013416021502396e+02	 1.905636017909274e-04 -1.900476636365056e-04 -1.900476636365056e-04	1.000000000000000e+00	0	0	48
49	 4.031769933911239e+02 -1.240913285880440e+03  1.203011455494415e+03	-1.283772871829569e-04  1.276896509807557e-04  1.283772871829569e-04	1.000000000000000e+00	0	0	49
50	 9.081907429668854e+02 -6.322105364833674e+02  1.092912067855235e+03	 8.796036709100008e-04 -8.735308074392378e-04 -8.735308074392378e-04	1.000000000000000e+00	0	0	50
51	 1.570714672680540e+03 -2.988117940708971e+02  1.426310810267705e+03	 1.140866879723035e-04 -1.139179803431034e-04 -1.139179803431034e-04	1.000000000000000e+00	0	0	51
52	-3.779280493347801e+01 -2.421746807555123e+02  7.670334703168606e+02	1.072273807949387e-04 1.073218882083893e-04 1.072273807949387e-04	1.000000000000000e+00	12	0	52
53	 2.489354981335368e+02  5.814892531867614e+02 -3.440031948142612e+02	1.474306100135436e-05 1.474306100135436e-05 1.476890884077875e-05	1.000000000000000e+00	12	0	53
54	 5.311197556818063e+02 -7.956264737835266e+02  7.505175471062915e+02	1.443441192350292e-06 4.517630259215366e-06 4.517630259215366e-06	1.000000000000000e+00	12	0	54
55	 1.387402777909996e+03 -5.247813136460454e+02 -3.764022795540205e+02	1.154979599959916e-05 1.154979599959916e-05 1.156033886218211e-05	1.000000000000000e+00	12	0	55
56	 1.675185648515432e+03  2.999363889324518e+02 -1.486384425566960e+03	2.771558938547969e-04 2.765638346318156e-04 2.771558938547969e-04	1.000000000000000e+00	12	0	56
57	 1.101485345391393e+03  8.485103108750361e+02 -1.474747172344019e+03	-1.021637232042849e-03 -1.079784822650254e-03 -1.079784822650254e-03	1.000000000000000e+00	12	0	57
58	-9.763798840034176e+02  1.715549608332378e+02  8.940871292063207e+01	-2.079081314150244e-04  2.087761822622269e-04 -2.079081314150244e-04	1.000000000000000e+00	24	0	58
59	-5.441007326092322e+02  3.870614593896539e+02 -1.260996335485376e+02	-7.181650289567187e-05  7.181650289567187e-05 -7.209753675851971e-05	1.000000000000000e+00	24	0	59
60	-7.603144918232047e+02 -4.451326554066633e+01 -3.423114148163831e+02	-1.822529739001766e-04  1.811622059904039e-04 -1.811622059904039e-04	1.000000000000000e+00	24	0	60
61	 8.426208812562191e+01  3.890925914851246e+02 -7.759172718421740e+02	-8.619151776656508e-05  8.531645289622247e-05 -8.531645289622247e-05	1.000000000000000e+00	24	0	61
62	 1.172582405081988e+03  5.790919193408849e+02 -1.651815111793662e+03	-2.812298480421305e-04  2.750963903963566e-04 -2.812298480421305e-04	1.000000000000000e+00	24	0	62
63	 7.382549460660364e+02  3.656387686245284e+02 -1.438353717980765e+03	-1.017353613860905e-03  1.017353613860905e-03 -1.016231020912528e-03	1.000000000000000e+00	24	0	63
64	 9.592085347652742e+02  7.925117150159458e+02 -1.217441513139511e+03	 6.168179679661989e-04 -5.915974616073072e-04  5.915974616073072e-04	1.000000000000000e+00	24	0	64
65	 1.132913731381093e+02  3.600731691006922e+02 -7.850029672242570e+02	 1.722643792163581e-04 -1.724002504488453e-04  1.724002504488453e-04	1.000000000000000e+00	24	0	65
66	1.670777719637784e+03 2.021465536133626e+02 1.025736161468732e+03	 7.408838428091258e-05 -7.408838428091258e-05 -7.448416727129370e-05	1.000000000000000e+00	0	0	66
67	1.469252578276219e+03 1.031628990551396e+02 9.267510388607286e+02	-3.290279128123075e-04  3.304179408587515e-04  3.290279128123075e-04	1.000000000000000e+00	0	0	67
68	 9.975861951514030e+02 -6.419339928566801e+02  1.200968066396606e+03	-6.658006459474564e-04  6.706484127789736e-04  6.706484127789736e-04	1.000000000000000e+00	0	0	68
69	-9.700371875815107e+01 -1.341753152062397e+03  8.016597530437593e+02	 9.042465535458177e-05 -9.042465535458177e-05 -9.040610893862322e-05	1.000000000000000e+00	0	0	69
70	 3.533711049087657e+00 -1.141780305239283e+03  7.011217540140028e+02	 2.083633589791134e-04 -2.087063039653003e-04 -2.087063039653003e-04	1.000000000000000e+00	0	0	70
71	 1.032706175416079e+02 -1.542027488362156e+03  1.202407251442482e+03	 7.351133535848930e-05 -7.351133535848930e-05 -7.335175905609503e-05	1.000000000000000e+00	0	0	71
72	 3.031712786417104e+02 -1.441417652023600e+03  1.303017170243829e+03	-7.369352533714846e-05  7.348430517595261e-05  7.369352533714846e-05	1.000000000000000e+00	0	0	72
73	 7.767330924531698e+02 -6.982279414786158e+02  1.026894662859987e+03	 8.950996561907232e-04 -9.079219307750463e-04 -9.079219307750463e-04	1.000000000000000e+00	0	0	73
74	1.870872498510620e+03 2.051774740527202e+00 1.426663583286020e+03	-1.057200006471248e-05  1.057200006471248e-05  1.058676207321696e-05	1.000000000000000e+00	0	0	74
75	 1.770984780154749e+03 -1.985710952895315e+02  1.526551509049071e+03	 9.032032539835200e-05 -9.015843534143642e-05 -9.015843534143642e-05	1.000000000000000e+00	0	0	75
76	-1.272918777306220e+02 -6.320455186148353e+01  6.775343975197167e+02	9.376332309329882e-05 9.469036740483716e-05 9.376332309329882e-05	1.000000000000000e+00	12	0	76
77	1.513118666118778e+01 3.476849417144123e+02 1.210707354746924e+02	-2.472585183568299e-04 -2.472585183568299e-04 -2.500221889931709e-04	1.000000000000000e+00	12	0	77
78	 5.178855501130045e+01 -4.210598262297333e+02  8.566148302616391e+02	1.415353763150051e-04 1.425294613000005e-04 1.415353763150051e-04	1.000000000000000e+00	12	0	78
79	 3.362374852284685e+02 -6.978002063523436e+02  8.483438145374746e+02	8.633696415927261e-05 8.411572343902662e-05 8.411572343902662e-05	1.000000000000000e+00	12	0	79
80	 7.275380753028428e+02 -8.919281356086987e+02  6.542158852811195e+02	3.911025705747306e-04 3.918901784345508e-04 3.918901784345508e-04	1.000000000000000e+00	12	0	80
81	 1.154356482903748e+03 -7.578276086522933e+02  8.943386897200551e+01	-1.734980469336733e-05 -1.734980469336733e-05 -1.737633465381805e-05	1.000000000000000e+00	12	0	81
82	 1.620578008893116e+03 -2.916060826629250e+02 -8.421093582043565e+02	8.144643652485684e-05 8.144643652485684e-05 8.158176933648065e-05	1.000000000000000e+00	12	0	82
83	 1.764332909928076e+03  1.206154943776549e+02 -1.397237164154315e+03	1.709079806460068e-04 1.701423316262662e-04 1.709079806460068e-04	1.000000000000000e+00	12	0	83
84	 1.585661813035097e+03  4.788811006390540e+02 -1.575908261047295e+03	2.720047195907682e-04 2.718132745940238e-04 2.720047195907682e-04	1.000000000000000e+00	12	0	84
85	 1.302021004182748e+03  7.563957357134409e+02 -1.566861747505614e+03	5.245360080152750e-04 5.063965218141675e-04 5.063965218141675e-04	1.000000000000000e+00	12	0	85
86	 4.820030285336845e+02  8.145567835869091e+02 -8.098153531683299e+02	6.944620690774173e-05 6.944620690774173e-05 7.144849951146170e-05	1.000000000000000e+00	12	0	86
87	 9.145317393698526e+02  9.542673283765203e+02 -1.368990154842535e+03	1.489334390498698e-03 1.424851827323437e-03 1.424851827323437e-03	1.000000000000000e+00	12	0	87
88	-8.679246341241389e+02  3.869925307841097e+02  1.978639627999108e+02	-4.872252611676231e-05  4.915769750368781e-05 -4.872252611676231e-05	1.000000000000000e+00	24	0	88
89	-6.525903583196491e+02  4.955510851000708e+02  8.930484127434457e+01	-2.464626159053296e-04  2.464626159053296e-04 -2.463875862304121e-04	1.000000000000000e+00	24	0	89
90	-1.084510337641979e+03 -4.421011004179542e+01 -1.872174071792941e+01	-2.654887794051319e-04  2.650638343766332e-04 -2.654887794051319e-04	1.000000000000000e+00	24	0	90
91	-9.759404599441413e+02 -1.527795368505442e+02 -2.340451435065053e+02	-7.800272578606382e-05  7.784297486068681e-05 -7.784297486068681e-05	1.000000000000000e+00	24	0	91
92	 2.933080664573466e+02  4.953276221463292e+02 -8.821523025033786e+02	-2.795791660901159e-04  2.756149915512651e-04 -2.756149915512651e-04	1.000000000000000e+00	24	0	92
93	 1.064114468109902e+03  3.636775249618584e+02 -1.760283048765748e+03	-3.608142142184079e-04  3.637289046309888e-04 -3.608142142184079e-04	1.000000000000000e+00	24	0	93
94	 8.464101969173215e+02  2.574835177732433e+02 -1.654106312998880e+03	-9.527223883196712e-04  9.527223883196712e-04 -9.610453271307051e-04	1.000000000000000e+00	24	0	94
95	 1.276954016140563e+03  7.985415356841511e+02 -1.547443500735087e+03	-1.407896517775953e-03  1.361747621558607e-03 -1.407896517775953e-03	1.000000000000000e+00	24	0	95
96	 1.171489431636980e+03  9.040825800757516e+02 -1.329012378199316e+03	-5.591913941316307e-04  5.571107030846179e-04 -5.571107030846179e-04	1.000000000000000e+00	24	0	96
97	-9.657312629726508e+01  2.546908353940655e+02 -6.796206335176303e+02	 3.157905593980104e-04 -3.120761539321393e-04  3.120761539321393e-04	1.000000000000000e+00	24	0	97
98	-4.348036622473836e+02  2.777643890278053e+02 -3.407152447977434e+02	 3.626678371801972e-04 -3.626678371801972e-04  3.504191699903458e-04	1.000000000000000e+00	24	0	98
99	-5.449056767181794e+02  6.396352825501364e+01 -4.507882086120630e+02	-3.882431483361870e-04  3.828019544016570e-04 -3.828019544016570e-04	1.000000000000000e+00	24	0	99
100	-1.262395302008604e+02  2.841586256997574e+02 -6.709833060568068e+02	-1.877835893537849e-04  1.590212923474610e-04 -1.590212923474610e-04	1.000000000000000e+00	24	0	100
101	 7.344316929163132e+02 -7.736961157081178e+02  1.069205943545168e+03	-6.252567400224507e-04  6.197217153385282e-04  6.197217153385282e-04	1.000000000000000e+00	0	0	101
102	 4.037384815045050e+02 -9.409618684721393e+02  9.019401907811468e+02	 5.346444595488720e-05 -5.277832678984851e-05 -5.277832678984851e-05	1.000000000000000e+00	0	0	102
103	 5.028594723465178e+02 -1.040083743557319e+03  1.103328976539022e+03	-2.854291815310717e-04  2.854815684258938e-04  2.854291815310717e-04	1.000000000000000e+00	0	0	103
104	 6.306301382950454e+02  4.732635763955194e+02 -1.222022573940040e+03	-9.280961821787059e-04  9.280961821787059e-04 -8.898755768314004e-04	1.000000000000000e+00	24	0	104
105	 7.422953574486357e+02  6.855086767078089e+02 -1.110438474831374e+03	 3.894904220942408e-04 -3.817377728410065e-04  3.817377728410065e-04	1.000000000000000e+00	24	0	105
106	 3.243231922617673e+02  4.645642456443379e+02 -8.894940437679026e+02	 1.686221658019349e-04 -1.410351542290300e-04  1.410351542290300e-04	1.000000000000000e+00	24	0	106
107	 1.269206961661681e+03 -2.978175649461256e+02  1.126796655475267e+03	-2.337590121896937e-04  2.320274797966704e-04  2.337590121896937e-04	1.000000000000000e+00	0	0	107
108	 1.039397819635815e+03 -5.659593155316868e+02  1.159163288806916e+03	 6.800587289035320e-04 -6.685869302600622e-04 -6.685869302600622e-04	1.000000000000000e+00	0	0	108
109	 1.370496383965505e+03 -3.991049268734466e+02  1.326017677465156e+03	 1.605818833922967e-04 -1.608310994924977e-04 -1.608310994924977e-04	1.000000000000000e+00	0	0	109
110	-1.022265841811350e+02  2.303271708720896e+02  3.531590804646524e+02	-5.271477275528014e-04 -5.271477275528014e-04 -5.267010419629514e-04	1.000000000000000e+00	12	0	110
111	 1.037726116701602e+03 -8.744579748544388e+02  3.222451559663418e+02	-6.250282604014501e-05 -6.250282604014501e-05 -6.226904224604368e-05	1.000000000000000e+00	12	0	111
112	 1.737184362491051e+03 -1.749997290649903e+02 -1.074944317656708e+03	1.217313983943313e-04 1.217313983943313e-04 1.218244869960472e-04	1.000000000000000e+00	12	0	112
113	 6.005155669476509e+02  9.330693220008753e+02 -1.040718231227068e+03	7.283524028025568e-04 7.283524028025568e-04 7.469802512787282e-04	1.000000000000000e+00	12	0	113
114	 1.324377647064873e+02  4.649915197597119e+02 -1.110598229784788e+02	1.657030952628702e-05 1.657030952628702e-05 1.646506825636607e-05	1.000000000000000e+00	12	0	114
115	 3.652407009082186e+02  6.977944559614432e+02 -5.771393379415811e+02	-5.411777965491638e-05 -5.411777965491638e-05 -5.417640204541385e-05	1.000000000000000e+00	12	0	115
116	 1.270882481350449e+03 -6.413016102055922e+02 -1.434813429795687e+02	-2.037325884884922e-06 -2.037325884884922e-06 -2.038570301010623e-06	1.000000000000000e+00	12	0	116
117	 1.503964061781659e+03 -4.082200297743818e+02 -6.092821761849879e+02	3.821928839897737e-05 3.821928839897737e-05 3.827616455964744e-05	1.000000000000000e+00	12	0	117
0	-5.773502691896258e-01  5.773502691896258e-01  5.773502691896258e-01	-7.071067811865476e-01  3.124842898819631e-18 -7.071067811865476e-01	 1.198001808568474e+03 -5.294203851356715e-15  1.198001808568474e+03	1	0	0.000000000000000e+00	0.000000000000000e+00	0.000000000000000e+00
1	-5.773502691896258e-01  5.773502691896258e-01  5.773502691896258e-01	 0.000000000000000e+00  7.071067811865476e-01 -7.071067811865476e-01	 0.000000000000000e+00 -9.214510296266430e+02  9.214510296266430e+02	1	0	0.000000000000000e+00	0.000000000000000e+00	0.000000000000000e+00
2	-5.773502691896258e-01  5.773502691896258e-01  5.773502691896258e-01	 7.071067811865476e-01  7.071067811865476e-01 -3.124842898819631e-18	-7.193784354102739e+02 -7.193784354102739e+02  3.179073734356852e-15	1	0	0.000000000000000e+00	0.000000000000000e+00	0.000000000000000e+00
3	-5.773502691896258e-01  5.773502691896258e-01  5.773502691896258e-01	 7.071067811865476e-01 -3.124842898819631e-18  7.071067811865476e-01	 8.030942244427697e+02 -3.549030148066116e-15  8.030942244427697e+02	1	0	0.000000000000000e+00	0.000000000000000e+00	0.000000000000000e+00
4	-5.773502691896258e-01  5.773502691896258e-01  5.773502691896258e-01	 0.000000000000000e+00  7.071067811865476e-01 -7.071067811865476e-01	 0.000000000000000e+00 -8.625613021693013e+02  8.625613021693013e+02	1	0	0.000000000000000e+00	0.000000000000000e+00	0.000000000000000e+00
5	-5.773502691896258e-01  5.773502691896258e-01  5.773502691896258e-01	-7.071067811865476e-01 -7.071067811865476e-01  3.124842898819631e-18	 9.364621366255734e+02  9.364621366255734e+02 -4.138408986458117e-15	1	0	0.000000000000000e+00	0.000000000000000e+00	0.000000000000000e+00
6	 5.773502691896258e-01 -5.773502691896258e-01 -5.773502691896258e-01	0.000000000000000e+00 0.000000000000000e+00 0.000000000000000e+00	1.570392732195782e+03 3.025315410553647e+02 8.256108849411653e+02	1	1	0.000000000000000e+00	0.000000000000000e+00	0.000000000000000e+00
7	-5.773502691896258e-01 -5.773502691896258e-01 -5.773502691896258e-01	-7.071067811865476e-01  0.000000000000000e+00  7.071067811865476e-01	-4.024131376251693e+02  0.000000000000000e+00  4.024131376251693e+02	1	0	0.000000000000000e+00	0.000000000000000e+00	0.000000000000000e+00
8	-5.773502691896258e-01 -5.773502691896258e-01 -5.773502691896258e-01	 0.000000000000000e+00 -7.071067811865476e-01  7.071067811865476e-01	 0.000000000000000e+00 -7.730720104449091e+02  7.730720104449091e+02	1	0	0.000000000000000e+00	0.000000000000000e+00	0.000000000000000e+00
9	-5.773502691896258e-01 -5.773502691896258e-01 -5.773502691896258e-01	 7.071067811865476e-01 -7.071067811865476e-01  0.000000000000000e+00	 9.560920457780206e+02 -9.560920457780206e+02  0.000000000000000e+00	1	0	0.000000000000000e+00	0.000000000000000e+00	0.000000000000000e+00
10	-5.773502691896258e-01 -5.773502691896258e-01 -5.773502691896258e-01	 7.071067811865476e-01  0.000000000000000e+00 -7.071067811865476e-01	 1.580785037041196e+03  0.000000000000000e+00 -1.580785037041196e+03	1	0	0.000000000000000e+00	0.000000000000000e+00	0.000000000000000e+00
11	-5.773502691896258e-01 -5.773502691896258e-01 -5.773502691896258e-01	 0.000000000000000e+00  7.071067811865476e-01 -7.071067811865476e-01	 0.000000000000000e+00  1.161628741609527e+03 -1.161628741609527e+03	1	0	0.000000000000000e+00	0.000000000000000e+00	0.000000000000000e+00
12	-5.773502691896258e-01 -5.773502691896258e-01 -5.773502691896258e-01	-7.071067811865476e-01  7.071067811865476e-01  0.000000000000000e+00	-1.662768775266123e+02  1.662768775266123e+02  0.000000000000000e+00	1	0	0.000000000000000e+00	0.000000000000000e+00	0.000000000000000e+00
13	5.773502691896258e-01 5.773502691896258e-01 5.773502691896258e-01	0.000000000000000e+00 0.000000000000000e+00 0.000000000000000e+00	-2.170837012152994e+02  1.154700538379251e+02  5.877425740350395e+02	1	1	0.000000000000000e+00	0.000000000000000e+00	0.000000000000000e+00
14	-5.773502691896258e-01  5.773502691896258e-01 -5.773502691896258e-01	 7.071067811865476e-01  0.000000000000000e+00 -7.071067811865476e-01	-5.328942984620248e+02  0.000000000000000e+00  5.328942984620248e+02	1	0	0.000000000000000e+00	0.000000000000000e+00	0.000000000000000e+00
15	-5.773502691896258e-01  5.773502691896258e-01 -5.773502691896258e-01	-3.124842898819631e-18  7.071067811865476e-01  7.071067811865476e-01	 8.547268868455420e-16 -1.934123401785247e+02 -1.934123401785247e+02	1	0	0.000000000000000e+00	0.000000000000000e+00	0.000000000000000e+00
16	-5.773502691896258e-01  5.773502691896258e-01 -5.773502691896258e-01	 7.071067811865476e-01  7.071067811865476e-01 -3.124842898819631e-18	 5.519468573452824e+02  5.519468573452824e+02 -2.439160906938323e-15	1	0	0.000000000000000e+00	0.000000000000000e+00	0.000000000000000e+00
17	-5.773502691896258e-01  5.773502691896258e-01 -5.773502691896258e-01	-7.071067811865476e-01  0.000000000000000e+00  7.071067811865476e-01	 1.412198758437825e+03  0.000000000000000e+00 -1.412198758437825e+03	1	0	0.000000000000000e+00	0.000000000000000e+00	0.000000000000000e+00
18	-5.773502691896258e-01  5.773502691896258e-01 -5.773502691896258e-01	-3.124842898819631e-18  7.071067811865476e-01  7.071067811865476e-01	 9.389238637586849e-16 -2.124648990617823e+02 -2.124648990617823e+02	1	0	0.000000000000000e+00	0.000000000000000e+00	0.000000000000000e+00
19	-5.773502691896258e-01  5.773502691896258e-01 -5.773502691896258e-01	-7.071067811865476e-01 -7.071067811865476e-01  3.124842898819631e-18	-7.851963660978913e+01 -7.851963660978913e+01  3.469936018238618e-16	1	0	0.000000000000000e+00	0.000000000000000e+00	0.000000000000000e+00
20	 5.773502691896258e-01 -5.773502691896258e-01  5.773502691896258e-01	0.000000000000000e+00 0.000000000000000e+00 0.000000000000000e+00	-7.597929542535472e+02  6.027536810339691e+02  3.059956426705008e+02	1	1	0.000000000000000e+00	0.000000000000000e+00	0.000000000000000e+00
0	0	1	0
6	0	1	0
5	5	0	0
6	5	0	0
0	6	0	0
5	0	6	0
1	1	2	0
6	1	2	0
0	1	7	0
1	7	1	0
2	2	3	0
6	2	3	0
1	2	8	0
2	8	2	0
3	3	4	0
6	3	4	0
2	3	9	0
3	9	3	0
4	4	5	0
6	4	5	0
3	4	10	0
4	10	4	0
4	5	11	0
5	11	5	0
5	6	66	0
0	67	6	0
0	7	42	0
1	68	7	0
2	69	8	0
1	8	70	0
2	9	71	0
3	72	9	0
3	10	38	0
4	73	10	0
5	74	11	0
4	11	75	0
7	12	13	0
13	12	13	0
12	17	12	0
13	17	12	0
7	18	12	0
12	12	18	0
8	13	14	0
13	13	14	0
7	13	19	0
8	19	13	0
9	14	15	0
13	14	15	0
8	14	20	0
9	20	14	0
10	15	16	0
13	15	16	0
9	15	21	0
10	21	15	0
11	16	17	0
13	16	17	0
10	16	22	0
11	22	16	0
11	17	23	0
12	23	17	0
7	76	18	0
12	18	110	0
7	19	78	0
8	79	19	0
8	20	80	0
9	111	20	0
10	83	21	0
9	21	112	0
10	22	84	0
11	85	22	0
11	23	87	0
12	113	23	0
14	24	25	0
20	24	25	0
19	29	24	0
20	29	24	0
14	30	24	0
19	24	30	0
15	25	26	0
20	25	26	0
14	25	31	0
15	31	25	0
16	26	27	0
20	26	27	0
15	26	32	0
16	32	26	0
17	27	28	0
20	27	28	0
16	27	33	0
17	33	27	0
18	28	29	0
20	28	29	0
17	28	34	0
18	34	28	0
18	29	35	0
19	35	29	0
14	88	30	0
19	30	89	0
14	31	90	0
15	91	31	0
16	40	32	0
15	32	92	0
17	93	33	0
16	33	94	0
17	34	95	0
18	96	34	0
19	36	35	0
18	35	97	0
19	98	36	0
15	36	99	0
15	100	36	0
1	38	101	0
1	102	38	0
3	38	103	0
16	104	40	0
18	40	105	0
18	106	40	0
0	42	107	0
4	42	108	0
4	109	42	0
5	66	44	0
5	44	74	0
0	45	67	0
0	107	45	0
1	46	68	0
1	101	46	0
2	47	69	0
2	71	47	0
1	70	48	0
1	48	102	0
3	49	72	0
3	103	49	0
4	50	73	0
4	108	50	0
4	75	51	0
4	51	109	0
7	52	76	0
7	78	52	0
12	114	53	0
12	53	115	0
8	54	79	0
8	80	54	0
9	55	116	0
9	117	55	0
10	56	83	0
10	84	56	0
11	57	85	0
11	87	57	0
14	58	88	0
14	90	58	0
19	89	59	0
19	59	98	0
15	60	91	0
15	99	60	0
15	92	61	0
15	61	100	0
17	62	93	0
17	95	62	0
16	94	63	0
16	63	104	0
18	64	96	0
18	105	64	0
18	97	65	0
18	65	106	0
12	110	77	0
12	77	114	0
9	81	111	0
9	116	81	0
9	112	82	0
9	82	117	0
12	86	113	0
12	115	86	0
