114
21
172
0	1.570392732195782e+03 3.025315410553647e+02 8.256108849411653e+02	0.000000000000000e+00 0.000000000000000e+00 0.000000000000000e+00	1.000000000000000e+00	0	0	0
1	 1.130451827073287e+03 -5.773502691896260e+02  1.265551790063660e+03	0.000000000000000e+00 0.000000000000000e+00 0.000000000000000e+00	1.000000000000000e+00	0	0	1
2	-1.974537920628515e+02 -1.241303078757696e+03  6.015989804955898e+02	0.000000000000000e+00 0.000000000000000e+00 0.000000000000000e+00	1.000000000000000e+00	0	0	2
3	 2.032272947547480e+02 -1.641984165575296e+03  1.402961154130791e+03	0.000000000000000e+00 0.000000000000000e+00 0.000000000000000e+00	1.000000000000000e+00	0	0	3
4	 6.431681998772440e+02 -7.621023553303055e+02  9.630202490082953e+02	0.000000000000000e+00 0.000000000000000e+00 0.000000000000000e+00	1.000000000000000e+00	0	0	4
5	 1.971073819013383e+03 -9.814954576223676e+01  1.626973058576365e+03	0.000000000000000e+00 0.000000000000000e+00 0.000000000000000e+00	1.000000000000000e+00	0	0	5
6	1.569387952320054e+03 3.035363209310922e+02 8.266156648168928e+02	-1.274594542337582e-04  1.374073763145134e-04  1.218947872985154e-04	1.000000000000000e+00	0	0	6
7	 1.124158233030462e+03 -5.710566751468011e+02  1.271845384106485e+03	-1.628533743011455e-03  1.628533743011455e-03  1.628533743011455e-03	1.000000000000000e+00	0	0	7
8	-1.965128214064234e+02 -1.242244049414124e+03  6.006580098391617e+02	 1.070341459126212e-04 -1.084901450667530e-04 -1.085233816411346e-04	1.000000000000000e+00	0	0	8
9	 2.032544675243791e+02 -1.642011338344927e+03  1.402933981361160e+03	 1.091805643227417e-05 -1.165944922831841e-05 -1.010253072308842e-05	1.000000000000000e+00	0	0	9
10	 6.486626726901866e+02 -7.675968281432481e+02  9.575257761953527e+02	 1.546830094108979e-03 -1.546830094108979e-03 -1.546830094108979e-03	1.000000000000000e+00	0	0	10
11	 1.971345197930041e+03 -9.842092467889425e+01  1.626701679659708e+03	 4.229979458614253e-05 -4.151245593675412e-05 -4.122409882256761e-05	1.000000000000000e+00	0	0	11
12	-2.170837012152994e+02  1.154700538379251e+02  5.877425740350395e+02	0.000000000000000e+00 0.000000000000000e+00 0.000000000000000e+00	1.000000000000000e+00	12	0	12
13	 1.408734656822689e+02 -6.004442799572098e+02  9.456997409326077e+02	0.000000000000000e+00 0.000000000000000e+00 0.000000000000000e+00	1.000000000000000e+00	12	0	13
14	 9.214510296266424e+02 -9.907330619293978e+02  5.554109589604201e+02	0.000000000000000e+00 0.000000000000000e+00 0.000000000000000e+00	1.000000000000000e+00	12	0	14
15	 1.853294364098699e+03 -5.888972745734211e+01 -1.308275709983692e+03	0.000000000000000e+00 0.000000000000000e+00 0.000000000000000e+00	1.000000000000000e+00	12	0	15
16	 1.495337197201131e+03  6.570246063377944e+02 -1.666232876881260e+03	0.000000000000000e+00 0.000000000000000e+00 0.000000000000000e+00	1.000000000000000e+00	12	0	16
17	 7.147596332567570e+02  1.047313388309982e+03 -1.275944094909073e+03	0.000000000000000e+00 0.000000000000000e+00 0.000000000000000e+00	1.000000000000000e+00	12	0	17
18	-2.191435462882871e+02  1.134102087649374e+02  5.856827289620519e+02	-2.303056098753586e-04 -2.303056098753586e-04 -2.303056098753586e-04	1.000000000000000e+00	12	0	18
19	 1.438212171290903e+02 -5.974965285103885e+02  9.486474923794291e+02	3.249110789814343e-04 3.249110789814343e-04 3.249110789814343e-04	1.000000000000000e+00	12	0	19
20	 9.222196207757682e+02 -9.899644707802719e+02  5.561795501095460e+02	1.175017678178847e-04 1.099879227695055e-04 1.113670296035707e-04	1.000000000000000e+00	12	0	20
21	 1.854329708781533e+03 -5.785438277450847e+01 -1.307240365300858e+03	1.186487570521422e-04 1.183566055260599e-04 1.186526133096777e-04	1.000000000000000e+00	12	0	21
22	 1.498199181670250e+03  6.598865908069134e+02 -1.663370892412141e+03	3.369485978813221e-04 3.369485978813221e-04 3.369485978813221e-04	1.000000000000000e+00	12	0	22
23	 7.261734212472430e+02  1.058727176300468e+03 -1.264530306918587e+03	1.272250898182392e-03 1.272250898182392e-03 1.272250898182392e-03	1.000000000000000e+00	12	0	23
24	-7.597929542535480e+02  6.027536810339697e+02  3.059956426705016e+02	0.000000000000000e+00 0.000000000000000e+00 0.000000000000000e+00	1.000000000000000e+00	24	0	24
25	-1.191650955607388e+03 -2.609623216737101e+02 -1.258623586833382e+02	0.000000000000000e+00 0.000000000000000e+00 0.000000000000000e+00	1.000000000000000e+00	24	0	25
26	 5.126870390403867e+02  5.912066756501773e+02 -9.780313560072267e+02	0.000000000000000e+00 0.000000000000000e+00 0.000000000000000e+00	1.000000000000000e+00	24	0	26
27	 9.572467463163994e+02  1.466469683741651e+02 -1.867150770559250e+03	0.000000000000000e+00 0.000000000000000e+00 0.000000000000000e+00	1.000000000000000e+00	24	0	27
28	 1.389104747670240e+03  1.010362971081845e+03 -1.435292769205410e+03	0.000000000000000e+00 0.000000000000000e+00 0.000000000000000e+00	1.000000000000000e+00	24	0	28
29	-3.152332469775350e+02  1.581939737579566e+02 -5.831237718815215e+02	0.000000000000000e+00 0.000000000000000e+00 0.000000000000000e+00	1.000000000000000e+00	24	0	29
30	-7.604245283778654e+02  6.033852551582870e+02  3.053640685461843e+02	-7.392156840069219e-05  7.432157872244716e-05 -7.009974797256291e-05	1.000000000000000e+00	24	0	30
31	-1.192912467688837e+03 -2.597008095922606e+02 -1.271238707647877e+02	-1.518073695478961e-04  1.490048307459801e-04 -1.515242474852130e-04	1.000000000000000e+00	24	0	31
32	 5.012334311012514e+02  6.026602835893126e+02 -9.894849639463621e+02	-1.482751492100457e-04  1.482751492100457e-04 -1.482751492100458e-04	1.000000000000000e+00	24	0	32
33	 9.522495718633239e+02  1.516441428272405e+02 -1.872147945012325e+03	-6.031408362711469e-04  6.031408362711469e-04 -6.031408362711469e-04	1.000000000000000e+00	24	0	33
34	 1.379609125405004e+03  1.019858593347081e+03 -1.444788391470646e+03	-1.133514607014755e-03  1.133514607014755e-03 -1.133514607014755e-03	1.000000000000000e+00	24	0	34
35	-3.044676980712482e+02  1.474284248516697e+02 -5.723582229752348e+02	 1.448176917620003e-04 -1.448176917620003e-04  1.448176917620004e-04	1.000000000000000e+00	24	0	35
36	-3.297128544305967e+02  1.726735812110184e+02 -5.594982615680681e+02	 6.762029079254717e-05 -6.300847599050030e-05  2.566803887020797e-04	1.000000000000000e+00	24	0	36
38	 6.013759440416911e+02 -8.380895544094366e+02  1.004812504843848e+03	-4.806447444328418e-04  4.806447444328417e-04  4.806447444328418e-04	1.000000000000000e+00	0	0	38
40	 5.275777282961847e+02  5.763159863943800e+02 -1.001245784517944e+03	-1.183071799459867e-04  1.024725061142817e-04 -1.791237446013838e-04	1.000000000000000e+00	24	0	40
42	 1.171039821196109e+03 -5.001588083977645e+02  1.224963795940838e+03	 3.500496580575903e-04 -3.500496580575903e-04 -3.500496580575903e-04	1.000000000000000e+00	0	0	42
44	1.770906180244730e+03 1.020180930064166e+02 1.226119648463685e+03	 2.277475323353428e-05 -2.277475323353428e-05 -2.262391535623465e-05	1.000000000000000e+00	0	0	44
45	 1.367529770481526e+03 -9.563504652360649e+01  1.028473846655422e+03	-3.214049502275884e-04  3.194670425727963e-04  3.214049502275884e-04	1.000000000000000e+00	0	0	45
46	 8.565905449900687e+02 -6.984338266109323e+02  1.144468232642354e+03	-2.250773366540670e-03  2.237200969830155e-03  2.237200969830155e-03	1.000000000000000e+00	0	0	46
47	 3.727032028164345e+00 -1.442483902848712e+03  1.001440207236891e+03	 9.991332626668736e-05 -9.991332626668736e-05 -9.983932977775112e-05	1.000000000000000e+00	0	0	47
48	 2.048023026804631e+02 -1.042531809400161e+03  8.003702498531254e+02	 1.628835161682218e-04 -1.616547961020842e-04 -1.616547961020842e-04	1.000000000000000e+00	0	0	48
49	 4.024767003071868e+02 -1.240219995908311e+03  1.203711748578353e+03	-1.259268610738218e-04  1.240922283614054e-04  1.259268610738218e-04	1.000000000000000e+00	0	0	49
50	 9.179423804896569e+02 -6.418084033396278e+02  1.083314200998975e+03	 2.378507517278194e-03 -2.327404916286469e-03 -2.327404916286469e-03	1.000000000000000e+00	0	0	50
51	 1.571439955938357e+03 -2.995346257151241e+02  1.425587978623478e+03	 1.520310324849561e-04 -1.511928421678022e-04 -1.511928421678022e-04	1.000000000000000e+00	0	0	51
52	-3.716153400818915e+01 -2.415419224185193e+02  7.676647412421495e+02	1.213058130815625e-04 1.217963290400803e-04 1.213058130815625e-04	1.000000000000000e+00	12	0	52
53	 2.489975752152891e+02  5.815513302685137e+02 -3.439408209040828e+02	8.406131200899836e-06 8.406131200899836e-06 8.490458640153520e-06	1.000000000000000e+00	12	0	53
54	 5.312389952374289e+02 -7.954769150216397e+02  7.506671058681785e+02	3.633431333582848e-05 4.389098103274591e-05 4.389098103274591e-05	1.000000000000000e+00	12	0	54
55	 1.387472970637059e+03 -5.247111209189825e+02 -3.763319645460033e+02	1.402394445904065e-05 1.402394445904065e-05 1.405907369189663e-05	1.000000000000000e+00	12	0	55
56	 1.676623269896187e+03  3.013681430217034e+02 -1.484946804186204e+03	2.464962599333376e-04 2.449803869239986e-04 2.464962599333376e-04	1.000000000000000e+00	12	0	56
57	 1.097160212760802e+03  8.436266389339169e+02 -1.479630844285138e+03	-5.765945534221828e-04 -7.181662367656827e-04 -7.181662367656827e-04	1.000000000000000e+00	12	0	57
58	-9.774490866714657e+02  1.726325634456454e+02  8.833951025258398e+01	-1.811810652725399e-04  1.832988637033850e-04 -1.811810652725399e-04	1.000000000000000e+00	24	0	58
59	-5.444347462678079e+02  3.873954730482296e+02 -1.264350161037197e+02	-4.981751408195123e-05  4.981751408195123e-05 -4.988221553503536e-05	1.000000000000000e+00	24	0	59
60	-7.613978818894157e+02 -4.344320672322960e+01 -3.433814736338198e+02	-2.115676907123998e-04  2.077113749692217e-04 -2.077113749692217e-04	1.000000000000000e+00	24	0	60
61	 8.441555808796207e+01  3.889389946087733e+02 -7.757636749658227e+02	 3.757057493203320e-05 -3.735895370482467e-05  3.735895370482467e-05	1.000000000000000e+00	24	0	61
62	 1.170524405221319e+03  5.810594253598179e+02 -1.653873111654332e+03	-4.563958209473640e-04  4.287530027795583e-04 -4.563958209473640e-04	1.000000000000000e+00	24	0	62
63	 7.325559751423705e+02  3.713377395481943e+02 -1.444044700427771e+03	-1.055634696967900e-03  1.055634696967900e-03 -1.054267748259008e-03	1.000000000000000e+00	24	0	63
64	 9.623328008508965e+02  7.896258689839703e+02 -1.214555667107535e+03	 5.237755831331015e-04 -4.645232402253896e-04  4.645232402253896e-04	1.000000000000000e+00	24	0	64
65	 1.135941623129445e+02  3.597721231358310e+02 -7.847019212593957e+02	 4.101693048141897e-05 -4.059701313963160e-05  4.059701313963160e-05	1.000000000000000e+00	24	0	65
66	1.671215698864650e+03 2.017085743864964e+02 1.025292858383989e+03	 8.474308560835198e-05 -8.474308560835198e-05 -8.641256863484159e-05	1.000000000000000e+00	0	0	66
67	1.467341329735276e+03 1.050908800383038e+02 9.286622874016712e+02	-3.663504321593791e-04  3.712855395860970e-04  3.663504321593791e-04	1.000000000000000e+00	0	0	67
68	 9.893914046414079e+02 -6.334927592438503e+02  1.209409300009436e+03	-2.152371918782592e-03  2.259668661281466e-03  2.259668661281466e-03	1.000000000000000e+00	0	0	68
69	-9.651912775356706e+01 -1.342237743066981e+03  8.011752958768793e+02	 8.637127757538110e-05 -8.637127757538110e-05 -8.634808909846470e-05	1.000000000000000e+00	0	0	69
70	 4.631576603606305e+00 -1.142881378053002e+03  7.000206812002841e+02	 1.902038493426517e-04 -1.909860584419221e-04 -1.909860584419221e-04	1.000000000000000e+00	0	0	70
71	 1.037095856581855e+02 -1.542466456478733e+03  1.201970128230239e+03	 8.660081948619336e-05 -8.660081948619336e-05 -8.606898336438462e-05	1.000000000000000e+00	0	0	71
72	 3.027748998130246e+02 -1.441023459994751e+03  1.303413549072515e+03	-7.038937474135309e-05  6.980414036661386e-05  7.038937474135309e-05	1.000000000000000e+00	0	0	72
73	 7.859360528963289e+02 -7.078297961873601e+02  1.017292808151242e+03	 2.231176244094968e-03 -2.389955567196012e-03 -2.389955567196012e-03	1.000000000000000e+00	0	0	73
74	1.870807935192947e+03 2.116338058200027e+00 1.426728387569542e+03	-1.334244552708697e-05  1.334244552708697e-05  1.342687755823135e-05	1.000000000000000e+00	0	0	74
75	 1.771564793923372e+03 -1.991489062519902e+02  1.525973698086612e+03	 1.215447118738666e-04 -1.208403336931951e-04 -1.208403336931951e-04	1.000000000000000e+00	0	0	75
76	-1.268172406476767e+02 -6.272075337120656e+01  6.780090346026619e+02	7.957060006447136e-05 8.193301619030535e-05 7.957060006447136e-05	1.000000000000000e+00	12	0	76
77	1.376584370168809e+01 3.463195987549126e+02 1.196770751617956e+02	-2.492430794518441e-04 -2.492430794518441e-04 -2.567236952017993e-04	1.000000000000000e+00	12	0	77
78	 5.263515671194352e+01 -4.202026103919687e+02  8.574614319622822e+02	1.640889677219093e-04 1.669438497629017e-04 1.640889677219093e-04	1.000000000000000e+00	12	0	78
79	 3.368669053659962e+02 -6.971941832953362e+02  8.489498375944820e+02	1.445368980057538e-04 1.382638001814485e-04 1.382638001814485e-04	1.000000000000000e+00	12	0	79
80	 7.295365278240340e+02 -8.899239203739536e+02  6.562201005158646e+02	3.331736370455474e-04 3.341757692396641e-04 3.341757692396641e-04	1.000000000000000e+00	12	0	80
81	 1.154270626863377e+03 -7.579134646926645e+02  8.934779053096580e+01	-1.301942302234238e-05 -1.301942302234238e-05 -1.306596095673740e-05	1.000000000000000e+00	12	0	81
82	 1.621025752071469e+03 -2.911583394845727e+02 -8.416602275902211e+02	8.133290975820273e-05 8.133290975820273e-05 8.169934881152585e-05	1.000000000000000e+00	12	0	82
83	 1.765238575074743e+03  1.215138910330919e+02 -1.396331499007649e+03	1.583192643010989e-04 1.565081620356068e-04 1.583192643010989e-04	1.000000000000000e+00	12	0	83
84	 1.587131690594148e+03  4.803481016937811e+02 -1.574438383488244e+03	2.627934736665338e-04 2.618718426674604e-04 2.627934736665338e-04	1.000000000000000e+00	12	0	84
85	 1.304482587180299e+03  7.586175298097867e+02 -1.564639953409268e+03	3.697800275404006e-04 2.986867038998753e-04 2.986867038998753e-04	1.000000000000000e+00	12	0	85
86	 4.824706507033418e+02  8.150244057565664e+02 -8.093242363044726e+02	9.983657946577296e-05 9.983657946577296e-05 1.065727701643482e-04	1.000000000000000e+00	12	0	86
87	 9.224348510116135e+02  9.615647415491862e+02 -1.361692741669869e+03	1.387869706377387e-03 1.237354474142194e-03 1.237354474142194e-03	1.000000000000000e+00	12	0	87
88	-8.681425172022184e+02  3.872148463574870e+02  1.976460797218313e+02	-3.070710226893425e-05  3.187716720276512e-05 -3.070710226893425e-05	1.000000000000000e+00	24	0	88
89	-6.539052438420917e+02  4.968659706225135e+02  8.799094599378432e+01	-2.316536993021145e-04  2.316536993021145e-04 -2.313467848580331e-04	1.000000000000000e+00	24	0	89
90	-1.085917198042407e+03 -4.280720743003128e+01 -2.012860111835697e+01	-2.458556555211544e-04  2.448866725899279e-04 -2.458556555211544e-04	1.000000000000000e+00	24	0	90
91	-9.764284099246587e+02 -1.522936818571736e+02 -2.345309984998759e+02	-9.986248915083706e-05  9.922005119733512e-05 -9.922005119733512e-05	1.000000000000000e+00	24	0	91
92	 2.928098428546622e+02  4.958161383760869e+02 -8.826408187331364e+02	-6.691537419101223e-05  6.533753185067326e-05 -6.533753185067326e-05	1.000000000000000e+00	24	0	92
93	 1.062119475953825e+03  3.656979703319446e+02 -1.762278040921825e+03	-3.662036033347249e-04  3.721429384313524e-04 -3.662036033347249e-04	1.000000000000000e+00	24	0	93
94	 8.410950223005647e+02  2.627986923900002e+02 -1.659512168991340e+03	-9.800629923120141e-04  9.800629923120141e-04 -1.005097059533000e-03	1.000000000000000e+00	24	0	94
95	 1.270369041994581e+03  8.048565919530918e+02 -1.554028474881070e+03	-1.044228672981262e-03  9.961174800992012e-04 -1.044228672981262e-03	1.000000000000000e+00	24	0	95
96	 1.168354886737060e+03  9.071778549275837e+02 -1.332107653051148e+03	-5.816636839881539e-04  5.683678318746388e-04 -5.683678318746388e-04	1.000000000000000e+00	24	0	96
97	-9.599478589406058e+01  2.541299894754978e+02 -6.790597875990625e+02	 8.963858999777585e-05 -8.614023681730032e-05  8.614023681730032e-05	1.000000000000000e+00	24	0	97
98	-4.327889560429128e+02  2.757496828233346e+02 -3.387836378084767e+02	 3.702357062138617e-04 -3.702357062138617e-04  3.524454368744045e-04	1.000000000000000e+00	24	0	98
99	-5.470957953455693e+02  6.614324460689249e+01 -4.529679249639419e+02	-4.042348300572485e-04  4.068569105584174e-04 -4.068569105584174e-04	1.000000000000000e+00	24	0	99
100	-1.259095411564905e+02  2.837506618037065e+02 -6.705753421607559e+02	 8.337228064192459e-05 -9.517386934021488e-05  9.517386934021488e-05	1.000000000000000e+00	24	0	100
101	 7.262334748557722e+02 -7.658916416751683e+02  1.077010417578118e+03	-2.281543798744678e-03  2.083955565467477e-03  2.083955565467477e-03	1.000000000000000e+00	0	0	101
102	 4.039359036639296e+02 -9.411533617903117e+02  9.017486974629744e+02	 7.666963028896134e-06 -6.640037554461742e-06 -6.640037554461742e-06	1.000000000000000e+00	0	0	102
103	 5.013302531356717e+02 -1.038557962230799e+03  1.104858195749868e+03	-2.702885831240565e-04  2.682896156329662e-04  2.702885831240565e-04	1.000000000000000e+00	0	0	103
104	 6.252057765551557e+02  4.786879381354091e+02 -1.227115122874783e+03	-1.044172211550176e-03  1.044172211550176e-03 -9.602680802345276e-04	1.000000000000000e+00	24	0	104
105	 7.447237539153186e+02  6.830843059079841e+02 -1.108014104031549e+03	 4.868355754297227e-04 -4.953314200975001e-04  4.953314200975001e-04	1.000000000000000e+00	24	0	105
106	 3.241126885837045e+02  4.648642748748669e+02 -8.897940729984316e+02	-6.244285759748891e-05  7.652191561646760e-05 -7.652191561646760e-05	1.000000000000000e+00	24	0	106
107	 1.267795809978083e+03 -2.964314842274389e+02  1.128207807158865e+03	-2.807428827509284e-04  2.722025965340436e-04  2.807428827509284e-04	1.000000000000000e+00	0	0	107
108	 1.047911463445933e+03 -5.739255087656527e+02  1.151197095572950e+03	 2.385240281000733e-03 -2.127386862412095e-03 -2.127386862412095e-03	1.000000000000000e+00	0	0	108
109	 1.371593840508106e+03 -4.002038334309591e+02  1.324918770907643e+03	 2.493672072887421e-04 -2.492353669367731e-04 -2.492353669367731e-04	1.000000000000000e+00	0	0	109
110	-1.050558470308352e+02  2.274979080223894e+02  3.503351792345906e+02	-5.024452111683786e-04 -5.024452111683786e-04 -5.008849548175931e-04	1.000000000000000e+00	12	0	110
111	 1.037443008762466e+03 -8.747410827935753e+02  3.219642568490303e+02	-3.861532604787499e-05 -3.861532604787499e-05 -3.809025656664744e-05	1.000000000000000e+00	12	0	111
112	 1.737844908028052e+03 -1.743391835279895e+02 -1.074282839793967e+03	1.184734064736404e-04 1.184734064736404e-04 1.187154994113371e-04	1.000000000000000e+00	12	0	112
113	 6.044201877903097e+02  9.369739428435344e+02 -1.036627510034589e+03	6.922664470039308e-04 6.922664470039308e-04 7.404832867905498e-04	1.000000000000000e+00	12	0	113
114	 1.324755244567945e+02  4.650292795100190e+02 -1.110237629770487e+02	-2.408883801763295e-06 -2.408883801763295e-06 -2.969939487229567e-06	1.000000000000000e+00	12	0	114
115	 3.649755000236497e+02  6.975292550768743e+02 -5.774052530860233e+02	-4.114110925002024e-05 -4.114110925002024e-05 -4.133544643991627e-05	1.000000000000000e+00	12	0	115
116	 1.270876912828349e+03 -6.413071787276924e+02 -1.434869173701373e+02	2.532413816425105e-07 2.532413816425105e-07 2.534369230033917e-07	1.000000000000000e+00	12	0	116
117	 1.504180204313180e+03 -4.080038872428609e+02 -6.090654271462550e+02	4.034923767903820e-05 4.034923767903820e-05 4.051384894410148e-05	1.000000000000000e+00	12	0	117
0	-5.773502691896258e-01  5.773502691896258e-01  5.773502691896258e-01	-7.071067811865476e-01  3.124842898819631e-18 -7.071067811865476e-01	 1.198001808568474e+03 -5.294203851356715e-15  1.198001808568474e+03	1	0	0.000000000000000e+00	0.000000000000000e+00	0.000000000000000e+00
1	-5.773502691896258e-01  5.773502691896258e-01  5.773502691896258e-01	 0.000000000000000e+00  7.071067811865476e-01 -7.071067811865476e-01	 0.000000000000000e+00 -9.214510296266430e+02  9.214510296266430e+02	1	0	0.000000000000000e+00	0.000000000000000e+00	0.000000000000000e+00
2	-5.773502691896258e-01  5.773502691896258e-01  5.773502691896258e-01	 7.071067811865476e-01  7.071067811865476e-01 -3.124842898819631e-18	-7.193784354102739e+02 -7.193784354102739e+02  3.179073734356852e-15	1	0	0.000000000000000e+00	0.000000000000000e+00	0.000000000000000e+00
3	-5.773502691896258e-01  5.773502691896258e-01  5.773502691896258e-01	 7.071067811865476e-01 -3.124842898819631e-18  7.071067811865476e-01	 8.030942244427697e+02 -3.549030148066116e-15  8.030942244427697e+02	1	0	0.000000000000000e+00	0.000000000000000e+00	0.000000000000000e+00
4	-5.773502691896258e-01  5.773502691896258e-01  5.773502691896258e-01	 0.000000000000000e+00  7.071067811865476e-01 -7.071067811865476e-01	 0.000000000000000e+00 -8.625613021693013e+02  8.625613021693013e+02	1	0	0.000000000000000e+00	0.000000000000000e+00	0.000000000000000e+00
5	-5.773502691896258e-01  5.773502691896258e-01  5.773502691896258e-01	-7.071067811865476e-01 -7.071067811865476e-01  3.124842898819631e-18	 9.364621366255734e+02  9.364621366255734e+02 -4.138408986458117e-15	1	0	0.000000000000000e+00	0.000000000000000e+00	0.000000000000000e+00
6	 5.773502691896258e-01 -5.773502691896258e-01 -5.773502691896258e-01	0.000000000000000e+00 0.000000000000000e+00 0.000000000000000e+00	1.570392732195782e+03 3.025315410553647e+02 8.256108849411653e+02	1	1	0.000000000000000e+00	0.000000000000000e+00	0.000000000000000e+00
7	-5.773502691896258e-01 -5.773502691896258e-01 -5.773502691896258e-01	-7.071067811865476e-01  0.000000000000000e+00  7.071067811865476e-01	-4.024131376251693e+02  0.000000000000000e+00  4.024131376251693e+02	1	0	0.000000000000000e+00	0.000000000000000e+00	0.000000000000000e+00
8	-5.773502691896258e-01 -5.773502691896258e-01 -5.773502691896258e-01	 0.000000000000000e+00 -7.071067811865476e-01  7.071067811865476e-01	 0.000000000000000e+00 -7.730720104449091e+02  7.730720104449091e+02	1	0	0.000000000000000e+00	0.000000000000000e+00	0.000000000000000e+00
9	-5.773502691896258e-01 -5.773502691896258e-01 -5.773502691896258e-01	 7.071067811865476e-01 -7.071067811865476e-01  0.000000000000000e+00	 9.560920457780206e+02 -9.560920457780206e+02  0.000000000000000e+00	1	0	0.000000000000000e+00	0.000000000000000e+00	0.000000000000000e+00
10	-5.773502691896258e-01 -5.773502691896258e-01 -5.773502691896258e-01	 7.071067811865476e-01  0.000000000000000e+00 -7.071067811865476e-01	 1.580785037041196e+03  0.000000000000000e+00 -1.580785037041196e+03	1	0	0.000000000000000e+00	0.000000000000000e+00	0.000000000000000e+00
11	-5.773502691896258e-01 -5.773502691896258e-01 -5.773502691896258e-01	 0.000000000000000e+00  7.071067811865476e-01 -7.071067811865476e-01	 0.000000000000000e+00  1.161628741609527e+03 -1.161628741609527e+03	1	0	0.000000000000000e+00	0.000000000000000e+00	0.000000000000000e+00
12	-5.773502691896258e-01 -5.773502691896258e-01 -5.773502691896258e-01	-7.071067811865476e-01  7.071067811865476e-01  0.000000000000000e+00	-1.662768775266123e+02  1.662768775266123e+02  0.000000000000000e+00	1	0	0.000000000000000e+00	0.000000000000000e+00	0.000000000000000e+00
13	5.773502691896258e-01 5.773502691896258e-01 5.773502691896258e-01	0.000000000000000e+00 0.000000000000000e+00 0.000000000000000e+00	-2.170837012152994e+02  1.154700538379251e+02  5.877425740350395e+02	1	1	0.000000000000000e+00	0.000000000000000e+00	0.000000000000000e+00
14	-5.773502691896258e-01  5.773502691896258e-01 -5.773502691896258e-01	 7.071067811865476e-01  0.000000000000000e+00 -7.071067811865476e-01	-5.328942984620248e+02  0.000000000000000e+00  5.328942984620248e+02	1	0	0.000000000000000e+00	0.000000000000000e+00	0.000000000000000e+00
15	-5.773502691896258e-01  5.773502691896258e-01 -5.773502691896258e-01	-3.124842898819631e-18  7.071067811865476e-01  7.071067811865476e-01	 8.547268868455420e-16 -1.934123401785247e+02 -1.934123401785247e+02	1	0	0.000000000000000e+00	0.000000000000000e+00	0.000000000000000e+00
16	-5.773502691896258e-01  5.773502691896258e-01 -5.773502691896258e-01	 7.071067811865476e-01  7.071067811865476e-01 -3.124842898819631e-18	 5.519468573452824e+02  5.519468573452824e+02 -2.439160906938323e-15	1	0	0.000000000000000e+00	0.000000000000000e+00	0.000000000000000e+00
17	-5.773502691896258e-01  5.773502691896258e-01 -5.773502691896258e-01	-7.071067811865476e-01  0.000000000000000e+00  7.071067811865476e-01	 1.412198758437825e+03  0.000000000000000e+00 -1.412198758437825e+03	1	0	0.000000000000000e+00	0.000000000000000e+00	0.000000000000000e+00
18	-5.773502691896258e-01  5.773502691896258e-01 -5.773502691896258e-01	-3.124842898819631e-18  7.071067811865476e-01  7.071067811865476e-01	 9.389238637586849e-16 -2.124648990617823e+02 -2.124648990617823e+02	1	0	0.000000000000000e+00	0.000000000000000e+00	0.000000000000000e+00
19	-5.773502691896258e-01  5.773502691896258e-01 -5.773502691896258e-01	-7.071067811865476e-01 -7.071067811865476e-01  3.124842898819631e-18	-7.851963660978913e+01 -7.851963660978913e+01  3.469936018238618e-16	1	0	0.000000000000000e+00	0.000000000000000e+00	0.000000000000000e+00
20	 5.773502691896258e-01 -5.773502691896258e-01  5.773502691896258e-01	0.000000000000000e+00 0.000000000000000e+00 0.000000000000000e+00	-7.597929542535480e+02  6.027536810339697e+02  3.059956426705016e+02	1	1	0.000000000000000e+00	0.000000000000000e+00	0.000000000000000e+00
0	0	1	0
6	0	1	0
5	5	0	0
6	5	0	0
0	6	0	0
5	0	6	0
1	1	2	0
6	1	2	0
0	1	7	0
1	7	1	0
2	2	3	0
6	2	3	0
1	2	8	0
2	8	2	0
3	3	4	0
6	3	4	0
2	3	9	0
3	9	3	0
4	4	5	0
6	4	5	0
3	4	10	0
4	10	4	0
4	5	11	0
5	11	5	0
5	6	66	0
0	67	6	0
0	7	42	0
1	68	7	0
2	69	8	0
1	8	70	0
2	9	71	0
3	72	9	0
3	10	38	0
4	73	10	0
5	74	11	0
4	11	75	0
7	12	13	0
13	12	13	0
12	17	12	0
13	17	12	0
7	18	12	0
12	12	18	0
8	13	14	0
13	13	14	0
7	13	19	0
8	19	13	0
9	14	15	0
13	14	15	0
8	14	20	0
9	20	14	0
10	15	16	0
13	15	16	0
9	15	21	0
10	21	15	0
11	16	17	0
13	16	17	0
10	16	22	0
11	22	16	0
11	17	23	0
12	23	17	0
7	76	18	0
12	18	110	0
7	19	78	0
8	79	19	0
8	20	80	0
9	111	20	0
10	83	21	0
9	21	112	0
10	22	84	0
11	85	22	0
11	23	87	0
12	113	23	0
14	24	25	0
20	24	25	0
19	29	24	0
20	29	24	0
14	30	24	0
19	24	30	0
15	25	26	0
20	25	26	0
14	25	31	0
15	31	25	0
16	26	27	0
20	26	27	0
15	26	32	0
16	32	26	0
17	27	28	0
20	27	28	0
16	27	33	0
17	33	27	0
18	28	29	0
20	28	29	0
17	28	34	0
18	34	28	0
18	29	35	0
19	35	29	0
14	88	30	0
19	30	89	0
14	31	90	0
15	91	31	0
16	40	32	0
15	32	92	0
17	93	33	0
16	33	94	0
17	34	95	0
18	96	34	0
19	36	35	0
18	35	97	0
19	98	36	0
15	36	99	0
15	100	36	0
1	38	101	0
1	102	38	0
3	38	103	0
16	104	40	0
18	40	105	0
18	106	40	0
0	42	107	0
4	42	108	0
4	109	42	0
5	66	44	0
5	44	74	0
0	45	67	0
0	107	45	0
1	46	68	0
1	101	46	0
2	47	69	0
2	71	47	0
1	70	48	0
1	48	102	0
3	49	72	0
3	103	49	0
4	50	73	0
4	108	50	0
4	75	51	0
4	51	109	0
7	52	76	0
7	78	52	0
12	114	53	0
12	53	115	0
8	54	79	0
8	80	54	0
9	55	116	0
9	117	55	0
10	56	83	0
10	84	56	0
11	57	85	0
11	87	57	0
14	58	88	0
14	90	58	0
19	89	59	0
19	59	98	0
15	60	91	0
15	99	60	0
15	92	61	0
15	61	100	0
17	62	93	0
17	95	62	0
16	94	63	0
16	63	104	0
18	64	96	0
18	105	64	0
18	97	65	0
18	65	106	0
12	110	77	0
12	77	114	0
9	81	111	0
9	116	81	0
9	112	82	0
9	82	117	0
12	86	113	0
12	115	86	0
