114
21
172
0	1.570392732195782e+03 3.025315410553647e+02 8.256108849411653e+02	0.000000000000000e+00 0.000000000000000e+00 0.000000000000000e+00	1.000000000000000e+00	0	0	0
1	 1.130451827073287e+03 -5.773502691896260e+02  1.265551790063660e+03	0.000000000000000e+00 0.000000000000000e+00 0.000000000000000e+00	1.000000000000000e+00	0	0	1
2	-1.974537920628516e+02 -1.241303078757696e+03  6.015989804955904e+02	0.000000000000000e+00 0.000000000000000e+00 0.000000000000000e+00	1.000000000000000e+00	0	0	2
3	 2.032272947547480e+02 -1.641984165575296e+03  1.402961154130791e+03	0.000000000000000e+00 0.000000000000000e+00 0.000000000000000e+00	1.000000000000000e+00	0	0	3
4	 6.431681998772439e+02 -7.621023553303065e+02  9.630202490082960e+02	0.000000000000000e+00 0.000000000000000e+00 0.000000000000000e+00	1.000000000000000e+00	0	0	4
5	 1.971073819013383e+03 -9.814954576223676e+01  1.626973058576365e+03	0.000000000000000e+00 0.000000000000000e+00 0.000000000000000e+00	1.000000000000000e+00	0	0	5
6	1.569505381265136e+03 3.034188919860105e+02 8.264982358718112e+02	-1.251123467227444e-04  1.333663385594264e-04  1.206223751069047e-04	1.000000000000000e+00	0	0	6
7	 1.125587215440387e+03 -5.724856575567258e+02  1.270416401696560e+03	-1.462606907201310e-03  1.462606907201310e-03  1.462606907201310e-03	1.000000000000000e+00	0	0	7
8	-1.966124702950227e+02 -1.242144400525525e+03  6.007576587277615e+02	 1.077460838132538e-04 -1.090237201424316e-04 -1.090434889192693e-04	1.000000000000000e+00	0	0	8
9	 2.032452548113444e+02 -1.642002125631892e+03  1.402943194074194e+03	 9.156582564173732e-06 -9.765648428583518e-06 -8.492112101521343e-06	1.000000000000000e+00	0	0	9
10	 6.473076741612629e+02 -7.662418296143255e+02  9.588807747242770e+02	 1.383400793808202e-03 -1.383400793808202e-03 -1.383400793808202e-03	1.000000000000000e+00	0	0	10
11	 1.971307859515250e+03 -9.838358626410361e+01  1.626739018074499e+03	 3.999043474323116e-05 -3.936110078939237e-05 -3.913844921044074e-05	1.000000000000000e+00	0	0	11
12	-2.170837012152994e+02  1.154700538379251e+02  5.877425740350395e+02	0.000000000000000e+00 0.000000000000000e+00 0.000000000000000e+00	1.000000000000000e+00	12	0	12
13	 1.408734656822689e+02 -6.004442799572098e+02  9.456997409326077e+02	0.000000000000000e+00 0.000000000000000e+00 0.000000000000000e+00	1.000000000000000e+00	12	0	13
14	 9.214510296266424e+02 -9.907330619293978e+02  5.554109589604201e+02	0.000000000000000e+00 0.000000000000000e+00 0.000000000000000e+00	1.000000000000000e+00	12	0	14
15	 1.853294364098699e+03 -5.888972745734176e+01 -1.308275709983692e+03	0.000000000000000e+00 0.000000000000000e+00 0.000000000000000e+00	1.000000000000000e+00	12	0	15
16	 1.495337197201131e+03  6.570246063377946e+02 -1.666232876881260e+03	0.000000000000000e+00 0.000000000000000e+00 0.000000000000000e+00	1.000000000000000e+00	12	0	16
17	 7.147596332567570e+02  1.047313388309982e+03 -1.275944094909073e+03	0.000000000000000e+00 0.000000000000000e+00 0.000000000000000e+00	1.000000000000000e+00	12	0	17
18	-2.189306862607409e+02  1.136230687924836e+02  5.858955889895981e+02	-2.324419474462047e-04 -2.324419474462047e-04 -2.324419474462047e-04	1.000000000000000e+00	12	0	18
19	 1.435207352247383e+02 -5.977970104147405e+02  9.483470104750771e+02	3.283631328182916e-04 3.283631328182916e-04 3.283631328182916e-04	1.000000000000000e+00	12	0	19
20	 9.221180179641133e+02 -9.900660735919269e+02  5.560779472978910e+02	1.119954831665382e-04 1.052414154401049e-04 1.064911339199170e-04	1.000000000000000e+00	12	0	20
21	 1.854220326411772e+03 -5.796376514426899e+01 -1.307349747670620e+03	1.193193093058653e-04 1.190502443932928e-04 1.193231073557399e-04	1.000000000000000e+00	12	0	21
22	 1.497888635178166e+03  6.595760443148290e+02 -1.663681438904226e+03	3.380697938458373e-04 3.380697938458373e-04 3.380697938458373e-04	1.000000000000000e+00	12	0	22
23	 7.249966422547991e+02  1.057550397308024e+03 -1.265707085911031e+03	1.285956551631292e-03 1.285956551631292e-03 1.285956551631292e-03	1.000000000000000e+00	12	0	23
24	-7.597929542535472e+02  6.027536810339691e+02  3.059956426705008e+02	0.000000000000000e+00 0.000000000000000e+00 0.000000000000000e+00	1.000000000000000e+00	24	0	24
25	-1.191650955607388e+03 -2.609623216737101e+02 -1.258623586833382e+02	0.000000000000000e+00 0.000000000000000e+00 0.000000000000000e+00	1.000000000000000e+00	24	0	25
26	 5.126870390403868e+02  5.912066756501777e+02 -9.780313560072266e+02	0.000000000000000e+00 0.000000000000000e+00 0.000000000000000e+00	1.000000000000000e+00	24	0	26
27	 9.572467463163994e+02  1.466469683741651e+02 -1.867150770559250e+03	0.000000000000000e+00 0.000000000000000e+00 0.000000000000000e+00	1.000000000000000e+00	24	0	27
28	 1.389104747670240e+03  1.010362971081845e+03 -1.435292769205410e+03	0.000000000000000e+00 0.000000000000000e+00 0.000000000000000e+00	1.000000000000000e+00	24	0	28
29	-3.152332469775362e+02  1.581939737579582e+02 -5.831237718815206e+02	0.000000000000000e+00 0.000000000000000e+00 0.000000000000000e+00	1.000000000000000e+00	24	0	29
30	-7.603573996773557e+02  6.033181264577776e+02  3.054311972466923e+02	-7.413049752358347e-05  7.444494985975325e-05 -7.084624667186290e-05	1.000000000000000e+00	24	0	30
31	-1.192774047065679e+03 -2.598392302154193e+02 -1.269854501416290e+02	-1.510326110292226e-04  1.485701941419393e-04 -1.508019631728530e-04	1.000000000000000e+00	24	0	31
32	 5.013705823467113e+02  6.025231323438533e+02 -9.893478127009022e+02	-1.502107091558476e-04  1.502107091558475e-04 -1.502107091558477e-04	1.000000000000000e+00	24	0	32
33	 9.528027151743717e+02  1.510909995161928e+02 -1.871594801701278e+03	-5.993484325396518e-04  5.993484325396518e-04 -5.993484325396518e-04	1.000000000000000e+00	24	0	33
34	 1.380651754705812e+03  1.018815964046273e+03 -1.443745762169838e+03	-1.132883015088737e-03  1.132883015088737e-03 -1.132883015088737e-03	1.000000000000000e+00	24	0	34
35	-3.046039344987521e+02  1.475646612791741e+02 -5.724944594027365e+02	 1.518739154562354e-04 -1.518739154562354e-04  1.518739154562355e-04	1.000000000000000e+00	24	0	35
36	-3.298323671233799e+02  1.727930939038019e+02 -5.596177742608495e+02	 6.507559737656265e-05 -6.535372085636482e-05  2.611695381347090e-04	1.000000000000000e+00	24	0	36
38	 6.018001653398074e+02 -8.385137757075541e+02  1.004388283545732e+03	-4.392222035676241e-04  4.392222035676241e-04  4.392222035676241e-04	1.000000000000000e+00	0	0	38
40	 5.276996624226852e+02  5.761940522678796e+02 -1.001123850391444e+03	-1.073947423719801e-04  9.958801820175722e-05 -1.879809133242816e-04	1.000000000000000e+00	24	0	40
42	 1.170737466025973e+03 -4.998564532276280e+02  1.225266151110974e+03	 3.051148281277468e-04 -3.051148281277468e-04 -3.051148281277468e-04	1.000000000000000e+00	0	0	42
44	1.770885400135525e+03 1.020388731156222e+02 1.226140299093405e+03	 2.239469540654682e-05 -2.239469540654682e-05 -2.226389915449545e-05	1.000000000000000e+00	0	0	44
45	 1.367822736171200e+03 -9.592633677491182e+01  1.028180880965748e+03	-3.155022568535060e-04  3.137967723887414e-04  3.155022568535060e-04	1.000000000000000e+00	0	0	45
46	 8.586693780345753e+02 -7.005009528112337e+02  1.142401106442052e+03	-2.237448235973716e-03  2.225808333605528e-03  2.225808333605528e-03	1.000000000000000e+00	0	0	46
47	 3.635370348052724e+00 -1.442392241168601e+03  1.001531801155696e+03	 9.936083370121196e-05 -9.936083370121196e-05 -9.928781219059601e-05	1.000000000000000e+00	0	0	47
48	 2.046500019072456e+02 -1.042380593807398e+03  8.005214654458885e+02	 1.681676367297769e-04 -1.670384517638013e-04 -1.670384517638013e-04	1.000000000000000e+00	0	0	48
49	 4.025928118916456e+02 -1.240334502696935e+03  1.203595636993894e+03	-1.264801830984652e-04  1.248267217306420e-04  1.264801830984652e-04	1.000000000000000e+00	0	0	49
50	 9.157484015308937e+02 -6.396597637938517e+02  1.085462840544751e+03	 2.359313191846013e-03 -2.312798984348774e-03 -2.312798984348774e-03	1.000000000000000e+00	0	0	50
51	 1.571303496416131e+03 -2.993988583165765e+02  1.425723746022026e+03	 1.446843525627628e-04 -1.440128544345498e-04 -1.440128544345498e-04	1.000000000000000e+00	0	0	51
52	-3.727224506074457e+01 -2.416530455310953e+02  7.675540301895941e+02	1.193561329273507e-04 1.197625970235094e-04 1.193561329273507e-04	1.000000000000000e+00	12	0	52
53	 2.489894167830867e+02  5.815431718363112e+02 -3.439490519766449e+02	9.325364771939348e-06 9.325364771939348e-06 9.399036571267061e-06	1.000000000000000e+00	12	0	53
54	 5.312071860421421e+02 -7.955154200132619e+02  7.506286008765563e+02	3.272627509431913e-05 3.971364640165120e-05 3.971364640165120e-05	1.000000000000000e+00	12	0	54
55	 1.387460272065534e+03 -5.247238194905076e+02 -3.763446932890220e+02	1.358288773189997e-05 1.358288773189997e-05 1.361338763672393e-05	1.000000000000000e+00	12	0	55
56	 1.676394306925988e+03  3.011405085558868e+02 -1.485175767156404e+03	2.512649807613343e-04 2.498932881280780e-04 2.512649807613343e-04	1.000000000000000e+00	12	0	56
57	 1.097720497357147e+03  8.443114521616542e+02 -1.478946031057401e+03	-6.418374250642955e-04 -7.709012134000659e-04 -7.709012134000659e-04	1.000000000000000e+00	12	0	57
58	-9.772803920645708e+02  1.724620025979686e+02  8.850820485947882e+01	-1.855458249337971e-04  1.874833396868780e-04 -1.855458249337971e-04	1.000000000000000e+00	24	0	58
59	-5.443872601514004e+02  3.873479869318221e+02 -1.263874230038833e+02	-5.341605719877407e-05  5.341605719877407e-05 -5.357976260711439e-05	1.000000000000000e+00	24	0	59
60	-7.612054871656492e+02 -4.363228652780833e+01 -3.431923938292411e+02	-2.066879824269563e-04  2.033347846008837e-04 -2.033347846008837e-04	1.000000000000000e+00	24	0	60
61	 8.438096723288132e+01  3.889734127817111e+02 -7.757980931387606e+02	 3.762887718039565e-05 -3.746573202079162e-05  3.746573202079162e-05	1.000000000000000e+00	24	0	61
62	 1.170932869537539e+03  5.806746108893062e+02 -1.653464647338111e+03	-4.313477256800979e-04  4.075707111041993e-04 -4.313477256800979e-04	1.000000000000000e+00	24	0	62
63	 7.335240953905438e+02  3.703696193000210e+02 -1.443077904911454e+03	-1.048993435688317e-03  1.048993435688317e-03 -1.047492492944002e-03	1.000000000000000e+00	24	0	63
64	 9.618446746617979e+02  7.900616696120669e+02 -1.214991467735632e+03	 5.374700413085520e-04 -4.830186953768134e-04  4.830186953768134e-04	1.000000000000000e+00	24	0	64
65	 1.135558599485819e+02  3.598100472631895e+02 -7.847398453867543e+02	 4.226053351885639e-05 -4.185849684290588e-05  4.185849684290588e-05	1.000000000000000e+00	24	0	65
66	1.671138476453872e+03 2.017857967972748e+02 1.025371491305042e+03	 8.312958379974589e-05 -8.312958379974589e-05 -8.453072223346680e-05	1.000000000000000e+00	0	0	66
67	1.467675421695962e+03 1.047525716014786e+02 9.283281954409856e+02	-3.599531482905149e-04  3.641924413386732e-04  3.599531482905149e-04	1.000000000000000e+00	0	0	67
68	 9.913442854956606e+02 -6.355351161971080e+02  1.207366943056178e+03	-2.065980806946754e-03  2.151814056560397e-03  2.151814056560397e-03	1.000000000000000e+00	0	0	68
69	-9.659878590100196e+01 -1.342158084919546e+03  8.012549315743036e+02	 8.681065810378641e-05 -8.681065810378641e-05 -8.678525773575529e-05	1.000000000000000e+00	0	0	69
70	 4.455058551997723e+00 -1.142704165531816e+03  7.001978937214703e+02	 1.935134205268696e-04 -1.942397648235783e-04 -1.942397648235783e-04	1.000000000000000e+00	0	0	70
71	 1.036310097299557e+02 -1.542387880550503e+03  1.202048247884833e+03	 8.422369137406349e-05 -8.422369137406349e-05 -8.376294863410294e-05	1.000000000000000e+00	0	0	71
72	 3.028399232294817e+02 -1.441087973787260e+03  1.303348525656058e+03	-7.096412446117029e-05  7.044143421808258e-05  7.096412446117029e-05	1.000000000000000e+00	0	0	72
73	 7.838888662527452e+02 -7.056490130557345e+02  1.019473591282868e+03	 2.192504703998566e-03 -2.322403714060783e-03 -2.322403714060783e-03	1.000000000000000e+00	0	0	73
74	1.870819912315274e+03 2.104360935872824e+00 1.426716340731103e+03	-1.270429402211448e-05  1.270429402211448e-05  1.277186038350919e-05	1.000000000000000e+00	0	0	74
75	 1.771455570755495e+03 -1.990402749061396e+02  1.526082329432463e+03	 1.159259481937625e-04 -1.153413395513780e-04 -1.153413395513780e-04	1.000000000000000e+00	0	0	75
76	-1.268913929878506e+02 -6.279697660414273e+01  6.779348822624880e+02	8.164954488165677e-05 8.378846541745588e-05 8.164954488165677e-05	1.000000000000000e+00	12	0	76
77	1.399499267257586e+01 3.465487477258004e+02 1.199127538041144e+02	-2.489047183189541e-04 -2.489047183189541e-04 -2.556183899287134e-04	1.000000000000000e+00	12	0	77
78	 5.248551842899351e+01 -4.203547349247581e+02  8.573117936793321e+02	1.611809566384181e-04 1.637308741919696e-04 1.611809566384181e-04	1.000000000000000e+00	12	0	78
79	 3.367387449989457e+02 -6.973168788114617e+02  8.488271420783565e+02	1.340823364444077e-04 1.284765166928992e-04 1.284765166928992e-04	1.000000000000000e+00	12	0	79
80	 7.292251181082090e+02 -8.902362992273676e+02  6.559077216624506e+02	3.437893174123019e-04 3.448860079515725e-04 3.448860079515725e-04	1.000000000000000e+00	12	0	80
81	 1.154283098798188e+03 -7.579009927578531e+02  8.936030538112689e+01	-1.408028310834197e-05 -1.408028310834197e-05 -1.412683195667341e-05	1.000000000000000e+00	12	0	81
82	 1.620950914119933e+03 -2.912331774361078e+02 -8.417353854261552e+02	8.135823736665770e-05 8.135823736665770e-05 8.168716158252209e-05	1.000000000000000e+00	12	0	82
83	 1.765091933449899e+03  1.213688482922647e+02 -1.396478140632492e+03	1.604616991244256e-04 1.587984879733995e-04 1.604616991244256e-04	1.000000000000000e+00	12	0	83
84	 1.586889254912893e+03  4.801064453466031e+02 -1.574680819169499e+03	2.642394683789462e-04 2.634654520079494e-04 2.642394683789462e-04	1.000000000000000e+00	12	0	84
85	 1.304132568557800e+03  7.583289046593914e+02 -1.564928578559663e+03	3.915461420547217e-04 3.292540786787868e-04 3.292540786787868e-04	1.000000000000000e+00	12	0	85
86	 4.823809595689102e+02  8.149347146221347e+02 -8.094197217571589e+02	9.511481039226055e-05 9.511481039226055e-05 1.009805637295358e-04	1.000000000000000e+00	12	0	86
87	 9.211508516629722e+02  9.604136026509682e+02 -1.362843880568087e+03	1.403488218784332e-03 1.265285187400877e-03 1.265285187400877e-03	1.000000000000000e+00	12	0	87
88	-8.681129104274489e+02  3.871842186283814e+02  1.976756864966008e+02	-3.365358497831039e-05  3.470304000074975e-05 -3.365358497831039e-05	1.000000000000000e+00	24	0	88
89	-6.536909781389409e+02  4.966517049193625e+02  8.820495188545456e+01	-2.341390645597130e-04  2.341390645597130e-04 -2.338804188184440e-04	1.000000000000000e+00	24	0	89
90	-1.085689444651703e+03 -4.303410200220475e+01 -1.990084772765369e+01	-2.492477360647172e-04  2.483509015291929e-04 -2.492477360647172e-04	1.000000000000000e+00	24	0	90
91	-9.763383108140487e+02 -1.523832354353701e+02 -2.344414449216794e+02	-9.602174395695329e-05  9.547697845846415e-05 -9.547697845846415e-05	1.000000000000000e+00	24	0	91
92	 2.928713469569378e+02  4.957560712507237e+02 -8.825807516077731e+02	-6.676436169072986e-05  6.521985778817907e-05 -6.521985778817907e-05	1.000000000000000e+00	24	0	92
93	 1.062455652549942e+03  3.653564810276510e+02 -1.761941864325708e+03	-3.646581317298114e-04  3.702577087096870e-04 -3.646581317298114e-04	1.000000000000000e+00	24	0	93
94	 8.419945830447404e+02  2.618991316458245e+02 -1.658590943194769e+03	-9.755056235007942e-04  9.755056235007942e-04 -9.975838474929333e-04	1.000000000000000e+00	24	0	94
95	 1.271347973500046e+03  8.039221224036407e+02 -1.553049543375604e+03	-1.084690680727363e-03  1.036108122207224e-03 -1.084690680727363e-03	1.000000000000000e+00	24	0	95
96	 1.168888162995911e+03  9.066557577152630e+02 -1.331585555838828e+03	-5.776333273388445e-04  5.666083307005465e-04 -5.666083307005465e-04	1.000000000000000e+00	24	0	96
97	-9.607644326247387e+01  2.542084756443639e+02 -6.791382737679287e+02	 8.772827277425677e-05 -8.433793846052140e-05  8.433793846052140e-05	1.000000000000000e+00	24	0	97
98	-4.331289364304783e+02  2.760896632109000e+02 -3.391076917229376e+02	 3.688588913064450e-04 -3.688588913064450e-04  3.520157188177109e-04	1.000000000000000e+00	24	0	98
99	-5.467246880846981e+02  6.577049704811253e+01 -4.525951774051619e+02	-4.025143571197987e-04  4.034734738525003e-04 -4.034734738525003e-04	1.000000000000000e+00	24	0	99
100	-1.259868870564006e+02  2.838389178287604e+02 -6.706635981858097e+02	 8.487332524964586e-05 -9.679218055680394e-05  9.679218055680394e-05	1.000000000000000e+00	24	0	100
101	 7.282734401505394e+02 -7.677741300779389e+02  1.075127929175347e+03	-2.127163810655475e-03  1.983040943741798e-03  1.983040943741798e-03	1.000000000000000e+00	0	0	101
102	 4.039232563316825e+02 -9.411417494173004e+02  9.017603098359857e+02	 1.963691283890512e-05 -1.843669997469988e-05 -1.843669997469988e-05	1.000000000000000e+00	0	0	102
103	 5.015801499755146e+02 -1.038806324986638e+03  1.104608298910025e+03	-2.729572879616171e-04  2.716035232879221e-04  2.729572879616171e-04	1.000000000000000e+00	0	0	103
104	 6.261575698963546e+02  4.777361447942101e+02 -1.226236644193347e+03	-1.024936442263424e-03  1.024936442263424e-03 -9.493941906839609e-04	1.000000000000000e+00	24	0	104
105	 7.442822200051207e+02  6.835319943212151e+02 -1.108461792444780e+03	 4.729120701085776e-04 -4.778488364536315e-04  4.778488364536315e-04	1.000000000000000e+00	24	0	105
106	 3.241707159293407e+02  4.647932209064300e+02 -8.897230190299947e+02	-6.371390190906823e-05  7.795853161951527e-05 -7.795853161951527e-05	1.000000000000000e+00	24	0	106
107	 1.268050194177269e+03 -2.966788009602670e+02  1.127953422959678e+03	-2.723104844335467e-04  2.654425334185362e-04  2.723104844335467e-04	1.000000000000000e+00	0	0	107
108	 1.045787709420962e+03 -5.720091947681829e+02  1.153113409570420e+03	 2.205289201810956e-03 -2.013074001297355e-03 -2.013074001297355e-03	1.000000000000000e+00	0	0	108
109	 1.371373400098465e+03 -3.999833795941347e+02  1.325139224744468e+03	 2.300678315805271e-04 -2.302094071637839e-04 -2.302094071637839e-04	1.000000000000000e+00	0	0	109
110	-1.045918439070847e+02  2.279619111461398e+02  3.507978439167758e+02	-5.062671843916178e-04 -5.062671843916178e-04 -5.049162427894771e-04	1.000000000000000e+00	12	0	110
111	 1.037480696777852e+03 -8.747033947781897e+02  3.220014742587368e+02	-4.329742660047486e-05 -4.329742660047486e-05 -4.280086068320088e-05	1.000000000000000e+00	12	0	111
112	 1.737735666168363e+03 -1.744484253876785e+02 -1.074392293697522e+03	1.190091716125607e-04 1.190091716125607e-04 1.192279596580192e-04	1.000000000000000e+00	12	0	112
113	 6.037807023911874e+02  9.363344574444119e+02 -1.037309242515062e+03	6.979395984672010e-04 6.979395984672010e-04 7.415476720780134e-04	1.000000000000000e+00	12	0	113
114	 1.324763539019298e+02  4.650301089551544e+02 -1.110224621690925e+02	6.121506999079429e-07 6.121506999079429e-07 1.471557169452353e-07	1.000000000000000e+00	12	0	114
115	 3.650144500536359e+02  6.975682051068604e+02 -5.773661332236104e+02	-4.353668555268086e-05 -4.353668555268086e-05 -4.371135219116695e-05	1.000000000000000e+00	12	0	115
116	 1.270876902811211e+03 -6.413071887448298e+02 -1.434869272197510e+02	-2.313429234845898e-07 -2.313429234845898e-07 -2.318744520835025e-07	1.000000000000000e+00	12	0	116
117	 1.504143245642442e+03 -4.080408459135995e+02 -6.091025287705667e+02	3.999603359261528e-05 3.999603359261528e-05 4.014223304693587e-05	1.000000000000000e+00	12	0	117
0	-5.773502691896258e-01  5.773502691896258e-01  5.773502691896258e-01	-7.071067811865476e-01  3.124842898819631e-18 -7.071067811865476e-01	 1.198001808568474e+03 -5.294203851356715e-15  1.198001808568474e+03	1	0	0.000000000000000e+00	0.000000000000000e+00	0.000000000000000e+00
1	-5.773502691896258e-01  5.773502691896258e-01  5.773502691896258e-01	 0.000000000000000e+00  7.071067811865476e-01 -7.071067811865476e-01	 0.000000000000000e+00 -9.214510296266430e+02  9.214510296266430e+02	1	0	0.000000000000000e+00	0.000000000000000e+00	0.000000000000000e+00
2	-5.773502691896258e-01  5.773502691896258e-01  5.773502691896258e-01	 7.071067811865476e-01  7.071067811865476e-01 -3.124842898819631e-18	-7.193784354102739e+02 -7.193784354102739e+02  3.179073734356852e-15	1	0	0.000000000000000e+00	0.000000000000000e+00	0.000000000000000e+00
3	-5.773502691896258e-01  5.773502691896258e-01  5.773502691896258e-01	 7.071067811865476e-01 -3.124842898819631e-18  7.071067811865476e-01	 8.030942244427697e+02 -3.549030148066116e-15  8.030942244427697e+02	1	0	0.000000000000000e+00	0.000000000000000e+00	0.000000000000000e+00
4	-5.773502691896258e-01  5.773502691896258e-01  5.773502691896258e-01	 0.000000000000000e+00  7.071067811865476e-01 -7.071067811865476e-01	 0.000000000000000e+00 -8.625613021693013e+02  8.625613021693013e+02	1	0	0.000000000000000e+00	0.000000000000000e+00	0.000000000000000e+00
5	-5.773502691896258e-01  5.773502691896258e-01  5.773502691896258e-01	-7.071067811865476e-01 -7.071067811865476e-01  3.124842898819631e-18	 9.364621366255734e+02  9.364621366255734e+02 -4.138408986458117e-15	1	0	0.000000000000000e+00	0.000000000000000e+00	0.000000000000000e+00
6	 5.773502691896258e-01 -5.773502691896258e-01 -5.773502691896258e-01	0.000000000000000e+00 0.000000000000000e+00 0.000000000000000e+00	1.570392732195782e+03 3.025315410553647e+02 8.256108849411653e+02	1	1	0.000000000000000e+00	0.000000000000000e+00	0.000000000000000e+00
7	-5.773502691896258e-01 -5.773502691896258e-01 -5.773502691896258e-01	-7.071067811865476e-01  0.000000000000000e+00  7.071067811865476e-01	-4.024131376251693e+02  0.000000000000000e+00  4.024131376251693e+02	1	0	0.000000000000000e+00	0.000000000000000e+00	0.000000000000000e+00
8	-5.773502691896258e-01 -5.773502691896258e-01 -5.773502691896258e-01	 0.000000000000000e+00 -7.071067811865476e-01  7.071067811865476e-01	 0.000000000000000e+00 -7.730720104449091e+02  7.730720104449091e+02	1	0	0.000000000000000e+00	0.000000000000000e+00	0.000000000000000e+00
9	-5.773502691896258e-01 -5.773502691896258e-01 -5.773502691896258e-01	 7.071067811865476e-01 -7.071067811865476e-01  0.000000000000000e+00	 9.560920457780206e+02 -9.560920457780206e+02  0.000000000000000e+00	1	0	0.000000000000000e+00	0.000000000000000e+00	0.000000000000000e+00
10	-5.773502691896258e-01 -5.773502691896258e-01 -5.773502691896258e-01	 7.071067811865476e-01  0.000000000000000e+00 -7.071067811865476e-01	 1.580785037041196e+03  0.000000000000000e+00 -1.580785037041196e+03	1	0	0.000000000000000e+00	0.000000000000000e+00	0.000000000000000e+00
11	-5.773502691896258e-01 -5.773502691896258e-01 -5.773502691896258e-01	 0.000000000000000e+00  7.071067811865476e-01 -7.071067811865476e-01	 0.000000000000000e+00  1.161628741609527e+03 -1.161628741609527e+03	1	0	0.000000000000000e+00	0.000000000000000e+00	0.000000000000000e+00
12	-5.773502691896258e-01 -5.773502691896258e-01 -5.773502691896258e-01	-7.071067811865476e-01  7.071067811865476e-01  0.000000000000000e+00	-1.662768775266123e+02  1.662768775266123e+02  0.000000000000000e+00	1	0	0.000000000000000e+00	0.000000000000000e+00	0.000000000000000e+00
13	5.773502691896258e-01 5.773502691896258e-01 5.773502691896258e-01	0.000000000000000e+00 0.000000000000000e+00 0.000000000000000e+00	-2.170837012152994e+02  1.154700538379251e+02  5.877425740350395e+02	1	1	0.000000000000000e+00	0.000000000000000e+00	0.000000000000000e+00
14	-5.773502691896258e-01  5.773502691896258e-01 -5.773502691896258e-01	 7.071067811865476e-01  0.000000000000000e+00 -7.071067811865476e-01	-5.328942984620248e+02  0.000000000000000e+00  5.328942984620248e+02	1	0	0.000000000000000e+00	0.000000000000000e+00	0.000000000000000e+00
15	-5.773502691896258e-01  5.773502691896258e-01 -5.773502691896258e-01	-3.124842898819631e-18  7.071067811865476e-01  7.071067811865476e-01	 8.547268868455420e-16 -1.934123401785247e+02 -1.934123401785247e+02	1	0	0.000000000000000e+00	0.000000000000000e+00	0.000000000000000e+00
16	-5.773502691896258e-01  5.773502691896258e-01 -5.773502691896258e-01	 7.071067811865476e-01  7.071067811865476e-01 -3.124842898819631e-18	 5.519468573452824e+02  5.519468573452824e+02 -2.439160906938323e-15	1	0	0.000000000000000e+00	0.000000000000000e+00	0.000000000000000e+00
17	-5.773502691896258e-01  5.773502691896258e-01 -5.773502691896258e-01	-7.071067811865476e-01  0.000000000000000e+00  7.071067811865476e-01	 1.412198758437825e+03  0.000000000000000e+00 -1.412198758437825e+03	1	0	0.000000000000000e+00	0.000000000000000e+00	0.000000000000000e+00
18	-5.773502691896258e-01  5.773502691896258e-01 -5.773502691896258e-01	-3.124842898819631e-18  7.071067811865476e-01  7.071067811865476e-01	 9.389238637586849e-16 -2.124648990617823e+02 -2.124648990617823e+02	1	0	0.000000000000000e+00	0.000000000000000e+00	0.000000000000000e+00
19	-5.773502691896258e-01  5.773502691896258e-01 -5.773502691896258e-01	-7.071067811865476e-01 -7.071067811865476e-01  3.124842898819631e-18	-7.851963660978913e+01 -7.851963660978913e+01  3.469936018238618e-16	1	0	0.000000000000000e+00	0.000000000000000e+00	0.000000000000000e+00
20	 5.773502691896258e-01 -5.773502691896258e-01  5.773502691896258e-01	0.000000000000000e+00 0.000000000000000e+00 0.000000000000000e+00	-7.597929542535472e+02  6.027536810339691e+02  3.059956426705008e+02	1	1	0.000000000000000e+00	0.000000000000000e+00	0.000000000000000e+00
0	0	1	0
6	0	1	0
5	5	0	0
6	5	0	0
0	6	0	0
5	0	6	0
1	1	2	0
6	1	2	0
0	1	7	0
1	7	1	0
2	2	3	0
6	2	3	0
1	2	8	0
2	8	2	0
3	3	4	0
6	3	4	0
2	3	9	0
3	9	3	0
4	4	5	0
6	4	5	0
3	4	10	0
4	10	4	0
4	5	11	0
5	11	5	0
5	6	66	0
0	67	6	0
0	7	42	0
1	68	7	0
2	69	8	0
1	8	70	0
2	9	71	0
3	72	9	0
3	10	38	0
4	73	10	0
5	74	11	0
4	11	75	0
7	12	13	0
13	12	13	0
12	17	12	0
13	17	12	0
7	18	12	0
12	12	18	0
8	13	14	0
13	13	14	0
7	13	19	0
8	19	13	0
9	14	15	0
13	14	15	0
8	14	20	0
9	20	14	0
10	15	16	0
13	15	16	0
9	15	21	0
10	21	15	0
11	16	17	0
13	16	17	0
10	16	22	0
11	22	16	0
11	17	23	0
12	23	17	0
7	76	18	0
12	18	110	0
7	19	78	0
8	79	19	0
8	20	80	0
9	111	20	0
10	83	21	0
9	21	112	0
10	22	84	0
11	85	22	0
11	23	87	0
12	113	23	0
14	24	25	0
20	24	25	0
19	29	24	0
20	29	24	0
14	30	24	0
19	24	30	0
15	25	26	0
20	25	26	0
14	25	31	0
15	31	25	0
16	26	27	0
20	26	27	0
15	26	32	0
16	32	26	0
17	27	28	0
20	27	28	0
16	27	33	0
17	33	27	0
18	28	29	0
20	28	29	0
17	28	34	0
18	34	28	0
18	29	35	0
19	35	29	0
14	88	30	0
19	30	89	0
14	31	90	0
15	91	31	0
16	40	32	0
15	32	92	0
17	93	33	0
16	33	94	0
17	34	95	0
18	96	34	0
19	36	35	0
18	35	97	0
19	98	36	0
15	36	99	0
15	100	36	0
1	38	101	0
1	102	38	0
3	38	103	0
16	104	40	0
18	40	105	0
18	106	40	0
0	42	107	0
4	42	108	0
4	109	42	0
5	66	44	0
5	44	74	0
0	45	67	0
0	107	45	0
1	46	68	0
1	101	46	0
2	47	69	0
2	71	47	0
1	70	48	0
1	48	102	0
3	49	72	0
3	103	49	0
4	50	73	0
4	108	50	0
4	75	51	0
4	51	109	0
7	52	76	0
7	78	52	0
12	114	53	0
12	53	115	0
8	54	79	0
8	80	54	0
9	55	116	0
9	117	55	0
10	56	83	0
10	84	56	0
11	57	85	0
11	87	57	0
14	58	88	0
14	90	58	0
19	89	59	0
19	59	98	0
15	60	91	0
15	99	60	0
15	92	61	0
15	61	100	0
17	62	93	0
17	95	62	0
16	94	63	0
16	63	104	0
18	64	96	0
18	105	64	0
18	97	65	0
18	65	106	0
12	110	77	0
12	77	114	0
9	81	111	0
9	116	81	0
9	112	82	0
9	82	117	0
12	86	113	0
12	115	86	0
