114
21
172
0	1.570392732195782e+03 3.025315410553647e+02 8.256108849411653e+02	0.000000000000000e+00 0.000000000000000e+00 0.000000000000000e+00	1.000000000000000e+00	0	0	0
1	 1.130451827073287e+03 -5.773502691896260e+02  1.265551790063660e+03	0.000000000000000e+00 0.000000000000000e+00 0.000000000000000e+00	1.000000000000000e+00	0	0	1
2	-1.974537920628516e+02 -1.241303078757696e+03  6.015989804955904e+02	0.000000000000000e+00 0.000000000000000e+00 0.000000000000000e+00	1.000000000000000e+00	0	0	2
3	 2.032272947547480e+02 -1.641984165575296e+03  1.402961154130791e+03	0.000000000000000e+00 0.000000000000000e+00 0.000000000000000e+00	1.000000000000000e+00	0	0	3
4	 6.431681998772439e+02 -7.621023553303065e+02  9.630202490082960e+02	0.000000000000000e+00 0.000000000000000e+00 0.000000000000000e+00	1.000000000000000e+00	0	0	4
5	 1.971073819013383e+03 -9.814954576223676e+01  1.626973058576365e+03	0.000000000000000e+00 0.000000000000000e+00 0.000000000000000e+00	1.000000000000000e+00	0	0	5
6	1.570167102631736e+03 3.027571706194105e+02 8.258365145052111e+02	-1.117152569349855e-04  1.130350356106646e-04  1.111890233005397e-04	1.000000000000000e+00	0	0	6
7	 1.130017796532595e+03 -5.769162386489336e+02  1.265985820604353e+03	-2.977002198652675e-04  2.977002198652675e-04  2.977002198652675e-04	1.000000000000000e+00	0	0	7
8	-1.972242561997862e+02 -1.241532614620761e+03  6.013694446325250e+02	 1.109747536247596e-04 -1.112682657549158e-04 -1.112573881982826e-04	1.000000000000000e+00	0	0	8
9	 2.032224581778122e+02 -1.641979328998360e+03  1.402965990707727e+03	-6.882982006573002e-07  6.018593694534502e-07  7.723245971646975e-07	1.000000000000000e+00	0	0	9
10	 6.433723706543183e+02 -7.623065261073809e+02  9.628160782312215e+02	 1.871428685262799e-04 -1.908521662699059e-04 -1.963077957043424e-04	1.000000000000000e+00	0	0	10
11	 1.971124216670004e+03 -9.819994341885686e+01  1.626922660919745e+03	 2.673011113074608e-05 -2.665297688508872e-05 -2.663365194166545e-05	1.000000000000000e+00	0	0	11
12	-2.170837012152994e+02  1.154700538379251e+02  5.877425740350395e+02	0.000000000000000e+00 0.000000000000000e+00 0.000000000000000e+00	1.000000000000000e+00	12	0	12
13	 1.408734656822689e+02 -6.004442799572098e+02  9.456997409326077e+02	0.000000000000000e+00 0.000000000000000e+00 0.000000000000000e+00	1.000000000000000e+00	12	0	13
14	 9.214510296266424e+02 -9.907330619293978e+02  5.554109589604201e+02	0.000000000000000e+00 0.000000000000000e+00 0.000000000000000e+00	1.000000000000000e+00	12	0	14
15	 1.853294364098699e+03 -5.888972745734176e+01 -1.308275709983692e+03	0.000000000000000e+00 0.000000000000000e+00 0.000000000000000e+00	1.000000000000000e+00	12	0	15
16	 1.495337197201131e+03  6.570246063377946e+02 -1.666232876881260e+03	0.000000000000000e+00 0.000000000000000e+00 0.000000000000000e+00	1.000000000000000e+00	12	0	16
17	 7.147596332567570e+02  1.047313388309982e+03 -1.275944094909073e+03	0.000000000000000e+00 0.000000000000000e+00 0.000000000000000e+00	1.000000000000000e+00	12	0	17
18	-2.175981638310556e+02  1.149555912221689e+02  5.872281114192833e+02	-2.474252250976861e-04 -2.474252250976861e-04 -2.474252250976861e-04	1.000000000000000e+00	12	0	18
19	 1.416225526388032e+02 -5.996951930006755e+02  9.464488278891420e+02	3.566722928856810e-04 3.566722928856810e-04 3.566722928856810e-04	1.000000000000000e+00	12	0	19
20	 9.216011111474611e+02 -9.905829804085790e+02  5.555610404812388e+02	7.958774949656799e-05 7.777779683237895e-05 7.812114927219227e-05	1.000000000000000e+00	12	0	20
21	 1.853546889592708e+03 -5.863720196333291e+01 -1.308023184489683e+03	1.228029432240874e-04 1.227164466399699e-04 1.228045002790168e-04	1.000000000000000e+00	12	0	21
22	 1.496015348364657e+03  6.577027575013196e+02 -1.665554725717735e+03	3.322031892215213e-04 3.322031892215212e-04 3.322031892215212e-04	1.000000000000000e+00	12	0	22
23	 7.176152801427313e+02  1.050169035195956e+03 -1.273088448023099e+03	1.369499446203311e-03 1.369499446203311e-03 1.369499446203311e-03	1.000000000000000e+00	12	0	23
24	-7.597929542535472e+02  6.027536810339691e+02  3.059956426705008e+02	0.000000000000000e+00 0.000000000000000e+00 0.000000000000000e+00	1.000000000000000e+00	24	0	24
25	-1.191650955607388e+03 -2.609623216737101e+02 -1.258623586833382e+02	0.000000000000000e+00 0.000000000000000e+00 0.000000000000000e+00	1.000000000000000e+00	24	0	25
26	 5.126870390403868e+02  5.912066756501777e+02 -9.780313560072266e+02	0.000000000000000e+00 0.000000000000000e+00 0.000000000000000e+00	1.000000000000000e+00	24	0	26
27	 9.572467463163994e+02  1.466469683741651e+02 -1.867150770559250e+03	0.000000000000000e+00 0.000000000000000e+00 0.000000000000000e+00	1.000000000000000e+00	24	0	27
28	 1.389104747670240e+03  1.010362971081845e+03 -1.435292769205410e+03	0.000000000000000e+00 0.000000000000000e+00 0.000000000000000e+00	1.000000000000000e+00	24	0	28
29	-3.152332469775362e+02  1.581939737579582e+02 -5.831237718815206e+02	0.000000000000000e+00 0.000000000000000e+00 0.000000000000000e+00	1.000000000000000e+00	24	0	29
30	-7.599471190673602e+02  6.029078458477820e+02  3.058414778566878e+02	-7.441118941642344e-05  7.444029324688017e-05 -7.374278357019648e-05	1.000000000000000e+00	24	0	30
31	-1.191950323779788e+03 -2.606629535013096e+02 -1.261617268557387e+02	-1.463112712372094e-04  1.457596954423934e-04 -1.463043736293912e-04	1.000000000000000e+00	24	0	31
32	 5.034950210598494e+02  6.003986936307151e+02 -9.872233739877640e+02	-1.799012534320354e-03  1.799012534320354e-03 -1.799012534320354e-03	1.000000000000000e+00	24	0	32
33	 9.560707429637179e+02  1.478229717268465e+02 -1.868326773911931e+03	-5.759561900049448e-04  5.759561900049448e-04 -5.759561900049448e-04	1.000000000000000e+00	24	0	33
34	 1.386877886959435e+03  1.012589831792650e+03 -1.437519629916215e+03	-1.095159871814152e-03  1.095159871814152e-03 -1.095159871814152e-03	1.000000000000000e+00	24	0	34
35	-3.073785864779856e+02  1.503393132584076e+02 -5.752691113819701e+02	 2.525708094860116e-03 -2.525708094860116e-03  2.525708094860117e-03	1.000000000000000e+00	24	0	35
36	-3.300039034488997e+02  1.729646302293217e+02 -5.597893105863694e+02	-6.000302091706544e-04  6.000302091706544e-04 -6.000302091706544e-04	1.000000000000000e+00	24	0	36
38	 6.034961203412843e+02 -8.402097307090310e+02  1.002692328544255e+03	-2.129838248947635e-04  2.129838248947635e-04  2.129838248947635e-04	1.000000000000000e+00	0	0	38
40	 5.279905284400379e+02  5.759031862505268e+02 -1.000832984374091e+03	 3.966529717824112e-04 -3.966529717824112e-04  3.966529717824112e-04	1.000000000000000e+00	24	0	40
42	 1.169818305677457e+03 -4.989372928791125e+02  1.226185311459490e+03	 6.880282307974994e-05 -6.663870590273291e-05 -6.722884427290410e-05	1.000000000000000e+00	0	0	42
44	1.770769907492347e+03 1.021543657587995e+02 1.226255367264409e+03	 1.872052234830335e-05 -1.872052234830335e-05 -1.869278821686748e-05	1.000000000000000e+00	0	0	44
45	 1.369482622482678e+03 -9.758040836903461e+01  1.026520994654270e+03	-2.822755195666105e-04  2.818539796862751e-04  2.822755195666105e-04	1.000000000000000e+00	0	0	45
46	 8.663864953085807e+02 -7.081929482197361e+02  1.134709111033550e+03	-5.535577656701207e-04  5.530268535949290e-04  5.530268535949290e-04	1.000000000000000e+00	0	0	46
47	 3.088413586989221e+00 -1.441845284407537e+03  1.002078439069833e+03	 9.795313235372305e-05 -9.795313235372305e-05 -9.792166383704171e-05	1.000000000000000e+00	0	0	47
48	 2.036372281677514e+02 -1.041372090968803e+03  8.015299682844832e+02	 1.947160926647484e-04 -1.943564857356250e-04 -1.943564857356250e-04	1.000000000000000e+00	0	0	48
49	 4.033029123942508e+02 -1.241038637828332e+03  1.202885536491289e+03	-1.285857579205185e-04  1.281165168620646e-04  1.285857579205185e-04	1.000000000000000e+00	0	0	49
50	 9.074441376270761e+02 -6.314682339966944e+02  1.093654370341908e+03	 6.548391538672149e-04 -6.518672453239560e-04 -6.518672453239560e-04	1.000000000000000e+00	0	0	50
51	 1.570605561926892e+03 -2.987028166242080e+02  1.426419787714394e+03	 1.086444171960466e-04 -1.085393087123521e-04 -1.085393087123521e-04	1.000000000000000e+00	0	0	51
52	-3.789639805489899e+01 -2.422783456174170e+02  7.669298771954396e+02	1.041940122377127e-04 1.042475851136260e-04 1.041940122377127e-04	1.000000000000000e+00	12	0	52
53	 2.489195246111944e+02  5.814732796644190e+02 -3.440191888228599e+02	1.855700065789279e-05 1.855700065789279e-05 1.857285860751290e-05	1.000000000000000e+00	12	0	53
54	 5.311229691250768e+02 -7.956257938707773e+02  7.505182270190408e+02	-8.131586582749151e-06 -6.037849743734114e-06 -6.037849743734114e-06	1.000000000000000e+00	12	0	54
55	 1.387391725471756e+03 -5.247923660842853e+02 -3.764133404836767e+02	1.095221705327276e-05 1.095221705327276e-05 1.095902371162083e-05	1.000000000000000e+00	12	0	55
56	 1.674911112469145e+03  2.996623439523315e+02 -1.486658961613247e+03	2.831209858413786e-04 2.827117859851569e-04 2.831209858413786e-04	1.000000000000000e+00	12	0	56
57	 1.102538920270698e+03  8.496130209544378e+02 -1.473644462264617e+03	-1.131319906562567e-03 -1.173495082184672e-03 -1.173495082184672e-03	1.000000000000000e+00	12	0	57
58	-9.761736483304010e+02  1.713480038673162e+02  8.961494859364871e+01	-2.130357024725527e-04  2.136378170689568e-04 -2.130357024725527e-04	1.000000000000000e+00	24	0	58
59	-5.440284202626308e+02  3.869891470430525e+02 -1.260270727522490e+02	-7.574738265248016e-05  7.574738265248016e-05 -7.596838986501098e-05	1.000000000000000e+00	24	0	59
60	-7.601386989613584e+02 -4.468819882323748e+01 -3.421364815338119e+02	-1.763400796335191e-04  1.756706042215228e-04 -1.756706042215228e-04	1.000000000000000e+00	24	0	60
61	 8.459336676496542e+01  3.887635868876746e+02 -7.755882672447241e+02	-7.965753902681172e-04  7.913681329227984e-04 -7.913681329227984e-04	1.000000000000000e+00	24	0	61
62	 1.172837962879896e+03  5.788408630632116e+02 -1.651559553995754e+03	-2.386799606028944e-04  2.355611359234899e-04 -2.386799606028944e-04	1.000000000000000e+00	24	0	62
63	 7.392488328411407e+02  3.646448818494241e+02 -1.437360791064192e+03	-1.011031214147806e-03  1.011031214147806e-03 -1.010206411592662e-03	1.000000000000000e+00	24	0	63
64	 9.585947092470437e+02  7.931045086483609e+02 -1.218034306771926e+03	 6.359014660120010e-04 -6.182790966704488e-04  6.182790966704488e-04	1.000000000000000e+00	24	0	64
65	 1.128811436165968e+02  3.604845619551461e+02 -7.854143600787108e+02	 8.653378463350236e-04 -8.688034140504897e-04  8.688034140504897e-04	1.000000000000000e+00	24	0	65
66	1.670706159316045e+03 2.022181139351021e+02 1.025808034605288e+03	 7.194760109996423e-05 -7.194760109996423e-05 -7.219397230073810e-05	1.000000000000000e+00	0	0	66
67	1.469571874036550e+03 1.028424838367498e+02 9.264317431003972e+02	-3.226153785362840e-04  3.235171025153250e-04  3.226153785362840e-04	1.000000000000000e+00	0	0	67
68	 9.981389201213547e+02 -6.424898246548869e+02  1.200412234598399e+03	-4.717517876997590e-04  4.736232222057879e-04  4.736232222057879e-04	1.000000000000000e+00	0	0	68
69	-9.709284467562610e+01 -1.341664026144922e+03  8.017488630885291e+02	 9.147245873464271e-05 -9.147245873464271e-05 -9.145879448624328e-05	1.000000000000000e+00	0	0	69
70	 3.328091343566854e+00 -1.141574399416334e+03  7.013276598369525e+02	 2.112601359840482e-04 -2.115000388585031e-04 -2.115000388585031e-04	1.000000000000000e+00	0	0	70
71	 1.031995939394019e+02 -1.541956464759950e+03  1.202478145672065e+03	 7.144205301301554e-05 -7.144205301301554e-05 -7.133703911677003e-05	1.000000000000000e+00	0	0	71
72	 3.032437668582627e+02 -1.441489968289861e+03  1.302944682027277e+03	-7.423454371746629e-05  7.409278623526916e-05  7.423454371746629e-05	1.000000000000000e+00	0	0	72
73	 7.759551374693538e+02 -6.974408908770552e+02  1.027681713461547e+03	 7.018884643912315e-04 -7.082125521264970e-04 -7.082125521264970e-04	1.000000000000000e+00	0	0	73
74	1.870882734298727e+03 2.041538952420299e+00 1.426653336158746e+03	-1.032723503158195e-05  1.032723503158195e-05  1.033586340781767e-05	1.000000000000000e+00	0	0	74
75	 1.770898734764070e+03 -1.984851780873214e+02  1.526637426251281e+03	 8.531479397788644e-05 -8.521354902768508e-05 -8.521354902768508e-05	1.000000000000000e+00	0	0	75
76	-1.273853180140393e+02 -6.329876181855104e+01  6.774409572362994e+02	9.701772069092840e-05 9.766014409251511e-05 9.701772069092840e-05	1.000000000000000e+00	12	0	76
77	1.537326385743752e+01 3.479270189106621e+02 1.213150918273828e+02	-2.467167505528778e-04 -2.467167505528778e-04 -2.486030280124396e-04	1.000000000000000e+00	12	0	77
78	 5.165247786155840e+01 -4.211967155882937e+02  8.564787531118970e+02	1.361263421131298e-04 1.367911900160834e-04 1.361263421131298e-04	1.000000000000000e+00	12	0	78
79	 3.361574162277013e+02 -6.978784530148096e+02  8.482655678750086e+02	7.711447688052431e-05 7.561531674582511e-05 7.561531674582511e-05	1.000000000000000e+00	12	0	79
80	 7.271503015959158e+02 -8.923165809868925e+02  6.538274399029257e+02	4.002529894933105e-04 4.008292744401842e-04 4.008292744401842e-04	1.000000000000000e+00	12	0	80
81	 1.154373661281223e+03 -7.578104302748184e+02  8.945106962527396e+01	-1.771940151229501e-05 -1.771940151229501e-05 -1.773820986272767e-05	1.000000000000000e+00	12	0	81
82	 1.620498253434601e+03 -2.916858381214402e+02 -8.421892251981286e+02	8.126711327349767e-05 8.126711327349767e-05 8.135930693242699e-05	1.000000000000000e+00	12	0	82
83	 1.764164393171314e+03  1.204476158636883e+02 -1.397405680911078e+03	1.729654031805694e-04 1.724307949189097e-04 1.729654031805694e-04	1.000000000000000e+00	12	0	83
84	 1.585394330960741e+03  4.786137652457917e+02 -1.576175743121651e+03	2.738804032560438e-04 2.737694594543427e-04 2.738804032560438e-04	1.000000000000000e+00	12	0	84
85	 1.301518566924317e+03  7.559093316845742e+02 -1.567348151534481e+03	4.924579407088459e-04 4.774569242727011e-04 4.774569242727011e-04	1.000000000000000e+00	12	0	85
86	 4.819375024938065e+02  8.144912575470311e+02 -8.098824871886052e+02	6.458490679506212e-05 6.458490679506212e-05 6.587167445104569e-05	1.000000000000000e+00	12	0	86
87	 9.130621701453376e+02  9.528516667130048e+02 -1.370405816506050e+03	1.510003115981817e-03 1.464704517275095e-03 1.464704517275095e-03	1.000000000000000e+00	12	0	87
88	-8.678751788908423e+02  3.869427159173304e+02  1.979134180332074e+02	-5.226929715718143e-05  5.256782969809137e-05 -5.226929715718143e-05	1.000000000000000e+00	24	0	88
89	-6.523475239487166e+02  4.953082507291383e+02  8.954761644750388e+01	-2.491247723810375e-04  2.491247723810375e-04 -2.490783517714590e-04	1.000000000000000e+00	24	0	89
90	-1.084248479305759e+03 -4.447161300947715e+01 -1.845988238170939e+01	-2.689318789634854e-04  2.686329826246947e-04 -2.689318789634854e-04	1.000000000000000e+00	24	0	90
91	-9.758658542031488e+02 -1.528540164847411e+02 -2.339706638723084e+02	-7.422800990752876e-05  7.412905688397586e-05 -7.412905688397586e-05	1.000000000000000e+00	24	0	91
92	 2.938717650226139e+02  4.947702731040316e+02 -8.815949534610810e+02	-1.074240775778890e-03  1.064563170075417e-03 -1.064563170075417e-03	1.000000000000000e+00	24	0	92
93	 1.064468038574668e+03  3.633214845637338e+02 -1.759929478300983e+03	-3.607856924645603e-04  3.628972335718572e-04 -3.607856924645603e-04	1.000000000000000e+00	24	0	93
94	 8.473414639394767e+02  2.565522507510881e+02 -1.653168242533709e+03	-9.478179272264242e-04  9.478179272264242e-04 -9.533930569887161e-04	1.000000000000000e+00	24	0	94
95	 1.278380364839936e+03  7.971566719218497e+02 -1.546017152035714e+03	-1.496240845881402e-03  1.459053717553616e-03 -1.496240845881402e-03	1.000000000000000e+00	24	0	95
96	 1.172036070363469e+03  9.035374141915595e+02 -1.328467212315124e+03	-5.565269966609776e-04  5.555361276492476e-04 -5.555361276492476e-04	1.000000000000000e+00	24	0	96
97	-9.726647407467968e+01  2.553810105649594e+02 -6.803108086885240e+02	 1.384283648803830e-03 -1.384305418469012e-03  1.384305418469012e-03	1.000000000000000e+00	24	0	97
98	-4.351584580389124e+02  2.781191848193342e+02 -3.410590172273379e+02	 3.613840381149203e-04 -3.613840381149203e-04  3.514596028253436e-04	1.000000000000000e+00	24	0	98
99	-5.445312879799933e+02  6.359448008039745e+01 -4.504191604374469e+02	-3.730299067683518e-04  3.678975626826286e-04 -3.678975626826286e-04	1.000000000000000e+00	24	0	99
100	-1.256322510551050e+02  2.835992722554832e+02 -6.704239526125326e+02	-1.358174602501094e-03  1.276841037906706e-03 -1.276841037906706e-03	1.000000000000000e+00	24	0	100
101	 7.349455852229975e+02 -7.742066325105488e+02  1.068695426742737e+03	-4.330010269768536e-04  4.311150987632573e-04  4.311150987632573e-04	1.000000000000000e+00	0	0	101
102	 4.036848984238866e+02 -9.409088493603633e+02  9.019932098929228e+02	 5.569363202084787e-05 -5.522944775293581e-05 -5.522944775293581e-05	1.000000000000000e+00	0	0	102
103	 5.031404043578043e+02 -1.040364740390665e+03  1.103048044527735e+03	-2.878860395867378e-04  2.879572566598654e-04  2.878860395867378e-04	1.000000000000000e+00	0	0	103
104	 6.315295253909256e+02  4.723641892996391e+02 -1.221156570754995e+03	-9.073934052139521e-04  9.073934052139521e-04 -8.777815382927656e-04	1.000000000000000e+00	24	0	104
105	 7.419265950006713e+02  6.858694436227440e+02 -1.110799241746309e+03	 3.610495186876506e-04 -3.528178785927594e-04  3.528178785927594e-04	1.000000000000000e+00	24	0	105
106	 3.238477441591789e+02  4.649992702023514e+02 -8.899290683259161e+02	 1.015300047583878e-03 -9.526830981485546e-04  9.526830981485546e-04	1.000000000000000e+00	24	0	106
107	 1.269432300985341e+03 -2.980415332374606e+02  1.126571316151606e+03	-2.261567860841751e-04  2.250727120554075e-04  2.261567860841751e-04	1.000000000000000e+00	0	0	107
108	 1.038825706542244e+03 -5.653948158671008e+02  1.159727788471502e+03	 4.970467998646200e-04 -4.922157386317849e-04 -4.922157386317849e-04	1.000000000000000e+00	0	0	108
109	 1.370343938047702e+03 -3.989522769224393e+02  1.326170327416163e+03	 1.507399138063192e-04 -1.509064750280231e-04 -1.509064750280231e-04	1.000000000000000e+00	0	0	109
110	-1.017076210392443e+02  2.308461340139803e+02  3.536776853436871e+02	-5.319541669450700e-04 -5.319541669450700e-04 -5.316673777997494e-04	1.000000000000000e+00	12	0	110
111	 1.037788966354381e+03 -8.743951252016600e+02  3.223078120717723e+02	-6.574099825229496e-05 -6.574099825229496e-05 -6.558022141689435e-05	1.000000000000000e+00	12	0	111
112	 1.737064825328442e+03 -1.751192662275994e+02 -1.075063931864534e+03	1.221823913510889e-04 1.221823913510889e-04 1.222464197780937e-04	1.000000000000000e+00	12	0	112
113	 5.997986615851543e+02  9.323524166383787e+02 -1.041450548489164e+03	7.345466292463243e-04 7.345466292463243e-04 7.473464356735349e-04	1.000000000000000e+00	12	0	113
114	 1.324195170805385e+02  4.649732721337631e+02 -1.110779930844761e+02	2.087338725687005e-05 2.087338725687005e-05 2.081892671412788e-05	1.000000000000000e+00	12	0	114
115	 3.652928229289342e+02  6.978465779821588e+02 -5.770871721361643e+02	-5.077269452158362e-05 -5.077269452158362e-05 -5.080340997665189e-05	1.000000000000000e+00	12	0	115
116	 1.270884660330649e+03 -6.412994312253920e+02 -1.434791629026103e+02	-2.452023863952491e-06 -2.452023863952491e-06 -2.453012029945967e-06	1.000000000000000e+00	12	0	116
117	 1.503926869349439e+03 -4.082572222066026e+02 -6.093194151615859e+02	3.762586493394338e-05 3.762586493394338e-05 3.766399458982050e-05	1.000000000000000e+00	12	0	117
0	-5.773502691896258e-01  5.773502691896258e-01  5.773502691896258e-01	-7.071067811865476e-01  3.124842898819631e-18 -7.071067811865476e-01	 1.198001808568474e+03 -5.294203851356715e-15  1.198001808568474e+03	1	0	0.000000000000000e+00	0.000000000000000e+00	0.000000000000000e+00
1	-5.773502691896258e-01  5.773502691896258e-01  5.773502691896258e-01	 0.000000000000000e+00  7.071067811865476e-01 -7.071067811865476e-01	 0.000000000000000e+00 -9.214510296266430e+02  9.214510296266430e+02	1	0	0.000000000000000e+00	0.000000000000000e+00	0.000000000000000e+00
2	-5.773502691896258e-01  5.773502691896258e-01  5.773502691896258e-01	 7.071067811865476e-01  7.071067811865476e-01 -3.124842898819631e-18	-7.193784354102739e+02 -7.193784354102739e+02  3.179073734356852e-15	1	0	0.000000000000000e+00	0.000000000000000e+00	0.000000000000000e+00
3	-5.773502691896258e-01  5.773502691896258e-01  5.773502691896258e-01	 7.071067811865476e-01 -3.124842898819631e-18  7.071067811865476e-01	 8.030942244427697e+02 -3.549030148066116e-15  8.030942244427697e+02	1	0	0.000000000000000e+00	0.000000000000000e+00	0.000000000000000e+00
4	-5.773502691896258e-01  5.773502691896258e-01  5.773502691896258e-01	 0.000000000000000e+00  7.071067811865476e-01 -7.071067811865476e-01	 0.000000000000000e+00 -8.625613021693013e+02  8.625613021693013e+02	1	0	0.000000000000000e+00	0.000000000000000e+00	0.000000000000000e+00
5	-5.773502691896258e-01  5.773502691896258e-01  5.773502691896258e-01	-7.071067811865476e-01 -7.071067811865476e-01  3.124842898819631e-18	 9.364621366255734e+02  9.364621366255734e+02 -4.138408986458117e-15	1	0	0.000000000000000e+00	0.000000000000000e+00	0.000000000000000e+00
6	 5.773502691896258e-01 -5.773502691896258e-01 -5.773502691896258e-01	0.000000000000000e+00 0.000000000000000e+00 0.000000000000000e+00	1.570392732195782e+03 3.025315410553647e+02 8.256108849411653e+02	1	1	0.000000000000000e+00	0.000000000000000e+00	0.000000000000000e+00
7	-5.773502691896258e-01 -5.773502691896258e-01 -5.773502691896258e-01	-7.071067811865476e-01  0.000000000000000e+00  7.071067811865476e-01	-4.024131376251693e+02  0.000000000000000e+00  4.024131376251693e+02	1	0	0.000000000000000e+00	0.000000000000000e+00	0.000000000000000e+00
8	-5.773502691896258e-01 -5.773502691896258e-01 -5.773502691896258e-01	 0.000000000000000e+00 -7.071067811865476e-01  7.071067811865476e-01	 0.000000000000000e+00 -7.730720104449091e+02  7.730720104449091e+02	1	0	0.000000000000000e+00	0.000000000000000e+00	0.000000000000000e+00
9	-5.773502691896258e-01 -5.773502691896258e-01 -5.773502691896258e-01	 7.071067811865476e-01 -7.071067811865476e-01  0.000000000000000e+00	 9.560920457780206e+02 -9.560920457780206e+02  0.000000000000000e+00	1	0	0.000000000000000e+00	0.000000000000000e+00	0.000000000000000e+00
10	-5.773502691896258e-01 -5.773502691896258e-01 -5.773502691896258e-01	 7.071067811865476e-01  0.000000000000000e+00 -7.071067811865476e-01	 1.580785037041196e+03  0.000000000000000e+00 -1.580785037041196e+03	1	0	0.000000000000000e+00	0.000000000000000e+00	0.000000000000000e+00
11	-5.773502691896258e-01 -5.773502691896258e-01 -5.773502691896258e-01	 0.000000000000000e+00  7.071067811865476e-01 -7.071067811865476e-01	 0.000000000000000e+00  1.161628741609527e+03 -1.161628741609527e+03	1	0	0.000000000000000e+00	0.000000000000000e+00	0.000000000000000e+00
12	-5.773502691896258e-01 -5.773502691896258e-01 -5.773502691896258e-01	-7.071067811865476e-01  7.071067811865476e-01  0.000000000000000e+00	-1.662768775266123e+02  1.662768775266123e+02  0.000000000000000e+00	1	0	0.000000000000000e+00	0.000000000000000e+00	0.000000000000000e+00
13	5.773502691896258e-01 5.773502691896258e-01 5.773502691896258e-01	0.000000000000000e+00 0.000000000000000e+00 0.000000000000000e+00	-2.170837012152994e+02  1.154700538379251e+02  5.877425740350395e+02	1	1	0.000000000000000e+00	0.000000000000000e+00	0.000000000000000e+00
14	-5.773502691896258e-01  5.773502691896258e-01 -5.773502691896258e-01	 7.071067811865476e-01  0.000000000000000e+00 -7.071067811865476e-01	-5.328942984620248e+02  0.000000000000000e+00  5.328942984620248e+02	1	0	0.000000000000000e+00	0.000000000000000e+00	0.000000000000000e+00
15	-5.773502691896258e-01  5.773502691896258e-01 -5.773502691896258e-01	-3.124842898819631e-18  7.071067811865476e-01  7.071067811865476e-01	 8.547268868455420e-16 -1.934123401785247e+02 -1.934123401785247e+02	1	0	0.000000000000000e+00	0.000000000000000e+00	0.000000000000000e+00
16	-5.773502691896258e-01  5.773502691896258e-01 -5.773502691896258e-01	 7.071067811865476e-01  7.071067811865476e-01 -3.124842898819631e-18	 5.519468573452824e+02  5.519468573452824e+02 -2.439160906938323e-15	1	0	0.000000000000000e+00	0.000000000000000e+00	0.000000000000000e+00
17	-5.773502691896258e-01  5.773502691896258e-01 -5.773502691896258e-01	-7.071067811865476e-01  0.000000000000000e+00  7.071067811865476e-01	 1.412198758437825e+03  0.000000000000000e+00 -1.412198758437825e+03	1	0	0.000000000000000e+00	0.000000000000000e+00	0.000000000000000e+00
18	-5.773502691896258e-01  5.773502691896258e-01 -5.773502691896258e-01	-3.124842898819631e-18  7.071067811865476e-01  7.071067811865476e-01	 9.389238637586849e-16 -2.124648990617823e+02 -2.124648990617823e+02	1	0	0.000000000000000e+00	0.000000000000000e+00	0.000000000000000e+00
19	-5.773502691896258e-01  5.773502691896258e-01 -5.773502691896258e-01	-7.071067811865476e-01 -7.071067811865476e-01  3.124842898819631e-18	-7.851963660978913e+01 -7.851963660978913e+01  3.469936018238618e-16	1	0	0.000000000000000e+00	0.000000000000000e+00	0.000000000000000e+00
20	 5.773502691896258e-01 -5.773502691896258e-01  5.773502691896258e-01	0.000000000000000e+00 0.000000000000000e+00 0.000000000000000e+00	-7.597929542535472e+02  6.027536810339691e+02  3.059956426705008e+02	1	1	0.000000000000000e+00	0.000000000000000e+00	0.000000000000000e+00
0	0	1	0
6	0	1	0
5	5	0	0
6	5	0	0
0	6	0	0
5	0	6	0
1	1	2	0
6	1	2	0
0	1	7	0
1	7	1	0
2	2	3	0
6	2	3	0
1	2	8	0
2	8	2	0
3	3	4	0
6	3	4	0
2	3	9	0
3	9	3	0
4	4	5	0
6	4	5	0
3	4	10	0
4	10	4	0
4	5	11	0
5	11	5	0
5	6	66	0
0	67	6	0
0	7	42	0
1	68	7	0
2	69	8	0
1	8	70	0
2	9	71	0
3	72	9	0
3	10	38	0
4	73	10	0
5	74	11	0
4	11	75	0
7	12	13	0
13	12	13	0
12	17	12	0
13	17	12	0
7	18	12	0
12	12	18	0
8	13	14	0
13	13	14	0
7	13	19	0
8	19	13	0
9	14	15	0
13	14	15	0
8	14	20	0
9	20	14	0
10	15	16	0
13	15	16	0
9	15	21	0
10	21	15	0
11	16	17	0
13	16	17	0
10	16	22	0
11	22	16	0
11	17	23	0
12	23	17	0
7	76	18	0
12	18	110	0
7	19	78	0
8	79	19	0
8	20	80	0
9	111	20	0
10	83	21	0
9	21	112	0
10	22	84	0
11	85	22	0
11	23	87	0
12	113	23	0
14	24	25	0
20	24	25	0
19	29	24	0
20	29	24	0
14	30	24	0
19	24	30	0
15	25	26	0
20	25	26	0
14	25	31	0
15	31	25	0
16	26	27	0
20	26	27	0
15	26	32	0
16	32	26	0
17	27	28	0
20	27	28	0
16	27	33	0
17	33	27	0
18	28	29	0
20	28	29	0
17	28	34	0
18	34	28	0
18	29	35	0
19	35	29	0
14	88	30	0
19	30	89	0
14	31	90	0
15	91	31	0
16	40	32	0
15	32	92	0
17	93	33	0
16	33	94	0
17	34	95	0
18	96	34	0
19	36	35	0
18	35	97	0
19	98	36	0
15	36	99	0
15	100	36	0
1	38	101	0
1	102	38	0
3	38	103	0
16	104	40	0
18	40	105	0
18	106	40	0
0	42	107	0
4	42	108	0
4	109	42	0
5	66	44	0
5	44	74	0
0	45	67	0
0	107	45	0
1	46	68	0
1	101	46	0
2	47	69	0
2	71	47	0
1	70	48	0
1	48	102	0
3	49	72	0
3	103	49	0
4	50	73	0
4	108	50	0
4	75	51	0
4	51	109	0
7	52	76	0
7	78	52	0
12	114	53	0
12	53	115	0
8	54	79	0
8	80	54	0
9	55	116	0
9	117	55	0
10	56	83	0
10	84	56	0
11	57	85	0
11	87	57	0
14	58	88	0
14	90	58	0
19	89	59	0
19	59	98	0
15	60	91	0
15	99	60	0
15	92	61	0
15	61	100	0
17	62	93	0
17	95	62	0
16	94	63	0
16	63	104	0
18	64	96	0
18	105	64	0
18	97	65	0
18	65	106	0
12	110	77	0
12	77	114	0
9	81	111	0
9	116	81	0
9	112	82	0
9	82	117	0
12	86	113	0
12	115	86	0
