114
21
172
0	1.570392732195782e+03 3.025315410553647e+02 8.256108849411653e+02	0.000000000000000e+00 0.000000000000000e+00 0.000000000000000e+00	1.000000000000000e+00	0	0	0
1	 1.130451827073287e+03 -5.773502691896260e+02  1.265551790063660e+03	0.000000000000000e+00 0.000000000000000e+00 0.000000000000000e+00	1.000000000000000e+00	0	0	1
2	-1.974537920628516e+02 -1.241303078757696e+03  6.015989804955904e+02	0.000000000000000e+00 0.000000000000000e+00 0.000000000000000e+00	1.000000000000000e+00	0	0	2
3	 2.032272947547480e+02 -1.641984165575296e+03  1.402961154130791e+03	0.000000000000000e+00 0.000000000000000e+00 0.000000000000000e+00	1.000000000000000e+00	0	0	3
4	 6.431681998772439e+02 -7.621023553303065e+02  9.630202490082960e+02	0.000000000000000e+00 0.000000000000000e+00 0.000000000000000e+00	1.000000000000000e+00	0	0	4
5	 1.971073819013383e+03 -9.814954576223676e+01  1.626973058576365e+03	0.000000000000000e+00 0.000000000000000e+00 0.000000000000000e+00	1.000000000000000e+00	0	0	5
6	1.569483859203935e+03 3.034404140472110e+02 8.265197579330116e+02	-1.255448005395010e-04  1.340990274911746e-04  1.208661342388950e-04	1.000000000000000e+00	0	0	6
7	 1.125335381542766e+03 -5.722338236591048e+02  1.270668235594181e+03	-1.499941184495886e-03  1.499941184495886e-03  1.499941184495886e-03	1.000000000000000e+00	0	0	7
8	-1.965940167137942e+02 -1.242162854106753e+03  6.007392051465329e+02	 1.076202024705708e-04 -1.089306388166733e-04 -1.089527286239900e-04	1.000000000000000e+00	0	0	8
9	 2.032468355960480e+02 -1.642003706416596e+03  1.402941613289491e+03	 9.480953849561047e-06 -1.011340827972163e-05 -8.789819730736781e-06	1.000000000000000e+00	0	0	9
10	 6.475460103882467e+02 -7.664801658413094e+02  9.586424384972931e+02	 1.420337745609383e-03 -1.420337745609383e-03 -1.420337745609383e-03	1.000000000000000e+00	0	0	10
11	 1.971314607911403e+03 -9.839033466025614e+01  1.626732269678346e+03	 4.041452848468907e-05 -3.975773506681435e-05 -3.952381302951835e-05	1.000000000000000e+00	0	0	11
12	-2.170837012152994e+02  1.154700538379251e+02  5.877425740350395e+02	0.000000000000000e+00 0.000000000000000e+00 0.000000000000000e+00	1.000000000000000e+00	12	0	12
13	 1.408734656822689e+02 -6.004442799572098e+02  9.456997409326077e+02	0.000000000000000e+00 0.000000000000000e+00 0.000000000000000e+00	1.000000000000000e+00	12	0	13
14	 9.214510296266424e+02 -9.907330619293978e+02  5.554109589604201e+02	0.000000000000000e+00 0.000000000000000e+00 0.000000000000000e+00	1.000000000000000e+00	12	0	14
15	 1.853294364098699e+03 -5.888972745734176e+01 -1.308275709983692e+03	0.000000000000000e+00 0.000000000000000e+00 0.000000000000000e+00	1.000000000000000e+00	12	0	15
16	 1.495337197201131e+03  6.570246063377946e+02 -1.666232876881260e+03	0.000000000000000e+00 0.000000000000000e+00 0.000000000000000e+00	1.000000000000000e+00	12	0	16
17	 7.147596332567570e+02  1.047313388309982e+03 -1.275944094909073e+03	0.000000000000000e+00 0.000000000000000e+00 0.000000000000000e+00	1.000000000000000e+00	12	0	17
18	-2.189701675585074e+02  1.135835874947171e+02  5.858561076918317e+02	-2.320420462638140e-04 -2.320420462638140e-04 -2.320420462638140e-04	1.000000000000000e+00	12	0	18
19	 1.435765007388422e+02 -5.977412449006366e+02  9.484027759891810e+02	3.276997595094144e-04 3.276997595094144e-04 3.276997595094144e-04	1.000000000000000e+00	12	0	19
20	 9.221364419638646e+02 -9.900476495921755e+02  5.560963712976423e+02	1.130218224716373e-04 1.061252260114998e-04 1.073993626050651e-04	1.000000000000000e+00	12	0	20
21	 1.854240585205100e+03 -5.794350635094143e+01 -1.307329488877292e+03	1.191969859064557e-04 1.189235044876114e-04 1.192008057842031e-04	1.000000000000000e+00	12	0	21
22	 1.497946092935021e+03  6.596335020716840e+02 -1.663623981147371e+03	3.378999050861845e-04 3.378999050861846e-04 3.378999050861846e-04	1.000000000000000e+00	12	0	22
23	 7.252150405026123e+02  1.057768795555837e+03 -1.265488687663218e+03	1.283420754286150e-03 1.283420754286150e-03 1.283420754286150e-03	1.000000000000000e+00	12	0	23
24	-7.597929542535472e+02  6.027536810339691e+02  3.059956426705008e+02	0.000000000000000e+00 0.000000000000000e+00 0.000000000000000e+00	1.000000000000000e+00	24	0	24
25	-1.191650955607388e+03 -2.609623216737101e+02 -1.258623586833382e+02	0.000000000000000e+00 0.000000000000000e+00 0.000000000000000e+00	1.000000000000000e+00	24	0	25
26	 5.126870390403868e+02  5.912066756501777e+02 -9.780313560072266e+02	0.000000000000000e+00 0.000000000000000e+00 0.000000000000000e+00	1.000000000000000e+00	24	0	26
27	 9.572467463163994e+02  1.466469683741651e+02 -1.867150770559250e+03	0.000000000000000e+00 0.000000000000000e+00 0.000000000000000e+00	1.000000000000000e+00	24	0	27
28	 1.389104747670240e+03  1.010362971081845e+03 -1.435292769205410e+03	0.000000000000000e+00 0.000000000000000e+00 0.000000000000000e+00	1.000000000000000e+00	24	0	28
29	-3.152332469775362e+02  1.581939737579582e+02 -5.831237718815206e+02	0.000000000000000e+00 0.000000000000000e+00 0.000000000000000e+00	1.000000000000000e+00	24	0	29
30	-7.603698283695231e+02  6.033305551499451e+02  3.054187685545249e+02	-7.409602403640747e-05  7.442533387802541e-05 -7.071456639096141e-05	1.000000000000000e+00	24	0	30
31	-1.192799580110820e+03 -2.598136971702780e+02 -1.270109831867703e+02	-1.511763111921027e-04  1.486510591348633e-04 -1.509361172793433e-04	1.000000000000000e+00	24	0	31
32	 5.013450919965277e+02  6.025486226940368e+02 -9.893733030510857e+02	-1.496885767361770e-04  1.496885767361769e-04 -1.496885767361771e-04	1.000000000000000e+00	24	0	32
33	 9.527007667183271e+02  1.511929479722373e+02 -1.871696750157322e+03	-6.000492915821573e-04  6.000492915821573e-04 -6.000492915821573e-04	1.000000000000000e+00	24	0	33
34	 1.380459146843016e+03  1.019008571909069e+03 -1.443938370032634e+03	-1.133086237435539e-03  1.133086237435539e-03 -1.133086237435539e-03	1.000000000000000e+00	24	0	34
35	-3.045782503208926e+02  1.475389771013146e+02 -5.724687752248770e+02	 1.503085271300127e-04 -1.503085271300127e-04  1.503085271300127e-04	1.000000000000000e+00	24	0	35
36	-3.298101909698848e+02  1.727709177503069e+02 -5.595955981073546e+02	 6.562708585988730e-05 -6.501505413325503e-05  2.604191540740430e-04	1.000000000000000e+00	24	0	36
38	 6.017247610832342e+02 -8.384383714509809e+02  1.004463687802305e+03	-4.478828535260012e-04  4.478828535260012e-04  4.478828535260012e-04	1.000000000000000e+00	0	0	38
40	 5.276772499633147e+02  5.762164647272500e+02 -1.001146262850814e+03	-1.094161634682678e-04  1.001803320832551e-04 -1.864572986960411e-04	1.000000000000000e+00	24	0	40
42	 1.170790118945554e+03 -4.999091061472096e+02  1.225213498191393e+03	 3.143324283882976e-04 -3.143324283882976e-04 -3.143324283882976e-04	1.000000000000000e+00	0	0	42
44	1.770889213411416e+03 1.020350598397313e+02 1.226136508360502e+03	 2.246754047519062e-05 -2.246754047519062e-05 -2.233309896837454e-05	1.000000000000000e+00	0	0	44
45	 1.367769009401769e+03 -9.587290353120267e+01  1.028234607735179e+03	-3.165843954775482e-04  3.148363903164864e-04  3.165843954775482e-04	1.000000000000000e+00	0	0	45
46	 8.582875173117876e+02 -7.001211102269795e+02  1.142780949026307e+03	-2.254051622003317e-03  2.241952344775200e-03  2.241952344775200e-03	1.000000000000000e+00	0	0	46
47	 3.652269910486235e+00 -1.442409140731034e+03  1.001514914033688e+03	 9.945852070813999e-05 -9.945852070813999e-05 -9.938519360730425e-05	1.000000000000000e+00	0	0	47
48	 2.046785092913825e+02 -1.042408907622962e+03  8.004931516303238e+02	 1.672063808655366e-04 -1.660582202021033e-04 -1.660582202021033e-04	1.000000000000000e+00	0	0	48
49	 4.025713185323077e+02 -1.240313293287708e+03  1.203617130353232e+03	-1.263819722225890e-04  1.246946776518598e-04  1.263819722225890e-04	1.000000000000000e+00	0	0	49
50	 9.161510978921933e+02 -6.400544431460271e+02  1.085068161192575e+03	 2.377303317189217e-03 -2.329521114006639e-03 -2.329521114006639e-03	1.000000000000000e+00	0	0	50
51	 1.571328205070135e+03 -2.994234504104670e+02  1.425699153928136e+03	 1.460156636312604e-04 -1.453155418857932e-04 -1.453155418857932e-04	1.000000000000000e+00	0	0	51
52	-3.725192334771895e+01 -2.416326534520653e+02  7.675743519026197e+02	1.197243036585860e-04 1.201457998831756e-04 1.197243036585860e-04	1.000000000000000e+00	12	0	52
53	 2.489909885172660e+02  5.815447435704906e+02 -3.439474675588997e+02	9.164734365185723e-06 9.164734365185723e-06 9.240294275514316e-06	1.000000000000000e+00	12	0	53
54	 5.312128100187657e+02 -7.955085987632937e+02  7.506354221265245e+02	3.343830030644313e-05 4.053669181303121e-05 4.053669181303121e-05	1.000000000000000e+00	12	0	54
55	 1.387462587961795e+03 -5.247215035942463e+02 -3.763423721369455e+02	1.366348078590818e-05 1.366348078590818e-05 1.369482015434187e-05	1.000000000000000e+00	12	0	55
56	 1.676436946642429e+03  3.011829128083405e+02 -1.485133127439963e+03	2.503742580302060e-04 2.489756443537772e-04 2.503742580302060e-04	1.000000000000000e+00	12	0	56
57	 1.097612423682597e+03  8.441812386025729e+02 -1.479076244616482e+03	-6.295616622082889e-04 -7.609786116518080e-04 -7.609786116518080e-04	1.000000000000000e+00	12	0	57
58	-9.773118665200489e+02  1.724938093243119e+02  8.847673040400085e+01	-1.847372914198786e-04  1.867089886218309e-04 -1.847372914198786e-04	1.000000000000000e+00	24	0	58
59	-5.443962844186017e+02  3.873570111990234e+02 -1.263964737221119e+02	-5.274808063404635e-05  5.274808063404635e-05 -5.289533146424219e-05	1.000000000000000e+00	24	0	59
60	-7.612407002733289e+02 -4.359765121106773e+01 -3.432270291459817e+02	-2.075892116408795e-04  2.041442348854616e-04 -2.041442348854616e-04	1.000000000000000e+00	24	0	60
61	 8.438736297192250e+01  3.889670455621683e+02 -7.757917259192177e+02	 3.761561310966499e-05 -3.744320201803930e-05  3.744320201803930e-05	1.000000000000000e+00	24	0	61
62	 1.170859138962123e+03  5.807442391636073e+02 -1.653538377913527e+03	-4.360898747108877e-04  4.116001364309341e-04 -4.360898747108877e-04	1.000000000000000e+00	24	0	62
63	 7.333456633069716e+02  3.705480513835932e+02 -1.443256083440244e+03	-1.050215214490891e-03  1.050215214490891e-03 -1.048733713105321e-03	1.000000000000000e+00	24	0	63
64	 9.619358259077258e+02  7.899798522436722e+02 -1.214909650367237e+03	 5.348864360712469e-04 -4.795239656232297e-04  4.795239656232297e-04	1.000000000000000e+00	24	0	64
65	 1.135630244423417e+02  3.598029514086857e+02 -7.847327495322504e+02	 4.202626223559491e-05 -4.162076947977766e-05  4.162076947977766e-05	1.000000000000000e+00	24	0	65
66	1.671152633877469e+03 2.017716393736780e+02 1.025357091661462e+03	 8.342986257048324e-05 -8.342986257048324e-05 -8.487878949381411e-05	1.000000000000000e+00	0	0	66
67	1.467614130174314e+03 1.048145943623965e+02 9.283894869626336e+02	-3.611308347899467e-04  3.654953616205603e-04  3.611308347899467e-04	1.000000000000000e+00	0	0	67
68	 9.909906154618016e+02 -6.351664677216063e+02  1.207735591531680e+03	-2.094123745337129e-03  2.184503478929400e-03  2.184503478929400e-03	1.000000000000000e+00	0	0	68
69	-9.658403556853953e+01 -1.342172835252008e+03  8.012401855338630e+02	 8.672431431477889e-05 -8.672431431477889e-05 -8.669922681292519e-05	1.000000000000000e+00	0	0	69
70	 4.487904762769546e+00 -1.142737136143811e+03  7.001649231094748e+02	 1.929084683069959e-04 -1.936456974362954e-04 -1.936456974362954e-04	1.000000000000000e+00	0	0	70
71	 1.036453646388673e+02 -1.542402235459415e+03  1.202033972387397e+03	 8.466043072985485e-05 -8.466043072985485e-05 -8.418682409683242e-05	1.000000000000000e+00	0	0	71
72	 3.028278682534640e+02 -1.441076008646349e+03  1.303360580632075e+03	-7.085845572873950e-05  7.032419671304524e-05  7.085845572873950e-05	1.000000000000000e+00	0	0	72
73	 7.842632962616763e+02 -7.060460427273197e+02  1.019076561611283e+03	 2.211765386164188e-03 -2.347740111872554e-03 -2.347740111872554e-03	1.000000000000000e+00	0	0	73
74	1.870817743002608e+03 2.106530248539281e+00 1.426718521776169e+03	-1.281805089092813e-05  1.281805089092813e-05  1.288854491576785e-05	1.000000000000000e+00	0	0	74
75	 1.771475364931260e+03 -1.990599679221341e+02  1.526062636416468e+03	 1.169536044471897e-04 -1.163478955277242e-04 -1.163478955277242e-04	1.000000000000000e+00	0	0	75
76	-1.268775458954658e+02 -6.278276236959243e+01  6.779487293548729e+02	8.125579188345000e-05 8.343640365637839e-05 8.125579188345000e-05	1.000000000000000e+00	12	0	76
77	1.395267350153251e+01 3.465064285547571e+02 1.198692812739396e+02	-2.489682228770107e-04 -2.489682228770107e-04 -2.558242704253644e-04	1.000000000000000e+00	12	0	77
78	 5.251296609823650e+01 -4.203268489884556e+02  8.573392413485751e+02	1.617346133571118e-04 1.643410942051560e-04 1.617346133571118e-04	1.000000000000000e+00	12	0	78
79	 3.367617020355230e+02 -6.972948852564205e+02  8.488491356333977e+02	1.360124442726374e-04 1.302825112361461e-04 1.302825112361461e-04	1.000000000000000e+00	12	0	79
80	 7.292833970201889e+02 -8.901778350192154e+02  6.559661858706028e+02	3.418324049562216e-04 3.429152711760253e-04 3.429152711760253e-04	1.000000000000000e+00	12	0	80
81	 1.154280721163334e+03 -7.579033703927075e+02  8.935791982439358e+01	-1.389021599607076e-05 -1.389021599607076e-05 -1.393685852235649e-05	1.000000000000000e+00	12	0	81
82	 1.620964744624081e+03 -2.912193469319604e+02 -8.417214984156550e+02	8.135355164995417e-05 8.135355164995417e-05 8.168944623321295e-05	1.000000000000000e+00	12	0	82
83	 1.765119178597301e+03  1.213958083145611e+02 -1.396450895485091e+03	1.600670511834323e-04 1.583757402841002e-04 1.600670511834323e-04	1.000000000000000e+00	12	0	83
84	 1.586934153009423e+03  4.801512096095473e+02 -1.574635921072968e+03	2.639719168655574e-04 2.631712122820318e-04 2.639719168655574e-04	1.000000000000000e+00	12	0	84
85	 1.304198773015024e+03  7.583843784767000e+02 -1.564873104742355e+03	3.873203240800649e-04 3.233624447602779e-04 3.233624447602779e-04	1.000000000000000e+00	12	0	85
86	 4.823972039931480e+02  8.149509590463725e+02 -8.094024667593792e+02	9.600040357327089e-05 9.600040357327089e-05 1.020248528220691e-04	1.000000000000000e+00	12	0	86
87	 9.213891972557205e+02  9.606282565469032e+02 -1.362629226672152e+03	1.400565844960511e-03 1.260032993741333e-03 1.260032993741333e-03	1.000000000000000e+00	12	0	87
88	-8.681185854636435e+02  3.871900739584328e+02  1.976700114604062e+02	-3.310841566417366e-05  3.418019332457334e-05 -3.310841566417366e-05	1.000000000000000e+00	24	0	88
89	-6.537307429598736e+02  4.966914697402953e+02  8.816523175989997e+01	-2.336796605959535e-04  2.336796605959535e-04 -2.334124001208693e-04	1.000000000000000e+00	24	0	89
90	-1.085731764166259e+03 -4.299193612842879e+01 -1.994316724220947e+01	-2.486249431967735e-04  2.477141970302910e-04 -2.486249431967735e-04	1.000000000000000e+00	24	0	90
91	-9.763546939672896e+02 -1.523669463694870e+02 -2.344577339875624e+02	-9.672580927144736e-05  9.616351599106565e-05 -9.616351599106565e-05	1.000000000000000e+00	24	0	91
92	 2.928599938232186e+02  4.957671612343019e+02 -8.825918415913512e+02	-6.680189835606143e-05  6.525052594952285e-05 -6.525052594952285e-05	1.000000000000000e+00	24	0	92
93	 1.062393638239525e+03  3.654194530191087e+02 -1.762003878636125e+03	-3.649249847512692e-04  3.705922572407871e-04 -3.649249847512692e-04	1.000000000000000e+00	24	0	93
94	 8.418286758035691e+02  2.620650388869957e+02 -1.658760649426800e+03	-9.763491107150912e-04  9.763491107150912e-04 -9.989684913307428e-04	1.000000000000000e+00	24	0	94
95	 1.271164243639231e+03  8.040976020564665e+02 -1.553233273236419e+03	-1.076822052709758e-03  1.028342870995402e-03 -1.076822052709758e-03	1.000000000000000e+00	24	0	95
96	 1.168789902296023e+03  9.067521093978207e+02 -1.331681907521385e+03	-5.783793167211115e-04  5.669422098435462e-04 -5.669422098435462e-04	1.000000000000000e+00	24	0	96
97	-9.606149319820830e+01  2.541941038505886e+02 -6.791239019741533e+02	 8.815163164399564e-05 -8.473885100102052e-05  8.473885100102052e-05	1.000000000000000e+00	24	0	97
98	-4.330662091462389e+02  2.760269359266607e+02 -3.390478421753370e+02	 3.691108431667089e-04 -3.691108431667089e-04  3.520969767123461e-04	1.000000000000000e+00	24	0	98
99	-5.467931427178157e+02  6.583914013825309e+01 -4.526638204953025e+02	-4.028358380310237e-04  4.040961212012917e-04 -4.040961212012917e-04	1.000000000000000e+00	24	0	99
100	-1.259724863508946e+02  2.838224928986225e+02 -6.706471732556719e+02	 8.454843191429973e-05 -9.644404053688049e-05  9.644404053688049e-05	1.000000000000000e+00	24	0	100
101	 7.279083663485898e+02 -7.674344086240972e+02  1.075467650629189e+03	-2.167262602597475e-03  2.013054909184575e-03  2.013054909184575e-03	1.000000000000000e+00	0	0	101
102	 4.039264156909583e+02 -9.411447065254872e+02  9.017573527277989e+02	 1.751163836161140e-05 -1.633330248296261e-05 -1.633330248296261e-05	1.000000000000000e+00	0	0	102
103	 5.015337886787568e+02 -1.038760203168654e+03  1.104654660206783e+03	-2.724666264839470e-04  2.710016851779073e-04  2.724666264839470e-04	1.000000000000000e+00	0	0	103
104	 6.259830292422970e+02  4.779106854482678e+02 -1.226398214460924e+03	-1.028503174893558e-03  1.028503174893558e-03 -9.514417615719140e-04	1.000000000000000e+00	24	0	104
105	 7.443628375418823e+02  6.834504839943609e+02 -1.108380282117926e+03	 4.755407862830907e-04 -4.811128601431847e-04  4.811128601431847e-04	1.000000000000000e+00	24	0	105
106	 3.241599045936497e+02  4.648064510015454e+02 -8.897362491251101e+02	-6.347636372083798e-05  7.768779323669150e-05 -7.768779323669150e-05	1.000000000000000e+00	24	0	106
107	 1.268003771206788e+03 -2.966335699112889e+02  1.127999845930160e+03	-2.738524635788053e-04  2.666946675162762e-04  2.738524635788053e-04	1.000000000000000e+00	0	0	107
108	 1.046166469985336e+03 -5.723542283248714e+02  1.152768376013731e+03	 2.250189892947674e-03 -2.045538974925876e-03 -2.045538974925876e-03	1.000000000000000e+00	0	0	108
109	 1.371412804237693e+03 -4.000228043233626e+02  1.325099800015240e+03	 2.335391764063388e-04 -2.336389297852293e-04 -2.336389297852293e-04	1.000000000000000e+00	0	0	109
110	-1.046778490378674e+02  2.278759060153571e+02  3.507120716610492e+02	-5.055542569607496e-04 -5.055542569607496e-04 -5.041652475483716e-04	1.000000000000000e+00	12	0	110
111	 1.037473408635682e+03 -8.747106829203590e+02  3.219942710382524e+02	-4.243950024829246e-05 -4.243950024829246e-05 -4.193700442556292e-05	1.000000000000000e+00	12	0	111
112	 1.737755889325749e+03 -1.744282022302927e+02 -1.074372032977765e+03	1.189097747555934e-04 1.189097747555934e-04 1.191329210996628e-04	1.000000000000000e+00	12	0	112
113	 6.038992624432568e+02  9.364530174964813e+02 -1.037183196237188e+03	6.968792295083404e-04 6.968792295083404e-04 7.413487182930112e-04	1.000000000000000e+00	12	0	113
114	 1.324764104059255e+02  4.650301654591501e+02 -1.110224861626826e+02	 4.960610056059522e-08  4.960610056059522e-08 -4.325737279486930e-07	1.000000000000000e+00	12	0	114
115	 3.650070864738578e+02  6.975608415270824e+02 -5.773735268137450e+02	-4.309117866796441e-05 -4.309117866796441e-05 -4.326958878664300e-05	1.000000000000000e+00	12	0	115
116	 1.270876870547299e+03 -6.413072210087419e+02 -1.434869595645061e+02	-1.475610957868412e-07 -1.475610957868412e-07 -1.479788522829040e-07	1.000000000000000e+00	12	0	116
117	 1.504150050481924e+03 -4.080340410741171e+02 -6.090956987906317e+02	4.006129165645689e-05 4.006129165645689e-05 4.021088170702569e-05	1.000000000000000e+00	12	0	117
0	-5.773502691896258e-01  5.773502691896258e-01  5.773502691896258e-01	-7.071067811865476e-01  3.124842898819631e-18 -7.071067811865476e-01	 1.198001808568474e+03 -5.294203851356715e-15  1.198001808568474e+03	1	0	0.000000000000000e+00	0.000000000000000e+00	0.000000000000000e+00
1	-5.773502691896258e-01  5.773502691896258e-01  5.773502691896258e-01	 0.000000000000000e+00  7.071067811865476e-01 -7.071067811865476e-01	 0.000000000000000e+00 -9.214510296266430e+02  9.214510296266430e+02	1	0	0.000000000000000e+00	0.000000000000000e+00	0.000000000000000e+00
2	-5.773502691896258e-01  5.773502691896258e-01  5.773502691896258e-01	 7.071067811865476e-01  7.071067811865476e-01 -3.124842898819631e-18	-7.193784354102739e+02 -7.193784354102739e+02  3.179073734356852e-15	1	0	0.000000000000000e+00	0.000000000000000e+00	0.000000000000000e+00
3	-5.773502691896258e-01  5.773502691896258e-01  5.773502691896258e-01	 7.071067811865476e-01 -3.124842898819631e-18  7.071067811865476e-01	 8.030942244427697e+02 -3.549030148066116e-15  8.030942244427697e+02	1	0	0.000000000000000e+00	0.000000000000000e+00	0.000000000000000e+00
4	-5.773502691896258e-01  5.773502691896258e-01  5.773502691896258e-01	 0.000000000000000e+00  7.071067811865476e-01 -7.071067811865476e-01	 0.000000000000000e+00 -8.625613021693013e+02  8.625613021693013e+02	1	0	0.000000000000000e+00	0.000000000000000e+00	0.000000000000000e+00
5	-5.773502691896258e-01  5.773502691896258e-01  5.773502691896258e-01	-7.071067811865476e-01 -7.071067811865476e-01  3.124842898819631e-18	 9.364621366255734e+02  9.364621366255734e+02 -4.138408986458117e-15	1	0	0.000000000000000e+00	0.000000000000000e+00	0.000000000000000e+00
6	 5.773502691896258e-01 -5.773502691896258e-01 -5.773502691896258e-01	0.000000000000000e+00 0.000000000000000e+00 0.000000000000000e+00	1.570392732195782e+03 3.025315410553647e+02 8.256108849411653e+02	1	1	0.000000000000000e+00	0.000000000000000e+00	0.000000000000000e+00
7	-5.773502691896258e-01 -5.773502691896258e-01 -5.773502691896258e-01	-7.071067811865476e-01  0.000000000000000e+00  7.071067811865476e-01	-4.024131376251693e+02  0.000000000000000e+00  4.024131376251693e+02	1	0	0.000000000000000e+00	0.000000000000000e+00	0.000000000000000e+00
8	-5.773502691896258e-01 -5.773502691896258e-01 -5.773502691896258e-01	 0.000000000000000e+00 -7.071067811865476e-01  7.071067811865476e-01	 0.000000000000000e+00 -7.730720104449091e+02  7.730720104449091e+02	1	0	0.000000000000000e+00	0.000000000000000e+00	0.000000000000000e+00
9	-5.773502691896258e-01 -5.773502691896258e-01 -5.773502691896258e-01	 7.071067811865476e-01 -7.071067811865476e-01  0.000000000000000e+00	 9.560920457780206e+02 -9.560920457780206e+02  0.000000000000000e+00	1	0	0.000000000000000e+00	0.000000000000000e+00	0.000000000000000e+00
10	-5.773502691896258e-01 -5.773502691896258e-01 -5.773502691896258e-01	 7.071067811865476e-01  0.000000000000000e+00 -7.071067811865476e-01	 1.580785037041196e+03  0.000000000000000e+00 -1.580785037041196e+03	1	0	0.000000000000000e+00	0.000000000000000e+00	0.000000000000000e+00
11	-5.773502691896258e-01 -5.773502691896258e-01 -5.773502691896258e-01	 0.000000000000000e+00  7.071067811865476e-01 -7.071067811865476e-01	 0.000000000000000e+00  1.161628741609527e+03 -1.161628741609527e+03	1	0	0.000000000000000e+00	0.000000000000000e+00	0.000000000000000e+00
12	-5.773502691896258e-01 -5.773502691896258e-01 -5.773502691896258e-01	-7.071067811865476e-01  7.071067811865476e-01  0.000000000000000e+00	-1.662768775266123e+02  1.662768775266123e+02  0.000000000000000e+00	1	0	0.000000000000000e+00	0.000000000000000e+00	0.000000000000000e+00
13	5.773502691896258e-01 5.773502691896258e-01 5.773502691896258e-01	0.000000000000000e+00 0.000000000000000e+00 0.000000000000000e+00	-2.170837012152994e+02  1.154700538379251e+02  5.877425740350395e+02	1	1	0.000000000000000e+00	0.000000000000000e+00	0.000000000000000e+00
14	-5.773502691896258e-01  5.773502691896258e-01 -5.773502691896258e-01	 7.071067811865476e-01  0.000000000000000e+00 -7.071067811865476e-01	-5.328942984620248e+02  0.000000000000000e+00  5.328942984620248e+02	1	0	0.000000000000000e+00	0.000000000000000e+00	0.000000000000000e+00
15	-5.773502691896258e-01  5.773502691896258e-01 -5.773502691896258e-01	-3.124842898819631e-18  7.071067811865476e-01  7.071067811865476e-01	 8.547268868455420e-16 -1.934123401785247e+02 -1.934123401785247e+02	1	0	0.000000000000000e+00	0.000000000000000e+00	0.000000000000000e+00
16	-5.773502691896258e-01  5.773502691896258e-01 -5.773502691896258e-01	 7.071067811865476e-01  7.071067811865476e-01 -3.124842898819631e-18	 5.519468573452824e+02  5.519468573452824e+02 -2.439160906938323e-15	1	0	0.000000000000000e+00	0.000000000000000e+00	0.000000000000000e+00
17	-5.773502691896258e-01  5.773502691896258e-01 -5.773502691896258e-01	-7.071067811865476e-01  0.000000000000000e+00  7.071067811865476e-01	 1.412198758437825e+03  0.000000000000000e+00 -1.412198758437825e+03	1	0	0.000000000000000e+00	0.000000000000000e+00	0.000000000000000e+00
18	-5.773502691896258e-01  5.773502691896258e-01 -5.773502691896258e-01	-3.124842898819631e-18  7.071067811865476e-01  7.071067811865476e-01	 9.389238637586849e-16 -2.124648990617823e+02 -2.124648990617823e+02	1	0	0.000000000000000e+00	0.000000000000000e+00	0.000000000000000e+00
19	-5.773502691896258e-01  5.773502691896258e-01 -5.773502691896258e-01	-7.071067811865476e-01 -7.071067811865476e-01  3.124842898819631e-18	-7.851963660978913e+01 -7.851963660978913e+01  3.469936018238618e-16	1	0	0.000000000000000e+00	0.000000000000000e+00	0.000000000000000e+00
20	 5.773502691896258e-01 -5.773502691896258e-01  5.773502691896258e-01	0.000000000000000e+00 0.000000000000000e+00 0.000000000000000e+00	-7.597929542535472e+02  6.027536810339691e+02  3.059956426705008e+02	1	1	0.000000000000000e+00	0.000000000000000e+00	0.000000000000000e+00
0	0	1	0
6	0	1	0
5	5	0	0
6	5	0	0
0	6	0	0
5	0	6	0
1	1	2	0
6	1	2	0
0	1	7	0
1	7	1	0
2	2	3	0
6	2	3	0
1	2	8	0
2	8	2	0
3	3	4	0
6	3	4	0
2	3	9	0
3	9	3	0
4	4	5	0
6	4	5	0
3	4	10	0
4	10	4	0
4	5	11	0
5	11	5	0
5	6	66	0
0	67	6	0
0	7	42	0
1	68	7	0
2	69	8	0
1	8	70	0
2	9	71	0
3	72	9	0
3	10	38	0
4	73	10	0
5	74	11	0
4	11	75	0
7	12	13	0
13	12	13	0
12	17	12	0
13	17	12	0
7	18	12	0
12	12	18	0
8	13	14	0
13	13	14	0
7	13	19	0
8	19	13	0
9	14	15	0
13	14	15	0
8	14	20	0
9	20	14	0
10	15	16	0
13	15	16	0
9	15	21	0
10	21	15	0
11	16	17	0
13	16	17	0
10	16	22	0
11	22	16	0
11	17	23	0
12	23	17	0
7	76	18	0
12	18	110	0
7	19	78	0
8	79	19	0
8	20	80	0
9	111	20	0
10	83	21	0
9	21	112	0
10	22	84	0
11	85	22	0
11	23	87	0
12	113	23	0
14	24	25	0
20	24	25	0
19	29	24	0
20	29	24	0
14	30	24	0
19	24	30	0
15	25	26	0
20	25	26	0
14	25	31	0
15	31	25	0
16	26	27	0
20	26	27	0
15	26	32	0
16	32	26	0
17	27	28	0
20	27	28	0
16	27	33	0
17	33	27	0
18	28	29	0
20	28	29	0
17	28	34	0
18	34	28	0
18	29	35	0
19	35	29	0
14	88	30	0
19	30	89	0
14	31	90	0
15	91	31	0
16	40	32	0
15	32	92	0
17	93	33	0
16	33	94	0
17	34	95	0
18	96	34	0
19	36	35	0
18	35	97	0
19	98	36	0
15	36	99	0
15	100	36	0
1	38	101	0
1	102	38	0
3	38	103	0
16	104	40	0
18	40	105	0
18	106	40	0
0	42	107	0
4	42	108	0
4	109	42	0
5	66	44	0
5	44	74	0
0	45	67	0
0	107	45	0
1	46	68	0
1	101	46	0
2	47	69	0
2	71	47	0
1	70	48	0
1	48	102	0
3	49	72	0
3	103	49	0
4	50	73	0
4	108	50	0
4	75	51	0
4	51	109	0
7	52	76	0
7	78	52	0
12	114	53	0
12	53	115	0
8	54	79	0
8	80	54	0
9	55	116	0
9	117	55	0
10	56	83	0
10	84	56	0
11	57	85	0
11	87	57	0
14	58	88	0
14	90	58	0
19	89	59	0
19	59	98	0
15	60	91	0
15	99	60	0
15	92	61	0
15	61	100	0
17	62	93	0
17	95	62	0
16	94	63	0
16	63	104	0
18	64	96	0
18	105	64	0
18	97	65	0
18	65	106	0
12	110	77	0
12	77	114	0
9	81	111	0
9	116	81	0
9	112	82	0
9	82	117	0
12	86	113	0
12	115	86	0
