114
21
172
0	1.570392732195782e+03 3.025315410553647e+02 8.256108849411653e+02	0.000000000000000e+00 0.000000000000000e+00 0.000000000000000e+00	1.000000000000000e+00	0	0	0
1	 1.130451827073287e+03 -5.773502691896260e+02  1.265551790063660e+03	0.000000000000000e+00 0.000000000000000e+00 0.000000000000000e+00	1.000000000000000e+00	0	0	1
2	-1.974537920628516e+02 -1.241303078757696e+03  6.015989804955904e+02	0.000000000000000e+00 0.000000000000000e+00 0.000000000000000e+00	1.000000000000000e+00	0	0	2
3	 2.032272947547480e+02 -1.641984165575296e+03  1.402961154130791e+03	0.000000000000000e+00 0.000000000000000e+00 0.000000000000000e+00	1.000000000000000e+00	0	0	3
4	 6.431681998772439e+02 -7.621023553303065e+02  9.630202490082960e+02	0.000000000000000e+00 0.000000000000000e+00 0.000000000000000e+00	1.000000000000000e+00	0	0	4
5	 1.971073819013383e+03 -9.814954576223676e+01  1.626973058576365e+03	0.000000000000000e+00 0.000000000000000e+00 0.000000000000000e+00	1.000000000000000e+00	0	0	5
6	1.569614280824741e+03 3.033099924264049e+02 8.263893363122056e+02	-1.229155604960397e-04  1.297211128985509e-04  1.193233474623412e-04	1.000000000000000e+00	0	0	6
7	 1.126766350061680e+03 -5.736647921780188e+02  1.269237267075267e+03	-1.241821136015157e-03  1.241821136015157e-03  1.241821136015157e-03	1.000000000000000e+00	0	0	7
8	-1.967071838681101e+02 -1.242049686952437e+03  6.008523723008489e+02	 1.083767638192512e-04 -1.094880353775807e-04 -1.094971303245984e-04	1.000000000000000e+00	0	0	8
9	 2.032380205227814e+02 -1.641994891343329e+03  1.402950428362758e+03	 7.512671345466515e-06 -8.009405064512976e-06 -6.975915766815888e-06	1.000000000000000e+00	0	0	9
10	 6.461969846638045e+02 -7.651311401168673e+02  9.599914642217352e+02	 1.163214988385638e-03 -1.163214988385638e-03 -1.163214988385638e-03	1.000000000000000e+00	0	0	10
11	 1.971274390624596e+03 -9.835011737344932e+01  1.626772486965153e+03	 3.783867214224301e-05 -3.733831181307323e-05 -3.716759965755045e-05	1.000000000000000e+00	0	0	11
12	-2.170837012152994e+02  1.154700538379251e+02  5.877425740350395e+02	0.000000000000000e+00 0.000000000000000e+00 0.000000000000000e+00	1.000000000000000e+00	12	0	12
13	 1.408734656822689e+02 -6.004442799572098e+02  9.456997409326077e+02	0.000000000000000e+00 0.000000000000000e+00 0.000000000000000e+00	1.000000000000000e+00	12	0	13
14	 9.214510296266424e+02 -9.907330619293978e+02  5.554109589604201e+02	0.000000000000000e+00 0.000000000000000e+00 0.000000000000000e+00	1.000000000000000e+00	12	0	14
15	 1.853294364098699e+03 -5.888972745734176e+01 -1.308275709983692e+03	0.000000000000000e+00 0.000000000000000e+00 0.000000000000000e+00	1.000000000000000e+00	12	0	15
16	 1.495337197201131e+03  6.570246063377946e+02 -1.666232876881260e+03	0.000000000000000e+00 0.000000000000000e+00 0.000000000000000e+00	1.000000000000000e+00	12	0	16
17	 7.147596332567570e+02  1.047313388309982e+03 -1.275944094909073e+03	0.000000000000000e+00 0.000000000000000e+00 0.000000000000000e+00	1.000000000000000e+00	12	0	17
18	-2.187275555749784e+02  1.138261994782461e+02  5.860987196753606e+02	-2.345375348037730e-04 -2.345375348037730e-04 -2.345375348037730e-04	1.000000000000000e+00	12	0	18
19	 1.432335242689086e+02 -5.980842213705703e+02  9.480597995192473e+02	3.319379175081849e-04 3.319379175081849e-04 3.319379175081849e-04	1.000000000000000e+00	12	0	19
20	 9.220262329845126e+02 -9.901578585715275e+02  5.559861623182903e+02	1.067337070708163e-04 1.007226819638163e-04 1.018432667478919e-04	1.000000000000000e+00	12	0	20
21	 1.854116323174059e+03 -5.806776838198266e+01 -1.307453750908333e+03	1.199342150357552e-04 1.196888115373440e-04 1.199378311866894e-04	1.000000000000000e+00	12	0	21
22	 1.497594225652468e+03  6.592816347891315e+02 -1.663975848429923e+03	3.386499593034387e-04 3.386499593034387e-04 3.386499593034387e-04	1.000000000000000e+00	12	0	22
23	 7.238722030697847e+02  1.056425958123010e+03 -1.266831525096045e+03	1.298951877591511e-03 1.298951877591511e-03 1.298951877591511e-03	1.000000000000000e+00	12	0	23
24	-7.597929542535472e+02  6.027536810339691e+02  3.059956426705008e+02	0.000000000000000e+00 0.000000000000000e+00 0.000000000000000e+00	1.000000000000000e+00	24	0	24
25	-1.191650955607388e+03 -2.609623216737101e+02 -1.258623586833382e+02	0.000000000000000e+00 0.000000000000000e+00 0.000000000000000e+00	1.000000000000000e+00	24	0	25
26	 5.126870390403868e+02  5.912066756501777e+02 -9.780313560072266e+02	0.000000000000000e+00 0.000000000000000e+00 0.000000000000000e+00	1.000000000000000e+00	24	0	26
27	 9.572467463163994e+02  1.466469683741651e+02 -1.867150770559250e+03	0.000000000000000e+00 0.000000000000000e+00 0.000000000000000e+00	1.000000000000000e+00	24	0	27
28	 1.389104747670240e+03  1.010362971081845e+03 -1.435292769205410e+03	0.000000000000000e+00 0.000000000000000e+00 0.000000000000000e+00	1.000000000000000e+00	24	0	28
29	-3.152332469775362e+02  1.581939737579582e+02 -5.831237718815206e+02	0.000000000000000e+00 0.000000000000000e+00 0.000000000000000e+00	1.000000000000000e+00	24	0	29
30	-7.602936393494975e+02  6.032543661299195e+02  3.054949575745504e+02	-7.427818491123617e-05  7.452303543686867e-05 -7.147608994273469e-05	1.000000000000000e+00	24	0	30
31	-1.192643696931106e+03 -2.599695803499915e+02 -1.268551000070568e+02	-1.502956438343972e-04  1.481536455685273e-04 -1.501124352216721e-04	1.000000000000000e+00	24	0	31
32	 5.015030331429126e+02  6.023906815476519e+02 -9.892153619047008e+02	-1.549762091599405e-04  1.549762091599404e-04 -1.549762091599406e-04	1.000000000000000e+00	24	0	32
33	 9.533225852757973e+02  1.505711294147671e+02 -1.871074931599852e+03	-5.957580287940800e-04  5.957580287940800e-04 -5.957580287940800e-04	1.000000000000000e+00	24	0	33
34	 1.381636700791524e+03  1.017831017960560e+03 -1.442760816084125e+03	-1.131168450228870e-03  1.131168450228870e-03 -1.131168450228870e-03	1.000000000000000e+00	24	0	34
35	-3.047404797738797e+02  1.477012065543016e+02 -5.726310046778641e+02	 1.630767461999009e-04 -1.630767461999009e-04  1.630767461999009e-04	1.000000000000000e+00	24	0	35
36	-3.299460246137868e+02  1.729067513942088e+02 -5.597314317512565e+02	 6.116106669651344e-05 -6.594240403501317e-05  2.640821621753275e-04	1.000000000000000e+00	24	0	36
38	 6.021616781272737e+02 -8.388752884950204e+02  1.004026770758266e+03	-3.912158620854219e-04  3.912158620854219e-04  3.912158620854219e-04	1.000000000000000e+00	0	0	38
40	 5.278131795328329e+02  5.760805351577318e+02 -1.001010333281296e+03	-9.664452954893932e-05  9.580347250448540e-05 -1.947332930285484e-04	1.000000000000000e+00	24	0	40
42	 1.170493594289615e+03 -4.996125814912705e+02  1.225510022847332e+03	 2.550693752709776e-04 -2.550693752709776e-04 -2.550693752709776e-04	1.000000000000000e+00	0	0	42
44	1.770866084903548e+03 1.020581883475993e+02 1.226159508517628e+03	 2.200036215072032e-05 -2.200036215072032e-05 -2.188779217249248e-05	1.000000000000000e+00	0	0	44
45	 1.368094830787808e+03 -9.619704148789248e+01  1.027908786349139e+03	-3.100263420492411e-04  3.085355856455863e-04  3.100263420492411e-04	1.000000000000000e+00	0	0	45
46	 8.605486065857489e+02 -7.023712167453691e+02  1.140530842507917e+03	-2.058126963675022e-03  2.049228409305215e-03  2.049228409305215e-03	1.000000000000000e+00	0	0	46
47	 3.549130866082134e+00 -1.442306001686630e+03  1.001617978084411e+03	 9.890458022709936e-05 -9.890458022709936e-05 -9.883404709398746e-05	1.000000000000000e+00	0	0	47
48	 2.045015961530635e+02 -1.042233126795055e+03  8.006689324582310e+02	 1.729486975818872e-04 -1.719209249131382e-04 -1.719209249131382e-04	1.000000000000000e+00	0	0	48
49	 4.027030591398764e+02 -1.240443387604409e+03  1.203485389745663e+03	-1.269526983378455e-04  1.254748203791678e-04  1.269526983378455e-04	1.000000000000000e+00	0	0	49
50	 9.137665514071623e+02 -6.377148368786270e+02  1.087407767459976e+03	 2.172094536945224e-03 -2.134206006303430e-03 -2.134206006303430e-03	1.000000000000000e+00	0	0	50
51	 1.571180521482525e+03 -2.992764082946660e+02  1.425846196043937e+03	 1.380862813675776e-04 -1.375471474602818e-04 -1.375471474602818e-04	1.000000000000000e+00	0	0	51
52	-3.737524100683118e+01 -2.417563627347430e+02  7.674510342435075e+02	1.173953351099044e-04 1.177284939331003e-04 1.173953351099044e-04	1.000000000000000e+00	12	0	52
53	 2.489809127904332e+02  5.815346678436578e+02 -3.439576157239770e+02	1.021812022372615e-05 1.021812022372615e-05 1.028191672958201e-05	1.000000000000000e+00	12	0	53
54	 5.311804335705348e+02 -7.955479902513270e+02  7.505960306384912e+02	2.864871203200892e-05 3.502384424791671e-05 3.502384424791671e-05	1.000000000000000e+00	12	0	54
55	 1.387448633147480e+03 -5.247354584085615e+02 -3.763563569069839e+02	1.317552596447058e-05 1.317552596447058e-05 1.320184401265578e-05	1.000000000000000e+00	12	0	55
56	 1.676173698578078e+03  3.009210328972472e+02 -1.485396375504314e+03	2.558960695751011e-04 2.546642790548503e-04 2.558960695751011e-04	1.000000000000000e+00	12	0	56
57	 1.098306716069416e+03  8.450046201005632e+02 -1.478252863118492e+03	-7.061334908939898e-04 -8.228692458942533e-04 -8.228692458942533e-04	1.000000000000000e+00	12	0	57
58	-9.771171597038372e+02  1.722971627320377e+02  8.867143722021248e+01	-1.897015026770532e-04  1.914579042932019e-04 -1.897015026770532e-04	1.000000000000000e+00	24	0	58
59	-5.443392931828994e+02  3.873000199633211e+02 -1.263392810933125e+02	-5.685422365786508e-05  5.685422365786508e-05 -5.708889511879534e-05	1.000000000000000e+00	24	0	59
60	-7.610276761253535e+02 -4.380738218261410e+01 -3.430172981744353e+02	-2.020793035626411e-04  1.991873286897317e-04 -1.991873286897317e-04	1.000000000000000e+00	24	0	60
61	 8.434817051982705e+01  3.890060888710297e+02 -7.758307692280791e+02	 3.780621409532614e-05 -3.769260729313828e-05  3.769260729313828e-05	1.000000000000000e+00	24	0	61
62	 1.171297308796356e+03  5.803292764023577e+02 -1.653100208079294e+03	-4.062332736793905e-04  3.860786673612893e-04 -4.062332736793905e-04	1.000000000000000e+00	24	0	62
63	 7.344340091377660e+02  3.694597055527988e+02 -1.442169328318651e+03	-1.042781746946275e-03  1.042781746946275e-03 -1.041219453327358e-03	1.000000000000000e+00	24	0	63
64	 9.613711948771802e+02  7.904898627261537e+02 -1.215419660849718e+03	 5.510839982889593e-04 -5.014726775698364e-04  5.014726775698364e-04	1.000000000000000e+00	24	0	64
65	 1.135185816371056e+02  3.598469839868203e+02 -7.847767821103851e+02	 4.341462408774532e-05 -4.303187233745120e-05  4.303187233745120e-05	1.000000000000000e+00	24	0	65
66	1.671066831883907e+03 2.018574413672402e+02 1.025444252253065e+03	 8.156276453519240e-05 -8.156276453519240e-05 -8.273168350569904e-05	1.000000000000000e+00	0	0	66
67	1.467985966455725e+03 1.044386106102608e+02 9.280176506812229e+02	-3.539589524734765e-04  3.575801383703947e-04  3.539589524734765e-04	1.000000000000000e+00	0	0	67
68	 9.930549990473896e+02 -6.373098362415653e+02  1.205592223011721e+03	-1.848394516855478e-03  1.909633632749319e-03  1.909633632749319e-03	1.000000000000000e+00	0	0	68
69	-9.667452024213343e+01 -1.342082350578414e+03  8.013306433339767e+02	 8.730490662856027e-05 -8.730490662856027e-05 -8.727858221391216e-05	1.000000000000000e+00	0	0	69
70	 4.285371104423035e+00 -1.142533871643957e+03  7.003681876093292e+02	 1.965525443665683e-04 -1.972192985704169e-04 -1.972192985704169e-04	1.000000000000000e+00	0	0	70
71	 1.035586985693790e+02 -1.542315569389927e+03  1.202120186240090e+03	 8.202196477213874e-05 -8.202196477213874e-05 -8.162506128428504e-05	1.000000000000000e+00	0	0	71
72	 3.029018961221211e+02 -1.441149517743608e+03  1.303286552763418e+03	-7.150034070946276e-05  7.103692769305781e-05  7.150034070946276e-05	1.000000000000000e+00	0	0	72
73	 7.820493244992240e+02 -7.037107501390988e+02  1.021411854199504e+03	 2.016566693782806e-03 -2.113438211381435e-03 -2.113438211381435e-03	1.000000000000000e+00	0	0	73
74	1.870830719899225e+03 2.093553351922116e+00 1.426705480485092e+03	-1.215099382534390e-05  1.215099382534390e-05  1.220484864461469e-05	1.000000000000000e+00	0	0	74
75	 1.771356979348353e+03 -1.989421472297036e+02  1.526180457108899e+03	 1.107511561713181e-04 -1.102677197195590e-04 -1.102677197195590e-04	1.000000000000000e+00	0	0	75
76	-1.269633249691067e+02 -6.287067553593112e+01  6.778629502812320e+02	8.372531010536477e-05 8.564766903873533e-05 8.372531010536477e-05	1.000000000000000e+00	12	0	76
77	1.421139803606736e+01 3.467651530892919e+02 1.201346812588386e+02	-2.485797740519047e-04 -2.485797740519047e-04 -2.545601455494761e-04	1.000000000000000e+00	12	0	77
78	 5.234657284608863e+01 -4.204957723020250e+02  8.571728480964273e+02	1.581902179168537e-04 1.604488061275333e-04 1.581902179168537e-04	1.000000000000000e+00	12	0	78
79	 3.366263644382836e+02 -6.974246602325566e+02  8.487193606572616e+02	1.243129227077588e-04 1.193461794173345e-04 1.193461794173345e-04	1.000000000000000e+00	12	0	79
80	 7.289217051614821e+02 -8.905406880893253e+02  6.556033328004929e+02	3.536467265803367e-04 3.547852102201432e-04 3.547852102201432e-04	1.000000000000000e+00	12	0	80
81	 1.154295753264749e+03 -7.578883382912923e+02  8.937299990408454e+01	-1.499014342698501e-05 -1.499014342698501e-05 -1.503546627645846e-05	1.000000000000000e+00	12	0	81
82	 1.620880121880061e+03 -2.913039696759802e+02 -8.418064482322030e+02	8.138270641211420e-05 8.138270641211420e-05 8.167573832906783e-05	1.000000000000000e+00	12	0	82
83	 1.764951454351913e+03  1.212297518668114e+02 -1.396618619730479e+03	1.624747674213722e-04 1.609608007129282e-04 1.624747674213722e-04	1.000000000000000e+00	12	0	83
84	 1.586658767584696e+03  4.798765733488187e+02 -1.574911306497696e+03	2.656182041391730e-04 2.649762027431279e-04 2.656182041391730e-04	1.000000000000000e+00	12	0	84
85	 1.303781926777879e+03  7.580286511729851e+02 -1.565228832046070e+03	4.149564774706960e-04 3.614641318563372e-04 3.614641318563372e-04	1.000000000000000e+00	12	0	85
86	 4.823002092684339e+02  8.148539643216585e+02 -8.095052265849688e+02	9.050018707057461e-05 9.050018707057461e-05 9.556981240166351e-05	1.000000000000000e+00	12	0	86
87	 9.199232231468225e+02  9.593008908432553e+02 -1.363956592375800e+03	1.418714877218008e-03 1.292840228416026e-03 1.292840228416026e-03	1.000000000000000e+00	12	0	87
88	-8.680824140149573e+02  3.871528590403525e+02  1.977061829090924e+02	-3.645282413344830e-05  3.738771556527354e-05 -3.645282413344830e-05	1.000000000000000e+00	24	0	88
89	-6.534862535216530e+02  4.964469803020747e+02  8.840946996692938e+01	-2.364890533499420e-04  2.364890533499420e-04 -2.362722734687850e-04	1.000000000000000e+00	24	0	89
90	-1.085471219230290e+03 -4.325157940299192e+01 -1.968262230624052e+01	-2.524092560634017e-04  2.515875676181167e-04 -2.524092560634017e-04	1.000000000000000e+00	24	0	90
91	-9.762563282775017e+02 -1.524647819392969e+02 -2.343598984177526e+02	-9.245939872926101e-05  9.200067142955959e-05 -9.200067142955959e-05	1.000000000000000e+00	24	0	91
92	 2.929293687442008e+02  4.956993765116330e+02 -8.825240568686824e+02	-6.667726847808808e-05  6.517181464005262e-05 -6.517181464005262e-05	1.000000000000000e+00	24	0	92
93	 1.062772352352468e+03  3.650350713906008e+02 -1.761625164523182e+03	-3.634263121057302e-04  3.686445706989616e-04 -3.634263121057302e-04	1.000000000000000e+00	24	0	93
94	 8.428413899438609e+02  2.610523247467039e+02 -1.657726123330260e+03	-9.711799211800098e-04  9.711799211800098e-04 -9.905237238854170e-04	1.000000000000000e+00	24	0	94
95	 1.272310164202953e+03  8.030024538292889e+02 -1.552087352672697e+03	-1.128111383877695e-03  1.078928122296929e-03 -1.128111383877695e-03	1.000000000000000e+00	24	0	95
96	 1.169389043674270e+03  9.061635697529196e+02 -1.331093367876484e+03	-5.738256732001901e-04  5.648462101817131e-04 -5.648462101817131e-04	1.000000000000000e+00	24	0	96
97	-9.615165508691567e+01  2.542807943019563e+02 -6.792105924255211e+02	 8.503592107445002e-05 -8.178104326361790e-05  8.178104326361790e-05	1.000000000000000e+00	24	0	97
98	-4.334492884880554e+02  2.764100152684771e+02 -3.394137615581141e+02	 3.675900807138532e-04 -3.675900807138532e-04  3.515919379424304e-04	1.000000000000000e+00	24	0	98
99	-5.463752277182541e+02  6.542085922935675e+01 -4.522455395864062e+02	-4.008332907687873e-04  4.002967325504869e-04 -4.002967325504869e-04	1.000000000000000e+00	24	0	99
100	-1.260615434117190e+02  2.839240040332212e+02 -6.707486843902706e+02	 8.680308383191004e-05 -9.887255146168172e-05  9.887255146168172e-05	1.000000000000000e+00	24	0	100
101	 7.300136210207082e+02 -7.694106532284286e+02  1.073491406024857e+03	-1.858087722212076e-03  1.762693980708718e-03  1.762693980708718e-03	1.000000000000000e+00	0	0	101
102	 4.039016965785838e+02 -9.411212614111794e+02  9.017807978421067e+02	 2.965681051136926e-05 -2.841104105755221e-05 -2.841104105755221e-05	1.000000000000000e+00	0	0	102
103	 5.018187093370036e+02 -1.039043933133900e+03  1.104369739548536e+03	-2.754451124928892e-04  2.745918754953891e-04  2.754451124928892e-04	1.000000000000000e+00	0	0	103
104	 6.270412940399668e+02  4.768524206505979e+02 -1.225415313819706e+03	-1.006617792882025e-03  1.006617792882025e-03 -9.386666351929307e-04	1.000000000000000e+00	24	0	104
105	 7.438767698468048e+02  6.839403738972385e+02 -1.108870172020803e+03	 4.590620228555053e-04 -4.609081079252064e-04  4.609081079252064e-04	1.000000000000000e+00	24	0	105
106	 3.242266242243829e+02  4.647248347666890e+02 -8.896546328902537e+02	-6.471118103945628e-05  7.916486356407404e-05 -7.916486356407404e-05	1.000000000000000e+00	24	0	106
107	 1.268283707083714e+03 -2.969069426350389e+02  1.127719910053233e+03	-2.645460481289774e-04  2.590282820165157e-04  2.645460481289774e-04	1.000000000000000e+00	0	0	107
108	 1.043989342819732e+03 -5.703511129117430e+02  1.154771491426859e+03	 1.914925989694893e-03 -1.783288200385869e-03 -1.783288200385869e-03	1.000000000000000e+00	0	0	108
109	 1.371180700382329e+03 -3.997904824427649e+02  1.325332121895838e+03	 2.132094086846337e-04 -2.135054673999548e-04 -2.135054673999548e-04	1.000000000000000e+00	0	0	109
110	-1.041497840743432e+02  2.284039709788813e+02  3.512388117550557e+02	-5.099758855067194e-04 -5.099758855067194e-04 -5.088149919174612e-04	1.000000000000000e+00	12	0	110
111	 1.037520244140857e+03 -8.746638474151846e+02  3.220406043719335e+02	-4.757420902024023e-05 -4.757420902024023e-05 -4.711291330750100e-05	1.000000000000000e+00	12	0	111
112	 1.737631905651742e+03 -1.745521859042987e+02 -1.074496234741834e+03	1.195211007143371e-04 1.195211007143371e-04 1.197172459797002e-04	1.000000000000000e+00	12	0	112
113	 6.031711043212118e+02  9.357248593744363e+02 -1.037954837676364e+03	7.034533773548901e-04 7.034533773548901e-04 7.425825460813940e-04	1.000000000000000e+00	12	0	113
114	 1.324745587985010e+02  4.650283138517256e+02 -1.110238897296991e+02	3.518637868182850e-06 3.518637868182850e-06 3.137443400191842e-06	1.000000000000000e+00	12	0	114
115	 3.650533221698448e+02  6.976070772230694e+02 -5.773271177213999e+02	-4.582523979479447e-05 -4.582523979479447e-05 -4.598002124112099e-05	1.000000000000000e+00	12	0	115
116	 1.270877291357680e+03 -6.413068001983613e+02 -1.434865379841681e+02	-6.615665597564657e-07 -6.615665597564657e-07 -6.625945161431446e-07	1.000000000000000e+00	12	0	116
117	 1.504108594225851e+03 -4.080754973301898e+02 -6.091372998491712e+02	3.966318399761803e-05 3.966318399761803e-05 3.979211396654136e-05	1.000000000000000e+00	12	0	117
0	-5.773502691896258e-01  5.773502691896258e-01  5.773502691896258e-01	-7.071067811865476e-01  3.124842898819631e-18 -7.071067811865476e-01	 1.198001808568474e+03 -5.294203851356715e-15  1.198001808568474e+03	1	0	0.000000000000000e+00	0.000000000000000e+00	0.000000000000000e+00
1	-5.773502691896258e-01  5.773502691896258e-01  5.773502691896258e-01	 0.000000000000000e+00  7.071067811865476e-01 -7.071067811865476e-01	 0.000000000000000e+00 -9.214510296266430e+02  9.214510296266430e+02	1	0	0.000000000000000e+00	0.000000000000000e+00	0.000000000000000e+00
2	-5.773502691896258e-01  5.773502691896258e-01  5.773502691896258e-01	 7.071067811865476e-01  7.071067811865476e-01 -3.124842898819631e-18	-7.193784354102739e+02 -7.193784354102739e+02  3.179073734356852e-15	1	0	0.000000000000000e+00	0.000000000000000e+00	0.000000000000000e+00
3	-5.773502691896258e-01  5.773502691896258e-01  5.773502691896258e-01	 7.071067811865476e-01 -3.124842898819631e-18  7.071067811865476e-01	 8.030942244427697e+02 -3.549030148066116e-15  8.030942244427697e+02	1	0	0.000000000000000e+00	0.000000000000000e+00	0.000000000000000e+00
4	-5.773502691896258e-01  5.773502691896258e-01  5.773502691896258e-01	 0.000000000000000e+00  7.071067811865476e-01 -7.071067811865476e-01	 0.000000000000000e+00 -8.625613021693013e+02  8.625613021693013e+02	1	0	0.000000000000000e+00	0.000000000000000e+00	0.000000000000000e+00
5	-5.773502691896258e-01  5.773502691896258e-01  5.773502691896258e-01	-7.071067811865476e-01 -7.071067811865476e-01  3.124842898819631e-18	 9.364621366255734e+02  9.364621366255734e+02 -4.138408986458117e-15	1	0	0.000000000000000e+00	0.000000000000000e+00	0.000000000000000e+00
6	 5.773502691896258e-01 -5.773502691896258e-01 -5.773502691896258e-01	0.000000000000000e+00 0.000000000000000e+00 0.000000000000000e+00	1.570392732195782e+03 3.025315410553647e+02 8.256108849411653e+02	1	1	0.000000000000000e+00	0.000000000000000e+00	0.000000000000000e+00
7	-5.773502691896258e-01 -5.773502691896258e-01 -5.773502691896258e-01	-7.071067811865476e-01  0.000000000000000e+00  7.071067811865476e-01	-4.024131376251693e+02  0.000000000000000e+00  4.024131376251693e+02	1	0	0.000000000000000e+00	0.000000000000000e+00	0.000000000000000e+00
8	-5.773502691896258e-01 -5.773502691896258e-01 -5.773502691896258e-01	 0.000000000000000e+00 -7.071067811865476e-01  7.071067811865476e-01	 0.000000000000000e+00 -7.730720104449091e+02  7.730720104449091e+02	1	0	0.000000000000000e+00	0.000000000000000e+00	0.000000000000000e+00
9	-5.773502691896258e-01 -5.773502691896258e-01 -5.773502691896258e-01	 7.071067811865476e-01 -7.071067811865476e-01  0.000000000000000e+00	 9.560920457780206e+02 -9.560920457780206e+02  0.000000000000000e+00	1	0	0.000000000000000e+00	0.000000000000000e+00	0.000000000000000e+00
10	-5.773502691896258e-01 -5.773502691896258e-01 -5.773502691896258e-01	 7.071067811865476e-01  0.000000000000000e+00 -7.071067811865476e-01	 1.580785037041196e+03  0.000000000000000e+00 -1.580785037041196e+03	1	0	0.000000000000000e+00	0.000000000000000e+00	0.000000000000000e+00
11	-5.773502691896258e-01 -5.773502691896258e-01 -5.773502691896258e-01	 0.000000000000000e+00  7.071067811865476e-01 -7.071067811865476e-01	 0.000000000000000e+00  1.161628741609527e+03 -1.161628741609527e+03	1	0	0.000000000000000e+00	0.000000000000000e+00	0.000000000000000e+00
12	-5.773502691896258e-01 -5.773502691896258e-01 -5.773502691896258e-01	-7.071067811865476e-01  7.071067811865476e-01  0.000000000000000e+00	-1.662768775266123e+02  1.662768775266123e+02  0.000000000000000e+00	1	0	0.000000000000000e+00	0.000000000000000e+00	0.000000000000000e+00
13	5.773502691896258e-01 5.773502691896258e-01 5.773502691896258e-01	0.000000000000000e+00 0.000000000000000e+00 0.000000000000000e+00	-2.170837012152994e+02  1.154700538379251e+02  5.877425740350395e+02	1	1	0.000000000000000e+00	0.000000000000000e+00	0.000000000000000e+00
14	-5.773502691896258e-01  5.773502691896258e-01 -5.773502691896258e-01	 7.071067811865476e-01  0.000000000000000e+00 -7.071067811865476e-01	-5.328942984620248e+02  0.000000000000000e+00  5.328942984620248e+02	1	0	0.000000000000000e+00	0.000000000000000e+00	0.000000000000000e+00
15	-5.773502691896258e-01  5.773502691896258e-01 -5.773502691896258e-01	-3.124842898819631e-18  7.071067811865476e-01  7.071067811865476e-01	 8.547268868455420e-16 -1.934123401785247e+02 -1.934123401785247e+02	1	0	0.000000000000000e+00	0.000000000000000e+00	0.000000000000000e+00
16	-5.773502691896258e-01  5.773502691896258e-01 -5.773502691896258e-01	 7.071067811865476e-01  7.071067811865476e-01 -3.124842898819631e-18	 5.519468573452824e+02  5.519468573452824e+02 -2.439160906938323e-15	1	0	0.000000000000000e+00	0.000000000000000e+00	0.000000000000000e+00
17	-5.773502691896258e-01  5.773502691896258e-01 -5.773502691896258e-01	-7.071067811865476e-01  0.000000000000000e+00  7.071067811865476e-01	 1.412198758437825e+03  0.000000000000000e+00 -1.412198758437825e+03	1	0	0.000000000000000e+00	0.000000000000000e+00	0.000000000000000e+00
18	-5.773502691896258e-01  5.773502691896258e-01 -5.773502691896258e-01	-3.124842898819631e-18  7.071067811865476e-01  7.071067811865476e-01	 9.389238637586849e-16 -2.124648990617823e+02 -2.124648990617823e+02	1	0	0.000000000000000e+00	0.000000000000000e+00	0.000000000000000e+00
19	-5.773502691896258e-01  5.773502691896258e-01 -5.773502691896258e-01	-7.071067811865476e-01 -7.071067811865476e-01  3.124842898819631e-18	-7.851963660978913e+01 -7.851963660978913e+01  3.469936018238618e-16	1	0	0.000000000000000e+00	0.000000000000000e+00	0.000000000000000e+00
20	 5.773502691896258e-01 -5.773502691896258e-01  5.773502691896258e-01	0.000000000000000e+00 0.000000000000000e+00 0.000000000000000e+00	-7.597929542535472e+02  6.027536810339691e+02  3.059956426705008e+02	1	1	0.000000000000000e+00	0.000000000000000e+00	0.000000000000000e+00
0	0	1	0
6	0	1	0
5	5	0	0
6	5	0	0
0	6	0	0
5	0	6	0
1	1	2	0
6	1	2	0
0	1	7	0
1	7	1	0
2	2	3	0
6	2	3	0
1	2	8	0
2	8	2	0
3	3	4	0
6	3	4	0
2	3	9	0
3	9	3	0
4	4	5	0
6	4	5	0
3	4	10	0
4	10	4	0
4	5	11	0
5	11	5	0
5	6	66	0
0	67	6	0
0	7	42	0
1	68	7	0
2	69	8	0
1	8	70	0
2	9	71	0
3	72	9	0
3	10	38	0
4	73	10	0
5	74	11	0
4	11	75	0
7	12	13	0
13	12	13	0
12	17	12	0
13	17	12	0
7	18	12	0
12	12	18	0
8	13	14	0
13	13	14	0
7	13	19	0
8	19	13	0
9	14	15	0
13	14	15	0
8	14	20	0
9	20	14	0
10	15	16	0
13	15	16	0
9	15	21	0
10	21	15	0
11	16	17	0
13	16	17	0
10	16	22	0
11	22	16	0
11	17	23	0
12	23	17	0
7	76	18	0
12	18	110	0
7	19	78	0
8	79	19	0
8	20	80	0
9	111	20	0
10	83	21	0
9	21	112	0
10	22	84	0
11	85	22	0
11	23	87	0
12	113	23	0
14	24	25	0
20	24	25	0
19	29	24	0
20	29	24	0
14	30	24	0
19	24	30	0
15	25	26	0
20	25	26	0
14	25	31	0
15	31	25	0
16	26	27	0
20	26	27	0
15	26	32	0
16	32	26	0
17	27	28	0
20	27	28	0
16	27	33	0
17	33	27	0
18	28	29	0
20	28	29	0
17	28	34	0
18	34	28	0
18	29	35	0
19	35	29	0
14	88	30	0
19	30	89	0
14	31	90	0
15	91	31	0
16	40	32	0
15	32	92	0
17	93	33	0
16	33	94	0
17	34	95	0
18	96	34	0
19	36	35	0
18	35	97	0
19	98	36	0
15	36	99	0
15	100	36	0
1	38	101	0
1	102	38	0
3	38	103	0
16	104	40	0
18	40	105	0
18	106	40	0
0	42	107	0
4	42	108	0
4	109	42	0
5	66	44	0
5	44	74	0
0	45	67	0
0	107	45	0
1	46	68	0
1	101	46	0
2	47	69	0
2	71	47	0
1	70	48	0
1	48	102	0
3	49	72	0
3	103	49	0
4	50	73	0
4	108	50	0
4	75	51	0
4	51	109	0
7	52	76	0
7	78	52	0
12	114	53	0
12	53	115	0
8	54	79	0
8	80	54	0
9	55	116	0
9	117	55	0
10	56	83	0
10	84	56	0
11	57	85	0
11	87	57	0
14	58	88	0
14	90	58	0
19	89	59	0
19	59	98	0
15	60	91	0
15	99	60	0
15	92	61	0
15	61	100	0
17	62	93	0
17	95	62	0
16	94	63	0
16	63	104	0
18	64	96	0
18	105	64	0
18	97	65	0
18	65	106	0
12	110	77	0
12	77	114	0
9	81	111	0
9	116	81	0
9	112	82	0
9	82	117	0
12	86	113	0
12	115	86	0
