114
21
172
0	1.570392732195782e+03 3.025315410553647e+02 8.256108849411653e+02	0.000000000000000e+00 0.000000000000000e+00 0.000000000000000e+00	1.000000000000000e+00	0	0	0
1	 1.130451827073287e+03 -5.773502691896260e+02  1.265551790063660e+03	0.000000000000000e+00 0.000000000000000e+00 0.000000000000000e+00	1.000000000000000e+00	0	0	1
2	-1.974537920628516e+02 -1.241303078757696e+03  6.015989804955904e+02	0.000000000000000e+00 0.000000000000000e+00 0.000000000000000e+00	1.000000000000000e+00	0	0	2
3	 2.032272947547480e+02 -1.641984165575296e+03  1.402961154130791e+03	0.000000000000000e+00 0.000000000000000e+00 0.000000000000000e+00	1.000000000000000e+00	0	0	3
4	 6.431681998772439e+02 -7.621023553303065e+02  9.630202490082960e+02	0.000000000000000e+00 0.000000000000000e+00 0.000000000000000e+00	1.000000000000000e+00	0	0	4
5	 1.971073819013383e+03 -9.814954576223676e+01  1.626973058576365e+03	0.000000000000000e+00 0.000000000000000e+00 0.000000000000000e+00	1.000000000000000e+00	0	0	5
6	1.570275683514872e+03 3.026485897362747e+02 8.257279336220754e+02	-1.094965700758621e-04  1.101134621421807e-04  1.092761740437709e-04	1.000000000000000e+00	0	0	6
7	 1.130264404284915e+03 -5.771628464012537e+02  1.265739212852033e+03	-2.102247720661884e-04  2.102247720661883e-04  2.102247720661884e-04	1.000000000000000e+00	0	0	7
8	-1.973333312005591e+02 -1.241423539619989e+03  6.014785196332979e+02	 1.113254256779328e-04 -1.114731639972888e-04 -1.114660844905302e-04	1.000000000000000e+00	0	0	8
9	 2.032239118875676e+02 -1.641980782708115e+03  1.402964536997971e+03	-2.265167495352216e-06  2.226548303951859e-06  2.300940650457051e-06	1.000000000000000e+00	0	0	9
10	 6.432325580610913e+02 -7.621667135141539e+02  9.629558908244486e+02	 9.705931734060869e-05 -9.819711704039946e-05 -1.007619066513143e-04	1.000000000000000e+00	0	0	10
11	 1.971099138787851e+03 -9.817486553670395e+01  1.626947738801898e+03	 2.455345020280220e-05 -2.451951149851084e-05 -2.451196451147553e-05	1.000000000000000e+00	0	0	11
12	-2.170837012152994e+02  1.154700538379251e+02  5.877425740350395e+02	0.000000000000000e+00 0.000000000000000e+00 0.000000000000000e+00	1.000000000000000e+00	12	0	12
13	 1.408734656822689e+02 -6.004442799572098e+02  9.456997409326077e+02	0.000000000000000e+00 0.000000000000000e+00 0.000000000000000e+00	1.000000000000000e+00	12	0	13
14	 9.214510296266424e+02 -9.907330619293978e+02  5.554109589604201e+02	0.000000000000000e+00 0.000000000000000e+00 0.000000000000000e+00	1.000000000000000e+00	12	0	14
15	 1.853294364098699e+03 -5.888972745734176e+01 -1.308275709983692e+03	0.000000000000000e+00 0.000000000000000e+00 0.000000000000000e+00	1.000000000000000e+00	12	0	15
16	 1.495337197201131e+03  6.570246063377946e+02 -1.666232876881260e+03	0.000000000000000e+00 0.000000000000000e+00 0.000000000000000e+00	1.000000000000000e+00	12	0	16
17	 7.147596332567570e+02  1.047313388309982e+03 -1.275944094909073e+03	0.000000000000000e+00 0.000000000000000e+00 0.000000000000000e+00	1.000000000000000e+00	12	0	17
18	-2.173544793189310e+02  1.151992757342935e+02  5.874717959314080e+02	-2.497140473375718e-04 -2.497140473375718e-04 -2.497140473375718e-04	1.000000000000000e+00	12	0	18
19	 1.412698127430131e+02 -6.000479328964657e+02  9.460960879933519e+02	3.633295806745688e-04 3.633295806745688e-04 3.633295806745688e-04	1.000000000000000e+00	12	0	19
20	 9.215267378221332e+02 -9.906573537339069e+02  5.554866671559109e+02	7.378980080829933e-05 7.285112951649353e-05 7.302980520762503e-05	1.000000000000000e+00	12	0	20
21	 1.853426508841019e+03 -5.875758271502193e+01 -1.308143565241372e+03	1.227573957294226e-04 1.227110187755898e-04 1.227583561558276e-04	1.000000000000000e+00	12	0	21
22	 1.495690730530188e+03  6.573781396668512e+02 -1.665879343552203e+03	3.301224593694012e-04 3.301224593694012e-04 3.301224593694012e-04	1.000000000000000e+00	12	0	22
23	 7.162653877399656e+02  1.048819142793191e+03 -1.274438340425864e+03	1.385800734472771e-03 1.385800734472771e-03 1.385800734472771e-03	1.000000000000000e+00	12	0	23
24	-7.597929542535472e+02  6.027536810339691e+02  3.059956426705008e+02	0.000000000000000e+00 0.000000000000000e+00 0.000000000000000e+00	1.000000000000000e+00	24	0	24
25	-1.191650955607388e+03 -2.609623216737101e+02 -1.258623586833382e+02	0.000000000000000e+00 0.000000000000000e+00 0.000000000000000e+00	1.000000000000000e+00	24	0	25
26	 5.126870390403868e+02  5.912066756501777e+02 -9.780313560072266e+02	0.000000000000000e+00 0.000000000000000e+00 0.000000000000000e+00	1.000000000000000e+00	24	0	26
27	 9.572467463163994e+02  1.466469683741651e+02 -1.867150770559250e+03	0.000000000000000e+00 0.000000000000000e+00 0.000000000000000e+00	1.000000000000000e+00	24	0	27
28	 1.389104747670240e+03  1.010362971081845e+03 -1.435292769205410e+03	0.000000000000000e+00 0.000000000000000e+00 0.000000000000000e+00	1.000000000000000e+00	24	0	28
29	-3.152332469775362e+02  1.581939737579582e+02 -5.831237718815206e+02	0.000000000000000e+00 0.000000000000000e+00 0.000000000000000e+00	1.000000000000000e+00	24	0	29
30	-7.598742075268736e+02  6.028349343072956e+02  3.059143893971743e+02	-7.483822264475748e-05  7.484947127522901e-05 -7.450963312294334e-05	1.000000000000000e+00	24	0	30
31	-1.191807509207889e+03 -2.608057680732094e+02 -1.260189122838389e+02	-1.453981967642903e-04  1.451241550967097e-04 -1.454014709452167e-04	1.000000000000000e+00	24	0	31
32	 5.070745577459600e+02  5.968191569446045e+02 -9.836438373016534e+02	-6.405333522707224e-03  6.405333522707224e-03 -6.405333522707224e-03	1.000000000000000e+00	24	0	32
33	 9.566329184928437e+02  1.472607961977208e+02 -1.867764598382806e+03	-5.712024091432492e-04  5.712024091432492e-04 -5.712024091432493e-04	1.000000000000000e+00	24	0	33
34	 1.387944552347056e+03  1.011523166405029e+03 -1.436452964528593e+03	-1.081665395759046e-03  1.081665395759046e-03 -1.081665395759046e-03	1.000000000000000e+00	24	0	34
35	-3.119175585612958e+02  1.548782853417178e+02 -5.798080834652802e+02	 6.366986160477002e-03 -6.366986160477002e-03  6.366986160477002e-03	1.000000000000000e+00	24	0	35
36	-3.287908327292645e+02  1.717515595096865e+02 -5.585762398667342e+02	-1.786698393213252e-03  1.786698393213252e-03 -1.786698393213252e-03	1.000000000000000e+00	24	0	36
38	 6.036979177559463e+02 -8.404115281236930e+02  1.002490531129593e+03	-1.998273122201984e-04  1.998273122201984e-04  1.998273122201984e-04	1.000000000000000e+00	0	0	38
40	 5.270250341825961e+02  5.768686805079686e+02 -1.001798478631533e+03	 1.840921390491227e-03 -1.840921390491227e-03  1.840921390491227e-03	1.000000000000000e+00	24	0	40
42	 1.169760362426915e+03 -4.988793496285707e+02  1.226243254710032e+03	 5.189799412619323e-05 -5.145611794432625e-05 -5.148716809344478e-05	1.000000000000000e+00	0	0	42
44	1.770751982877826e+03 1.021722903733212e+02 1.226273271692299e+03	 1.785138556442689e-05 -1.785138556442689e-05 -1.783767038432416e-05	1.000000000000000e+00	0	0	44
45	 1.369756579046205e+03 -9.785405251379785e+01  1.026247038090743e+03	-2.768499543890357e-04  2.766326069831848e-04  2.768499543890357e-04	1.000000000000000e+00	0	0	45
46	 8.668420499392754e+02 -7.086481659504848e+02  1.134253893302801e+03	-3.847223706543446e-04  3.845313913188875e-04  3.845313913188875e-04	1.000000000000000e+00	0	0	46
47	 2.992425121268781e+00 -1.441749295941817e+03  1.002174403311300e+03	 9.793118806555867e-05 -9.793118806555867e-05 -9.791355114430189e-05	1.000000000000000e+00	0	0	47
48	 2.034443757267337e+02 -1.041179510526873e+03  8.017225487264129e+02	 1.988747535506263e-04 -1.986806892091408e-04 -1.986806892091408e-04	1.000000000000000e+00	0	0	48
49	 4.034289819938533e+02 -1.241164356108976e+03  1.202759466891686e+03	-1.286672631977126e-04  1.284198660869151e-04  1.286672631977126e-04	1.000000000000000e+00	0	0	49
50	 9.068888432183512e+02 -6.309148688649998e+02  1.094207735473603e+03	 4.869889526162297e-04 -4.858570464421064e-04 -4.858570464421064e-04	1.000000000000000e+00	0	0	50
51	 1.570501629414033e+03 -2.985989597928847e+02  1.426523644545718e+03	 1.035318564390764e-04 -1.034810411510989e-04 -1.034810411510989e-04	1.000000000000000e+00	0	0	51
52	-3.799711321350808e+01 -2.423790972476804e+02  7.668291620368306e+02	1.014614099403843e-04 1.014840017887764e-04 1.014614099403843e-04	1.000000000000000e+00	12	0	52
53	 2.488955319128986e+02  5.814492869661232e+02 -3.440431919396577e+02	3.446361370151863e-05 3.446361370151863e-05 3.446923074079677e-05	1.000000000000000e+00	12	0	53
54	 5.311359642483634e+02 -7.956143631122419e+02  7.505296577775762e+02	-1.850781154644210e-05 -1.740943298500497e-05 -1.740943298500497e-05	1.000000000000000e+00	12	0	54
55	 1.387381568056971e+03 -5.248025234990700e+02 -3.764235027669156e+02	9.501924068899825e-06 9.501924068899825e-06 9.505072739557363e-06	1.000000000000000e+00	12	0	55
56	 1.674630792637229e+03  2.993823324202891e+02 -1.486939281445163e+03	2.888465533033013e-04 2.886276924982667e-04 2.888465533033013e-04	1.000000000000000e+00	12	0	56
57	 1.103700242771022e+03  8.508073564577087e+02 -1.472450126761346e+03	-1.229032524861395e-03 -1.253533642739058e-03 -1.253533642739058e-03	1.000000000000000e+00	12	0	57
58	-9.759620859677559e+02  1.711359869562886e+02  8.982651095629376e+01	-2.189311053371057e-04  2.192548417951912e-04 -2.189311053371057e-04	1.000000000000000e+00	24	0	58
59	-5.439523314938733e+02  3.869130582742951e+02 -1.259508095493853e+02	-7.949269638629630e-05  7.949269638629630e-05 -7.962284144014120e-05	1.000000000000000e+00	24	0	59
60	-7.599696159582436e+02 -4.485681325002532e+01 -3.419678671070241e+02	-1.680946588749066e-04  1.677944092079997e-04 -1.677944092079997e-04	1.000000000000000e+00	24	0	60
61	 8.703804870894174e+01  3.863421017785946e+02 -7.731667821356440e+02	-5.594329442828894e-03  5.527865607291460e-03 -5.527865607291460e-03	1.000000000000000e+00	24	0	61
62	 1.173044651980274e+03  5.786359708444002e+02 -1.651352864895377e+03	-1.785043568816036e-04  1.778005243977532e-04 -1.785043568816036e-04	1.000000000000000e+00	24	0	62
63	 7.402366664439603e+02  3.636570482466045e+02 -1.436373592139895e+03	-1.005035708658397e-03  1.005035708658397e-03 -1.004574587568641e-03	1.000000000000000e+00	24	0	63
64	 9.579624031685366e+02  7.937234861119323e+02 -1.218653284235497e+03	 6.540639442391694e-04 -6.445623002946377e-04  6.445623002946377e-04	1.000000000000000e+00	24	0	64
65	 1.104214739840506e+02  3.629634063593085e+02 -7.878932044828732e+02	 5.517528392374516e-03 -5.575427319854498e-03  5.575427319854498e-03	1.000000000000000e+00	24	0	65
66	1.670636720798223e+03 2.022875524529234e+02 1.025877649947549e+03	 6.975584255997092e-05 -6.975584255997092e-05 -6.987389497226104e-05	1.000000000000000e+00	0	0	66
67	1.469884925830420e+03 1.025287719793557e+02 9.261186913065274e+02	-3.162899229209870e-04  3.167420509271324e-04  3.162899229209870e-04	1.000000000000000e+00	0	0	67
68	 9.985270858033268e+02 -6.428790816092255e+02  1.200022977644061e+03	-3.279656521044672e-04  3.285116399638355e-04  3.285116399638355e-04	1.000000000000000e+00	0	0	68
69	-9.718300492436900e+01 -1.341573865896179e+03  8.018390127730836e+02	 9.251166193280369e-05 -9.251166193280369e-05 -9.250393486581743e-05	1.000000000000000e+00	0	0	69
70	 3.119628409397052e+00 -1.141365754806915e+03  7.015363044463707e+02	 2.141917648259550e-04 -2.143215388059616e-04 -2.143215388059616e-04	1.000000000000000e+00	0	0	70
71	 1.031305948265563e+02 -1.541887465647104e+03  1.202547067422847e+03	 6.936467252671719e-05 -6.936467252671719e-05 -6.931126699782908e-05	1.000000000000000e+00	0	0	71
72	 3.033167500304246e+02 -1.441562845680855e+03  1.302871698855115e+03	-7.468022522516549e-05  7.460603956133127e-05  7.468022522516549e-05	1.000000000000000e+00	0	0	72
73	 7.753413427684127e+02 -6.968229364629501e+02  1.028299667875652e+03	 5.582620506174862e-04 -5.607609055005014e-04 -5.607609055005014e-04	1.000000000000000e+00	0	0	73
74	1.870892759075058e+03 2.031514176089114e+00 1.426643305366579e+03	-1.014247118291678e-05  1.014247118291678e-05  1.014633835438872e-05	1.000000000000000e+00	0	0	74
75	 1.770817499065238e+03 -1.984040153058813e+02  1.526718589032721e+03	 8.052815974224359e-05 -8.047920709941536e-05 -8.047920709941536e-05	1.000000000000000e+00	0	0	75
76	-1.274823602366266e+02 -6.339629002207982e+01  6.773439150137120e+02	1.013021465041675e-04 1.016499081742950e-04 1.013021465041675e-04	1.000000000000000e+00	12	0	76
77	1.561445673120859e+01 3.481682117844331e+02 1.215576966181038e+02	-2.451833279337734e-04 -2.451833279337734e-04 -2.461764670442790e-04	1.000000000000000e+00	12	0	77
78	 5.152180638203745e+01 -4.213278801342292e+02  8.563480816323761e+02	1.305672194575891e-04 1.309104845859110e-04 1.305672194575891e-04	1.000000000000000e+00	12	0	78
79	 3.360862810459859e+02 -6.979484713376569e+02  8.481955495521613e+02	6.810609193053097e-05 6.732426118105650e-05 6.732426118105650e-05	1.000000000000000e+00	12	0	79
80	 7.267535754017870e+02 -8.927137512963064e+02  6.534302695935118e+02	4.093806201126426e-04 4.097042547073215e-04 4.097042547073215e-04	1.000000000000000e+00	12	0	80
81	 1.154391328247348e+03 -7.577927633086933e+02  8.946875095872318e+01	-1.847561361500993e-05 -1.847561361500993e-05 -1.848603824328166e-05	1.000000000000000e+00	12	0	81
82	 1.620418976247474e+03 -2.917651153085676e+02 -8.422685712167319e+02	8.025621355045587e-05 8.025621355045587e-05 8.030436583794653e-05	1.000000000000000e+00	12	0	82
83	 1.763994054082296e+03  1.202776810372946e+02 -1.397576020000096e+03	1.745013869367540e-04 1.742133754305542e-04 1.745013869367540e-04	1.000000000000000e+00	12	0	83
84	 1.585125051573311e+03  4.783445621387443e+02 -1.576445022509081e+03	2.755885361693799e-04 2.755408931989223e-04 2.755885361693799e-04	1.000000000000000e+00	12	0	84
85	 1.301030039740052e+03  7.554325870622329e+02 -1.567824896156822e+03	5.593544337898493e-04 5.523511790670455e-04 5.523511790670455e-04	1.000000000000000e+00	12	0	85
86	 4.818748568089879e+02  8.144286118622125e+02 -8.099460596729866e+02	6.509485683636740e-05 6.509485683636740e-05 6.570797995664179e-05	1.000000000000000e+00	12	0	86
87	 9.115714297805710e+02  9.513952552443247e+02 -1.371862227974730e+03	1.532766036689281e-03 1.508253510110080e-03 1.508253510110080e-03	1.000000000000000e+00	12	0	87
88	-8.678218963649390e+02  3.868892088166306e+02  1.979667005591107e+02	-5.673033592756838e-05  5.688977762474678e-05 -5.673033592756838e-05	1.000000000000000e+00	24	0	88
89	-6.521020277282373e+02  4.950627545086590e+02  8.979307961551959e+01	-2.519239496905357e-04  2.519239496905357e-04 -2.519021509215236e-04	1.000000000000000e+00	24	0	89
90	-1.083983123869860e+03 -4.473674132170214e+01 -1.819452694581083e+01	-2.727016981225461e-04  2.725387457758188e-04 -2.727016981225461e-04	1.000000000000000e+00	24	0	90
91	-9.757951478912881e+02 -1.529246523519952e+02 -2.339000280050542e+02	-6.990358087932691e-05  6.985721120145172e-05 -6.985721120145172e-05	1.000000000000000e+00	24	0	91
92	 2.965206029994700e+02  4.921322946880954e+02 -8.789569750451448e+02	-5.614966154098511e-03  5.606696940958500e-03 -5.606696940958500e-03	1.000000000000000e+00	24	0	92
93	 1.064821577867572e+03  3.629663117825183e+02 -1.759575939008078e+03	-3.606180252972990e-04  3.618201590143144e-04 -3.606180252972990e-04	1.000000000000000e+00	24	0	93
94	 8.482678741495046e+02  2.556258405410603e+02 -1.652237690926839e+03	-9.427809272892773e-04  9.427809272892773e-04 -9.456700645387173e-04	1.000000000000000e+00	24	0	94
95	 1.279848457789997e+03  7.957169363116952e+02 -1.544549059085653e+03	-1.458430662751198e-03  1.439180108718574e-03 -1.458430662751198e-03	1.000000000000000e+00	24	0	95
96	 1.172580405518635e+03  9.029936808213602e+02 -1.327923478944925e+03	-5.543807637877762e-04  5.540727288462222e-04 -5.540727288462222e-04	1.000000000000000e+00	24	0	96
97	-1.006380488073875e+02  2.587858269610281e+02 -6.837156250845928e+02	 6.446255836635828e-03 -6.542448420077562e-03  6.542448420077562e-03	1.000000000000000e+00	24	0	97
98	-4.355119758863100e+02  2.784727026667318e+02 -3.414052996261609e+02	 3.602124343160540e-04 -3.602124343160540e-04  3.561515768524259e-04	1.000000000000000e+00	24	0	98
99	-5.441853435811829e+02  6.325218541543119e+01 -4.500768657724806e+02	-3.250102454330772e-04  3.232962335459888e-04 -3.232962335459888e-04	1.000000000000000e+00	24	0	99
100	-1.221724226580787e+02  2.802878443950789e+02 -6.671125247521283e+02	-6.600558757781982e-03  6.389033049345016e-03 -6.389033049345016e-03	1.000000000000000e+00	24	0	100
101	 7.352963402607373e+02 -7.745563518920908e+02  1.068345707361195e+03	-2.901478728745133e-04  2.896783989854157e-04  2.896783989854157e-04	1.000000000000000e+00	0	0	101
102	 4.036296333188918e+02 -9.408539295219637e+02  9.020481297313224e+02	 5.696587686543353e-05 -5.672484257956967e-05 -5.672484257956967e-05	1.000000000000000e+00	0	0	102
103	 5.034237009160536e+02 -1.040648098429126e+03  1.102764747969486e+03	-2.902460400946438e-04  2.902952255681157e-04  2.902460400946438e-04	1.000000000000000e+00	0	0	103
104	 6.324086080081591e+02  4.714851066824056e+02 -1.220300751402500e+03	-8.867200231179595e-04  8.867200231179595e-04 -8.701799088157713e-04	1.000000000000000e+00	24	0	104
105	 7.415962008638355e+02  6.861928912570354e+02 -1.111122689380600e+03	 3.051132662221789e-04 -3.001594159286469e-04  3.001594159286469e-04	1.000000000000000e+00	24	0	105
106	 3.211978557965598e+02  4.675400929817037e+02 -8.924698911052684e+02	 5.669432692229748e-03 -5.502285901457071e-03  5.502285901457071e-03	1.000000000000000e+00	24	0	106
107	 1.269650284215722e+03 -2.982587336250209e+02  1.126353332921225e+03	-2.187492646044120e-04  2.182215248467401e-04  2.187492646044120e-04	1.000000000000000e+00	0	0	107
108	 1.038407685636463e+03 -5.649797402008296e+02  1.160142864137773e+03	 3.633055894169956e-04 -3.617230977397412e-04 -3.617230977397412e-04	1.000000000000000e+00	0	0	108
109	 1.370200594616074e+03 -3.988088110718934e+02  1.326313793266709e+03	 1.419719192199409e-04 -1.420558692188933e-04 -1.420558692188933e-04	1.000000000000000e+00	0	0	109
110	-1.011840269511486e+02  2.313697281020760e+02  3.542010711845044e+02	-5.364860990084708e-04 -5.364860990084708e-04 -5.363452946767211e-04	1.000000000000000e+00	12	0	110
111	 1.037855006246630e+03 -8.743290853094118e+02  3.223737312582775e+02	-6.910536467330530e-05 -6.910536467330530e-05 -6.902006862219423e-05	1.000000000000000e+00	12	0	111
112	 1.736945071780250e+03 -1.752390197757909e+02 -1.075183733519611e+03	1.220123303937726e-04 1.220123303937726e-04 1.220463163917884e-04	1.000000000000000e+00	12	0	112
113	 5.990766116028091e+02  9.316303666560335e+02 -1.042182205323240e+03	7.382606854662299e-04 7.382606854662299e-04 7.450408302247524e-04	1.000000000000000e+00	12	0	113
114	 1.323957996036195e+02  4.649495546568440e+02 -1.111016784596628e+02	2.866406430257484e-05 2.866406430257484e-05 2.865118767658714e-05	1.000000000000000e+00	12	0	114
115	 3.653329775869466e+02  6.978867326401712e+02 -5.770470002574173e+02	-2.309682349732611e-05 -2.309682349732611e-05 -2.310270974703599e-05	1.000000000000000e+00	12	0	115
116	 1.270887482322998e+03 -6.412966092330430e+02 -1.434763400768753e+02	-3.525744205035153e-06 -3.525744205035153e-06 -3.526454975144588e-06	1.000000000000000e+00	12	0	116
117	 1.503890594434754e+03 -4.082934971212869e+02 -6.093557182190267e+02	3.610842031775974e-05 3.610842031775974e-05 3.612773798522539e-05	1.000000000000000e+00	12	0	117
0	-5.773502691896258e-01  5.773502691896258e-01  5.773502691896258e-01	-7.071067811865476e-01  3.124842898819631e-18 -7.071067811865476e-01	 1.198001808568474e+03 -5.294203851356715e-15  1.198001808568474e+03	1	0	0.000000000000000e+00	0.000000000000000e+00	0.000000000000000e+00
1	-5.773502691896258e-01  5.773502691896258e-01  5.773502691896258e-01	 0.000000000000000e+00  7.071067811865476e-01 -7.071067811865476e-01	 0.000000000000000e+00 -9.214510296266430e+02  9.214510296266430e+02	1	0	0.000000000000000e+00	0.000000000000000e+00	0.000000000000000e+00
2	-5.773502691896258e-01  5.773502691896258e-01  5.773502691896258e-01	 7.071067811865476e-01  7.071067811865476e-01 -3.124842898819631e-18	-7.193784354102739e+02 -7.193784354102739e+02  3.179073734356852e-15	1	0	0.000000000000000e+00	0.000000000000000e+00	0.000000000000000e+00
3	-5.773502691896258e-01  5.773502691896258e-01  5.773502691896258e-01	 7.071067811865476e-01 -3.124842898819631e-18  7.071067811865476e-01	 8.030942244427697e+02 -3.549030148066116e-15  8.030942244427697e+02	1	0	0.000000000000000e+00	0.000000000000000e+00	0.000000000000000e+00
4	-5.773502691896258e-01  5.773502691896258e-01  5.773502691896258e-01	 0.000000000000000e+00  7.071067811865476e-01 -7.071067811865476e-01	 0.000000000000000e+00 -8.625613021693013e+02  8.625613021693013e+02	1	0	0.000000000000000e+00	0.000000000000000e+00	0.000000000000000e+00
5	-5.773502691896258e-01  5.773502691896258e-01  5.773502691896258e-01	-7.071067811865476e-01 -7.071067811865476e-01  3.124842898819631e-18	 9.364621366255734e+02  9.364621366255734e+02 -4.138408986458117e-15	1	0	0.000000000000000e+00	0.000000000000000e+00	0.000000000000000e+00
6	 5.773502691896258e-01 -5.773502691896258e-01 -5.773502691896258e-01	0.000000000000000e+00 0.000000000000000e+00 0.000000000000000e+00	1.570392732195782e+03 3.025315410553647e+02 8.256108849411653e+02	1	1	0.000000000000000e+00	0.000000000000000e+00	0.000000000000000e+00
7	-5.773502691896258e-01 -5.773502691896258e-01 -5.773502691896258e-01	-7.071067811865476e-01  0.000000000000000e+00  7.071067811865476e-01	-4.024131376251693e+02  0.000000000000000e+00  4.024131376251693e+02	1	0	0.000000000000000e+00	0.000000000000000e+00	0.000000000000000e+00
8	-5.773502691896258e-01 -5.773502691896258e-01 -5.773502691896258e-01	 0.000000000000000e+00 -7.071067811865476e-01  7.071067811865476e-01	 0.000000000000000e+00 -7.730720104449091e+02  7.730720104449091e+02	1	0	0.000000000000000e+00	0.000000000000000e+00	0.000000000000000e+00
9	-5.773502691896258e-01 -5.773502691896258e-01 -5.773502691896258e-01	 7.071067811865476e-01 -7.071067811865476e-01  0.000000000000000e+00	 9.560920457780206e+02 -9.560920457780206e+02  0.000000000000000e+00	1	0	0.000000000000000e+00	0.000000000000000e+00	0.000000000000000e+00
10	-5.773502691896258e-01 -5.773502691896258e-01 -5.773502691896258e-01	 7.071067811865476e-01  0.000000000000000e+00 -7.071067811865476e-01	 1.580785037041196e+03  0.000000000000000e+00 -1.580785037041196e+03	1	0	0.000000000000000e+00	0.000000000000000e+00	0.000000000000000e+00
11	-5.773502691896258e-01 -5.773502691896258e-01 -5.773502691896258e-01	 0.000000000000000e+00  7.071067811865476e-01 -7.071067811865476e-01	 0.000000000000000e+00  1.161628741609527e+03 -1.161628741609527e+03	1	0	0.000000000000000e+00	0.000000000000000e+00	0.000000000000000e+00
12	-5.773502691896258e-01 -5.773502691896258e-01 -5.773502691896258e-01	-7.071067811865476e-01  7.071067811865476e-01  0.000000000000000e+00	-1.662768775266123e+02  1.662768775266123e+02  0.000000000000000e+00	1	0	0.000000000000000e+00	0.000000000000000e+00	0.000000000000000e+00
13	5.773502691896258e-01 5.773502691896258e-01 5.773502691896258e-01	0.000000000000000e+00 0.000000000000000e+00 0.000000000000000e+00	-2.170837012152994e+02  1.154700538379251e+02  5.877425740350395e+02	1	1	0.000000000000000e+00	0.000000000000000e+00	0.000000000000000e+00
14	-5.773502691896258e-01  5.773502691896258e-01 -5.773502691896258e-01	 7.071067811865476e-01  0.000000000000000e+00 -7.071067811865476e-01	-5.328942984620248e+02  0.000000000000000e+00  5.328942984620248e+02	1	0	0.000000000000000e+00	0.000000000000000e+00	0.000000000000000e+00
15	-5.773502691896258e-01  5.773502691896258e-01 -5.773502691896258e-01	-3.124842898819631e-18  7.071067811865476e-01  7.071067811865476e-01	 8.547268868455420e-16 -1.934123401785247e+02 -1.934123401785247e+02	1	0	0.000000000000000e+00	0.000000000000000e+00	0.000000000000000e+00
16	-5.773502691896258e-01  5.773502691896258e-01 -5.773502691896258e-01	 7.071067811865476e-01  7.071067811865476e-01 -3.124842898819631e-18	 5.519468573452824e+02  5.519468573452824e+02 -2.439160906938323e-15	1	0	0.000000000000000e+00	0.000000000000000e+00	0.000000000000000e+00
17	-5.773502691896258e-01  5.773502691896258e-01 -5.773502691896258e-01	-7.071067811865476e-01  0.000000000000000e+00  7.071067811865476e-01	 1.412198758437825e+03  0.000000000000000e+00 -1.412198758437825e+03	1	0	0.000000000000000e+00	0.000000000000000e+00	0.000000000000000e+00
18	-5.773502691896258e-01  5.773502691896258e-01 -5.773502691896258e-01	-3.124842898819631e-18  7.071067811865476e-01  7.071067811865476e-01	 9.389238637586849e-16 -2.124648990617823e+02 -2.124648990617823e+02	1	0	0.000000000000000e+00	0.000000000000000e+00	0.000000000000000e+00
19	-5.773502691896258e-01  5.773502691896258e-01 -5.773502691896258e-01	-7.071067811865476e-01 -7.071067811865476e-01  3.124842898819631e-18	-7.851963660978913e+01 -7.851963660978913e+01  3.469936018238618e-16	1	0	0.000000000000000e+00	0.000000000000000e+00	0.000000000000000e+00
20	 5.773502691896258e-01 -5.773502691896258e-01  5.773502691896258e-01	0.000000000000000e+00 0.000000000000000e+00 0.000000000000000e+00	-7.597929542535472e+02  6.027536810339691e+02  3.059956426705008e+02	1	1	0.000000000000000e+00	0.000000000000000e+00	0.000000000000000e+00
0	0	1	0
6	0	1	0
5	5	0	0
6	5	0	0
0	6	0	0
5	0	6	0
1	1	2	0
6	1	2	0
0	1	7	0
1	7	1	0
2	2	3	0
6	2	3	0
1	2	8	0
2	8	2	0
3	3	4	0
6	3	4	0
2	3	9	0
3	9	3	0
4	4	5	0
6	4	5	0
3	4	10	0
4	10	4	0
4	5	11	0
5	11	5	0
5	6	66	0
0	67	6	0
0	7	42	0
1	68	7	0
2	69	8	0
1	8	70	0
2	9	71	0
3	72	9	0
3	10	38	0
4	73	10	0
5	74	11	0
4	11	75	0
7	12	13	0
13	12	13	0
12	17	12	0
13	17	12	0
7	18	12	0
12	12	18	0
8	13	14	0
13	13	14	0
7	13	19	0
8	19	13	0
9	14	15	0
13	14	15	0
8	14	20	0
9	20	14	0
10	15	16	0
13	15	16	0
9	15	21	0
10	21	15	0
11	16	17	0
13	16	17	0
10	16	22	0
11	22	16	0
11	17	23	0
12	23	17	0
7	76	18	0
12	18	110	0
7	19	78	0
8	79	19	0
8	20	80	0
9	111	20	0
10	83	21	0
9	21	112	0
10	22	84	0
11	85	22	0
11	23	87	0
12	113	23	0
14	24	25	0
20	24	25	0
19	29	24	0
20	29	24	0
14	30	24	0
19	24	30	0
15	25	26	0
20	25	26	0
14	25	31	0
15	31	25	0
16	26	27	0
20	26	27	0
15	26	32	0
16	32	26	0
17	27	28	0
20	27	28	0
16	27	33	0
17	33	27	0
18	28	29	0
20	28	29	0
17	28	34	0
18	34	28	0
18	29	35	0
19	35	29	0
14	88	30	0
19	30	89	0
14	31	90	0
15	91	31	0
16	40	32	0
15	32	92	0
17	93	33	0
16	33	94	0
17	34	95	0
18	96	34	0
19	36	35	0
18	35	97	0
19	98	36	0
15	36	99	0
15	100	36	0
1	38	101	0
1	102	38	0
3	38	103	0
16	104	40	0
18	40	105	0
18	106	40	0
0	42	107	0
4	42	108	0
4	109	42	0
5	66	44	0
5	44	74	0
0	45	67	0
0	107	45	0
1	46	68	0
1	101	46	0
2	47	69	0
2	71	47	0
1	70	48	0
1	48	102	0
3	49	72	0
3	103	49	0
4	50	73	0
4	108	50	0
4	75	51	0
4	51	109	0
7	52	76	0
7	78	52	0
12	114	53	0
12	53	115	0
8	54	79	0
8	80	54	0
9	55	116	0
9	117	55	0
10	56	83	0
10	84	56	0
11	57	85	0
11	87	57	0
14	58	88	0
14	90	58	0
19	89	59	0
19	59	98	0
15	60	91	0
15	99	60	0
15	92	61	0
15	61	100	0
17	62	93	0
17	95	62	0
16	94	63	0
16	63	104	0
18	64	96	0
18	105	64	0
18	97	65	0
18	65	106	0
12	110	77	0
12	77	114	0
9	81	111	0
9	116	81	0
9	112	82	0
9	82	117	0
12	86	113	0
12	115	86	0
