114
21
172
0	1.570392732195782e+03 3.025315410553647e+02 8.256108849411653e+02	0.000000000000000e+00 0.000000000000000e+00 0.000000000000000e+00	1.000000000000000e+00	0	0	0
1	 1.130451827073287e+03 -5.773502691896260e+02  1.265551790063660e+03	0.000000000000000e+00 0.000000000000000e+00 0.000000000000000e+00	1.000000000000000e+00	0	0	1
2	-1.974537920628516e+02 -1.241303078757696e+03  6.015989804955904e+02	0.000000000000000e+00 0.000000000000000e+00 0.000000000000000e+00	1.000000000000000e+00	0	0	2
3	 2.032272947547480e+02 -1.641984165575296e+03  1.402961154130791e+03	0.000000000000000e+00 0.000000000000000e+00 0.000000000000000e+00	1.000000000000000e+00	0	0	3
4	 6.431681998772439e+02 -7.621023553303065e+02  9.630202490082960e+02	0.000000000000000e+00 0.000000000000000e+00 0.000000000000000e+00	1.000000000000000e+00	0	0	4
5	 1.971073819013383e+03 -9.814954576223676e+01  1.626973058576365e+03	0.000000000000000e+00 0.000000000000000e+00 0.000000000000000e+00	1.000000000000000e+00	0	0	5
6	1.569741772123838e+03 3.031825011273085e+02 8.262618450131092e+02	-1.203375868499279e-04  1.255990355275571e-04  1.176747537101619e-04	1.000000000000000e+00	0	0	6
7	 1.127909864239325e+03 -5.748083063556642e+02  1.268093752897622e+03	-9.591152581075827e-04  9.591152581075828e-04  9.591152581075827e-04	1.000000000000000e+00	0	0	7
8	-1.968209674148702e+02 -1.241935903405677e+03  6.009661558476089e+02	 1.090724545065314e-04 -1.099891160265543e-04 -1.099882283597253e-04	1.000000000000000e+00	0	0	8
9	 2.032312209311939e+02 -1.641988091751742e+03  1.402957227954345e+03	 5.596763003268279e-06 -5.974885880277725e-06 -5.193880042497767e-06	1.000000000000000e+00	0	0	9
10	 6.451366166186575e+02 -7.640707720717202e+02  9.610518322668823e+02	 8.771131591250499e-04 -8.771131591250499e-04 -8.771131591250499e-04	1.000000000000000e+00	0	0	10
11	 1.971236710479788e+03 -9.831243722864120e+01  1.626810167109961e+03	 3.530618050717749e-05 -3.493641997920349e-05 -3.481629391899332e-05	1.000000000000000e+00	0	0	11
12	-2.170837012152994e+02  1.154700538379251e+02  5.877425740350395e+02	0.000000000000000e+00 0.000000000000000e+00 0.000000000000000e+00	1.000000000000000e+00	12	0	12
13	 1.408734656822689e+02 -6.004442799572098e+02  9.456997409326077e+02	0.000000000000000e+00 0.000000000000000e+00 0.000000000000000e+00	1.000000000000000e+00	12	0	13
14	 9.214510296266424e+02 -9.907330619293978e+02  5.554109589604201e+02	0.000000000000000e+00 0.000000000000000e+00 0.000000000000000e+00	1.000000000000000e+00	12	0	14
15	 1.853294364098699e+03 -5.888972745734176e+01 -1.308275709983692e+03	0.000000000000000e+00 0.000000000000000e+00 0.000000000000000e+00	1.000000000000000e+00	12	0	15
16	 1.495337197201131e+03  6.570246063377946e+02 -1.666232876881260e+03	0.000000000000000e+00 0.000000000000000e+00 0.000000000000000e+00	1.000000000000000e+00	12	0	16
17	 7.147596332567570e+02  1.047313388309982e+03 -1.275944094909073e+03	0.000000000000000e+00 0.000000000000000e+00 0.000000000000000e+00	1.000000000000000e+00	12	0	17
18	-2.184822778143341e+02  1.140714772388904e+02  5.863439974360049e+02	-2.371736918576062e-04 -2.371736918576062e-04 -2.371736918576062e-04	1.000000000000000e+00	12	0	18
19	 1.428859165960106e+02 -5.984318290434682e+02  9.477121918463494e+02	3.366057547585418e-04 3.366057547585418e-04 3.366057547585418e-04	1.000000000000000e+00	12	0	19
20	 9.219219675330993e+02 -9.902621240229408e+02  5.558818968668770e+02	1.005196900223382e-04 9.542200859868899e-05 9.637921175453812e-05	1.000000000000000e+00	12	0	20
21	 1.853991296692763e+03 -5.819279486327784e+01 -1.307578777389628e+03	1.206480956170708e-04 1.204333239002153e-04 1.206513843499124e-04	1.000000000000000e+00	12	0	21
22	 1.497241962952871e+03  6.589293720895337e+02 -1.664328111129521e+03	3.386425572292259e-04 3.386425572292258e-04 3.386425572292258e-04	1.000000000000000e+00	12	0	22
23	 7.225131948038525e+02  1.055066949857077e+03 -1.268190533361978e+03	1.314514355423550e-03 1.314514355423550e-03 1.314514355423550e-03	1.000000000000000e+00	12	0	23
24	-7.597929542535472e+02  6.027536810339691e+02  3.059956426705008e+02	0.000000000000000e+00 0.000000000000000e+00 0.000000000000000e+00	1.000000000000000e+00	24	0	24
25	-1.191650955607388e+03 -2.609623216737101e+02 -1.258623586833382e+02	0.000000000000000e+00 0.000000000000000e+00 0.000000000000000e+00	1.000000000000000e+00	24	0	25
26	 5.126870390403868e+02  5.912066756501777e+02 -9.780313560072266e+02	0.000000000000000e+00 0.000000000000000e+00 0.000000000000000e+00	1.000000000000000e+00	24	0	26
27	 9.572467463163994e+02  1.466469683741651e+02 -1.867150770559250e+03	0.000000000000000e+00 0.000000000000000e+00 0.000000000000000e+00	1.000000000000000e+00	24	0	27
28	 1.389104747670240e+03  1.010362971081845e+03 -1.435292769205410e+03	0.000000000000000e+00 0.000000000000000e+00 0.000000000000000e+00	1.000000000000000e+00	24	0	28
29	-3.152332469775362e+02  1.581939737579582e+02 -5.831237718815206e+02	0.000000000000000e+00 0.000000000000000e+00 0.000000000000000e+00	1.000000000000000e+00	24	0	29
30	-7.602171285259947e+02  6.031778553064166e+02  3.055714683980533e+02	-7.439260662067682e-05  7.456771709257737e-05 -7.213265780592337e-05	1.000000000000000e+00	24	0	30
31	-1.192488579272963e+03 -2.601246980081352e+02 -1.266999823489131e+02	-1.494168391218409e-04  1.476525212638080e-04 -1.492861774750054e-04	1.000000000000000e+00	24	0	31
32	 5.016708781982431e+02  6.022228364923213e+02 -9.890475168493703e+02	-1.705646185049166e-04  1.705646185049166e-04 -1.705646185049167e-04	1.000000000000000e+00	24	0	32
33	 9.539399332660273e+02  1.499537814245372e+02 -1.870457583609622e+03	-5.914500216022134e-04  5.914500216022134e-04 -5.914500216022134e-04	1.000000000000000e+00	24	0	33
34	 1.382811354735994e+03  1.016656364016091e+03 -1.441586162139655e+03	-1.127461398330827e-03  1.127461398330827e-03 -1.127461398330827e-03	1.000000000000000e+00	24	0	34
35	-3.049224878767096e+02  1.478832146571316e+02 -5.728130127806941e+02	 1.908936246763915e-04 -1.908936246763915e-04  1.908936246763915e-04	1.000000000000000e+00	24	0	35
36	-3.300797411122146e+02  1.730404678926366e+02 -5.598651482496844e+02	 5.126145697431639e-05 -6.154395669000223e-05  2.634891134221107e-04	1.000000000000000e+00	24	0	36
38	 6.025383302975292e+02 -8.392519406652759e+02  1.003650118588010e+03	-3.340559681722273e-04  3.340559681722273e-04  3.340559681722273e-04	1.000000000000000e+00	0	0	38
40	 5.279445111866733e+02  5.759492035038915e+02 -1.000879001627456e+03	-8.083403372438625e-05  8.774421439738944e-05 -1.990997116081417e-04	1.000000000000000e+00	24	0	40
42	 1.170259612714980e+03 -4.993785999166358e+02  1.225744004421967e+03	 2.293975849170238e-04 -1.653006765991449e-04 -1.929721038322896e-04	1.000000000000000e+00	0	0	42
44	1.770843485785517e+03 1.020807874656298e+02 1.226182001544424e+03	 2.143941128451843e-05 -2.143941128451843e-05 -2.134778696927242e-05	1.000000000000000e+00	0	0	44
45	 1.368413909717036e+03 -9.651470081769008e+01  1.027589707419912e+03	-3.036180860362947e-04  3.023773897439241e-04  3.036180860362947e-04	1.000000000000000e+00	0	0	45
46	 8.625108862434657e+02 -7.043259814182734e+02  1.138576077835013e+03	-1.698983483947814e-03  1.693333266302943e-03  1.693333266302943e-03	1.000000000000000e+00	0	0	46
47	 3.446504934941952e+00 -1.442203375755490e+03  1.001720533036118e+03	 9.847632463788614e-05 -9.847632463788614e-05 -9.841070277616382e-05	1.000000000000000e+00	0	0	47
48	 2.043189005694049e+02 -1.042051432969388e+03  8.008506262838980e+02	 1.783189800335094e-04 -1.774218690115958e-04 -1.774218690115958e-04	1.000000000000000e+00	0	0	48
49	 4.028353547938279e+02 -1.240574257735748e+03  1.203353094091711e+03	-1.274489040952176e-04  1.261860888916999e-04  1.274489040952176e-04	1.000000000000000e+00	0	0	49
50	 9.116902163863333e+02 -6.356716530268727e+02  1.089450951311730e+03	 1.804899424314499e-03 -1.778967212885618e-03 -1.778967212885618e-03	1.000000000000000e+00	0	0	50
51	 1.571040801264895e+03 -2.991371782591732e+02  1.425985426079429e+03	 1.307073980569839e-04 -1.302992895944044e-04 -1.302992895944044e-04	1.000000000000000e+00	0	0	51
52	-3.749602634482042e+01 -2.418774524015775e+02  7.673302489055183e+02	1.148462615674362e-04 1.150999523815699e-04 1.148462615674362e-04	1.000000000000000e+00	12	0	52
53	 2.489697297546513e+02  5.815234848078759e+02 -3.439688591836110e+02	1.128984513343312e-05 1.128984513343312e-05 1.134235117206117e-05	1.000000000000000e+00	12	0	53
54	 5.311536498419629e+02 -7.955809823591152e+02  7.505630385307030e+02	2.264627983095124e-05 2.819471046677791e-05 2.819471046677791e-05	1.000000000000000e+00	12	0	54
55	 1.387435175940599e+03 -5.247489156154425e+02 -3.763698389910670e+02	1.270815118914470e-05 1.270815118914470e-05 1.272972440347075e-05	1.000000000000000e+00	12	0	55
56	 1.675904613054551e+03  3.006531393817782e+02 -1.485665461027841e+03	2.616026904433966e-04 2.605428453534842e-04 2.616026904433966e-04	1.000000000000000e+00	12	0	56
57	 1.099082808324438e+03  8.458941500567187e+02 -1.477363333162336e+03	-7.870150730013847e-04 -8.882997208274901e-04 -8.882997208274901e-04	1.000000000000000e+00	12	0	57
58	-9.769172649495483e+02  1.720955597722506e+02  8.887133197450130e+01	-1.947158743860200e-04  1.962422538781539e-04 -1.947158743860200e-04	1.000000000000000e+00	24	0	58
59	-5.442780084573160e+02  3.872387352377377e+02 -1.262777206965890e+02	-6.100386235630140e-05  6.100386235630140e-05 -6.129387475084513e-05	1.000000000000000e+00	24	0	59
60	-7.608203783792032e+02 -4.401195124410459e+01 -3.428127291129449e+02	-1.965761039173231e-04  1.942166563821957e-04 -1.942166563821957e-04	1.000000000000000e+00	24	0	60
61	 8.430857227999027e+01  3.890456022942646e+02 -7.758702826513140e+02	 3.838503471342847e-05 -3.833732262137346e-05  3.833732262137346e-05	1.000000000000000e+00	24	0	61
62	 1.171703341352180e+03  5.799419894738462e+02 -1.652694175523470e+03	-3.742664121091366e-04  3.583442303352058e-04 -3.742664121091366e-04	1.000000000000000e+00	24	0	62
63	 7.355146833388997e+02  3.683790313516652e+02 -1.441090281717222e+03	-1.035465742461383e-03  1.035465742461383e-03 -1.033912994898856e-03	1.000000000000000e+00	24	0	63
64	 9.607892196904709e+02  7.910234268203167e+02 -1.215953224943881e+03	 5.682467017322779e-04 -5.248307716101408e-04  5.248307716101408e-04	1.000000000000000e+00	24	0	64
65	 1.134728022508323e+02  3.598923794967532e+02 -7.848221776203179e+02	 4.462237120606005e-05 -4.426824671099894e-05  4.426824671099894e-05	1.000000000000000e+00	24	0	65
66	1.670983019311765e+03 2.019412539393823e+02 1.025529147238011e+03	 7.959869253681973e-05 -7.959869253681973e-05 -8.051624899962917e-05	1.000000000000000e+00	0	0	66
67	1.468350385346925e+03 1.040707892504867e+02 9.276532317900226e+02	-3.468668728601187e-04  3.497982688713819e-04  3.468668728601187e-04	1.000000000000000e+00	0	0	67
68	 9.947956605116719e+02 -6.391000419312945e+02  1.203802017321992e+03	-1.489988178946078e-03  1.525259576737881e-03  1.525259576737881e-03	1.000000000000000e+00	0	0	68
69	-9.676567514725683e+01 -1.341991195673291e+03  8.014217709029126e+02	 8.801477815723047e-05 -8.801477815723047e-05 -8.798878843663260e-05	1.000000000000000e+00	0	0	69
70	 4.079124471384063e+00 -1.142326972289504e+03  7.005750869637818e+02	 2.000460081035271e-04 -2.006330614676699e-04 -2.006330614676699e-04	1.000000000000000e+00	0	0	70
71	 1.034747241920250e+02 -1.542231595012573e+03  1.202203785701784e+03	 7.948988786665723e-05 -7.948988786665723e-05 -7.916496542748064e-05	1.000000000000000e+00	0	0	71
72	 3.029765854367490e+02 -1.441223762068847e+03  1.303211863448790e+03	-7.213030039565638e-05  7.173792982939631e-05  7.213030039565638e-05	1.000000000000000e+00	0	0	72
73	 7.801140376821995e+02 -7.016941652097871e+02  1.023428439128815e+03	 1.692958874627948e-03 -1.753831747919321e-03 -1.753831747919321e-03	1.000000000000000e+00	0	0	73
74	1.870843050067092e+03 2.081223184054367e+00 1.426693101752293e+03	-1.158156737801619e-05  1.158156737801619e-05  1.162154239864321e-05	1.000000000000000e+00	0	0	74
75	 1.771244933962194e+03 -1.988305477512913e+02  1.526292056587311e+03	 1.047630212269723e-04 -1.043864176608622e-04 -1.043864176608622e-04	1.000000000000000e+00	0	0	75
76	-1.270517436445259e+02 -6.296095543652370e+01  6.777745316058127e+02	8.633011748315766e-05 8.798580529401079e-05 8.633011748315766e-05	1.000000000000000e+00	12	0	76
77	1.446972320487209e+01 3.470234782580966e+02 1.203987654560410e+02	-2.482027339283377e-04 -2.482027339283377e-04 -2.532964281272143e-04	1.000000000000000e+00	12	0	77
78	 5.218409309331207e+01 -4.206604178995237e+02  8.570103683436507e+02	1.541904202895239e-04 1.560965465614572e-04 1.541904202895239e-04	1.000000000000000e+00	12	0	78
79	 3.365029939681173e+02 -6.975432651652645e+02  8.486007557245537e+02	1.130344971898012e-04 1.088365170289762e-04 1.088365170289762e-04	1.000000000000000e+00	12	0	79
80	 7.285480021464743e+02 -8.909155730807371e+02  6.552284478090811e+02	3.648901183623821e-04 3.660127695184201e-04 3.660127695184201e-04	1.000000000000000e+00	12	0	80
81	 1.154311836369460e+03 -7.578722551865817e+02  8.938912865474893e+01	-1.590341344126500e-05 -1.590341344126500e-05 -1.594556488271337e-05	1.000000000000000e+00	12	0	81
82	 1.620795467928586e+03 -2.913886236274552e+02 -8.418913843891447e+02	8.141360740410164e-05 8.141360740410164e-05 8.166321640601382e-05	1.000000000000000e+00	12	0	82
83	 1.764781233114461e+03  1.210610069825546e+02 -1.396788840967930e+03	1.648694305913523e-04 1.635463850107044e-04 1.648694305913523e-04	1.000000000000000e+00	12	0	83
84	 1.586381651301649e+03  4.796000474069376e+02 -1.575188422780743e+03	2.673052367754281e-04 2.668096276465803e-04 2.673052367754281e-04	1.000000000000000e+00	12	0	84
85	 1.303334193277226e+03  7.576309098218831e+02 -1.565626573397172e+03	4.468241240829229e-04 4.042177461087704e-04 4.042177461087704e-04	1.000000000000000e+00	12	0	85
86	 4.822090391653630e+02  8.147627942185876e+02 -8.096011892579070e+02	8.479833195451647e-05 8.479833195451647e-05 8.895288920029998e-05	1.000000000000000e+00	12	0	86
87	 9.184379942039989e+02  9.579385078337386e+02 -1.365318975385316e+03	1.437593949958682e-03 1.327390200458467e-03 1.327390200458467e-03	1.000000000000000e+00	12	0	87
88	-8.680427496728746e+02  3.871122940863518e+02  1.977458472511751e+02	-3.982744237873703e-05  4.062442894792184e-05 -3.982744237873703e-05	1.000000000000000e+00	24	0	88
89	-6.532388451970332e+02  4.961995719774549e+02  8.865667692818525e+01	-2.392920432612300e-04  2.392920432612300e-04 -2.391207526670769e-04	1.000000000000000e+00	24	0	89
90	-1.085206768835160e+03 -4.351522573437484e+01 -1.941817191110998e+01	-2.561365836299956e-04  2.554135571699589e-04 -2.561365836299956e-04	1.000000000000000e+00	24	0	90
91	-9.761623480939096e+02 -1.525583351565339e+02 -2.342663452005155e+02	-8.829341095406562e-05  8.792951848590747e-05 -8.792951848590747e-05	1.000000000000000e+00	24	0	91
92	 2.929992612991158e+02  4.956310282837129e+02 -8.824557086407623e+02	-6.841258436907083e-05  6.694069452350959e-05 -6.694069452350959e-05	1.000000000000000e+00	24	0	92
93	 1.063149676638880e+03  3.646525905596862e+02 -1.761247840236771e+03	-3.622538933996111e-04  3.669383586384356e-04 -3.622538933996111e-04	1.000000000000000e+00	24	0	93
94	 8.438487224197751e+02  2.600449922707897e+02 -1.656700341972250e+03	-9.660018840804696e-04  9.660018840804696e-04 -9.821534622460604e-04	1.000000000000000e+00	24	0	94
95	 1.273513801081822e+03  8.018503393655517e+02 -1.550883715793829e+03	-1.188168069347739e-03  1.138310297392309e-03 -1.188168069347739e-03	1.000000000000000e+00	24	0	95
96	 1.169983482515953e+03  9.055772669009525e+02 -1.330507065024517e+03	-5.693514831364155e-04  5.626482306979597e-04 -5.626482306979597e-04	1.000000000000000e+00	24	0	96
97	-9.623820221162455e+01  2.543640595198361e+02 -6.792938576434008e+02	 8.165418694261461e-05 -7.860305777285248e-05  7.860305777285248e-05	1.000000000000000e+00	24	0	97
98	-4.338308145843719e+02  2.767915413647937e+02 -3.397791524865180e+02	 3.661256632767618e-04 -3.661256632767618e-04  3.510863461997360e-04	1.000000000000000e+00	24	0	98
99	-5.459594617033620e+02  6.500653613927565e+01 -4.518312164963251e+02	-3.986808296758682e-04  3.964657080359757e-04 -3.964657080359757e-04	1.000000000000000e+00	24	0	99
100	-1.261528175692057e+02  2.840280006307790e+02 -6.708526809878284e+02	 8.817917114356533e-05 -1.006441161734983e-04  1.006441161734983e-04	1.000000000000000e+00	24	0	100
101	 7.317433877186803e+02 -7.710659961682040e+02  1.071836063085082e+03	-1.463953754864633e-03  1.413191435858607e-03  1.413191435858607e-03	1.000000000000000e+00	0	0	101
102	 4.038655620709767e+02 -9.410863973649869e+02  9.018156618882992e+02	 3.939139060094021e-05 -3.821261270786636e-05 -3.821261270786636e-05	1.000000000000000e+00	0	0	102
103	 5.021066930030613e+02 -1.039331272985684e+03  1.104081755882478e+03	-2.783534873742610e-04  2.779393398668617e-04  2.783534873742610e-04	1.000000000000000e+00	0	0	103
104	 6.280767339407879e+02  4.758169807497769e+02 -1.224445987074802e+03	-9.846214670687914e-04  9.846214670687914e-04 -9.253552416339517e-04	1.000000000000000e+00	24	0	104
105	 7.434083432506643e+02  6.844089505593063e+02 -1.109338748682871e+03	 4.416051669977605e-04 -4.401180485729128e-04  4.401180485729128e-04	1.000000000000000e+00	24	0	105
106	 3.242937155574588e+02  4.646425014095356e+02 -8.895722995331002e+02	-6.345292786136270e-05  7.837606972316280e-05 -7.837606972316280e-05	1.000000000000000e+00	24	0	106
107	 1.268554126275312e+03 -2.971723465619062e+02  1.127449490861635e+03	-2.555512182880193e-04  2.513772342354059e-04  2.555512182880193e-04	1.000000000000000e+00	0	0	107
108	 1.042208653376038e+03 -5.686759261432196e+02  1.156446678195383e+03	 1.507469569332898e-03 -1.432701246812940e-03 -1.432701246812940e-03	1.000000000000000e+00	0	0	108
109	 1.370968474201242e+03 -3.995779014664556e+02  1.325544702872147e+03	 1.953769096871838e-04 -1.957454660441726e-04 -1.957454660441726e-04	1.000000000000000e+00	0	0	109
110	-1.036170366400075e+02  2.289367184132171e+02  3.517704655570827e+02	-5.145640461705625e-04 -5.145640461705625e-04 -5.136195686645806e-04	1.000000000000000e+00	12	0	110
111	 1.037572232913999e+03 -8.746118586420421e+02  3.220921398585919e+02	-5.232440889813006e-05 -5.232440889813006e-05 -5.191576565266587e-05	1.000000000000000e+00	12	0	111
112	 1.737507281914910e+03 -1.746768096411310e+02 -1.074621048059904e+03	1.201407358166762e-04 1.201407358166762e-04 1.203090578201227e-04	1.000000000000000e+00	12	0	112
113	 6.024359991648954e+02  9.349897542181199e+02 -1.038727783066971e+03	7.102390518411994e-04 7.102390518411994e-04 7.438556640408933e-04	1.000000000000000e+00	12	0	113
114	 1.324690668884039e+02  4.650228219416284e+02 -1.110290333666873e+02	7.049402029224439e-06 7.049402029224439e-06 6.759030839020852e-06	1.000000000000000e+00	12	0	114
115	 3.651024114643830e+02  6.976561665176075e+02 -5.772778804620309e+02	-4.857400563196279e-05 -4.857400563196279e-05 -4.870355041930452e-05	1.000000000000000e+00	12	0	115
116	 1.270878220157510e+03 -6.413058713985315e+02 -1.434856079178434e+02	-1.114569045057578e-06 -1.114569045057578e-06 -1.115934196604940e-06	1.000000000000000e+00	12	0	116
117	 1.504067549938450e+03 -4.081165416175916e+02 -6.091784675603118e+02	3.926929275621660e-05 3.926929275621660e-05 3.937777000828646e-05	1.000000000000000e+00	12	0	117
0	-5.773502691896258e-01  5.773502691896258e-01  5.773502691896258e-01	-7.071067811865476e-01  3.124842898819631e-18 -7.071067811865476e-01	 1.198001808568474e+03 -5.294203851356715e-15  1.198001808568474e+03	1	0	0.000000000000000e+00	0.000000000000000e+00	0.000000000000000e+00
1	-5.773502691896258e-01  5.773502691896258e-01  5.773502691896258e-01	 0.000000000000000e+00  7.071067811865476e-01 -7.071067811865476e-01	 0.000000000000000e+00 -9.214510296266430e+02  9.214510296266430e+02	1	0	0.000000000000000e+00	0.000000000000000e+00	0.000000000000000e+00
2	-5.773502691896258e-01  5.773502691896258e-01  5.773502691896258e-01	 7.071067811865476e-01  7.071067811865476e-01 -3.124842898819631e-18	-7.193784354102739e+02 -7.193784354102739e+02  3.179073734356852e-15	1	0	0.000000000000000e+00	0.000000000000000e+00	0.000000000000000e+00
3	-5.773502691896258e-01  5.773502691896258e-01  5.773502691896258e-01	 7.071067811865476e-01 -3.124842898819631e-18  7.071067811865476e-01	 8.030942244427697e+02 -3.549030148066116e-15  8.030942244427697e+02	1	0	0.000000000000000e+00	0.000000000000000e+00	0.000000000000000e+00
4	-5.773502691896258e-01  5.773502691896258e-01  5.773502691896258e-01	 0.000000000000000e+00  7.071067811865476e-01 -7.071067811865476e-01	 0.000000000000000e+00 -8.625613021693013e+02  8.625613021693013e+02	1	0	0.000000000000000e+00	0.000000000000000e+00	0.000000000000000e+00
5	-5.773502691896258e-01  5.773502691896258e-01  5.773502691896258e-01	-7.071067811865476e-01 -7.071067811865476e-01  3.124842898819631e-18	 9.364621366255734e+02  9.364621366255734e+02 -4.138408986458117e-15	1	0	0.000000000000000e+00	0.000000000000000e+00	0.000000000000000e+00
6	 5.773502691896258e-01 -5.773502691896258e-01 -5.773502691896258e-01	0.000000000000000e+00 0.000000000000000e+00 0.000000000000000e+00	1.570392732195782e+03 3.025315410553647e+02 8.256108849411653e+02	1	1	0.000000000000000e+00	0.000000000000000e+00	0.000000000000000e+00
7	-5.773502691896258e-01 -5.773502691896258e-01 -5.773502691896258e-01	-7.071067811865476e-01  0.000000000000000e+00  7.071067811865476e-01	-4.024131376251693e+02  0.000000000000000e+00  4.024131376251693e+02	1	0	0.000000000000000e+00	0.000000000000000e+00	0.000000000000000e+00
8	-5.773502691896258e-01 -5.773502691896258e-01 -5.773502691896258e-01	 0.000000000000000e+00 -7.071067811865476e-01  7.071067811865476e-01	 0.000000000000000e+00 -7.730720104449091e+02  7.730720104449091e+02	1	0	0.000000000000000e+00	0.000000000000000e+00	0.000000000000000e+00
9	-5.773502691896258e-01 -5.773502691896258e-01 -5.773502691896258e-01	 7.071067811865476e-01 -7.071067811865476e-01  0.000000000000000e+00	 9.560920457780206e+02 -9.560920457780206e+02  0.000000000000000e+00	1	0	0.000000000000000e+00	0.000000000000000e+00	0.000000000000000e+00
10	-5.773502691896258e-01 -5.773502691896258e-01 -5.773502691896258e-01	 7.071067811865476e-01  0.000000000000000e+00 -7.071067811865476e-01	 1.580785037041196e+03  0.000000000000000e+00 -1.580785037041196e+03	1	0	0.000000000000000e+00	0.000000000000000e+00	0.000000000000000e+00
11	-5.773502691896258e-01 -5.773502691896258e-01 -5.773502691896258e-01	 0.000000000000000e+00  7.071067811865476e-01 -7.071067811865476e-01	 0.000000000000000e+00  1.161628741609527e+03 -1.161628741609527e+03	1	0	0.000000000000000e+00	0.000000000000000e+00	0.000000000000000e+00
12	-5.773502691896258e-01 -5.773502691896258e-01 -5.773502691896258e-01	-7.071067811865476e-01  7.071067811865476e-01  0.000000000000000e+00	-1.662768775266123e+02  1.662768775266123e+02  0.000000000000000e+00	1	0	0.000000000000000e+00	0.000000000000000e+00	0.000000000000000e+00
13	5.773502691896258e-01 5.773502691896258e-01 5.773502691896258e-01	0.000000000000000e+00 0.000000000000000e+00 0.000000000000000e+00	-2.170837012152994e+02  1.154700538379251e+02  5.877425740350395e+02	1	1	0.000000000000000e+00	0.000000000000000e+00	0.000000000000000e+00
14	-5.773502691896258e-01  5.773502691896258e-01 -5.773502691896258e-01	 7.071067811865476e-01  0.000000000000000e+00 -7.071067811865476e-01	-5.328942984620248e+02  0.000000000000000e+00  5.328942984620248e+02	1	0	0.000000000000000e+00	0.000000000000000e+00	0.000000000000000e+00
15	-5.773502691896258e-01  5.773502691896258e-01 -5.773502691896258e-01	-3.124842898819631e-18  7.071067811865476e-01  7.071067811865476e-01	 8.547268868455420e-16 -1.934123401785247e+02 -1.934123401785247e+02	1	0	0.000000000000000e+00	0.000000000000000e+00	0.000000000000000e+00
16	-5.773502691896258e-01  5.773502691896258e-01 -5.773502691896258e-01	 7.071067811865476e-01  7.071067811865476e-01 -3.124842898819631e-18	 5.519468573452824e+02  5.519468573452824e+02 -2.439160906938323e-15	1	0	0.000000000000000e+00	0.000000000000000e+00	0.000000000000000e+00
17	-5.773502691896258e-01  5.773502691896258e-01 -5.773502691896258e-01	-7.071067811865476e-01  0.000000000000000e+00  7.071067811865476e-01	 1.412198758437825e+03  0.000000000000000e+00 -1.412198758437825e+03	1	0	0.000000000000000e+00	0.000000000000000e+00	0.000000000000000e+00
18	-5.773502691896258e-01  5.773502691896258e-01 -5.773502691896258e-01	-3.124842898819631e-18  7.071067811865476e-01  7.071067811865476e-01	 9.389238637586849e-16 -2.124648990617823e+02 -2.124648990617823e+02	1	0	0.000000000000000e+00	0.000000000000000e+00	0.000000000000000e+00
19	-5.773502691896258e-01  5.773502691896258e-01 -5.773502691896258e-01	-7.071067811865476e-01 -7.071067811865476e-01  3.124842898819631e-18	-7.851963660978913e+01 -7.851963660978913e+01  3.469936018238618e-16	1	0	0.000000000000000e+00	0.000000000000000e+00	0.000000000000000e+00
20	 5.773502691896258e-01 -5.773502691896258e-01  5.773502691896258e-01	0.000000000000000e+00 0.000000000000000e+00 0.000000000000000e+00	-7.597929542535472e+02  6.027536810339691e+02  3.059956426705008e+02	1	1	0.000000000000000e+00	0.000000000000000e+00	0.000000000000000e+00
0	0	1	0
6	0	1	0
5	5	0	0
6	5	0	0
0	6	0	0
5	0	6	0
1	1	2	0
6	1	2	0
0	1	7	0
1	7	1	0
2	2	3	0
6	2	3	0
1	2	8	0
2	8	2	0
3	3	4	0
6	3	4	0
2	3	9	0
3	9	3	0
4	4	5	0
6	4	5	0
3	4	10	0
4	10	4	0
4	5	11	0
5	11	5	0
5	6	66	0
0	67	6	0
0	7	42	0
1	68	7	0
2	69	8	0
1	8	70	0
2	9	71	0
3	72	9	0
3	10	38	0
4	73	10	0
5	74	11	0
4	11	75	0
7	12	13	0
13	12	13	0
12	17	12	0
13	17	12	0
7	18	12	0
12	12	18	0
8	13	14	0
13	13	14	0
7	13	19	0
8	19	13	0
9	14	15	0
13	14	15	0
8	14	20	0
9	20	14	0
10	15	16	0
13	15	16	0
9	15	21	0
10	21	15	0
11	16	17	0
13	16	17	0
10	16	22	0
11	22	16	0
11	17	23	0
12	23	17	0
7	76	18	0
12	18	110	0
7	19	78	0
8	79	19	0
8	20	80	0
9	111	20	0
10	83	21	0
9	21	112	0
10	22	84	0
11	85	22	0
11	23	87	0
12	113	23	0
14	24	25	0
20	24	25	0
19	29	24	0
20	29	24	0
14	30	24	0
19	24	30	0
15	25	26	0
20	25	26	0
14	25	31	0
15	31	25	0
16	26	27	0
20	26	27	0
15	26	32	0
16	32	26	0
17	27	28	0
20	27	28	0
16	27	33	0
17	33	27	0
18	28	29	0
20	28	29	0
17	28	34	0
18	34	28	0
18	29	35	0
19	35	29	0
14	88	30	0
19	30	89	0
14	31	90	0
15	91	31	0
16	40	32	0
15	32	92	0
17	93	33	0
16	33	94	0
17	34	95	0
18	96	34	0
19	36	35	0
18	35	97	0
19	98	36	0
15	36	99	0
15	100	36	0
1	38	101	0
1	102	38	0
3	38	103	0
16	104	40	0
18	40	105	0
18	106	40	0
0	42	107	0
4	42	108	0
4	109	42	0
5	66	44	0
5	44	74	0
0	45	67	0
0	107	45	0
1	46	68	0
1	101	46	0
2	47	69	0
2	71	47	0
1	70	48	0
1	48	102	0
3	49	72	0
3	103	49	0
4	50	73	0
4	108	50	0
4	75	51	0
4	51	109	0
7	52	76	0
7	78	52	0
12	114	53	0
12	53	115	0
8	54	79	0
8	80	54	0
9	55	116	0
9	117	55	0
10	56	83	0
10	84	56	0
11	57	85	0
11	87	57	0
14	58	88	0
14	90	58	0
19	89	59	0
19	59	98	0
15	60	91	0
15	99	60	0
15	92	61	0
15	61	100	0
17	62	93	0
17	95	62	0
16	94	63	0
16	63	104	0
18	64	96	0
18	105	64	0
18	97	65	0
18	65	106	0
12	110	77	0
12	77	114	0
9	81	111	0
9	116	81	0
9	112	82	0
9	82	117	0
12	86	113	0
12	115	86	0
