114
21
172
0	1.570392732195782e+03 3.025315410553647e+02 8.256108849411653e+02	0.000000000000000e+00 0.000000000000000e+00 0.000000000000000e+00	1.000000000000000e+00	0	0	0
1	 1.130451827073287e+03 -5.773502691896260e+02  1.265551790063660e+03	0.000000000000000e+00 0.000000000000000e+00 0.000000000000000e+00	1.000000000000000e+00	0	0	1
2	-1.974537920628516e+02 -1.241303078757696e+03  6.015989804955904e+02	0.000000000000000e+00 0.000000000000000e+00 0.000000000000000e+00	1.000000000000000e+00	0	0	2
3	 2.032272947547480e+02 -1.641984165575296e+03  1.402961154130791e+03	0.000000000000000e+00 0.000000000000000e+00 0.000000000000000e+00	1.000000000000000e+00	0	0	3
4	 6.431681998772439e+02 -7.621023553303065e+02  9.630202490082960e+02	0.000000000000000e+00 0.000000000000000e+00 0.000000000000000e+00	1.000000000000000e+00	0	0	4
5	 1.971073819013383e+03 -9.814954576223676e+01  1.626973058576365e+03	0.000000000000000e+00 0.000000000000000e+00 0.000000000000000e+00	1.000000000000000e+00	0	0	5
6	1.569989425296762e+03 3.029348479543845e+02 8.260141918401852e+02	-1.153332486865111e-04  1.180707840831019e-04  1.140961030614562e-04	1.000000000000000e+00	0	0	6
7	 1.129404033416344e+03 -5.763024755326828e+02  1.266599583720603e+03	-5.055815175486108e-04  5.055815175486108e-04  5.055815175486108e-04	1.000000000000000e+00	0	0	7
8	-1.970512368451153e+02 -1.241705633975432e+03  6.011964252778540e+02	 1.102677852031775e-04 -1.108138458221219e-04 -1.108024516724981e-04	1.000000000000000e+00	0	0	8
9	 2.032234097661418e+02 -1.641980280586690e+03  1.402965039119397e+03	 1.925995775309275e-06 -2.114418748533353e-06 -1.733295562189596e-06	1.000000000000000e+00	0	0	9
10	 6.438279759282793e+02 -7.627621313813420e+02  9.623604729572604e+02	 4.094283212907612e-04 -4.094283212907612e-04 -4.094283212907612e-04	1.000000000000000e+00	0	0	10
11	 1.971168568880758e+03 -9.824429562961112e+01  1.626878308708991e+03	 3.033679968211800e-05 -3.016253322130069e-05 -3.011259286722634e-05	1.000000000000000e+00	0	0	11
12	-2.170837012152994e+02  1.154700538379251e+02  5.877425740350395e+02	0.000000000000000e+00 0.000000000000000e+00 0.000000000000000e+00	1.000000000000000e+00	12	0	12
13	 1.408734656822689e+02 -6.004442799572098e+02  9.456997409326077e+02	0.000000000000000e+00 0.000000000000000e+00 0.000000000000000e+00	1.000000000000000e+00	12	0	13
14	 9.214510296266424e+02 -9.907330619293978e+02  5.554109589604201e+02	0.000000000000000e+00 0.000000000000000e+00 0.000000000000000e+00	1.000000000000000e+00	12	0	14
15	 1.853294364098699e+03 -5.888972745734176e+01 -1.308275709983692e+03	0.000000000000000e+00 0.000000000000000e+00 0.000000000000000e+00	1.000000000000000e+00	12	0	15
16	 1.495337197201131e+03  6.570246063377946e+02 -1.666232876881260e+03	0.000000000000000e+00 0.000000000000000e+00 0.000000000000000e+00	1.000000000000000e+00	12	0	16
17	 7.147596332567570e+02  1.047313388309982e+03 -1.275944094909073e+03	0.000000000000000e+00 0.000000000000000e+00 0.000000000000000e+00	1.000000000000000e+00	12	0	17
18	-2.179806643794539e+02  1.145730906737706e+02  5.868456108708851e+02	-2.429324134330576e-04 -2.429324134330576e-04 -2.429324134330576e-04	1.000000000000000e+00	12	0	18
19	 1.421715175605258e+02 -5.991462280789530e+02  9.469977928108646e+02	3.473360751134654e-04 3.473360751134654e-04 3.473360751134654e-04	1.000000000000000e+00	12	0	19
20	 9.217298299019587e+02 -9.904542616540814e+02  5.556897592357365e+02	8.845574484439567e-05 8.523908763891086e-05 8.584767056163400e-05	1.000000000000000e+00	12	0	20
21	 1.853737828397585e+03 -5.844626315845653e+01 -1.307832245684807e+03	1.220006815856323e-04 1.218553443322890e-04 1.220030535478145e-04	1.000000000000000e+00	12	0	21
22	 1.496536412363686e+03  6.582238215003490e+02 -1.665033661718706e+03	3.358836596210798e-04 3.358836596210797e-04 3.358836596210797e-04	1.000000000000000e+00	12	0	22
23	 7.197331331449495e+02  1.052286888198174e+03 -1.270970595020880e+03	1.345822471193969e-03 1.345822471193969e-03 1.345822471193969e-03	1.000000000000000e+00	12	0	23
24	-7.597929542535472e+02  6.027536810339691e+02  3.059956426705008e+02	0.000000000000000e+00 0.000000000000000e+00 0.000000000000000e+00	1.000000000000000e+00	24	0	24
25	-1.191650955607388e+03 -2.609623216737101e+02 -1.258623586833382e+02	0.000000000000000e+00 0.000000000000000e+00 0.000000000000000e+00	1.000000000000000e+00	24	0	25
26	 5.126870390403868e+02  5.912066756501777e+02 -9.780313560072266e+02	0.000000000000000e+00 0.000000000000000e+00 0.000000000000000e+00	1.000000000000000e+00	24	0	26
27	 9.572467463163994e+02  1.466469683741651e+02 -1.867150770559250e+03	0.000000000000000e+00 0.000000000000000e+00 0.000000000000000e+00	1.000000000000000e+00	24	0	27
28	 1.389104747670240e+03  1.010362971081845e+03 -1.435292769205410e+03	0.000000000000000e+00 0.000000000000000e+00 0.000000000000000e+00	1.000000000000000e+00	24	0	28
29	-3.152332469775362e+02  1.581939737579582e+02 -5.831237718815206e+02	0.000000000000000e+00 0.000000000000000e+00 0.000000000000000e+00	1.000000000000000e+00	24	0	29
30	-7.600627112118350e+02  6.030234379922570e+02  3.057258857122130e+02	-7.442781497957185e-05  7.450242992490530e-05 -7.314030517591164e-05	1.000000000000000e+00	24	0	30
31	-1.192179189326315e+03 -2.604340879547829e+02 -1.263905924022653e+02	-1.476440520491451e-04  1.466028916183859e-04 -1.475985191063955e-04	1.000000000000000e+00	24	0	31
32	 5.021654418938464e+02  6.017282727967181e+02 -9.885529531537670e+02	-3.798090716979156e-04  3.798090716979154e-04 -3.798090716979157e-04	1.000000000000000e+00	24	0	32
33	 9.551669366875861e+02  1.487267780029783e+02 -1.869230580188063e+03	-5.826948715063432e-04  5.826948715063432e-04 -5.826948715063432e-04	1.000000000000000e+00	24	0	33
34	 1.385154591167878e+03  1.014313127584207e+03 -1.439242925707772e+03	-1.113163113283614e-03  1.113163113283614e-03 -1.113163113283614e-03	1.000000000000000e+00	24	0	34
35	-3.055287381496778e+02  1.484894649300998e+02 -5.734192630536622e+02	 4.986975412369551e-04 -4.986975412369551e-04  4.986975412369551e-04	1.000000000000000e+00	24	0	35
36	-3.302824189402790e+02  1.732431457207010e+02 -5.600678260777487e+02	-6.106741057010368e-05  3.318999733892269e-05  1.929704158101231e-04	1.000000000000000e+00	24	0	36
38	 6.031388847064883e+02 -8.398524950742350e+02  1.003049564179051e+03	-2.484873305850973e-04  2.484873305850973e-04  2.484873305850973e-04	1.000000000000000e+00	0	0	38
40	 5.281515982072445e+02  5.757421164833203e+02 -1.000671914606885e+03	 1.586923281138297e-05  9.318011507275514e-06 -1.564634876558557e-04	1.000000000000000e+00	24	0	40
42	 1.169951604356356e+03 -4.990705915580114e+02  1.226052012780591e+03	 1.130195742007345e-04 -1.012048742268234e-04 -1.056883702403866e-04	1.000000000000000e+00	0	0	42
44	1.770800122706316e+03 1.021241505448311e+02 1.226225214495534e+03	 1.999567211896647e-05 -1.999567211896647e-05 -1.994275771721732e-05	1.000000000000000e+00	0	0	44
45	 1.369035369957544e+03 -9.713407540413397e+01  1.026968247179403e+03	-2.911836490966380e-04  2.904232533182949e-04  2.911836490966380e-04	1.000000000000000e+00	0	0	45
46	 8.652403848998159e+02 -7.070484388432437e+02  1.135853620410042e+03	-9.435905376449227e-04  9.419012349098921e-04  9.419012349098921e-04	1.000000000000000e+00	0	0	46
47	 3.241253338757806e+00 -1.441998124159306e+03  1.001925663001334e+03	 9.802171553019434e-05 -9.802171553019434e-05 -9.797236998565495e-05	1.000000000000000e+00	0	0	47
48	 2.039358256120805e+02 -1.041669933759889e+03  8.012321254933975e+02	 1.880487834569067e-04 -1.874445006251335e-04 -1.874445006251335e-04	1.000000000000000e+00	0	0	48
49	 4.031025795595745e+02 -1.240839307860809e+03  1.203085869325965e+03	-1.282178127439693e-04  1.274026581086218e-04  1.282178127439693e-04	1.000000000000000e+00	0	0	49
50	 9.087473184503533e+02 -6.327628464475688e+02  1.092359757891034e+03	 1.043966854922473e-03 -1.035201596096158e-03 -1.035201596096158e-03	1.000000000000000e+00	0	0	50
51	 1.570781812508230e+03 -2.988788238542684e+02  1.426243780484334e+03	 1.174550343421288e-04 -1.172435004264116e-04 -1.172435004264116e-04	1.000000000000000e+00	0	0	51
52	-3.773009902045055e+01 -2.421119118583178e+02  7.670961762298881e+02	1.089954166673124e-04 1.091187004931271e-04 1.089954166673124e-04	1.000000000000000e+00	12	0	52
53	 2.489437357293996e+02  5.814974907826241e+02 -3.439949406036747e+02	1.371674079564400e-05 1.371674079564400e-05 1.374820840283064e-05	1.000000000000000e+00	12	0	53
54	 5.311221294019834e+02 -7.956221521111346e+02  7.505218687786836e+02	6.696783657389460e-06 1.033871012623422e-05 1.033871012623422e-05	1.000000000000000e+00	12	0	54
55	 1.387409554606540e+03 -5.247745369495015e+02 -3.763954960872744e+02	1.181277275463799e-05 1.181277275463799e-05 1.182558753498597e-05	1.000000000000000e+00	12	0	55
56	 1.675345387329919e+03  3.000957538079452e+02 -1.486224686752473e+03	2.736701862886548e-04 2.729729749262333e-04 2.736701862886548e-04	1.000000000000000e+00	12	0	56
57	 1.100909444134112e+03  8.478979130460818e+02 -1.475359570172973e+03	-9.652059525251389e-04 -1.032957108691335e-03 -1.032957108691335e-03	1.000000000000000e+00	12	0	57
58	-9.764996226764813e+02  1.716752470055955e+02  8.928897424756836e+01	-2.049870236078277e-04  2.060063998214900e-04 -2.049870236078277e-04	1.000000000000000e+00	24	0	58
59	-5.441416992808545e+02  3.871024260612762e+02 -1.261407696895091e+02	-6.945159839233384e-05  6.945159839233384e-05 -6.975335418246686e-05	1.000000000000000e+00	24	0	59
60	-7.604211283694949e+02 -4.440733726196355e+01 -3.424173430950859e+02	-1.854464208008721e-04  1.840930781327188e-04 -1.840930781327188e-04	1.000000000000000e+00	24	0	60
61	 8.424231080882592e+01  3.891120356812741e+02 -7.759367160383235e+02	 2.045355131485849e-06 -2.398325705144089e-06  2.398325705144089e-06	1.000000000000000e+00	24	0	61
62	 1.172412883373569e+03  5.792573258254492e+02 -1.651984633502082e+03	-3.031241358257830e-04  2.950449415948242e-04 -3.031241358257830e-04	1.000000000000000e+00	24	0	62
63	 7.376637729510828e+02  3.662299417394820e+02 -1.438944197648180e+03	-1.021191477775574e-03  1.021191477775574e-03 -1.019926974549890e-03	1.000000000000000e+00	24	0	63
64	 9.595630719273308e+02  7.921730459140053e+02 -1.217102844037570e+03	 6.057461723685265e-04 -5.762712680734694e-04  5.762712680734694e-04	1.000000000000000e+00	24	0	64
65	 1.133613835443218e+02  3.600031831111746e+02 -7.849329812347394e+02	 8.468982559861615e-05 -8.452485053567216e-05  8.452485053567216e-05	1.000000000000000e+00	24	0	65
66	1.670821051812226e+03 2.021032214389204e+02 1.025692571524821e+03	 7.533175084972754e-05 -7.533175084972754e-05 -7.582630496472120e-05	1.000000000000000e+00	0	0	66
67	1.469060634481119e+03 1.033557375228262e+02 9.269429826558287e+02	-3.328580351080745e-04  3.345560398884118e-04  3.328580351080745e-04	1.000000000000000e+00	0	0	67
68	 9.971597283103270e+02 -6.415038759486956e+02  1.201398183304590e+03	-8.087039459496737e-04  8.166616316884756e-04  8.166616316884756e-04	1.000000000000000e+00	0	0	68
69	-9.695144399783383e+01 -1.341805426822714e+03  8.016074897493909e+02	 8.983713632915169e-05 -8.983713632915169e-05 -8.981621067505330e-05	1.000000000000000e+00	0	0	69
70	 3.654059062603125e+00 -1.141900868968295e+03  7.010011902849915e+02	 2.066221495624632e-04 -2.070227492367849e-04 -2.070227492367849e-04	1.000000000000000e+00	0	0	70
71	 1.033136138838873e+02 -1.542070484704435e+03  1.202364357368742e+03	 7.475766324205324e-05 -7.475766324205324e-05 -7.456434104824439e-05	1.000000000000000e+00	0	0	71
72	 3.031286324005325e+02 -1.441375138671050e+03  1.303059816485007e+03	-7.336101407418028e-05  7.311192894121632e-05  7.336101407418028e-05	1.000000000000000e+00	0	0	72
73	 7.772921803499476e+02 -6.987960671763999e+02  1.026326537162203e+03	 1.036531757563353e-03 -1.055187429301441e-03 -1.055187429301441e-03	1.000000000000000e+00	0	0	73
74	1.870866317711529e+03 2.057955539617780e+00 1.426669773879609e+03	-1.074510601029033e-05  1.074510601029033e-05  1.076421904144809e-05	1.000000000000000e+00	0	0	74
75	 1.771038042092133e+03 -1.986242518648505e+02  1.526498352473752e+03	 9.335551294498146e-05 -9.315345960203558e-05 -9.315345960203558e-05	1.000000000000000e+00	0	0	75
76	-1.272380028740624e+02 -6.315009168405265e+01  6.775882723762762e+02	9.202514047501609e-05 9.311618487117812e-05 9.202514047501609e-05	1.000000000000000e+00	12	0	76
77	1.498771175080862e+01 3.475414668040332e+02 1.209255088605792e+02	-2.474804059602320e-04 -2.474804059602320e-04 -2.507572935428470e-04	1.000000000000000e+00	12	0	77
78	 5.187152972293723e+01 -4.209762179062870e+02  8.566978049732759e+02	1.445657253498212e-04 1.457570615457371e-04 1.445657253498212e-04	1.000000000000000e+00	12	0	78
79	 3.362891689529917e+02 -6.977499350370908e+02  8.483940858527274e+02	9.190853597829118e-05 8.925853762775660e-05 8.925853762775660e-05	1.000000000000000e+00	12	0	79
80	 7.277633341239405e+02 -8.917023889603707e+02  6.544416319294475e+02	3.856312541756779e-04 3.865233156830072e-04 3.865233156830072e-04	1.000000000000000e+00	12	0	80
81	 1.154346483734093e+03 -7.578376078219485e+02  8.942385319504436e+01	-1.712457196845207e-05 -1.712457196845207e-05 -1.715525650070049e-05	1.000000000000000e+00	12	0	81
82	 1.620625253625625e+03 -2.915588379304168e+02 -8.420620276739888e+02	8.146125765051693e-05 8.146125765051693e-05 8.162177982740104e-05	1.000000000000000e+00	12	0	82
83	 1.764431665864840e+03  1.207137684242101e+02 -1.397138408217551e+03	1.696229010121897e-04 1.687274634605274e-04 1.696229010121897e-04	1.000000000000000e+00	12	0	83
84	 1.585819262168646e+03  4.790384228177070e+02 -1.575750811913746e+03	2.709270047489554e-04 2.706795639824122e-04 2.709270047489554e-04	1.000000000000000e+00	12	0	84
85	 1.302324251833425e+03  7.566874712877529e+02 -1.566570011931302e+03	5.175882251933217e-04 4.956650082021952e-04 4.956650082021952e-04	1.000000000000000e+00	12	0	85
86	 4.820442689345011e+02  8.145980239877257e+02 -8.097728240160311e+02	7.278574048541486e-05 7.278574048541486e-05 7.523053500335664e-05	1.000000000000000e+00	12	0	86
87	 9.153921412212105e+02  9.550872172552504e+02 -1.368170265963804e+03	1.477612764574587e-03 1.402452588081360e-03 1.402452588081360e-03	1.000000000000000e+00	12	0	87
88	-8.679523180710032e+02  3.870204902694734e+02  1.978362788530465e+02	-4.674384035752155e-05  4.725881444755942e-05 -4.674384035752155e-05	1.000000000000000e+00	24	0	88
89	-6.527328550632378e+02  4.956935818436595e+02  8.916239335083074e+01	-2.449036401230842e-04  2.449036401230842e-04 -2.448100713081658e-04	1.000000000000000e+00	24	0	89
90	-1.084663738370574e+03 -4.405697628106515e+01 -1.887514144652483e+01	-2.634756965562701e-04  2.629804657772183e-04 -2.634756965562701e-04	1.000000000000000e+00	24	0	90
91	-9.759863377882510e+02 -1.527337629907608e+02 -2.340909173662887e+02	-8.020124369068071e-05  8.000191883184016e-05 -8.000191883184016e-05	1.000000000000000e+00	24	0	91
92	 2.931882658134094e+02  4.954456052335717e+02 -8.822702855906210e+02	-1.520840160083026e-04  1.496003096690401e-04 -1.496003096690401e-04	1.000000000000000e+00	24	0	92
93	 1.063905165023278e+03  3.638886457612460e+02 -1.760492351852372e+03	-3.609368577599525e-04  3.642860974650830e-04 -3.609368577599525e-04	1.000000000000000e+00	24	0	93
94	 8.458567833313872e+02  2.580369313591776e+02 -1.654665032468754e+03	-9.555945289321244e-04  9.555945289321244e-04 -9.655743488110602e-04	1.000000000000000e+00	24	0	94
95	 1.276154355114809e+03  7.993136814170391e+02 -1.548243161760842e+03	-1.350137405097485e-03  1.301658572629094e-03 -1.350137405097485e-03	1.000000000000000e+00	24	0	95
96	 1.171164555260377e+03  9.044060185903577e+02 -1.329335816713922e+03	-5.611136439256370e-04  5.582147277891636e-04 -5.582147277891636e-04	1.000000000000000e+00	24	0	96
97	-9.644237333759807e+01  2.545620617113875e+02 -6.794918598349523e+02	 1.601274416316301e-04 -1.569776359247044e-04  1.569776359247044e-04	1.000000000000000e+00	24	0	97
98	-4.345931056973448e+02  2.775538324777665e+02 -3.405120295632379e+02	 3.633882733993232e-04 -3.633882733993232e-04  3.503593034110963e-04	1.000000000000000e+00	24	0	98
99	-5.451320794187670e+02  6.418689015261620e+01 -4.510115705096656e+02	-3.921322640962899e-04  3.871338558383286e-04 -3.871338558383286e-04	1.000000000000000e+00	24	0	99
100	-1.262892302306705e+02  2.841947100623689e+02 -6.710193904194183e+02	-1.104101647797506e-05 -8.417116987402551e-06  8.417116987402551e-06	1.000000000000000e+00	24	0	100
101	 7.340290023852675e+02 -7.732977352799144e+02  1.069604323973372e+03	-7.673595682717860e-04  7.577053038403392e-04  7.577053038403392e-04	1.000000000000000e+00	0	0	101
102	 4.037689568459980e+02 -9.409919088726822e+02  9.019101503806039e+02	 5.153409438207746e-05 -5.072107160231099e-05 -5.072107160231099e-05	1.000000000000000e+00	0	0	102
103	 5.026943533540727e+02 -1.039918604496415e+03  1.103494095531467e+03	-2.839398221112788e-04  2.839522785507143e-04  2.839398221112788e-04	1.000000000000000e+00	0	0	103
104	 6.300882955471001e+02  4.738054191434647e+02 -1.222540917420402e+03	-9.403514559380710e-04  9.403514559380710e-04 -8.975578239187598e-04	1.000000000000000e+00	24	0	104
105	 7.425250827157045e+02  6.852831840071365e+02 -1.110212982130701e+03	 4.024144145660102e-04 -3.956291475333273e-04  3.956291475333273e-04	1.000000000000000e+00	24	0	105
106	 3.243749422505792e+02  4.645262765081547e+02 -8.894560746317194e+02	 2.968839180539362e-05 -8.905120921554044e-06  8.905120921554044e-06	1.000000000000000e+00	24	0	106
107	 1.269070055536287e+03 -2.976817870699225e+02  1.126933561600660e+03	-2.383509126957506e-04  2.361840452067554e-04  2.383509126957506e-04	1.000000000000000e+00	0	0	107
108	 1.039830787252992e+03 -5.663838340550171e+02  1.158738770283585e+03	 8.170379442162812e-04 -7.989388541318476e-04 -7.989388541318476e-04	1.000000000000000e+00	0	0	108
109	 1.370591360910980e+03 -3.992000616090488e+02  1.325922542729554e+03	 1.670207566348836e-04 -1.673149090493098e-04 -1.673149090493098e-04	1.000000000000000e+00	0	0	109
110	-1.025315115854064e+02  2.300222434678181e+02  3.528544410614680e+02	-5.243273335509002e-04 -5.243273335509002e-04 -5.237800069153309e-04	1.000000000000000e+00	12	0	110
111	 1.037690440096571e+03 -8.744936514594706e+02  3.222096270539000e+02	-6.050175579730421e-05 -6.050175579730421e-05 -6.022642628522590e-05	1.000000000000000e+00	12	0	111
112	 1.737254871231260e+03 -1.749292203247810e+02 -1.074873750043204e+03	1.213980503962375e-04 1.213980503962375e-04 1.215079537359998e-04	1.000000000000000e+00	12	0	112
113	 6.009368736487369e+02  9.334906287019613e+02 -1.040285143743263e+03	7.244097650982440e-04 7.244097650982440e-04 7.464007940143347e-04	1.000000000000000e+00	12	0	113
114	 1.324467391908890e+02  4.650004942441136e+02 -1.110509192938713e+02	1.438902290828992e-05 1.438902290828992e-05 1.424946549377637e-05	1.000000000000000e+00	12	0	114
115	 3.652094369785870e+02  6.977631920318115e+02 -5.771706405642351e+02	-5.354271343094297e-05 -5.354271343094297e-05 -5.361747389542870e-05	1.000000000000000e+00	12	0	115
116	 1.270881355191105e+03 -6.413027363649364e+02 -1.434824698959999e+02	-1.853519393080205e-06 -1.853519393080205e-06 -1.854883521446027e-06	1.000000000000000e+00	12	0	116
117	 1.503986303259401e+03 -4.081977882966401e+02 -6.092598985013352e+02	3.847026164294221e-05 3.847026164294221e-05 3.853825546684675e-05	1.000000000000000e+00	12	0	117
0	-5.773502691896258e-01  5.773502691896258e-01  5.773502691896258e-01	-7.071067811865476e-01  3.124842898819631e-18 -7.071067811865476e-01	 1.198001808568474e+03 -5.294203851356715e-15  1.198001808568474e+03	1	0	0.000000000000000e+00	0.000000000000000e+00	0.000000000000000e+00
1	-5.773502691896258e-01  5.773502691896258e-01  5.773502691896258e-01	 0.000000000000000e+00  7.071067811865476e-01 -7.071067811865476e-01	 0.000000000000000e+00 -9.214510296266430e+02  9.214510296266430e+02	1	0	0.000000000000000e+00	0.000000000000000e+00	0.000000000000000e+00
2	-5.773502691896258e-01  5.773502691896258e-01  5.773502691896258e-01	 7.071067811865476e-01  7.071067811865476e-01 -3.124842898819631e-18	-7.193784354102739e+02 -7.193784354102739e+02  3.179073734356852e-15	1	0	0.000000000000000e+00	0.000000000000000e+00	0.000000000000000e+00
3	-5.773502691896258e-01  5.773502691896258e-01  5.773502691896258e-01	 7.071067811865476e-01 -3.124842898819631e-18  7.071067811865476e-01	 8.030942244427697e+02 -3.549030148066116e-15  8.030942244427697e+02	1	0	0.000000000000000e+00	0.000000000000000e+00	0.000000000000000e+00
4	-5.773502691896258e-01  5.773502691896258e-01  5.773502691896258e-01	 0.000000000000000e+00  7.071067811865476e-01 -7.071067811865476e-01	 0.000000000000000e+00 -8.625613021693013e+02  8.625613021693013e+02	1	0	0.000000000000000e+00	0.000000000000000e+00	0.000000000000000e+00
5	-5.773502691896258e-01  5.773502691896258e-01  5.773502691896258e-01	-7.071067811865476e-01 -7.071067811865476e-01  3.124842898819631e-18	 9.364621366255734e+02  9.364621366255734e+02 -4.138408986458117e-15	1	0	0.000000000000000e+00	0.000000000000000e+00	0.000000000000000e+00
6	 5.773502691896258e-01 -5.773502691896258e-01 -5.773502691896258e-01	0.000000000000000e+00 0.000000000000000e+00 0.000000000000000e+00	1.570392732195782e+03 3.025315410553647e+02 8.256108849411653e+02	1	1	0.000000000000000e+00	0.000000000000000e+00	0.000000000000000e+00
7	-5.773502691896258e-01 -5.773502691896258e-01 -5.773502691896258e-01	-7.071067811865476e-01  0.000000000000000e+00  7.071067811865476e-01	-4.024131376251693e+02  0.000000000000000e+00  4.024131376251693e+02	1	0	0.000000000000000e+00	0.000000000000000e+00	0.000000000000000e+00
8	-5.773502691896258e-01 -5.773502691896258e-01 -5.773502691896258e-01	 0.000000000000000e+00 -7.071067811865476e-01  7.071067811865476e-01	 0.000000000000000e+00 -7.730720104449091e+02  7.730720104449091e+02	1	0	0.000000000000000e+00	0.000000000000000e+00	0.000000000000000e+00
9	-5.773502691896258e-01 -5.773502691896258e-01 -5.773502691896258e-01	 7.071067811865476e-01 -7.071067811865476e-01  0.000000000000000e+00	 9.560920457780206e+02 -9.560920457780206e+02  0.000000000000000e+00	1	0	0.000000000000000e+00	0.000000000000000e+00	0.000000000000000e+00
10	-5.773502691896258e-01 -5.773502691896258e-01 -5.773502691896258e-01	 7.071067811865476e-01  0.000000000000000e+00 -7.071067811865476e-01	 1.580785037041196e+03  0.000000000000000e+00 -1.580785037041196e+03	1	0	0.000000000000000e+00	0.000000000000000e+00	0.000000000000000e+00
11	-5.773502691896258e-01 -5.773502691896258e-01 -5.773502691896258e-01	 0.000000000000000e+00  7.071067811865476e-01 -7.071067811865476e-01	 0.000000000000000e+00  1.161628741609527e+03 -1.161628741609527e+03	1	0	0.000000000000000e+00	0.000000000000000e+00	0.000000000000000e+00
12	-5.773502691896258e-01 -5.773502691896258e-01 -5.773502691896258e-01	-7.071067811865476e-01  7.071067811865476e-01  0.000000000000000e+00	-1.662768775266123e+02  1.662768775266123e+02  0.000000000000000e+00	1	0	0.000000000000000e+00	0.000000000000000e+00	0.000000000000000e+00
13	5.773502691896258e-01 5.773502691896258e-01 5.773502691896258e-01	0.000000000000000e+00 0.000000000000000e+00 0.000000000000000e+00	-2.170837012152994e+02  1.154700538379251e+02  5.877425740350395e+02	1	1	0.000000000000000e+00	0.000000000000000e+00	0.000000000000000e+00
14	-5.773502691896258e-01  5.773502691896258e-01 -5.773502691896258e-01	 7.071067811865476e-01  0.000000000000000e+00 -7.071067811865476e-01	-5.328942984620248e+02  0.000000000000000e+00  5.328942984620248e+02	1	0	0.000000000000000e+00	0.000000000000000e+00	0.000000000000000e+00
15	-5.773502691896258e-01  5.773502691896258e-01 -5.773502691896258e-01	-3.124842898819631e-18  7.071067811865476e-01  7.071067811865476e-01	 8.547268868455420e-16 -1.934123401785247e+02 -1.934123401785247e+02	1	0	0.000000000000000e+00	0.000000000000000e+00	0.000000000000000e+00
16	-5.773502691896258e-01  5.773502691896258e-01 -5.773502691896258e-01	 7.071067811865476e-01  7.071067811865476e-01 -3.124842898819631e-18	 5.519468573452824e+02  5.519468573452824e+02 -2.439160906938323e-15	1	0	0.000000000000000e+00	0.000000000000000e+00	0.000000000000000e+00
17	-5.773502691896258e-01  5.773502691896258e-01 -5.773502691896258e-01	-7.071067811865476e-01  0.000000000000000e+00  7.071067811865476e-01	 1.412198758437825e+03  0.000000000000000e+00 -1.412198758437825e+03	1	0	0.000000000000000e+00	0.000000000000000e+00	0.000000000000000e+00
18	-5.773502691896258e-01  5.773502691896258e-01 -5.773502691896258e-01	-3.124842898819631e-18  7.071067811865476e-01  7.071067811865476e-01	 9.389238637586849e-16 -2.124648990617823e+02 -2.124648990617823e+02	1	0	0.000000000000000e+00	0.000000000000000e+00	0.000000000000000e+00
19	-5.773502691896258e-01  5.773502691896258e-01 -5.773502691896258e-01	-7.071067811865476e-01 -7.071067811865476e-01  3.124842898819631e-18	-7.851963660978913e+01 -7.851963660978913e+01  3.469936018238618e-16	1	0	0.000000000000000e+00	0.000000000000000e+00	0.000000000000000e+00
20	 5.773502691896258e-01 -5.773502691896258e-01  5.773502691896258e-01	0.000000000000000e+00 0.000000000000000e+00 0.000000000000000e+00	-7.597929542535472e+02  6.027536810339691e+02  3.059956426705008e+02	1	1	0.000000000000000e+00	0.000000000000000e+00	0.000000000000000e+00
0	0	1	0
6	0	1	0
5	5	0	0
6	5	0	0
0	6	0	0
5	0	6	0
1	1	2	0
6	1	2	0
0	1	7	0
1	7	1	0
2	2	3	0
6	2	3	0
1	2	8	0
2	8	2	0
3	3	4	0
6	3	4	0
2	3	9	0
3	9	3	0
4	4	5	0
6	4	5	0
3	4	10	0
4	10	4	0
4	5	11	0
5	11	5	0
5	6	66	0
0	67	6	0
0	7	42	0
1	68	7	0
2	69	8	0
1	8	70	0
2	9	71	0
3	72	9	0
3	10	38	0
4	73	10	0
5	74	11	0
4	11	75	0
7	12	13	0
13	12	13	0
12	17	12	0
13	17	12	0
7	18	12	0
12	12	18	0
8	13	14	0
13	13	14	0
7	13	19	0
8	19	13	0
9	14	15	0
13	14	15	0
8	14	20	0
9	20	14	0
10	15	16	0
13	15	16	0
9	15	21	0
10	21	15	0
11	16	17	0
13	16	17	0
10	16	22	0
11	22	16	0
11	17	23	0
12	23	17	0
7	76	18	0
12	18	110	0
7	19	78	0
8	79	19	0
8	20	80	0
9	111	20	0
10	83	21	0
9	21	112	0
10	22	84	0
11	85	22	0
11	23	87	0
12	113	23	0
14	24	25	0
20	24	25	0
19	29	24	0
20	29	24	0
14	30	24	0
19	24	30	0
15	25	26	0
20	25	26	0
14	25	31	0
15	31	25	0
16	26	27	0
20	26	27	0
15	26	32	0
16	32	26	0
17	27	28	0
20	27	28	0
16	27	33	0
17	33	27	0
18	28	29	0
20	28	29	0
17	28	34	0
18	34	28	0
18	29	35	0
19	35	29	0
14	88	30	0
19	30	89	0
14	31	90	0
15	91	31	0
16	40	32	0
15	32	92	0
17	93	33	0
16	33	94	0
17	34	95	0
18	96	34	0
19	36	35	0
18	35	97	0
19	98	36	0
15	36	99	0
15	100	36	0
1	38	101	0
1	102	38	0
3	38	103	0
16	104	40	0
18	40	105	0
18	106	40	0
0	42	107	0
4	42	108	0
4	109	42	0
5	66	44	0
5	44	74	0
0	45	67	0
0	107	45	0
1	46	68	0
1	101	46	0
2	47	69	0
2	71	47	0
1	70	48	0
1	48	102	0
3	49	72	0
3	103	49	0
4	50	73	0
4	108	50	0
4	75	51	0
4	51	109	0
7	52	76	0
7	78	52	0
12	114	53	0
12	53	115	0
8	54	79	0
8	80	54	0
9	55	116	0
9	117	55	0
10	56	83	0
10	84	56	0
11	57	85	0
11	87	57	0
14	58	88	0
14	90	58	0
19	89	59	0
19	59	98	0
15	60	91	0
15	99	60	0
15	92	61	0
15	61	100	0
17	62	93	0
17	95	62	0
16	94	63	0
16	63	104	0
18	64	96	0
18	105	64	0
18	97	65	0
18	65	106	0
12	110	77	0
12	77	114	0
9	81	111	0
9	116	81	0
9	112	82	0
9	82	117	0
12	86	113	0
12	115	86	0
