114
21
172
0	1.570392732195782e+03 3.025315410553647e+02 8.256108849411653e+02	0.000000000000000e+00 0.000000000000000e+00 0.000000000000000e+00	1.000000000000000e+00	0	0	0
1	 1.130451827073287e+03 -5.773502691896260e+02  1.265551790063660e+03	0.000000000000000e+00 0.000000000000000e+00 0.000000000000000e+00	1.000000000000000e+00	0	0	1
2	-1.974537920628516e+02 -1.241303078757696e+03  6.015989804955904e+02	0.000000000000000e+00 0.000000000000000e+00 0.000000000000000e+00	1.000000000000000e+00	0	0	2
3	 2.032272947547480e+02 -1.641984165575296e+03  1.402961154130791e+03	0.000000000000000e+00 0.000000000000000e+00 0.000000000000000e+00	1.000000000000000e+00	0	0	3
4	 6.431681998772439e+02 -7.621023553303065e+02  9.630202490082960e+02	0.000000000000000e+00 0.000000000000000e+00 0.000000000000000e+00	1.000000000000000e+00	0	0	4
5	 1.971073819013383e+03 -9.814954576223676e+01  1.626973058576365e+03	0.000000000000000e+00 0.000000000000000e+00 0.000000000000000e+00	1.000000000000000e+00	0	0	5
6	1.570065330693081e+03 3.028589425580651e+02 8.259382864438658e+02	-1.137923463829793e-04  1.158837185357697e-04  1.128908843384124e-04	1.000000000000000e+00	0	0	6
7	 1.129703612250351e+03 -5.766020543666897e+02  1.266300004886596e+03	-4.056021765184899e-04  4.056021765184899e-04  4.056021765184899e-04	1.000000000000000e+00	0	0	7
8	-1.971243339885085e+02 -1.241632536832039e+03  6.012695224212472e+02	 1.105869741877541e-04 -1.110233279177919e-04 -1.110112934838980e-04	1.000000000000000e+00	0	0	8
9	 2.032225093979942e+02 -1.641979380218542e+03  1.402965939487545e+03	 8.084517730821972e-07 -9.497525184087863e-07 -6.665948717454739e-07	1.000000000000000e+00	0	0	9
10	 6.435933713718986e+02 -7.625275268249612e+02  9.625950775136413e+02	 3.049191630755862e-04 -3.049191630755861e-04 -3.049191630755862e-04	1.000000000000000e+00	0	0	10
11	 1.971149131454333e+03 -9.822485820318666e+01  1.626897746135415e+03	 2.879862768168095e-05 -2.867002331186086e-05 -2.863500048988499e-05	1.000000000000000e+00	0	0	11
12	-2.170837012152994e+02  1.154700538379251e+02  5.877425740350395e+02	0.000000000000000e+00 0.000000000000000e+00 0.000000000000000e+00	1.000000000000000e+00	12	0	12
13	 1.408734656822689e+02 -6.004442799572098e+02  9.456997409326077e+02	0.000000000000000e+00 0.000000000000000e+00 0.000000000000000e+00	1.000000000000000e+00	12	0	13
14	 9.214510296266424e+02 -9.907330619293978e+02  5.554109589604201e+02	0.000000000000000e+00 0.000000000000000e+00 0.000000000000000e+00	1.000000000000000e+00	12	0	14
15	 1.853294364098699e+03 -5.888972745734176e+01 -1.308275709983692e+03	0.000000000000000e+00 0.000000000000000e+00 0.000000000000000e+00	1.000000000000000e+00	12	0	15
16	 1.495337197201131e+03  6.570246063377946e+02 -1.666232876881260e+03	0.000000000000000e+00 0.000000000000000e+00 0.000000000000000e+00	1.000000000000000e+00	12	0	16
17	 7.147596332567570e+02  1.047313388309982e+03 -1.275944094909073e+03	0.000000000000000e+00 0.000000000000000e+00 0.000000000000000e+00	1.000000000000000e+00	12	0	17
18	-2.178196973904090e+02  1.147340576628155e+02  5.870065778599300e+02	-2.448468682511399e-04 -2.448468682511399e-04 -2.448468682511399e-04	1.000000000000000e+00	12	0	18
19	 1.419410329806504e+02 -5.993767126588284e+02  9.467673082309891e+02	3.511314474356672e-04 3.511314474356671e-04 3.511314474356671e-04	1.000000000000000e+00	12	0	19
20	 9.216738479665161e+02 -9.905102435895242e+02  5.556337773002938e+02	8.471507317153737e-05 8.209532097680494e-05 8.259153401013464e-05	1.000000000000000e+00	12	0	20
21	 1.853657207787254e+03 -5.852688376878742e+01 -1.307912866295138e+03	1.223848666995764e-04 1.222636783495545e-04 1.223869039677083e-04	1.000000000000000e+00	12	0	21
22	 1.496315241772412e+03  6.580026509090756e+02 -1.665254832309979e+03	3.343025164213032e-04 3.343025164213032e-04 3.343025164213032e-04	1.000000000000000e+00	12	0	22
23	 7.188416139215444e+02  1.051395368974769e+03 -1.271862114244286e+03	1.355745092344781e-03 1.355745092344781e-03 1.355745092344781e-03	1.000000000000000e+00	12	0	23
24	-7.597929542535472e+02  6.027536810339691e+02  3.059956426705008e+02	0.000000000000000e+00 0.000000000000000e+00 0.000000000000000e+00	1.000000000000000e+00	24	0	24
25	-1.191650955607388e+03 -2.609623216737101e+02 -1.258623586833382e+02	0.000000000000000e+00 0.000000000000000e+00 0.000000000000000e+00	1.000000000000000e+00	24	0	25
26	 5.126870390403868e+02  5.912066756501777e+02 -9.780313560072266e+02	0.000000000000000e+00 0.000000000000000e+00 0.000000000000000e+00	1.000000000000000e+00	24	0	26
27	 9.572467463163994e+02  1.466469683741651e+02 -1.867150770559250e+03	0.000000000000000e+00 0.000000000000000e+00 0.000000000000000e+00	1.000000000000000e+00	24	0	27
28	 1.389104747670240e+03  1.010362971081845e+03 -1.435292769205410e+03	0.000000000000000e+00 0.000000000000000e+00 0.000000000000000e+00	1.000000000000000e+00	24	0	28
29	-3.152332469775362e+02  1.581939737579582e+02 -5.831237718815206e+02	0.000000000000000e+00 0.000000000000000e+00 0.000000000000000e+00	1.000000000000000e+00	24	0	29
30	-7.600138362721962e+02  6.029745630526181e+02  3.057747606518518e+02	-7.440176705131307e-05  7.445436494890600e-05 -7.338763680309057e-05	1.000000000000000e+00	24	0	30
31	-1.192082142122376e+03 -2.605311351587218e+02 -1.262935451983264e+02	-1.470848656026646e-04  1.462572545278817e-04 -1.470587158109993e-04	1.000000000000000e+00	24	0	31
32	 5.024957298458702e+02  6.013979848446943e+02 -9.882226652017432e+02	-6.595904366501296e-04  6.595904366501295e-04 -6.595904366501297e-04	1.000000000000000e+00	24	0	32
33	 9.555505966870035e+02  1.483431180035609e+02 -1.868846920188646e+03	-5.798980516071121e-04  5.798980516071121e-04 -5.798980516071121e-04	1.000000000000000e+00	24	0	33
34	 1.385887084083183e+03  1.013580634668901e+03 -1.438510432792466e+03	-1.106321151989202e-03  1.106321151989202e-03 -1.106321151989202e-03	1.000000000000000e+00	24	0	34
35	-3.059733743861737e+02  1.489341011665957e+02 -5.738638992901581e+02	 9.056951579016944e-04 -9.056951579016944e-04  9.056951579016944e-04	1.000000000000000e+00	24	0	35
36	-3.302679396579893e+02  1.732286664384113e+02 -5.600533467954590e+02	-2.063572319457307e-04  1.642812712816522e-04  8.843444084050134e-05	1.000000000000000e+00	24	0	36
38	 6.032968523444197e+02 -8.400104627121664e+02  1.002891596541120e+03	-2.309129001029457e-04  2.309129001029457e-04  2.309129001029457e-04	1.000000000000000e+00	0	0	38
40	 5.281579932779437e+02  5.757357214126210e+02 -1.000665519536185e+03	 1.251571811735630e-04 -8.856652857502922e-05 -8.454029739368707e-05	1.000000000000000e+00	24	0	40
42	 1.169887703768676e+03 -4.990066909703317e+02  1.226115913368271e+03	 9.108055382966995e-05 -8.490966865792871e-05 -8.705447544343770e-05	1.000000000000000e+00	0	0	42
44	1.770787097061213e+03 1.021371761899341e+02 1.226238208909689e+03	 1.947243254107889e-05 -1.947243254107889e-05 -1.943059032782912e-05	1.000000000000000e+00	0	0	44
45	 1.369226289708584e+03 -9.732454152206270e+01  1.026777327428364e+03	-2.873762277886271e-04  2.867612347472459e-04  2.873762277886271e-04	1.000000000000000e+00	0	0	45
46	 8.658002075930502e+02 -7.076073618310825e+02  1.135294697422204e+03	-7.582890102639794e-04  7.572142058052123e-04  7.572142058052123e-04	1.000000000000000e+00	0	0	46
47	 3.176577212379982e+00 -1.441933448032928e+03  1.001990308806665e+03	 9.797271195566282e-05 -9.797271195566282e-05 -9.793031495064497e-05	1.000000000000000e+00	0	0	47
48	 2.038107650142820e+02 -1.041545238903336e+03  8.013568203499506e+02	 1.909062848426402e-04 -1.904027594719082e-04 -1.904027594719082e-04	1.000000000000000e+00	0	0	48
49	 4.031872643903009e+02 -1.240923502584908e+03  1.203001184495238e+03	-1.283973542740569e-04  1.277274132007733e-04  1.283973542740569e-04	1.000000000000000e+00	0	0	49
50	 9.081212189982680e+02 -6.321414854913432e+02  1.092981118847259e+03	 8.588305790908635e-04 -8.530729683116078e-04 -8.530729683116078e-04	1.000000000000000e+00	0	0	50
51	 1.570705564215325e+03 -2.988026988758202e+02  1.426319905462782e+03	 1.136309874709696e-04 -1.134678605012596e-04 -1.134678605012596e-04	1.000000000000000e+00	0	0	51
52	-3.780137312353074e+01 -2.421832563557350e+02  7.670249021268079e+02	1.069803620339371e-04 1.070711659849621e-04 1.069803620339371e-04	1.000000000000000e+00	12	0	52
53	 2.489343106171596e+02  5.814880656703841e+02 -3.440043843648744e+02	1.493524177931249e-05 1.493524177931249e-05 1.496028016845230e-05	1.000000000000000e+00	12	0	53
54	 5.311196705279842e+02 -7.956268016674629e+02  7.505172192223553e+02	6.937901275705372e-07 3.688812739710556e-06 3.688812739710556e-06	1.000000000000000e+00	12	0	54
55	 1.387401855490491e+03 -5.247822360655500e+02 -3.764032028044494e+02	1.151102424046258e-05 1.151102424046258e-05 1.152125878434163e-05	1.000000000000000e+00	12	0	55
56	 1.675163456424595e+03  2.999142436114703e+02 -1.486406617657797e+03	2.776404726319015e-04 2.770630817394704e-04 2.776404726319015e-04	1.000000000000000e+00	12	0	56
57	 1.101567409419524e+03  8.485969733796253e+02 -1.474660509839430e+03	-1.029881648719311e-03 -1.086712931282818e-03 -1.086712931282818e-03	1.000000000000000e+00	12	0	57
58	-9.763632348660210e+02  1.715382431104819e+02  8.942536205802870e+01	-2.083154249703512e-04  2.091622591251507e-04 -2.083154249703512e-04	1.000000000000000e+00	24	0	58
59	-5.440949742668990e+02  3.870557010473208e+02 -1.260938528749881e+02	-7.213799835881218e-05  7.213799835881218e-05 -7.241525599965826e-05	1.000000000000000e+00	24	0	59
60	-7.602999298224513e+02 -4.452774172046646e+01 -3.422969386365830e+02	-1.818021264625713e-04  1.807468943297863e-04 -1.807468943297863e-04	1.000000000000000e+00	24	0	60
61	 8.426984152455344e+01  3.890849128435071e+02 -7.759095932005565e+02	-1.079161156667396e-04  1.069209392881021e-04 -1.069209392881021e-04	1.000000000000000e+00	24	0	61
62	 1.172604776150411e+03  5.790700284278068e+02 -1.651792740725240e+03	-2.780869253911078e-04  2.722125500440598e-04 -2.780869253911078e-04	1.000000000000000e+00	24	0	62
63	 7.383363131115609e+02  3.655574015790039e+02 -1.438272439869329e+03	-1.016829279251397e-03  1.016829279251397e-03 -1.015728339552879e-03	1.000000000000000e+00	24	0	63
64	 9.591591267683384e+02  7.925591296813473e+02 -1.217488927804912e+03	 6.183633231557906e-04 -5.937435780651867e-04  5.937435780651867e-04	1.000000000000000e+00	24	0	64
65	 1.132767471184022e+02  3.600878089971347e+02 -7.850176071206995e+02	 1.936483604367822e-04 -1.938606146723032e-04  1.938606146723032e-04	1.000000000000000e+00	24	0	65
66	1.670771799570646e+03 2.021524736805011e+02 1.025742112670398e+03	 7.391539838863537e-05 -7.391539838863537e-05 -7.429816469084471e-05	1.000000000000000e+00	0	0	66
67	1.469278879191445e+03 1.031364886155640e+02 9.267247379455027e+02	-3.285016282461584e-04  3.298502706456929e-04  3.285016282461584e-04	1.000000000000000e+00	0	0	67
68	 9.976387275724787e+02 -6.419868993808955e+02  1.200915159872391e+03	-6.478023715317249e-04  6.523146876133978e-04  6.523146876133978e-04	1.000000000000000e+00	0	0	68
69	-9.701095610089031e+01 -1.341745914719658e+03  8.016669889167770e+02	 9.050795779330656e-05 -9.050795779330656e-05 -9.048976062331349e-05	1.000000000000000e+00	0	0	69
70	 3.517032332682362e+00 -1.141763599417244e+03  7.011384598360423e+02	 2.086015010718256e-04 -2.089362824335694e-04 -2.089362824335694e-04	1.000000000000000e+00	0	0	70
71	 1.032647435352683e+02 -1.542021614355816e+03  1.202413112868160e+03	 7.334101246669888e-05 -7.334101246669888e-05 -7.318600546568632e-05	1.000000000000000e+00	0	0	71
72	 3.031771759626411e+02 -1.441423532830217e+03  1.303011272922898e+03	-7.373891276074573e-05  7.353520049946383e-05  7.373891276074573e-05	1.000000000000000e+00	0	0	72
73	 7.766622108958099e+02 -6.981560614830946e+02  1.026966542855508e+03	 8.772277506068349e-04 -8.893797057680786e-04 -8.893797057680786e-04	1.000000000000000e+00	0	0	73
74	1.870873343370213e+03 2.050929880933596e+00 1.426662737268049e+03	-1.054983385984087e-05  1.054983385984087e-05  1.056403925758786e-05	1.000000000000000e+00	0	0	74
75	 1.770977571323832e+03 -1.985638991953237e+02  1.526558705143279e+03	 8.990579226519912e-05 -8.974919182946905e-05 -8.974919182946905e-05	1.000000000000000e+00	0	0	75
76	-1.272993888251183e+02 -6.321213619341903e+01  6.775268864252204e+02	9.401132410857826e-05 9.491548553342000e-05 9.401132410857826e-05	1.000000000000000e+00	12	0	76
77	1.515096601910143e+01 3.477047210723260e+02 1.210907330466949e+02	-2.472256892360747e-04 -2.472256892360747e-04 -2.499182301107794e-04	1.000000000000000e+00	12	0	77
78	 5.177724953608583e+01 -4.210712101349689e+02  8.566035247864245e+02	1.411064440617338e-04 1.420734479324892e-04 1.411064440617338e-04	1.000000000000000e+00	12	0	78
79	 3.362306091115590e+02 -6.978069071622431e+02  8.483371137275751e+02	8.557574619771913e-05 8.341357170138508e-05 8.341357170138508e-05	1.000000000000000e+00	12	0	79
80	 7.275067567181238e+02 -8.919595165712791e+02  6.541845043185391e+02	3.918525471817702e-04 3.926245262846351e-04 3.926245262846351e-04	1.000000000000000e+00	12	0	80
81	 1.154357872067016e+03 -7.578262194890253e+02  8.943526023346320e+01	-1.737886486807838e-05 -1.737886486807838e-05 -1.740479456202593e-05	1.000000000000000e+00	12	0	81
82	 1.620571493375329e+03 -2.916125981807122e+02 -8.421158844075422e+02	8.144140883814543e-05 8.144140883814543e-05 8.157324919011444e-05	1.000000000000000e+00	12	0	82
83	 1.764319230207848e+03  1.206018751687282e+02 -1.397250843874544e+03	1.710827200440690e-04 1.703353627817705e-04 1.710827200440690e-04	1.000000000000000e+00	12	0	83
84	 1.585640046537227e+03  4.788593491637955e+02 -1.575930027545165e+03	2.721559139899909e-04 2.719716867431998e-04 2.721559139899909e-04	1.000000000000000e+00	12	0	84
85	 1.301979056503736e+03  7.563552232019924e+02 -1.566902260017062e+03	5.240938626229763e-04 5.063437274657190e-04 5.063437274657190e-04	1.000000000000000e+00	12	0	85
86	 4.819974910464164e+02  8.145512460996409e+02 -8.098210484104081e+02	6.899731670273468e-05 6.899731670273468e-05 7.093969179550186e-05	1.000000000000000e+00	12	0	86
87	 9.144125262022746e+02  9.541532127162086e+02 -1.369104270502846e+03	1.490975497290492e-03 1.428003073669970e-03 1.428003073669970e-03	1.000000000000000e+00	12	0	87
88	-8.679207251023010e+02  3.869885873969308e+02  1.978678718217487e+02	-4.899977648165077e-05  4.942387749906629e-05 -4.899977648165077e-05	1.000000000000000e+00	24	0	88
89	-6.525706325834185e+02  4.955313593638402e+02  8.932456111032653e+01	-2.466781297698617e-04  2.466781297698617e-04 -2.466056030243635e-04	1.000000000000000e+00	24	0	89
90	-1.084489087286572e+03 -4.423132680506620e+01 -1.870049036252267e+01	-2.657666627783328e-04  2.653517003636807e-04 -2.657666627783328e-04	1.000000000000000e+00	24	0	90
91	-9.759342320104632e+02 -1.527857522169335e+02 -2.340389281401159e+02	-7.769936928525567e-05  7.754486432531849e-05 -7.754486432531849e-05	1.000000000000000e+00	24	0	91
92	 2.933315586752836e+02  4.953044590770568e+02 -8.821291394341062e+02	-3.079622983932495e-04  3.036968701053411e-04 -3.036968701053411e-04	1.000000000000000e+00	24	0	92
93	 1.064143332847269e+03  3.636484295652843e+02 -1.760254184028381e+03	-3.608046099543571e-04  3.636570763774216e-04 -3.608046099543571e-04	1.000000000000000e+00	24	0	93
94	 8.464863985629207e+02  2.574073161276441e+02 -1.654029454704043e+03	-9.523237240500748e-04  9.523237240500748e-04 -9.604199440218508e-04	1.000000000000000e+00	24	0	94
95	 1.277066979393147e+03  7.984322461322988e+02 -1.547330537482503e+03	-1.416083658114076e-03  1.370390760712326e-03 -1.416083658114076e-03	1.000000000000000e+00	24	0	95
96	 1.171534156946397e+03  9.040380170210624e+02 -1.328967815144627e+03	-5.589452339336276e-04  5.569678614847362e-04 -5.569678614847362e-04	1.000000000000000e+00	24	0	96
97	-9.659982193351166e+01  2.547172304537219e+02 -6.796470285772866e+02	 3.519629535730928e-04 -3.481651365291327e-04  3.481651365291327e-04	1.000000000000000e+00	24	0	97
98	-4.348326717025291e+02  2.777933984829509e+02 -3.407432795491051e+02	 3.625696699600667e-04 -3.625696699600667e-04  3.504502528812736e-04	1.000000000000000e+00	24	0	98
99	-5.448746460455770e+02  6.393293441131955e+01 -4.507576147683690e+02	-3.875230904668570e-04  3.820452548097819e-04 -3.820452548097819e-04	1.000000000000000e+00	24	0	99
100	-1.262229047245287e+02  2.841443812855899e+02 -6.709690616426393e+02	-2.282349596498534e-04  1.974563783733174e-04 -1.974563783733174e-04	1.000000000000000e+00	24	0	100
101	 7.344809877249598e+02 -7.737449852978107e+02  1.069157073955475e+03	-6.074047996662557e-04  6.022991728968918e-04  6.022991728968918e-04	1.000000000000000e+00	0	0	101
102	 4.037341950818925e+02 -9.409576362160262e+02  9.019444230372599e+02	 5.369179780245759e-05 -5.302354111336172e-05 -5.302354111336172e-05	1.000000000000000e+00	0	0	102
103	 5.028823149214406e+02 -1.040106590474184e+03  1.103306133964099e+03	-2.856325882021338e-04  2.856885839719325e-04  2.856325882021338e-04	1.000000000000000e+00	0	0	103
104	 6.307043175821722e+02  4.731893971083926e+02 -1.221951426150444e+03	-9.264071704819798e-04  9.264071704819798e-04 -8.888331940397620e-04	1.000000000000000e+00	24	0	104
105	 7.422642761190411e+02  6.855391335413212e+02 -1.110468931664886e+03	 3.875594702549279e-04 -3.797023964580148e-04  3.797023964580148e-04	1.000000000000000e+00	24	0	105
106	 3.243084847437825e+02  4.645766895928459e+02 -8.895064877164106e+02	 1.993100886465982e-04 -1.702999725239351e-04  1.702999725239351e-04	1.000000000000000e+00	24	0	106
107	 1.269225636947480e+03 -2.978361040139927e+02  1.126777980189468e+03	-2.331311989109963e-04  2.314564480911940e-04  2.331311989109963e-04	1.000000000000000e+00	0	0	107
108	 1.039344110737737e+03 -5.659064946294855e+02  1.159216109709117e+03	 6.629467243328691e-04 -6.522029289044440e-04 -6.522029289044440e-04	1.000000000000000e+00	0	0	108
109	 1.370483571876592e+03 -3.990920951120613e+02  1.326030509226541e+03	 1.597324298927560e-04 -1.599751121830195e-04 -1.599751121830195e-04	1.000000000000000e+00	0	0	109
110	-1.021843965051267e+02  2.303693585480979e+02  3.532012329550610e+02	-5.275393486954272e-04 -5.275393486954272e-04 -5.271062254905701e-04	1.000000000000000e+00	12	0	110
111	 1.037731127853140e+03 -8.744529637029013e+02  3.222501486514697e+02	-6.277236388996243e-05 -6.277236388996243e-05 -6.254442268982530e-05	1.000000000000000e+00	12	0	111
112	 1.737174622197028e+03 -1.750094693590131e+02 -1.074954065303202e+03	1.217752869706601e-04 1.217752869706601e-04 1.218660399899818e-04	1.000000000000000e+00	12	0	112
113	 6.004572770358201e+02  9.330110320890445e+02 -1.040777992384502e+03	7.288882043212652e-04 7.288882043212652e-04 7.470471900887787e-04	1.000000000000000e+00	12	0	113
114	 1.324364264900457e+02  4.649901815432703e+02 -1.110611529567629e+02	1.688186057435814e-05 1.688186057435814e-05 1.678108128544409e-05	1.000000000000000e+00	12	0	114
115	 3.652450303397333e+02  6.977987853929578e+02 -5.771350039115557e+02	-5.411368692875840e-05 -5.411368692875840e-05 -5.417005377239548e-05	1.000000000000000e+00	12	0	115
116	 1.270882645374503e+03 -6.413014461815380e+02 -1.434811788567509e+02	-2.063038891719771e-06 -2.063038891719771e-06 -2.064263753709383e-06	1.000000000000000e+00	12	0	116
117	 1.503961005764854e+03 -4.082230857911870e+02 -6.092852366900112e+02	3.818142795353197e-05 3.818142795353197e-05 3.823677252512425e-05	1.000000000000000e+00	12	0	117
0	-5.773502691896258e-01  5.773502691896258e-01  5.773502691896258e-01	-7.071067811865476e-01  3.124842898819631e-18 -7.071067811865476e-01	 1.198001808568474e+03 -5.294203851356715e-15  1.198001808568474e+03	1	0	0.000000000000000e+00	0.000000000000000e+00	0.000000000000000e+00
1	-5.773502691896258e-01  5.773502691896258e-01  5.773502691896258e-01	 0.000000000000000e+00  7.071067811865476e-01 -7.071067811865476e-01	 0.000000000000000e+00 -9.214510296266430e+02  9.214510296266430e+02	1	0	0.000000000000000e+00	0.000000000000000e+00	0.000000000000000e+00
2	-5.773502691896258e-01  5.773502691896258e-01  5.773502691896258e-01	 7.071067811865476e-01  7.071067811865476e-01 -3.124842898819631e-18	-7.193784354102739e+02 -7.193784354102739e+02  3.179073734356852e-15	1	0	0.000000000000000e+00	0.000000000000000e+00	0.000000000000000e+00
3	-5.773502691896258e-01  5.773502691896258e-01  5.773502691896258e-01	 7.071067811865476e-01 -3.124842898819631e-18  7.071067811865476e-01	 8.030942244427697e+02 -3.549030148066116e-15  8.030942244427697e+02	1	0	0.000000000000000e+00	0.000000000000000e+00	0.000000000000000e+00
4	-5.773502691896258e-01  5.773502691896258e-01  5.773502691896258e-01	 0.000000000000000e+00  7.071067811865476e-01 -7.071067811865476e-01	 0.000000000000000e+00 -8.625613021693013e+02  8.625613021693013e+02	1	0	0.000000000000000e+00	0.000000000000000e+00	0.000000000000000e+00
5	-5.773502691896258e-01  5.773502691896258e-01  5.773502691896258e-01	-7.071067811865476e-01 -7.071067811865476e-01  3.124842898819631e-18	 9.364621366255734e+02  9.364621366255734e+02 -4.138408986458117e-15	1	0	0.000000000000000e+00	0.000000000000000e+00	0.000000000000000e+00
6	 5.773502691896258e-01 -5.773502691896258e-01 -5.773502691896258e-01	0.000000000000000e+00 0.000000000000000e+00 0.000000000000000e+00	1.570392732195782e+03 3.025315410553647e+02 8.256108849411653e+02	1	1	0.000000000000000e+00	0.000000000000000e+00	0.000000000000000e+00
7	-5.773502691896258e-01 -5.773502691896258e-01 -5.773502691896258e-01	-7.071067811865476e-01  0.000000000000000e+00  7.071067811865476e-01	-4.024131376251693e+02  0.000000000000000e+00  4.024131376251693e+02	1	0	0.000000000000000e+00	0.000000000000000e+00	0.000000000000000e+00
8	-5.773502691896258e-01 -5.773502691896258e-01 -5.773502691896258e-01	 0.000000000000000e+00 -7.071067811865476e-01  7.071067811865476e-01	 0.000000000000000e+00 -7.730720104449091e+02  7.730720104449091e+02	1	0	0.000000000000000e+00	0.000000000000000e+00	0.000000000000000e+00
9	-5.773502691896258e-01 -5.773502691896258e-01 -5.773502691896258e-01	 7.071067811865476e-01 -7.071067811865476e-01  0.000000000000000e+00	 9.560920457780206e+02 -9.560920457780206e+02  0.000000000000000e+00	1	0	0.000000000000000e+00	0.000000000000000e+00	0.000000000000000e+00
10	-5.773502691896258e-01 -5.773502691896258e-01 -5.773502691896258e-01	 7.071067811865476e-01  0.000000000000000e+00 -7.071067811865476e-01	 1.580785037041196e+03  0.000000000000000e+00 -1.580785037041196e+03	1	0	0.000000000000000e+00	0.000000000000000e+00	0.000000000000000e+00
11	-5.773502691896258e-01 -5.773502691896258e-01 -5.773502691896258e-01	 0.000000000000000e+00  7.071067811865476e-01 -7.071067811865476e-01	 0.000000000000000e+00  1.161628741609527e+03 -1.161628741609527e+03	1	0	0.000000000000000e+00	0.000000000000000e+00	0.000000000000000e+00
12	-5.773502691896258e-01 -5.773502691896258e-01 -5.773502691896258e-01	-7.071067811865476e-01  7.071067811865476e-01  0.000000000000000e+00	-1.662768775266123e+02  1.662768775266123e+02  0.000000000000000e+00	1	0	0.000000000000000e+00	0.000000000000000e+00	0.000000000000000e+00
13	5.773502691896258e-01 5.773502691896258e-01 5.773502691896258e-01	0.000000000000000e+00 0.000000000000000e+00 0.000000000000000e+00	-2.170837012152994e+02  1.154700538379251e+02  5.877425740350395e+02	1	1	0.000000000000000e+00	0.000000000000000e+00	0.000000000000000e+00
14	-5.773502691896258e-01  5.773502691896258e-01 -5.773502691896258e-01	 7.071067811865476e-01  0.000000000000000e+00 -7.071067811865476e-01	-5.328942984620248e+02  0.000000000000000e+00  5.328942984620248e+02	1	0	0.000000000000000e+00	0.000000000000000e+00	0.000000000000000e+00
15	-5.773502691896258e-01  5.773502691896258e-01 -5.773502691896258e-01	-3.124842898819631e-18  7.071067811865476e-01  7.071067811865476e-01	 8.547268868455420e-16 -1.934123401785247e+02 -1.934123401785247e+02	1	0	0.000000000000000e+00	0.000000000000000e+00	0.000000000000000e+00
16	-5.773502691896258e-01  5.773502691896258e-01 -5.773502691896258e-01	 7.071067811865476e-01  7.071067811865476e-01 -3.124842898819631e-18	 5.519468573452824e+02  5.519468573452824e+02 -2.439160906938323e-15	1	0	0.000000000000000e+00	0.000000000000000e+00	0.000000000000000e+00
17	-5.773502691896258e-01  5.773502691896258e-01 -5.773502691896258e-01	-7.071067811865476e-01  0.000000000000000e+00  7.071067811865476e-01	 1.412198758437825e+03  0.000000000000000e+00 -1.412198758437825e+03	1	0	0.000000000000000e+00	0.000000000000000e+00	0.000000000000000e+00
18	-5.773502691896258e-01  5.773502691896258e-01 -5.773502691896258e-01	-3.124842898819631e-18  7.071067811865476e-01  7.071067811865476e-01	 9.389238637586849e-16 -2.124648990617823e+02 -2.124648990617823e+02	1	0	0.000000000000000e+00	0.000000000000000e+00	0.000000000000000e+00
19	-5.773502691896258e-01  5.773502691896258e-01 -5.773502691896258e-01	-7.071067811865476e-01 -7.071067811865476e-01  3.124842898819631e-18	-7.851963660978913e+01 -7.851963660978913e+01  3.469936018238618e-16	1	0	0.000000000000000e+00	0.000000000000000e+00	0.000000000000000e+00
20	 5.773502691896258e-01 -5.773502691896258e-01  5.773502691896258e-01	0.000000000000000e+00 0.000000000000000e+00 0.000000000000000e+00	-7.597929542535472e+02  6.027536810339691e+02  3.059956426705008e+02	1	1	0.000000000000000e+00	0.000000000000000e+00	0.000000000000000e+00
0	0	1	0
6	0	1	0
5	5	0	0
6	5	0	0
0	6	0	0
5	0	6	0
1	1	2	0
6	1	2	0
0	1	7	0
1	7	1	0
2	2	3	0
6	2	3	0
1	2	8	0
2	8	2	0
3	3	4	0
6	3	4	0
2	3	9	0
3	9	3	0
4	4	5	0
6	4	5	0
3	4	10	0
4	10	4	0
4	5	11	0
5	11	5	0
5	6	66	0
0	67	6	0
0	7	42	0
1	68	7	0
2	69	8	0
1	8	70	0
2	9	71	0
3	72	9	0
3	10	38	0
4	73	10	0
5	74	11	0
4	11	75	0
7	12	13	0
13	12	13	0
12	17	12	0
13	17	12	0
7	18	12	0
12	12	18	0
8	13	14	0
13	13	14	0
7	13	19	0
8	19	13	0
9	14	15	0
13	14	15	0
8	14	20	0
9	20	14	0
10	15	16	0
13	15	16	0
9	15	21	0
10	21	15	0
11	16	17	0
13	16	17	0
10	16	22	0
11	22	16	0
11	17	23	0
12	23	17	0
7	76	18	0
12	18	110	0
7	19	78	0
8	79	19	0
8	20	80	0
9	111	20	0
10	83	21	0
9	21	112	0
10	22	84	0
11	85	22	0
11	23	87	0
12	113	23	0
14	24	25	0
20	24	25	0
19	29	24	0
20	29	24	0
14	30	24	0
19	24	30	0
15	25	26	0
20	25	26	0
14	25	31	0
15	31	25	0
16	26	27	0
20	26	27	0
15	26	32	0
16	32	26	0
17	27	28	0
20	27	28	0
16	27	33	0
17	33	27	0
18	28	29	0
20	28	29	0
17	28	34	0
18	34	28	0
18	29	35	0
19	35	29	0
14	88	30	0
19	30	89	0
14	31	90	0
15	91	31	0
16	40	32	0
15	32	92	0
17	93	33	0
16	33	94	0
17	34	95	0
18	96	34	0
19	36	35	0
18	35	97	0
19	98	36	0
15	36	99	0
15	100	36	0
1	38	101	0
1	102	38	0
3	38	103	0
16	104	40	0
18	40	105	0
18	106	40	0
0	42	107	0
4	42	108	0
4	109	42	0
5	66	44	0
5	44	74	0
0	45	67	0
0	107	45	0
1	46	68	0
1	101	46	0
2	47	69	0
2	71	47	0
1	70	48	0
1	48	102	0
3	49	72	0
3	103	49	0
4	50	73	0
4	108	50	0
4	75	51	0
4	51	109	0
7	52	76	0
7	78	52	0
12	114	53	0
12	53	115	0
8	54	79	0
8	80	54	0
9	55	116	0
9	117	55	0
10	56	83	0
10	84	56	0
11	57	85	0
11	87	57	0
14	58	88	0
14	90	58	0
19	89	59	0
19	59	98	0
15	60	91	0
15	99	60	0
15	92	61	0
15	61	100	0
17	62	93	0
17	95	62	0
16	94	63	0
16	63	104	0
18	64	96	0
18	105	64	0
18	97	65	0
18	65	106	0
12	110	77	0
12	77	114	0
9	81	111	0
9	116	81	0
9	112	82	0
9	82	117	0
12	86	113	0
12	115	86	0
