114
21
172
0	1.570392732195782e+03 3.025315410553647e+02 8.256108849411653e+02	0.000000000000000e+00 0.000000000000000e+00 0.000000000000000e+00	1.000000000000000e+00	0	0	0
1	 1.130451827073287e+03 -5.773502691896260e+02  1.265551790063660e+03	0.000000000000000e+00 0.000000000000000e+00 0.000000000000000e+00	1.000000000000000e+00	0	0	1
2	-1.974537920628516e+02 -1.241303078757696e+03  6.015989804955904e+02	0.000000000000000e+00 0.000000000000000e+00 0.000000000000000e+00	1.000000000000000e+00	0	0	2
3	 2.032272947547480e+02 -1.641984165575296e+03  1.402961154130791e+03	0.000000000000000e+00 0.000000000000000e+00 0.000000000000000e+00	1.000000000000000e+00	0	0	3
4	 6.431681998772439e+02 -7.621023553303065e+02  9.630202490082960e+02	0.000000000000000e+00 0.000000000000000e+00 0.000000000000000e+00	1.000000000000000e+00	0	0	4
5	 1.971073819013383e+03 -9.814954576223676e+01  1.626973058576365e+03	0.000000000000000e+00 0.000000000000000e+00 0.000000000000000e+00	1.000000000000000e+00	0	0	5
6	1.570320433768730e+03 3.026038394824162e+02 8.256831833682168e+02	-1.085885305656120e-04  1.089520519599319e-04  1.084658215404488e-04	1.000000000000000e+00	0	0	6
7	 1.130344469228512e+03 -5.772429113448511e+02  1.265659147908435e+03	-1.808620872907341e-04  1.812374102883041e-04  1.810514222597703e-04	1.000000000000000e+00	0	0	7
8	-1.973790305439867e+02 -1.241377840276561e+03  6.015242189767255e+02	 1.114404076361097e-04 -1.115303384722210e-04 -1.115256018238142e-04	1.000000000000000e+00	0	0	8
9	 2.032249705088291e+02 -1.641981841329377e+03  1.402963478376710e+03	-2.897523700085003e-06  2.875300651794532e-06  2.917584424722008e-06	1.000000000000000e+00	0	0	9
10	 6.431986441473354e+02 -7.621327996003980e+02  9.629898047382045e+02	 6.662724626949057e-05 -6.718608347000554e-05 -6.870031938888133e-05	1.000000000000000e+00	0	0	10
11	 1.971089259066881e+03 -9.816498581573401e+01  1.626957618522868e+03	 2.368351852055639e-05 -2.366405169595964e-05 -2.365998807363212e-05	1.000000000000000e+00	0	0	11
12	-2.170837012152994e+02  1.154700538379251e+02  5.877425740350395e+02	0.000000000000000e+00 0.000000000000000e+00 0.000000000000000e+00	1.000000000000000e+00	12	0	12
13	 1.408734656822689e+02 -6.004442799572098e+02  9.456997409326077e+02	0.000000000000000e+00 0.000000000000000e+00 0.000000000000000e+00	1.000000000000000e+00	12	0	13
14	 9.214510296266424e+02 -9.907330619293978e+02  5.554109589604201e+02	0.000000000000000e+00 0.000000000000000e+00 0.000000000000000e+00	1.000000000000000e+00	12	0	14
15	 1.853294364098699e+03 -5.888972745734176e+01 -1.308275709983692e+03	0.000000000000000e+00 0.000000000000000e+00 0.000000000000000e+00	1.000000000000000e+00	12	0	15
16	 1.495337197201131e+03  6.570246063377946e+02 -1.666232876881260e+03	0.000000000000000e+00 0.000000000000000e+00 0.000000000000000e+00	1.000000000000000e+00	12	0	16
17	 7.147596332567570e+02  1.047313388309982e+03 -1.275944094909073e+03	0.000000000000000e+00 0.000000000000000e+00 0.000000000000000e+00	1.000000000000000e+00	12	0	17
18	-2.172519588138117e+02  1.153017962394128e+02  5.875743164365273e+02	-2.503923994178573e-04 -2.503923994178573e-04 -2.503923994178573e-04	1.000000000000000e+00	12	0	18
19	 1.411202316408908e+02 -6.001975139985880e+02  9.459465068912295e+02	3.663401391046743e-04 3.663401391046743e-04 3.663401391046743e-04	1.000000000000000e+00	12	0	19
20	 9.214971958996423e+02 -9.906868956563978e+02  5.554571252334200e+02	7.123205432435498e-05 7.065325189614668e-05 7.076367182889953e-05	1.000000000000000e+00	12	0	20
21	 1.853376252013302e+03 -5.880783954273918e+01 -1.308193822069090e+03	1.224070292664692e-04 1.223780855070800e-04 1.224076841026545e-04	1.000000000000000e+00	12	0	21
22	 1.495555715415662e+03  6.572431245523256e+02 -1.666014358666729e+03	3.283155868606021e-04 3.283155868606021e-04 3.283155868606021e-04	1.000000000000000e+00	12	0	22
23	 7.156956230927434e+02  1.048249378145968e+03 -1.275008105073087e+03	1.393576734699309e-03 1.393576734699309e-03 1.393576734699309e-03	1.000000000000000e+00	12	0	23
24	-7.597929542535472e+02  6.027536810339691e+02  3.059956426705008e+02	0.000000000000000e+00 0.000000000000000e+00 0.000000000000000e+00	1.000000000000000e+00	24	0	24
25	-1.191650955607388e+03 -2.609623216737101e+02 -1.258623586833382e+02	0.000000000000000e+00 0.000000000000000e+00 0.000000000000000e+00	1.000000000000000e+00	24	0	25
26	 5.126870390403868e+02  5.912066756501777e+02 -9.780313560072266e+02	0.000000000000000e+00 0.000000000000000e+00 0.000000000000000e+00	1.000000000000000e+00	24	0	26
27	 9.572467463163994e+02  1.466469683741651e+02 -1.867150770559250e+03	0.000000000000000e+00 0.000000000000000e+00 0.000000000000000e+00	1.000000000000000e+00	24	0	27
28	 1.389104747670240e+03  1.010362971081845e+03 -1.435292769205410e+03	0.000000000000000e+00 0.000000000000000e+00 0.000000000000000e+00	1.000000000000000e+00	24	0	28
29	-3.152332469775362e+02  1.581939737579582e+02 -5.831237718815206e+02	0.000000000000000e+00 0.000000000000000e+00 0.000000000000000e+00	1.000000000000000e+00	24	0	29
30	-7.598434789779468e+02  6.028042057583688e+02  3.059451179461012e+02	-7.521329825976864e-05  7.521930092480034e-05 -7.501521758968011e-05	1.000000000000000e+00	24	0	30
31	-1.191748013652805e+03 -2.608652636282932e+02 -1.259594167287551e+02	-1.449676783522591e-04  1.448020630050451e-04 -1.449715782655403e-04	1.000000000000000e+00	24	0	31
32	 5.100149930909680e+02  5.938787215995965e+02 -9.807034019566454e+02	-6.984499748796224e-03  6.984499748796225e-03 -6.984499748796225e-03	1.000000000000000e+00	24	0	32
33	 9.568666429210149e+02  1.470270717695496e+02 -1.867530873954634e+03	-5.689049915721019e-04  5.689049915721019e-04 -5.689049915721019e-04	1.000000000000000e+00	24	0	33
34	 1.388386924013792e+03  1.011080794738292e+03 -1.436010592861857e+03	-1.076381304301322e-03  1.076381304301322e-03 -1.076381304301322e-03	1.000000000000000e+00	24	0	34
35	-3.141043969841472e+02  1.570651237645692e+02 -5.819949218881317e+02	 3.706316618869702e-03 -3.706316618869702e-03  3.706316618869702e-03	1.000000000000000e+00	24	0	35
36	-3.281865947384634e+02  1.711473215188854e+02 -5.579720018759331e+02	-9.815191733650863e-04  9.815191733650863e-04 -9.815191733650863e-04	1.000000000000000e+00	24	0	36
38	 6.037790119220454e+02 -8.404926222897921e+02  1.002409436963494e+03	-1.955167390406132e-04  1.964528346434236e-04  1.957398490048945e-04	1.000000000000000e+00	0	0	38
40	 5.261665675717458e+02  5.777271471188189e+02 -1.002656945242383e+03	 2.052107748265068e-03 -2.052107748265068e-03  2.052107748265068e-03	1.000000000000000e+00	24	0	40
42	 1.169740295942381e+03 -4.988592831440366e+02  1.226263321194566e+03	 4.652550342143513e-05 -4.636547964764759e-05 -4.634185825125314e-05	1.000000000000000e+00	0	0	42
44	1.770744741446189e+03 1.021795318049576e+02 1.226280508627516e+03	 1.747350688674487e-05 -1.747350688674487e-05 -1.746523230394814e-05	1.000000000000000e+00	0	0	44
45	 1.369869630705691e+03 -9.796703225710741e+01  1.026133986431257e+03	-2.746326208580285e-04  2.744987723417580e-04  2.746326208580285e-04	1.000000000000000e+00	0	0	45
46	 8.669878613210834e+02 -7.087939184147604e+02  1.134108140838526e+03	-3.279052616562694e-04  3.278044459875673e-04  3.278044459875673e-04	1.000000000000000e+00	0	0	46
47	 2.952279759436396e+00 -1.441709150579984e+03  1.002214542740760e+03	 9.790081094251946e-05 -9.790081094251946e-05 -9.788955503609031e-05	1.000000000000000e+00	0	0	47
48	 2.033624730591446e+02 -1.041097672652764e+03  8.018043866005225e+02	 2.006434078793973e-04 -2.005215355893597e-04 -2.005215355893597e-04	1.000000000000000e+00	0	0	48
49	 4.034817300115940e+02 -1.241217021937048e+03  1.202706718873945e+03	-1.286359620280564e-04  1.284822938032448e-04  1.286359620280564e-04	1.000000000000000e+00	0	0	49
50	 9.067010222571762e+02 -6.307274017750874e+02  1.094395202563515e+03	 4.305577604100108e-04 -4.299419524613768e-04 -4.299419524613768e-04	1.000000000000000e+00	0	0	50
51	 1.570459598564132e+03 -2.985569455541763e+02  1.426565658784426e+03	 1.015090820146725e-04 -1.014785957522690e-04 -1.014785957522690e-04	1.000000000000000e+00	0	0	51
52	-3.803851383103506e+01 -2.424205050333425e+02  7.667877614193036e+02	1.004850564640947e-04 1.004977530101314e-04 1.004850564640947e-04	1.000000000000000e+00	12	0	52
53	 2.488782116758525e+02  5.814319667290771e+02 -3.440605138180434e+02	5.061549745732918e-05 5.061549745732918e-05 5.061819319962524e-05	1.000000000000000e+00	12	0	53
54	 5.311444878068172e+02 -7.956062039862143e+02  7.505378169036040e+02	-2.308236253156792e-05 -2.240202411485370e-05 -2.240202411485370e-05	1.000000000000000e+00	12	0	54
55	 1.387377909254459e+03 -5.248061823015823e+02 -3.764271625646571e+02	8.329445336130448e-06 8.329445336130448e-06 8.331192475452553e-06	1.000000000000000e+00	12	0	55
56	 1.674511920369191e+03  2.992635330810950e+02 -1.487058153713201e+03	2.910043986048549e-04 2.908675232902169e-04 2.910043986048549e-04	1.000000000000000e+00	12	0	56
57	 1.104208119979314e+03  8.513234732096487e+02 -1.471934010009406e+03	-1.246139407157898e-03 -1.261711004190147e-03 -1.261711004190147e-03	1.000000000000000e+00	12	0	57
58	-9.758717559240210e+02  1.710455488662857e+02  8.991684100002863e+01	-2.216779248556122e-04  2.218810259364545e-04 -2.216779248556122e-04	1.000000000000000e+00	24	0	58
59	-5.439194157398697e+02  3.868801425202914e+02 -1.259178497077352e+02	-8.108638576231897e-05  8.108638576231897e-05 -8.117075049085543e-05	1.000000000000000e+00	24	0	59
60	-7.599015653900915e+02 -4.492476711981305e+01 -3.418999132372364e+02	-1.639767433516681e-04  1.638016983633861e-04 -1.638016983633861e-04	1.000000000000000e+00	24	0	60
61	 8.991284647783260e+01  3.835008014051633e+02 -7.703254817622127e+02	-7.189675699919462e-03  7.119821850210428e-03 -7.119821850210428e-03	1.000000000000000e+00	24	0	61
62	 1.173110369406402e+03  5.785704006641249e+02 -1.651287147469248e+03	-1.400296023348346e-04  1.399586035404354e-04 -1.400296023348346e-04	1.000000000000000e+00	24	0	62
63	 7.406482378028729e+02  3.632454768876919e+02 -1.435962175689031e+03	-1.002634991891682e-03  1.002634991891682e-03 -1.002341043204069e-03	1.000000000000000e+00	24	0	63
64	 9.576928659736718e+02  7.939898530054743e+02 -1.218919651129039e+03	 6.607213290408254e-04 -6.547627854160964e-04  6.547627854160964e-04	1.000000000000000e+00	24	0	64
65	 1.075725833400181e+02  3.658422342766980e+02 -7.907720324002628e+02	 7.196654099971056e-03 -7.260336540639400e-03  7.260336540639400e-03	1.000000000000000e+00	24	0	65
66	1.670608312184091e+03 2.023159610670562e+02 1.025906097052269e+03	 6.882554589537904e-05 -6.882554589537904e-05 -6.889594806125388e-05	1.000000000000000e+00	0	0	66
67	1.470014068177037e+03 1.023994808506683e+02 9.259895489599101e+02	-3.136834420729429e-04  3.139585605822504e-04  3.136834420729429e-04	1.000000000000000e+00	0	0	67
68	 9.986514653747086e+02 -6.430036229190914e+02  1.199898436334195e+03	-2.799432841129601e-04  2.802062081173062e-04  2.802062081173062e-04	1.000000000000000e+00	0	0	68
69	-9.722101774411929e+01 -1.341535853076429e+03  8.018770229899692e+02	 9.291710011893883e-05 -9.291710011893883e-05 -9.291215246776119e-05	1.000000000000000e+00	0	0	69
70	 3.031551257452890e+00 -1.141277634321521e+03  7.016244249317647e+02	 2.154466055799276e-04 -2.155280963052064e-04 -2.155280963052064e-04	1.000000000000000e+00	0	0	70
71	 1.031023380676543e+02 -1.541859208888202e+03  1.202575306560166e+03	 6.847549957456067e-05 -6.847549957456067e-05 -6.844280142104253e-05	1.000000000000000e+00	0	0	71
72	 3.033473950522077e+02 -1.441593466096383e+03  1.302841053833332e+03	-7.480478961952031e-05  7.475886377505958e-05  7.480478961952031e-05	1.000000000000000e+00	0	0	72
73	 7.751225306806873e+02 -6.966033348437763e+02  1.028519269494826e+03	 5.103015573695302e-04 -5.116945831105113e-04 -5.116945831105113e-04	1.000000000000000e+00	0	0	73
74	1.870896904926025e+03 2.027368325121437e+00 1.426639158271595e+03	-1.008203253149986e-05  1.008203253149986e-05  1.008427170745563e-05	1.000000000000000e+00	0	0	74
75	 1.770784875348492e+03 -1.983714075898315e+02  1.526751196748771e+03	 7.862145139370114e-05 -7.859209290472791e-05 -7.859209290472791e-05	1.000000000000000e+00	0	0	75
76	-1.275243520094334e+02 -6.343839818025332e+01  6.773019232409052e+02	1.035244713420980e-04 1.037439506035298e-04 1.035244713420980e-04	1.000000000000000e+00	12	0	76
77	1.571470642396259e+01 3.482684614771871e+02 1.216582758093651e+02	-2.438041265122592e-04 -2.438041265122592e-04 -2.444190904498100e-04	1.000000000000000e+00	12	0	77
78	 5.146874716761694e+01 -4.213810529547388e+02  8.562950224179556e+02	1.282503653783351e-04 1.284618483623490e-04 1.282503653783351e-04	1.000000000000000e+00	12	0	78
79	 3.360591221900087e+02 -6.979753709862107e+02  8.481686499036075e+02	6.438318814616650e-05 6.389969348674640e-05 6.389969348674640e-05	1.000000000000000e+00	12	0	79
80	 7.265849451744568e+02 -8.928824902918105e+02  6.532615305980077e+02	4.132013127673417e-04 4.134073969908059e-04 4.134073969908059e-04	1.000000000000000e+00	12	0	80
81	 1.154399024080755e+03 -7.577850674752867e+02  8.947645030519132e+01	-1.906975194287952e-05 -1.906975194287952e-05 -1.907642945297994e-05	1.000000000000000e+00	12	0	81
82	 1.620386269343707e+03 -2.917978222123343e+02 -8.423012940425639e+02	7.926370017230511e-05 7.926370017230511e-05 7.929329149192199e-05	1.000000000000000e+00	12	0	82
83	 1.763922442568068e+03  1.202061655664350e+02 -1.397647631514324e+03	1.748056383803487e-04 1.746252673910931e-04 1.748056383803487e-04	1.000000000000000e+00	12	0	83
84	 1.585011948030863e+03  4.782314736381456e+02 -1.576558126051529e+03	2.761290525086224e-04 2.761026844382286e-04 2.761290525086224e-04	1.000000000000000e+00	12	0	84
85	 1.300770494132327e+03  7.551747136011750e+02 -1.568082769617880e+03	7.188944728113711e-04 7.175218779593706e-04 7.175218779593706e-04	1.000000000000000e+00	12	0	85
86	 4.818472997898946e+02  8.144010548431191e+02 -8.099738139020071e+02	6.958971061976627e-05 6.958971061976627e-05 6.994350405875593e-05	1.000000000000000e+00	12	0	86
87	 9.109408833303053e+02  9.507728887392318e+02 -1.372484594479823e+03	1.543056918308139e-03 1.527682994492352e-03 1.527682994492352e-03	1.000000000000000e+00	12	0	87
88	-8.677981713237834e+02  3.868654305931943e+02  1.979904256002663e+02	-5.897168375668116e-05  5.907158629270270e-05 -5.897168375668116e-05	1.000000000000000e+00	24	0	88
89	-6.519984875898667e+02  4.949592143702884e+02  8.989661265860914e+01	-2.531421487219632e-04  2.531421487219632e-04 -2.531291393097490e-04	1.000000000000000e+00	24	0	89
90	-1.083870968601339e+03 -4.484884210869728e+01 -1.808237167728904e+01	-2.743755176197737e-04  2.742729266174138e-04 -2.743755176197737e-04	1.000000000000000e+00	24	0	90
91	-9.757669097782572e+02 -1.529528754288814e+02 -2.338718049281680e+02	-6.786885933252051e-05  6.784150173189119e-05 -6.784150173189119e-05	1.000000000000000e+00	24	0	91
92	 2.994946776239489e+02  4.891619617996747e+02 -8.759866421567241e+02	-7.940366864204407e-03  7.928450591862202e-03 -7.928450591862202e-03	1.000000000000000e+00	24	0	92
93	 1.064969371322272e+03  3.628181115051628e+02 -1.759428145553378e+03	-3.603434015531093e-04  3.611215506680310e-04 -3.603434015531093e-04	1.000000000000000e+00	24	0	93
94	 8.486539640488489e+02  2.552397506417159e+02 -1.651850644301176e+03	-9.405818418599665e-04  9.405818418599665e-04 -9.423638693988323e-04	1.000000000000000e+00	24	0	94
95	 1.280421317623829e+03  7.951500829861141e+02 -1.543976199251821e+03	-1.314915600232780e-03  1.304798293858767e-03 -1.314915600232780e-03	1.000000000000000e+00	24	0	95
96	 1.172807478206571e+03  9.027666984700841e+02 -1.327696496593649e+03	-5.531758069992065e-04  5.530318594537675e-04 -5.530318594537675e-04	1.000000000000000e+00	24	0	96
97	-1.033582021992144e+02  2.615430958359341e+02 -6.864728939594988e+02	 5.569252651184797e-03 -5.625172983855009e-03  5.625172983855009e-03	1.000000000000000e+00	24	0	97
98	-4.356596162596350e+02  2.786203430400568e+02 -3.415518670823232e+02	 3.599989868234843e-04 -3.599989868234843e-04  3.585794474929571e-04	1.000000000000000e+00	24	0	98
99	-5.440577527325552e+02  6.312496381091301e+01 -4.499496441679625e+02	-2.990915963891894e-04  2.988050691783428e-04 -2.988050691783428e-04	1.000000000000000e+00	24	0	99
100	-1.194391311773884e+02  2.776200454046951e+02 -6.644447257617445e+02	-5.473308730870485e-03  5.391293670982122e-03 -5.391293670982122e-03	1.000000000000000e+00	24	0	100
101	 7.354052171636530e+02 -7.746650942290953e+02  1.068236965024191e+03	-2.420970704406500e-04  2.418875228613615e-04  2.418875228613615e-04	1.000000000000000e+00	0	0	101
102	 4.036062061295313e+02 -9.408305821478391e+02  9.020714771054470e+02	 5.728930773329921e-05 -5.714065264328383e-05 -5.714065264328383e-05	1.000000000000000e+00	0	0	102
103	 5.035428956962389e+02 -1.040767310059614e+03  1.102645553189300e+03	-2.911854244302958e-04  2.912179334089160e-04  2.911854244302958e-04	1.000000000000000e+00	0	0	103
104	 6.327704527061263e+02  4.711232619844384e+02 -1.219944073304002e+03	-8.784912060946226e-04  8.784912060946226e-04 -8.698577294126153e-04	1.000000000000000e+00	24	0	104
105	 7.414790921449360e+02  6.863085744041371e+02 -1.111238372527702e+03	 2.655278658494353e-04 -2.635101845953614e-04  2.635101845953614e-04	1.000000000000000e+00	24	0	105
106	 3.182190884532287e+02  4.704583863684015e+02 -8.953881844919662e+02	 7.886711508035660e-03 -7.791037671267986e-03  7.791037671267986e-03	1.000000000000000e+00	24	0	106
107	 1.269739347321260e+03 -2.983476239329967e+02  1.126264269815688e+03	-2.157190174330026e-04  2.154012763639912e-04  2.157190174330026e-04	1.000000000000000e+00	0	0	107
108	 1.038268055535511e+03 -5.648405910082836e+02  1.160282013330319e+03	 3.189281269442290e-04 -3.181198553647846e-04 -3.181198553647846e-04	1.000000000000000e+00	0	0	108
109	 1.370143087300904e+03 -3.987512761671358e+02  1.326371328171467e+03	 1.385822397423908e-04 -1.386331568937749e-04 -1.386331568937749e-04	1.000000000000000e+00	0	0	109
110	-1.009637291043219e+02  2.315900259489027e+02  3.544213229866849e+02	-5.381229566410184e-04 -5.381229566410184e-04 -5.380385555326939e-04	1.000000000000000e+00	12	0	110
111	 1.037883659618367e+03 -8.743004319376746e+02  3.224023562577308e+02	-7.066447142278776e-05 -7.066447142278776e-05 -7.061135693220422e-05	1.000000000000000e+00	12	0	111
112	 1.736895144872371e+03 -1.752889466836700e+02 -1.075233671719922e+03	1.215131997014396e-04 1.215131997014396e-04 1.215343072544783e-04	1.000000000000000e+00	12	0	112
113	 5.987738998654087e+02  9.313276549186331e+02 -1.042487169959867e+03	7.383119664154947e-04 7.383119664154947e-04 7.425249787047505e-04	1.000000000000000e+00	12	0	113
114	 1.323828807497910e+02  4.649366358030155e+02 -1.111145946660287e+02	3.448192364885472e-05 3.448192364885472e-05 3.448065763222985e-05	1.000000000000000e+00	12	0	114
115	 3.653363915519029e+02  6.978901466051275e+02 -5.770435851670102e+02	7.791941243340261e-06 7.791941243340261e-06 7.791471944074146e-06	1.000000000000000e+00	12	0	115
116	 1.270889107453621e+03 -6.412949841024199e+02 -1.434747146863521e+02	-4.410286692291265e-06 -4.410286692291265e-06 -4.410825567902066e-06	1.000000000000000e+00	12	0	116
117	 1.503876042707475e+03 -4.083080488485664e+02 -6.093702762695062e+02	3.484985063550994e-05 3.484985063550994e-05 3.486146306386217e-05	1.000000000000000e+00	12	0	117
0	-5.773502691896258e-01  5.773502691896258e-01  5.773502691896258e-01	-7.071067811865476e-01  3.124842898819631e-18 -7.071067811865476e-01	 1.198001808568474e+03 -5.294203851356715e-15  1.198001808568474e+03	1	0	0.000000000000000e+00	0.000000000000000e+00	0.000000000000000e+00
1	-5.773502691896258e-01  5.773502691896258e-01  5.773502691896258e-01	 0.000000000000000e+00  7.071067811865476e-01 -7.071067811865476e-01	 0.000000000000000e+00 -9.214510296266430e+02  9.214510296266430e+02	1	0	0.000000000000000e+00	0.000000000000000e+00	0.000000000000000e+00
2	-5.773502691896258e-01  5.773502691896258e-01  5.773502691896258e-01	 7.071067811865476e-01  7.071067811865476e-01 -3.124842898819631e-18	-7.193784354102739e+02 -7.193784354102739e+02  3.179073734356852e-15	1	0	0.000000000000000e+00	0.000000000000000e+00	0.000000000000000e+00
3	-5.773502691896258e-01  5.773502691896258e-01  5.773502691896258e-01	 7.071067811865476e-01 -3.124842898819631e-18  7.071067811865476e-01	 8.030942244427697e+02 -3.549030148066116e-15  8.030942244427697e+02	1	0	0.000000000000000e+00	0.000000000000000e+00	0.000000000000000e+00
4	-5.773502691896258e-01  5.773502691896258e-01  5.773502691896258e-01	 0.000000000000000e+00  7.071067811865476e-01 -7.071067811865476e-01	 0.000000000000000e+00 -8.625613021693013e+02  8.625613021693013e+02	1	0	0.000000000000000e+00	0.000000000000000e+00	0.000000000000000e+00
5	-5.773502691896258e-01  5.773502691896258e-01  5.773502691896258e-01	-7.071067811865476e-01 -7.071067811865476e-01  3.124842898819631e-18	 9.364621366255734e+02  9.364621366255734e+02 -4.138408986458117e-15	1	0	0.000000000000000e+00	0.000000000000000e+00	0.000000000000000e+00
6	 5.773502691896258e-01 -5.773502691896258e-01 -5.773502691896258e-01	0.000000000000000e+00 0.000000000000000e+00 0.000000000000000e+00	1.570392732195782e+03 3.025315410553647e+02 8.256108849411653e+02	1	1	0.000000000000000e+00	0.000000000000000e+00	0.000000000000000e+00
7	-5.773502691896258e-01 -5.773502691896258e-01 -5.773502691896258e-01	-7.071067811865476e-01  0.000000000000000e+00  7.071067811865476e-01	-4.024131376251693e+02  0.000000000000000e+00  4.024131376251693e+02	1	0	0.000000000000000e+00	0.000000000000000e+00	0.000000000000000e+00
8	-5.773502691896258e-01 -5.773502691896258e-01 -5.773502691896258e-01	 0.000000000000000e+00 -7.071067811865476e-01  7.071067811865476e-01	 0.000000000000000e+00 -7.730720104449091e+02  7.730720104449091e+02	1	0	0.000000000000000e+00	0.000000000000000e+00	0.000000000000000e+00
9	-5.773502691896258e-01 -5.773502691896258e-01 -5.773502691896258e-01	 7.071067811865476e-01 -7.071067811865476e-01  0.000000000000000e+00	 9.560920457780206e+02 -9.560920457780206e+02  0.000000000000000e+00	1	0	0.000000000000000e+00	0.000000000000000e+00	0.000000000000000e+00
10	-5.773502691896258e-01 -5.773502691896258e-01 -5.773502691896258e-01	 7.071067811865476e-01  0.000000000000000e+00 -7.071067811865476e-01	 1.580785037041196e+03  0.000000000000000e+00 -1.580785037041196e+03	1	0	0.000000000000000e+00	0.000000000000000e+00	0.000000000000000e+00
11	-5.773502691896258e-01 -5.773502691896258e-01 -5.773502691896258e-01	 0.000000000000000e+00  7.071067811865476e-01 -7.071067811865476e-01	 0.000000000000000e+00  1.161628741609527e+03 -1.161628741609527e+03	1	0	0.000000000000000e+00	0.000000000000000e+00	0.000000000000000e+00
12	-5.773502691896258e-01 -5.773502691896258e-01 -5.773502691896258e-01	-7.071067811865476e-01  7.071067811865476e-01  0.000000000000000e+00	-1.662768775266123e+02  1.662768775266123e+02  0.000000000000000e+00	1	0	0.000000000000000e+00	0.000000000000000e+00	0.000000000000000e+00
13	5.773502691896258e-01 5.773502691896258e-01 5.773502691896258e-01	0.000000000000000e+00 0.000000000000000e+00 0.000000000000000e+00	-2.170837012152994e+02  1.154700538379251e+02  5.877425740350395e+02	1	1	0.000000000000000e+00	0.000000000000000e+00	0.000000000000000e+00
14	-5.773502691896258e-01  5.773502691896258e-01 -5.773502691896258e-01	 7.071067811865476e-01  0.000000000000000e+00 -7.071067811865476e-01	-5.328942984620248e+02  0.000000000000000e+00  5.328942984620248e+02	1	0	0.000000000000000e+00	0.000000000000000e+00	0.000000000000000e+00
15	-5.773502691896258e-01  5.773502691896258e-01 -5.773502691896258e-01	-3.124842898819631e-18  7.071067811865476e-01  7.071067811865476e-01	 8.547268868455420e-16 -1.934123401785247e+02 -1.934123401785247e+02	1	0	0.000000000000000e+00	0.000000000000000e+00	0.000000000000000e+00
16	-5.773502691896258e-01  5.773502691896258e-01 -5.773502691896258e-01	 7.071067811865476e-01  7.071067811865476e-01 -3.124842898819631e-18	 5.519468573452824e+02  5.519468573452824e+02 -2.439160906938323e-15	1	0	0.000000000000000e+00	0.000000000000000e+00	0.000000000000000e+00
17	-5.773502691896258e-01  5.773502691896258e-01 -5.773502691896258e-01	-7.071067811865476e-01  0.000000000000000e+00  7.071067811865476e-01	 1.412198758437825e+03  0.000000000000000e+00 -1.412198758437825e+03	1	0	0.000000000000000e+00	0.000000000000000e+00	0.000000000000000e+00
18	-5.773502691896258e-01  5.773502691896258e-01 -5.773502691896258e-01	-3.124842898819631e-18  7.071067811865476e-01  7.071067811865476e-01	 9.389238637586849e-16 -2.124648990617823e+02 -2.124648990617823e+02	1	0	0.000000000000000e+00	0.000000000000000e+00	0.000000000000000e+00
19	-5.773502691896258e-01  5.773502691896258e-01 -5.773502691896258e-01	-7.071067811865476e-01 -7.071067811865476e-01  3.124842898819631e-18	-7.851963660978913e+01 -7.851963660978913e+01  3.469936018238618e-16	1	0	0.000000000000000e+00	0.000000000000000e+00	0.000000000000000e+00
20	 5.773502691896258e-01 -5.773502691896258e-01  5.773502691896258e-01	0.000000000000000e+00 0.000000000000000e+00 0.000000000000000e+00	-7.597929542535472e+02  6.027536810339691e+02  3.059956426705008e+02	1	1	0.000000000000000e+00	0.000000000000000e+00	0.000000000000000e+00
0	0	1	0
6	0	1	0
5	5	0	0
6	5	0	0
0	6	0	0
5	0	6	0
1	1	2	0
6	1	2	0
0	1	7	0
1	7	1	0
2	2	3	0
6	2	3	0
1	2	8	0
2	8	2	0
3	3	4	0
6	3	4	0
2	3	9	0
3	9	3	0
4	4	5	0
6	4	5	0
3	4	10	0
4	10	4	0
4	5	11	0
5	11	5	0
5	6	66	0
0	67	6	0
0	7	42	0
1	68	7	0
2	69	8	0
1	8	70	0
2	9	71	0
3	72	9	0
3	10	38	0
4	73	10	0
5	74	11	0
4	11	75	0
7	12	13	0
13	12	13	0
12	17	12	0
13	17	12	0
7	18	12	0
12	12	18	0
8	13	14	0
13	13	14	0
7	13	19	0
8	19	13	0
9	14	15	0
13	14	15	0
8	14	20	0
9	20	14	0
10	15	16	0
13	15	16	0
9	15	21	0
10	21	15	0
11	16	17	0
13	16	17	0
10	16	22	0
11	22	16	0
11	17	23	0
12	23	17	0
7	76	18	0
12	18	110	0
7	19	78	0
8	79	19	0
8	20	80	0
9	111	20	0
10	83	21	0
9	21	112	0
10	22	84	0
11	85	22	0
11	23	87	0
12	113	23	0
14	24	25	0
20	24	25	0
19	29	24	0
20	29	24	0
14	30	24	0
19	24	30	0
15	25	26	0
20	25	26	0
14	25	31	0
15	31	25	0
16	26	27	0
20	26	27	0
15	26	32	0
16	32	26	0
17	27	28	0
20	27	28	0
16	27	33	0
17	33	27	0
18	28	29	0
20	28	29	0
17	28	34	0
18	34	28	0
18	29	35	0
19	35	29	0
14	88	30	0
19	30	89	0
14	31	90	0
15	91	31	0
16	40	32	0
15	32	92	0
17	93	33	0
16	33	94	0
17	34	95	0
18	96	34	0
19	36	35	0
18	35	97	0
19	98	36	0
15	36	99	0
15	100	36	0
1	38	101	0
1	102	38	0
3	38	103	0
16	104	40	0
18	40	105	0
18	106	40	0
0	42	107	0
4	42	108	0
4	109	42	0
5	66	44	0
5	44	74	0
0	45	67	0
0	107	45	0
1	46	68	0
1	101	46	0
2	47	69	0
2	71	47	0
1	70	48	0
1	48	102	0
3	49	72	0
3	103	49	0
4	50	73	0
4	108	50	0
4	75	51	0
4	51	109	0
7	52	76	0
7	78	52	0
12	114	53	0
12	53	115	0
8	54	79	0
8	80	54	0
9	55	116	0
9	117	55	0
10	56	83	0
10	84	56	0
11	57	85	0
11	87	57	0
14	58	88	0
14	90	58	0
19	89	59	0
19	59	98	0
15	60	91	0
15	99	60	0
15	92	61	0
15	61	100	0
17	62	93	0
17	95	62	0
16	94	63	0
16	63	104	0
18	64	96	0
18	105	64	0
18	97	65	0
18	65	106	0
12	110	77	0
12	77	114	0
9	81	111	0
9	116	81	0
9	112	82	0
9	82	117	0
12	86	113	0
12	115	86	0
