114
21
172
0	1.570392732195782e+03 3.025315410553647e+02 8.256108849411653e+02	0.000000000000000e+00 0.000000000000000e+00 0.000000000000000e+00	1.000000000000000e+00	0	0	0
1	 1.130451827073287e+03 -5.773502691896260e+02  1.265551790063660e+03	0.000000000000000e+00 0.000000000000000e+00 0.000000000000000e+00	1.000000000000000e+00	0	0	1
2	-1.974537920628516e+02 -1.241303078757696e+03  6.015989804955904e+02	0.000000000000000e+00 0.000000000000000e+00 0.000000000000000e+00	1.000000000000000e+00	0	0	2
3	 2.032272947547480e+02 -1.641984165575296e+03  1.402961154130791e+03	0.000000000000000e+00 0.000000000000000e+00 0.000000000000000e+00	1.000000000000000e+00	0	0	3
4	 6.431681998772439e+02 -7.621023553303065e+02  9.630202490082960e+02	0.000000000000000e+00 0.000000000000000e+00 0.000000000000000e+00	1.000000000000000e+00	0	0	4
5	 1.971073819013383e+03 -9.814954576223676e+01  1.626973058576365e+03	0.000000000000000e+00 0.000000000000000e+00 0.000000000000000e+00	1.000000000000000e+00	0	0	5
6	1.569828358267535e+03 3.030959149836112e+02 8.261752588694118e+02	-1.185886430903338e-04  1.228957698913291e-04  1.164815548690967e-04	1.000000000000000e+00	0	0	6
7	 1.128534442203932e+03 -5.754328843202709e+02  1.267469174933015e+03	-7.796009109976391e-04  7.796009109976391e-04  7.796009109976391e-04	1.000000000000000e+00	0	0	7
8	-1.969000686658918e+02 -1.241856802154656e+03  6.010452570986305e+02	 1.095153638743795e-04 -1.103008326026611e-04 -1.102948663174175e-04	1.000000000000000e+00	0	0	8
9	 2.032276630682054e+02 -1.641984533888753e+03  1.402960785817334e+03	 4.306438313506078e-06 -4.612060820363695e-06 -3.984626800956903e-06	1.000000000000000e+00	0	0	9
10	 6.445725806781137e+02 -7.635067361311764e+02  9.616158682074260e+02	 6.932514758470159e-04 -6.932514758470157e-04 -6.932514758470159e-04	1.000000000000000e+00	0	0	10
11	 1.971212098455216e+03 -9.828782520406975e+01  1.626834779134532e+03	 3.357699461048469e-05 -3.328400998725556e-05 -3.319241295685060e-05	1.000000000000000e+00	0	0	11
12	-2.170837012152994e+02  1.154700538379251e+02  5.877425740350395e+02	0.000000000000000e+00 0.000000000000000e+00 0.000000000000000e+00	1.000000000000000e+00	12	0	12
13	 1.408734656822689e+02 -6.004442799572098e+02  9.456997409326077e+02	0.000000000000000e+00 0.000000000000000e+00 0.000000000000000e+00	1.000000000000000e+00	12	0	13
14	 9.214510296266424e+02 -9.907330619293978e+02  5.554109589604201e+02	0.000000000000000e+00 0.000000000000000e+00 0.000000000000000e+00	1.000000000000000e+00	12	0	14
15	 1.853294364098699e+03 -5.888972745734176e+01 -1.308275709983692e+03	0.000000000000000e+00 0.000000000000000e+00 0.000000000000000e+00	1.000000000000000e+00	12	0	15
16	 1.495337197201131e+03  6.570246063377946e+02 -1.666232876881260e+03	0.000000000000000e+00 0.000000000000000e+00 0.000000000000000e+00	1.000000000000000e+00	12	0	16
17	 7.147596332567570e+02  1.047313388309982e+03 -1.275944094909073e+03	0.000000000000000e+00 0.000000000000000e+00 0.000000000000000e+00	1.000000000000000e+00	12	0	17
18	-2.183108261307857e+02  1.142429289224388e+02  5.865154491195533e+02	-2.390909309421355e-04 -2.390909309421355e-04 -2.390909309421355e-04	1.000000000000000e+00	12	0	18
19	 1.426423161022318e+02 -5.986754295372469e+02  9.474685913525706e+02	3.400928787110994e-04 3.400928787110994e-04 3.400928787110994e-04	1.000000000000000e+00	12	0	19
20	 9.218531941595277e+02 -9.903308973965125e+02  5.558131234933054e+02	9.630465501686558e-05 9.185065573547035e-05 9.268997382605448e-05	1.000000000000000e+00	12	0	20
21	 1.853904304235477e+03 -5.827978732056408e+01 -1.307665769846915e+03	1.211285998579115e-04 1.209365509566851e-04 1.211316048284061e-04	1.000000000000000e+00	12	0	21
22	 1.496998298643624e+03  6.586857077802870e+02 -1.664571775438768e+03	3.381291559586922e-04 3.381291559586923e-04 3.381291559586923e-04	1.000000000000000e+00	12	0	22
23	 7.215628574133706e+02  1.054116612466595e+03 -1.269140870752459e+03	1.325297052972019e-03 1.325297052972019e-03 1.325297052972019e-03	1.000000000000000e+00	12	0	23
24	-7.597929542535472e+02  6.027536810339691e+02  3.059956426705008e+02	0.000000000000000e+00 0.000000000000000e+00 0.000000000000000e+00	1.000000000000000e+00	24	0	24
25	-1.191650955607388e+03 -2.609623216737101e+02 -1.258623586833382e+02	0.000000000000000e+00 0.000000000000000e+00 0.000000000000000e+00	1.000000000000000e+00	24	0	25
26	 5.126870390403868e+02  5.912066756501777e+02 -9.780313560072266e+02	0.000000000000000e+00 0.000000000000000e+00 0.000000000000000e+00	1.000000000000000e+00	24	0	26
27	 9.572467463163994e+02  1.466469683741651e+02 -1.867150770559250e+03	0.000000000000000e+00 0.000000000000000e+00 0.000000000000000e+00	1.000000000000000e+00	24	0	27
28	 1.389104747670240e+03  1.010362971081845e+03 -1.435292769205410e+03	0.000000000000000e+00 0.000000000000000e+00 0.000000000000000e+00	1.000000000000000e+00	24	0	28
29	-3.152332469775362e+02  1.581939737579582e+02 -5.831237718815206e+02	0.000000000000000e+00 0.000000000000000e+00 0.000000000000000e+00	1.000000000000000e+00	24	0	29
30	-7.601640120241353e+02  6.031247388045572e+02  3.056245848999127e+02	-7.443274807883427e-05  7.456757884938270e-05 -7.252575596794486e-05	1.000000000000000e+00	24	0	30
31	-1.192381642026363e+03 -2.602316352547351e+02 -1.265930451023132e+02	-1.488037087256089e-04  1.472951262257993e-04 -1.487059053033590e-04	1.000000000000000e+00	24	0	31
32	 5.018021423434781e+02  6.020915723470864e+02 -9.889162527041353e+02	-1.975261548068374e-04  1.975261548068374e-04 -1.975261548068375e-04	1.000000000000000e+00	24	0	32
33	 9.543646966285017e+02  1.495290180620627e+02 -1.870032820247148e+03	-5.884498047331969e-04  5.884498047331969e-04 -5.884498047331969e-04	1.000000000000000e+00	24	0	33
34	 1.383621826599124e+03  1.015845892152961e+03 -1.440775690276525e+03	-1.123674679547548e-03  1.123674679547548e-03 -1.123674679547548e-03	1.000000000000000e+00	24	0	34
35	-3.050733487131182e+02  1.480340754935402e+02 -5.729638736171026e+02	 2.330340891300390e-04 -2.330340891300390e-04  2.330340891300390e-04	1.000000000000000e+00	24	0	35
36	-3.301666630329353e+02  1.731273898133573e+02 -5.599520701704050e+02	 3.595184170990251e-05 -5.053845598013140e-05  2.567209885455668e-04	1.000000000000000e+00	24	0	36
38	 6.027660055316127e+02 -8.394796158993594e+02  1.003422443353927e+03	-2.992890464762847e-04  2.992890464762847e-04  2.992890464762847e-04	1.000000000000000e+00	0	0	38
40	 5.280295830450968e+02  5.758641316454679e+02 -1.000793929769032e+03	-6.420643330784515e-05  7.644036668352783e-05 -1.971074088942260e-04	1.000000000000000e+00	24	0	40
42	 1.170131862805470e+03 -4.992508500071252e+02  1.225871754331477e+03	 1.797306176740676e-04 -1.420823246007785e-04 -1.578443625476211e-04	1.000000000000000e+00	0	0	42
44	1.770828210483161e+03 1.020960627679856e+02 1.226197215923667e+03	 2.098450568155386e-05 -2.098450568155386e-05 -2.090678754029796e-05	1.000000000000000e+00	0	0	44
45	 1.368630942500730e+03 -9.673090138896447e+01  1.027372674636218e+03	-2.992685476783663e-04  2.981967118103057e-04  2.992685476783663e-04	1.000000000000000e+00	0	0	45
46	 8.636337445001494e+02 -7.054454413766712e+02  1.137456617876615e+03	-1.420559827238321e-03  1.416690531186759e-03  1.416690531186759e-03	1.000000000000000e+00	0	0	46
47	 3.375683481983339e+00 -1.442132554302531e+03  1.001791308854038e+03	 9.826124005485326e-05 -9.826124005485326e-05 -9.820025297813118e-05	1.000000000000000e+00	0	0	47
48	 2.041892402591521e+02 -1.041922384125695e+03  8.009796751275915e+02	 1.818149466998875e-04 -1.810142130125314e-04 -1.810142130125314e-04	1.000000000000000e+00	0	0	48
49	 4.029272279915861e+02 -1.240665276359260e+03  1.203261220893953e+03	-1.277479750569910e-04  1.266371546080336e-04  1.277479750569910e-04	1.000000000000000e+00	0	0	49
50	 9.104924334412126e+02 -6.344898236100976e+02  1.090632780728505e+03	 1.523085637018085e-03 -1.504470477811992e-03 -1.504470477811992e-03	1.000000000000000e+00	0	0	50
51	 1.570948432556524e+03 -2.990450752156457e+02  1.426077529122957e+03	 1.259212003787979e-04 -1.255895040230826e-04 -1.255895040230826e-04	1.000000000000000e+00	0	0	51
52	-3.757803444959176e+01 -2.419596250432609e+02  7.672482408007469e+02	1.129368902184069e-04 1.131410899688490e-04 1.129368902184069e-04	1.000000000000000e+00	12	0	52
53	 2.489613283102212e+02  5.815150833634458e+02 -3.439772957179719e+02	1.205087573907804e-05 1.205087573907804e-05 1.209590027428931e-05	1.000000000000000e+00	12	0	53
54	 5.311390832028266e+02 -7.955993206753882e+02  7.505447002144300e+02	1.771896859281696e-05 2.264177601318806e-05 2.264177601318806e-05	1.000000000000000e+00	12	0	54
55	 1.387426139289126e+03 -5.247579522669157e+02 -3.763788900397013e+02	1.239618904946838e-05 1.239618904946838e-05 1.241463360202033e-05	1.000000000000000e+00	12	0	55
56	 1.675714799134807e+03  3.004640446436748e+02 -1.485855274947585e+03	2.656685828696936e-04 2.647309447638690e-04 2.656685828696936e-04	1.000000000000000e+00	12	0	56
57	 1.099670453757932e+03  8.465507030332399e+02 -1.476706780185815e+03	-8.456327486783266e-04 -9.357049711979926e-04 -9.357049711979926e-04	1.000000000000000e+00	12	0	57
58	-9.767758074987976e+02  1.719530634293198e+02  8.901278942525211e+01	-1.982215762836859e-04  1.995800703298301e-04 -1.982215762836859e-04	1.000000000000000e+00	24	0	58
59	-5.442330427921652e+02  3.871937695725869e+02 -1.262325383548647e+02	-6.389971531461924e-05  6.389971531461924e-05 -6.420892896130681e-05	1.000000000000000e+00	24	0	59
60	-7.606802173175001e+02 -4.415054262271166e+01 -3.426741377343378e+02	-1.927644334500656e-04  1.907614641822875e-04 -1.907614641822875e-04	1.000000000000000e+00	24	0	60
61	 8.428094356760508e+01  3.890732169431478e+02 -7.758978973001972e+02	 3.800374543061480e-05 -3.801620187005028e-05  3.801620187005028e-05	1.000000000000000e+00	24	0	61
62	 1.171964432611838e+03  5.796913368660539e+02 -1.652433084263812e+03	-3.508403606247157e-04  3.377448301762342e-04 -3.508403606247157e-04	1.000000000000000e+00	24	0	62
63	 7.362584166015429e+02  3.676352980890219e+02 -1.440347647618827e+03	-1.030478160828352e-03  1.030478160828352e-03 -1.028984668664634e-03	1.000000000000000e+00	24	0	63
64	 9.603756174222058e+02  7.914074022072855e+02 -1.216337200330850e+03	 5.807112902402878e-04 -5.418633809313178e-04  5.418633809313178e-04	1.000000000000000e+00	24	0	64
65	 1.134401707722834e+02  3.599247653504362e+02 -7.848545634740010e+02	 4.639644612325355e-05 -4.607002483680844e-05  4.607002483680844e-05	1.000000000000000e+00	24	0	65
66	1.670926218868238e+03 2.019980543829086e+02 1.025586550629493e+03	 7.817353616701439e-05 -7.817353616701439e-05 -7.893323345342651e-05	1.000000000000000e+00	0	0	66
67	1.468598374214178e+03 1.038208525070510e+02 9.274052429227693e+02	-3.420042921788990e-04  3.444883041083813e-04  3.420042921788990e-04	1.000000000000000e+00	0	0	67
68	 9.957748722819028e+02 -6.400996900635396e+02  1.202802369189747e+03	-1.232306240126491e-03  1.254543894901872e-03  1.254543894901872e-03	1.000000000000000e+00	0	0	68
69	-9.682924759817614e+01 -1.341927623222372e+03  8.014853249968601e+02	 8.858520595822483e-05 -8.858520595822483e-05 -8.856032218318433e-05	1.000000000000000e+00	0	0	69
70	 3.934247897101528e+00 -1.142181694555051e+03  7.007203646982348e+02	 2.023737033596262e-04 -2.029003662755713e-04 -2.029003662755713e-04	1.000000000000000e+00	0	0	70
71	 1.034181008870055e+02 -1.542174971707553e+03  1.202260192205786e+03	 7.780915620969608e-05 -7.780915620969608e-05 -7.753144018352032e-05	1.000000000000000e+00	0	0	71
72	 3.030286742766168e+02 -1.441275586164513e+03  1.303159774608923e+03	-7.255939999595284e-05  7.221631676657125e-05  7.255939999595284e-05	1.000000000000000e+00	0	0	72
73	 7.789832629886359e+02 -7.005267677985962e+02  1.024595836540006e+03	 1.449089497327805e-03 -1.490851747803390e-03 -1.490851747803390e-03	1.000000000000000e+00	0	0	73
74	1.870851267983850e+03 2.073005267296849e+00 1.426684858070609e+03	-1.125302060245303e-05  1.125302060245303e-05  1.128481471823761e-05	1.000000000000000e+00	0	0	74
75	 1.771170959587665e+03 -1.987568204357522e+02  1.526365783902850e+03	 1.007436367217451e-04 -1.004328223643824e-04 -1.004328223643824e-04	1.000000000000000e+00	0	0	75
76	-1.271145762297490e+02 -6.302491188618330e+01  6.777116990205897e+02	8.821392111713067e-05 8.967957546701655e-05 8.821392111713067e-05	1.000000000000000e+00	12	0	76
77	1.464833840794115e+01 3.472020934611657e+02 1.205808247936589e+02	-2.479522372595966e-04 -2.479522372595966e-04 -2.524255251046270e-04	1.000000000000000e+00	12	0	77
78	 5.207416937324331e+01 -4.207716254191525e+02  8.569004446235820e+02	1.511147565906867e-04 1.527748827356845e-04 1.511147565906867e-04	1.000000000000000e+00	12	0	78
79	 3.364243271257639e+02 -6.976191017109140e+02  8.485249191789042e+02	1.055373795679770e-04 1.018727416521870e-04 1.018727416521870e-04	1.000000000000000e+00	12	0	79
80	 7.282825983425125e+02 -8.911817685530669e+02  6.549622523367512e+02	3.722810070030391e-04 3.733522025868297e-04 3.733522025868297e-04	1.000000000000000e+00	12	0	80
81	 1.154323476232629e+03 -7.578606153234127e+02  8.940079774657104e+01	-1.641204835323151e-05 -1.641204835323151e-05 -1.645095653657336e-05	1.000000000000000e+00	12	0	81
82	 1.620736842288930e+03 -2.914472492671116e+02 -8.419501788021249e+02	8.143521699821576e-05 8.143521699821576e-05 8.165441977325827e-05	1.000000000000000e+00	12	0	82
83	 1.764661931935591e+03  1.209426081716577e+02 -1.396908142146801e+03	1.665190793573856e-04 1.653365179663524e-04 1.665190793573856e-04	1.000000000000000e+00	12	0	83
84	 1.586188758856048e+03  4.794074778219153e+02 -1.575381315226343e+03	2.685115905478597e-04 2.681090263649821e-04 2.685115905478597e-04	1.000000000000000e+00	12	0	84
85	 1.303003611375224e+03  7.573282524149895e+02 -1.565929230804065e+03	4.717709380201995e-04 4.367849323898554e-04 4.367849323898554e-04	1.000000000000000e+00	12	0	85
86	 4.821494446226654e+02  8.147031996758900e+02 -8.096635543091131e+02	8.073184289969504e-05 8.073184289969504e-05 8.427740249317139e-05	1.000000000000000e+00	12	0	86
87	 9.173981091860944e+02  9.569738521403510e+02 -1.366283631078704e+03	1.451020012609661e-03 1.352329039946198e-03 1.352329039946198e-03	1.000000000000000e+00	12	0	87
88	-8.680132247410741e+02  3.870822299921040e+02  1.977753721829756e+02	-4.218634785502218e-05  4.288703712518327e-05 -4.218634785502218e-05	1.000000000000000e+00	24	0	88
89	-6.530658569700613e+02  4.960265837504830e+02  8.882955232218220e+01	-2.412274625385180e-04  2.412274625385180e-04 -2.410849265288562e-04	1.000000000000000e+00	24	0	89
90	-1.085021429875014e+03 -4.370007049678185e+01 -1.923283295096437e+01	-2.586862246971577e-04  2.580371801741421e-04 -2.586862246971577e-04	1.000000000000000e+00	24	0	90
91	-9.760998003657159e+02 -1.526206429701244e+02 -2.342040373869251e+02	-8.546419121557847e-05  8.516089292243123e-05 -8.516089292243123e-05	1.000000000000000e+00	24	0	91
92	 2.930503629724593e+02  4.955809961912800e+02 -8.824056765483293e+02	-7.486101094400510e-05  7.334321708185598e-05 -7.334321708185598e-05	1.000000000000000e+00	24	0	92
93	 1.063410268527680e+03  3.643887747640036e+02 -1.760987248347970e+03	-3.616409667301923e-04  3.659054636955261e-04 -3.616409667301923e-04	1.000000000000000e+00	24	0	93
94	 8.445429507826492e+02  2.593507639079156e+02 -1.655995266317816e+03	-9.624152444303036e-04  9.624152444303036e-04 -9.764044662006199e-04	1.000000000000000e+00	24	0	94
95	 1.274386290922080e+03  8.010138368756850e+02 -1.550011225953571e+03	-1.236412557773292e-03  1.186368521302938e-03 -1.236412557773292e-03	1.000000000000000e+00	24	0	95
96	 1.170392329203886e+03  9.051727193561160e+02 -1.330102517479681e+03	-5.663566989824176e-04  5.610956577584147e-04 -5.610956577584147e-04	1.000000000000000e+00	24	0	96
97	-9.629709495921557e+01  2.544208063548997e+02 -6.793506044784644e+02	 8.313178113894537e-05 -8.021484973141924e-05  8.021484973141924e-05	1.000000000000000e+00	24	0	97
98	-4.340940714384004e+02  2.770547982188221e+02 -3.400318150807444e+02	 3.651502775028348e-04 -3.651502775028348e-04  3.507605870254338e-04	1.000000000000000e+00	24	0	98
99	-5.456730089508530e+02  6.472207109654696e+01 -4.515467514535964e+02	-3.969789831899107e-04  3.936880384571850e-04 -3.936880384571850e-04	1.000000000000000e+00	24	0	99
100	-1.262152401930490e+02  2.840996236059133e+02 -6.709243039629627e+02	 8.368477574549615e-05 -9.688504360383376e-05  9.688504360383376e-05	1.000000000000000e+00	24	0	100
101	 7.326993736880785e+02 -7.719932853991859e+02  1.070908773854100e+03	-1.195324235595763e-03  1.164996996521950e-03  1.164996996521950e-03	1.000000000000000e+00	0	0	101
102	 4.038352427349862e+02 -9.410568922991044e+02  9.018451669541816e+02	 4.462119250092655e-05 -4.354388147476129e-05 -4.354388147476129e-05	1.000000000000000e+00	0	0	102
103	 5.023078181196727e+02 -1.039532179139365e+03  1.103880630765867e+03	-2.803176757879555e-04  2.801110967993736e-04  2.803176757879555e-04	1.000000000000000e+00	0	0	103
104	 6.287801619026990e+02  4.751135527878658e+02 -1.223783134625809e+03	-9.693647734820843e-04  9.693647734820843e-04 -9.158851462416351e-04	1.000000000000000e+00	24	0	104
105	 7.430949421376038e+02  6.847205248937596e+02 -1.109650323017324e+03	 4.288725613150746e-04 -4.253235820215195e-04  4.253235820215195e-04	1.000000000000000e+00	24	0	105
106	 3.243373873312163e+02  4.645878534311258e+02 -8.895176515546905e+02	-5.631639214698225e-05  7.197461673058569e-05 -7.197461673058569e-05	1.000000000000000e+00	24	0	106
107	 1.268735933722246e+03 -2.973514372990095e+02  1.127267683414701e+03	-2.495011140126735e-04  2.461093827150762e-04  2.495011140126735e-04	1.000000000000000e+00	0	0	107
108	 1.041222182637612e+03 -5.677329352447157e+02  1.157389669093887e+03	 1.237367861904204e-03 -1.189722679555416e-03 -1.189722679555416e-03	1.000000000000000e+00	0	0	108
109	 1.370831773839973e+03 -3.994409344519197e+02  1.325681669886683e+03	 1.845630467869341e-04 -1.849295367719606e-04 -1.849295367719606e-04	1.000000000000000e+00	0	0	109
110	-1.032453720575468e+02  2.293083829956778e+02  3.521415019476238e+02	-5.178477149456739e-04 -5.178477149456739e-04 -5.170459626242518e-04	1.000000000000000e+00	12	0	110
111	 1.037611007066980e+03 -8.745730844890609e+02  3.221306348022912e+02	-5.533984221983701e-05 -5.533984221983701e-05 -5.497357051353902e-05	1.000000000000000e+00	12	0	111
112	 1.737420624499693e+03 -1.747634670563479e+02 -1.074707819571275e+03	1.205742009915411e-04 1.205742009915411e-04 1.207227760460228e-04	1.000000000000000e+00	12	0	112
113	 6.019228959792664e+02  9.344766510324908e+02 -1.039263682078215e+03	7.150562014430761e-04 7.150562014430761e-04 7.447523530572653e-04	1.000000000000000e+00	12	0	113
114	 1.324630986741729e+02  4.650168537273975e+02 -1.110348132819587e+02	9.531144314678386e-06 9.531144314678386e-06 9.297544238506816e-06	1.000000000000000e+00	12	0	114
115	 3.651380647067223e+02  6.976918197599468e+02 -5.772421405000121e+02	-5.045172656537034e-05 -5.045172656537034e-05 -5.056298687122762e-05	1.000000000000000e+00	12	0	115
116	 1.270879125385797e+03 -6.413049661702439e+02 -1.434847016666263e+02	-1.394757191519602e-06 -1.394757191519602e-06 -1.396215111526544e-06	1.000000000000000e+00	12	0	116
117	 1.504039373678225e+03 -4.081447178778160e+02 -6.092067168599930e+02	3.899854345945641e-05 3.899854345945641e-05 3.909298902726732e-05	1.000000000000000e+00	12	0	117
0	-5.773502691896258e-01  5.773502691896258e-01  5.773502691896258e-01	-7.071067811865476e-01  3.124842898819631e-18 -7.071067811865476e-01	 1.198001808568474e+03 -5.294203851356715e-15  1.198001808568474e+03	1	0	0.000000000000000e+00	0.000000000000000e+00	0.000000000000000e+00
1	-5.773502691896258e-01  5.773502691896258e-01  5.773502691896258e-01	 0.000000000000000e+00  7.071067811865476e-01 -7.071067811865476e-01	 0.000000000000000e+00 -9.214510296266430e+02  9.214510296266430e+02	1	0	0.000000000000000e+00	0.000000000000000e+00	0.000000000000000e+00
2	-5.773502691896258e-01  5.773502691896258e-01  5.773502691896258e-01	 7.071067811865476e-01  7.071067811865476e-01 -3.124842898819631e-18	-7.193784354102739e+02 -7.193784354102739e+02  3.179073734356852e-15	1	0	0.000000000000000e+00	0.000000000000000e+00	0.000000000000000e+00
3	-5.773502691896258e-01  5.773502691896258e-01  5.773502691896258e-01	 7.071067811865476e-01 -3.124842898819631e-18  7.071067811865476e-01	 8.030942244427697e+02 -3.549030148066116e-15  8.030942244427697e+02	1	0	0.000000000000000e+00	0.000000000000000e+00	0.000000000000000e+00
4	-5.773502691896258e-01  5.773502691896258e-01  5.773502691896258e-01	 0.000000000000000e+00  7.071067811865476e-01 -7.071067811865476e-01	 0.000000000000000e+00 -8.625613021693013e+02  8.625613021693013e+02	1	0	0.000000000000000e+00	0.000000000000000e+00	0.000000000000000e+00
5	-5.773502691896258e-01  5.773502691896258e-01  5.773502691896258e-01	-7.071067811865476e-01 -7.071067811865476e-01  3.124842898819631e-18	 9.364621366255734e+02  9.364621366255734e+02 -4.138408986458117e-15	1	0	0.000000000000000e+00	0.000000000000000e+00	0.000000000000000e+00
6	 5.773502691896258e-01 -5.773502691896258e-01 -5.773502691896258e-01	0.000000000000000e+00 0.000000000000000e+00 0.000000000000000e+00	1.570392732195782e+03 3.025315410553647e+02 8.256108849411653e+02	1	1	0.000000000000000e+00	0.000000000000000e+00	0.000000000000000e+00
7	-5.773502691896258e-01 -5.773502691896258e-01 -5.773502691896258e-01	-7.071067811865476e-01  0.000000000000000e+00  7.071067811865476e-01	-4.024131376251693e+02  0.000000000000000e+00  4.024131376251693e+02	1	0	0.000000000000000e+00	0.000000000000000e+00	0.000000000000000e+00
8	-5.773502691896258e-01 -5.773502691896258e-01 -5.773502691896258e-01	 0.000000000000000e+00 -7.071067811865476e-01  7.071067811865476e-01	 0.000000000000000e+00 -7.730720104449091e+02  7.730720104449091e+02	1	0	0.000000000000000e+00	0.000000000000000e+00	0.000000000000000e+00
9	-5.773502691896258e-01 -5.773502691896258e-01 -5.773502691896258e-01	 7.071067811865476e-01 -7.071067811865476e-01  0.000000000000000e+00	 9.560920457780206e+02 -9.560920457780206e+02  0.000000000000000e+00	1	0	0.000000000000000e+00	0.000000000000000e+00	0.000000000000000e+00
10	-5.773502691896258e-01 -5.773502691896258e-01 -5.773502691896258e-01	 7.071067811865476e-01  0.000000000000000e+00 -7.071067811865476e-01	 1.580785037041196e+03  0.000000000000000e+00 -1.580785037041196e+03	1	0	0.000000000000000e+00	0.000000000000000e+00	0.000000000000000e+00
11	-5.773502691896258e-01 -5.773502691896258e-01 -5.773502691896258e-01	 0.000000000000000e+00  7.071067811865476e-01 -7.071067811865476e-01	 0.000000000000000e+00  1.161628741609527e+03 -1.161628741609527e+03	1	0	0.000000000000000e+00	0.000000000000000e+00	0.000000000000000e+00
12	-5.773502691896258e-01 -5.773502691896258e-01 -5.773502691896258e-01	-7.071067811865476e-01  7.071067811865476e-01  0.000000000000000e+00	-1.662768775266123e+02  1.662768775266123e+02  0.000000000000000e+00	1	0	0.000000000000000e+00	0.000000000000000e+00	0.000000000000000e+00
13	5.773502691896258e-01 5.773502691896258e-01 5.773502691896258e-01	0.000000000000000e+00 0.000000000000000e+00 0.000000000000000e+00	-2.170837012152994e+02  1.154700538379251e+02  5.877425740350395e+02	1	1	0.000000000000000e+00	0.000000000000000e+00	0.000000000000000e+00
14	-5.773502691896258e-01  5.773502691896258e-01 -5.773502691896258e-01	 7.071067811865476e-01  0.000000000000000e+00 -7.071067811865476e-01	-5.328942984620248e+02  0.000000000000000e+00  5.328942984620248e+02	1	0	0.000000000000000e+00	0.000000000000000e+00	0.000000000000000e+00
15	-5.773502691896258e-01  5.773502691896258e-01 -5.773502691896258e-01	-3.124842898819631e-18  7.071067811865476e-01  7.071067811865476e-01	 8.547268868455420e-16 -1.934123401785247e+02 -1.934123401785247e+02	1	0	0.000000000000000e+00	0.000000000000000e+00	0.000000000000000e+00
16	-5.773502691896258e-01  5.773502691896258e-01 -5.773502691896258e-01	 7.071067811865476e-01  7.071067811865476e-01 -3.124842898819631e-18	 5.519468573452824e+02  5.519468573452824e+02 -2.439160906938323e-15	1	0	0.000000000000000e+00	0.000000000000000e+00	0.000000000000000e+00
17	-5.773502691896258e-01  5.773502691896258e-01 -5.773502691896258e-01	-7.071067811865476e-01  0.000000000000000e+00  7.071067811865476e-01	 1.412198758437825e+03  0.000000000000000e+00 -1.412198758437825e+03	1	0	0.000000000000000e+00	0.000000000000000e+00	0.000000000000000e+00
18	-5.773502691896258e-01  5.773502691896258e-01 -5.773502691896258e-01	-3.124842898819631e-18  7.071067811865476e-01  7.071067811865476e-01	 9.389238637586849e-16 -2.124648990617823e+02 -2.124648990617823e+02	1	0	0.000000000000000e+00	0.000000000000000e+00	0.000000000000000e+00
19	-5.773502691896258e-01  5.773502691896258e-01 -5.773502691896258e-01	-7.071067811865476e-01 -7.071067811865476e-01  3.124842898819631e-18	-7.851963660978913e+01 -7.851963660978913e+01  3.469936018238618e-16	1	0	0.000000000000000e+00	0.000000000000000e+00	0.000000000000000e+00
20	 5.773502691896258e-01 -5.773502691896258e-01  5.773502691896258e-01	0.000000000000000e+00 0.000000000000000e+00 0.000000000000000e+00	-7.597929542535472e+02  6.027536810339691e+02  3.059956426705008e+02	1	1	0.000000000000000e+00	0.000000000000000e+00	0.000000000000000e+00
0	0	1	0
6	0	1	0
5	5	0	0
6	5	0	0
0	6	0	0
5	0	6	0
1	1	2	0
6	1	2	0
0	1	7	0
1	7	1	0
2	2	3	0
6	2	3	0
1	2	8	0
2	8	2	0
3	3	4	0
6	3	4	0
2	3	9	0
3	9	3	0
4	4	5	0
6	4	5	0
3	4	10	0
4	10	4	0
4	5	11	0
5	11	5	0
5	6	66	0
0	67	6	0
0	7	42	0
1	68	7	0
2	69	8	0
1	8	70	0
2	9	71	0
3	72	9	0
3	10	38	0
4	73	10	0
5	74	11	0
4	11	75	0
7	12	13	0
13	12	13	0
12	17	12	0
13	17	12	0
7	18	12	0
12	12	18	0
8	13	14	0
13	13	14	0
7	13	19	0
8	19	13	0
9	14	15	0
13	14	15	0
8	14	20	0
9	20	14	0
10	15	16	0
13	15	16	0
9	15	21	0
10	21	15	0
11	16	17	0
13	16	17	0
10	16	22	0
11	22	16	0
11	17	23	0
12	23	17	0
7	76	18	0
12	18	110	0
7	19	78	0
8	79	19	0
8	20	80	0
9	111	20	0
10	83	21	0
9	21	112	0
10	22	84	0
11	85	22	0
11	23	87	0
12	113	23	0
14	24	25	0
20	24	25	0
19	29	24	0
20	29	24	0
14	30	24	0
19	24	30	0
15	25	26	0
20	25	26	0
14	25	31	0
15	31	25	0
16	26	27	0
20	26	27	0
15	26	32	0
16	32	26	0
17	27	28	0
20	27	28	0
16	27	33	0
17	33	27	0
18	28	29	0
20	28	29	0
17	28	34	0
18	34	28	0
18	29	35	0
19	35	29	0
14	88	30	0
19	30	89	0
14	31	90	0
15	91	31	0
16	40	32	0
15	32	92	0
17	93	33	0
16	33	94	0
17	34	95	0
18	96	34	0
19	36	35	0
18	35	97	0
19	98	36	0
15	36	99	0
15	100	36	0
1	38	101	0
1	102	38	0
3	38	103	0
16	104	40	0
18	40	105	0
18	106	40	0
0	42	107	0
4	42	108	0
4	109	42	0
5	66	44	0
5	44	74	0
0	45	67	0
0	107	45	0
1	46	68	0
1	101	46	0
2	47	69	0
2	71	47	0
1	70	48	0
1	48	102	0
3	49	72	0
3	103	49	0
4	50	73	0
4	108	50	0
4	75	51	0
4	51	109	0
7	52	76	0
7	78	52	0
12	114	53	0
12	53	115	0
8	54	79	0
8	80	54	0
9	55	116	0
9	117	55	0
10	56	83	0
10	84	56	0
11	57	85	0
11	87	57	0
14	58	88	0
14	90	58	0
19	89	59	0
19	59	98	0
15	60	91	0
15	99	60	0
15	92	61	0
15	61	100	0
17	62	93	0
17	95	62	0
16	94	63	0
16	63	104	0
18	64	96	0
18	105	64	0
18	97	65	0
18	65	106	0
12	110	77	0
12	77	114	0
9	81	111	0
9	116	81	0
9	112	82	0
9	82	117	0
12	86	113	0
12	115	86	0
