114
21
172
0	1.570392732195782e+03 3.025315410553647e+02 8.256108849411653e+02	0.000000000000000e+00 0.000000000000000e+00 0.000000000000000e+00	1.000000000000000e+00	0	0	0
1	 1.130451827073287e+03 -5.773502691896260e+02  1.265551790063660e+03	0.000000000000000e+00 0.000000000000000e+00 0.000000000000000e+00	1.000000000000000e+00	0	0	1
2	-1.974537920628515e+02 -1.241303078757696e+03  6.015989804955898e+02	0.000000000000000e+00 0.000000000000000e+00 0.000000000000000e+00	1.000000000000000e+00	0	0	2
3	 2.032272947547480e+02 -1.641984165575296e+03  1.402961154130791e+03	0.000000000000000e+00 0.000000000000000e+00 0.000000000000000e+00	1.000000000000000e+00	0	0	3
4	 6.431681998772440e+02 -7.621023553303055e+02  9.630202490082953e+02	0.000000000000000e+00 0.000000000000000e+00 0.000000000000000e+00	1.000000000000000e+00	0	0	4
5	 1.971073819013383e+03 -9.814954576223676e+01  1.626973058576365e+03	0.000000000000000e+00 0.000000000000000e+00 0.000000000000000e+00	1.000000000000000e+00	0	0	5
6	1.569325749753621e+03 3.035985234975257e+02 8.266778673833264e+02	-1.286860933760181e-04  1.395863655488938e-04  1.225074083777145e-04	1.000000000000000e+00	0	0	6
7	 1.123364465695664e+03 -5.702629078120027e+02  1.272639151441283e+03	-1.673722988925874e-03  1.673722988925874e-03  1.673722988925874e-03	1.000000000000000e+00	0	0	7
8	-1.964610507617205e+02 -1.242295820058827e+03  6.006062391944588e+02	 1.066459881258197e-04 -1.081957234418951e-04 -1.082368180505000e-04	1.000000000000000e+00	0	0	8
9	 2.032599160194572e+02 -1.642016786840005e+03  1.402928532866082e+03	 1.183854965347564e-05 -1.265468290512217e-05 -1.093759146897355e-05	1.000000000000000e+00	0	0	9
10	 6.494169716055568e+02 -7.683511270586183e+02  9.567714772799825e+02	 1.591092169595261e-03 -1.591092169595261e-03 -1.591092169595261e-03	1.000000000000000e+00	0	0	10
11	 1.971365477681733e+03 -9.844120443058586e+01  1.626681399908016e+03	 4.351855386630632e-05 -4.263926166458987e-05 -4.231179264024831e-05	1.000000000000000e+00	0	0	11
12	-2.170837012152994e+02  1.154700538379251e+02  5.877425740350395e+02	0.000000000000000e+00 0.000000000000000e+00 0.000000000000000e+00	1.000000000000000e+00	12	0	12
13	 1.408734656822689e+02 -6.004442799572098e+02  9.456997409326077e+02	0.000000000000000e+00 0.000000000000000e+00 0.000000000000000e+00	1.000000000000000e+00	12	0	13
14	 9.214510296266424e+02 -9.907330619293978e+02  5.554109589604201e+02	0.000000000000000e+00 0.000000000000000e+00 0.000000000000000e+00	1.000000000000000e+00	12	0	14
15	 1.853294364098699e+03 -5.888972745734211e+01 -1.308275709983692e+03	0.000000000000000e+00 0.000000000000000e+00 0.000000000000000e+00	1.000000000000000e+00	12	0	15
16	 1.495337197201131e+03  6.570246063377944e+02 -1.666232876881260e+03	0.000000000000000e+00 0.000000000000000e+00 0.000000000000000e+00	1.000000000000000e+00	12	0	16
17	 7.147596332567570e+02  1.047313388309982e+03 -1.275944094909073e+03	0.000000000000000e+00 0.000000000000000e+00 0.000000000000000e+00	1.000000000000000e+00	12	0	17
18	-2.192538304597249e+02  1.132999245934996e+02  5.855724447906141e+02	-2.292110390650729e-04 -2.292110390650729e-04 -2.292110390650729e-04	1.000000000000000e+00	12	0	18
19	 1.439767715976640e+02 -5.973409740418148e+02  9.488030468480027e+02	3.232443802213917e-04 3.232443802213917e-04 3.232443802213917e-04	1.000000000000000e+00	12	0	19
20	 9.222744543108900e+02 -9.899096372451502e+02  5.562343836446677e+02	1.202997591462918e-04 1.124011687352322e-04 1.138455118052661e-04	1.000000000000000e+00	12	0	20
21	 1.854386527285770e+03 -5.779756427027176e+01 -1.307183546796622e+03	1.182892810902558e-04 1.179858882096596e-04 1.182931155199185e-04	1.000000000000000e+00	12	0	21
22	 1.498360737144719e+03  6.600481462813819e+02 -1.663209336937673e+03	3.361773269716650e-04 3.361773269716650e-04 3.361773269716650e-04	1.000000000000000e+00	12	0	22
23	 7.267823938150909e+02  1.059336148868316e+03 -1.263921334350739e+03	1.265121041797101e-03 1.265121041797101e-03 1.265121041797101e-03	1.000000000000000e+00	12	0	23
24	-7.597929542535480e+02  6.027536810339697e+02  3.059956426705016e+02	0.000000000000000e+00 0.000000000000000e+00 0.000000000000000e+00	1.000000000000000e+00	24	0	24
25	-1.191650955607388e+03 -2.609623216737101e+02 -1.258623586833382e+02	0.000000000000000e+00 0.000000000000000e+00 0.000000000000000e+00	1.000000000000000e+00	24	0	25
26	 5.126870390403867e+02  5.912066756501773e+02 -9.780313560072267e+02	0.000000000000000e+00 0.000000000000000e+00 0.000000000000000e+00	1.000000000000000e+00	24	0	26
27	 9.572467463163994e+02  1.466469683741651e+02 -1.867150770559250e+03	0.000000000000000e+00 0.000000000000000e+00 0.000000000000000e+00	1.000000000000000e+00	24	0	27
28	 1.389104747670240e+03  1.010362971081845e+03 -1.435292769205410e+03	0.000000000000000e+00 0.000000000000000e+00 0.000000000000000e+00	1.000000000000000e+00	24	0	28
29	-3.152332469775350e+02  1.581939737579566e+02 -5.831237718815215e+02	0.000000000000000e+00 0.000000000000000e+00 0.000000000000000e+00	1.000000000000000e+00	24	0	29
30	-7.604594132020998e+02  6.034201399825214e+02  3.053291837219499e+02	-7.379044836852700e-05  7.424025534419343e-05 -6.967704393900931e-05	1.000000000000000e+00	24	0	30
31	-1.192984920640630e+03 -2.596283566404683e+02 -1.271963237165799e+02	-1.522023667348549e-04  1.492228184361011e-04 -1.518912322353572e-04	1.000000000000000e+00	24	0	31
32	 5.011623669576876e+02  6.027313477328764e+02 -9.895560280899258e+02	-1.478721775735418e-04  1.478721775735417e-04 -1.478721775735419e-04	1.000000000000000e+00	24	0	32
33	 9.519595911664551e+02  1.519341235241093e+02 -1.872437925709194e+03	-6.051162878672282e-04  6.051162878672282e-04 -6.051162878672282e-04	1.000000000000000e+00	24	0	33
34	 1.379065050887289e+03  1.020402667864796e+03 -1.445332465988361e+03	-1.133416274872919e-03  1.133416274872919e-03 -1.133416274872919e-03	1.000000000000000e+00	24	0	34
35	-3.043988492283496e+02  1.473595760087711e+02 -5.722893741323361e+02	 1.421271202464899e-04 -1.421271202464898e-04  1.421271202464899e-04	1.000000000000000e+00	24	0	35
36	-3.296511334131148e+02  1.726118601935366e+02 -5.594365405505862e+02	 6.867076444905251e-05 -6.142423080746084e-05  2.540273126214743e-04	1.000000000000000e+00	24	0	36
38	 6.011414713641054e+02 -8.378550817318510e+02  1.005046977521434e+03	-4.954456332294891e-04  4.954456332294891e-04  4.954456332294891e-04	1.000000000000000e+00	0	0	38
40	 5.275135870403866e+02  5.763801276501781e+02 -1.001309925773742e+03	-1.240800484083593e-04  1.037585898302495e-04 -1.739736908348277e-04	1.000000000000000e+00	24	0	40
42	 1.171212170952352e+03 -5.003311581540070e+02  1.224791446184595e+03	 3.672737123755117e-04 -3.672737123755118e-04 -3.672737123755118e-04	1.000000000000000e+00	0	0	42
44	1.770917157977379e+03 1.020071152737678e+02 1.226108745711036e+03	 2.296615457453299e-05 -2.296615457453299e-05 -2.280451008118689e-05	1.000000000000000e+00	0	0	44
45	 1.367374749118384e+03 -9.548098486739406e+01  1.028628868018563e+03	-3.245288389734924e-04  3.224674728699028e-04  3.245288389734924e-04	1.000000000000000e+00	0	0	45
46	 8.555233152290251e+02 -6.973732201373411e+02  1.145528839115945e+03	-2.189009217545390e-03  2.175061265006661e-03  2.175061265006661e-03	1.000000000000000e+00	0	0	46
47	 3.775063059209320e+00 -1.442531933879757e+03  1.001392211704421e+03	 1.002176795736887e-04 -1.002176795736887e-04 -1.001438504317775e-04	1.000000000000000e+00	0	0	47
48	 2.048798130699188e+02 -1.042608718214096e+03  8.002933410391904e+02	 1.600657560629770e-04 -1.587881415616721e-04 -1.587881415616721e-04	1.000000000000000e+00	0	0	48
49	 4.024163289109676e+02 -1.240160527369665e+03  1.203772119974572e+03	-1.256177201867104e-04  1.236904790857807e-04  1.256177201867104e-04	1.000000000000000e+00	0	0	49
50	 9.190712311201414e+02 -6.429126433366162e+02  1.082209961001986e+03	 2.317767590284348e-03 -2.266583032906055e-03 -2.266583032906055e-03	1.000000000000000e+00	0	0	50
51	 1.571513874693218e+03 -2.996081187674126e+02  1.425514485571190e+03	 1.559835654916242e-04 -1.550463348394260e-04 -1.550463348394260e-04	1.000000000000000e+00	0	0	51
52	-3.710307032086462e+01 -2.414832122190369e+02  7.677232049294740e+02	1.222926657646894e-04 1.228296896442771e-04 1.222926657646894e-04	1.000000000000000e+00	12	0	52
53	 2.490014980253704e+02  5.815552530785950e+02 -3.439368562767148e+02	7.938671842566691e-06 7.938671842566691e-06 8.028602678677998e-06	1.000000000000000e+00	12	0	53
54	 5.312568485729790e+02 -7.954553693612269e+02  7.506886515285913e+02	3.804625885095447e-05 4.587198782246560e-05 4.587198782246560e-05	1.000000000000000e+00	12	0	54
55	 1.387479757822635e+03 -5.247043337334062e+02 -3.763251599025926e+02	1.425620303052710e-05 1.425620303052710e-05 1.429382882633945e-05	1.000000000000000e+00	12	0	55
56	 1.676741002378611e+03  3.014851301752565e+02 -1.484829071703781e+03	2.440558018861338e-04 2.424661797704175e-04 2.440558018861338e-04	1.000000000000000e+00	12	0	56
57	 1.096891336080047e+03  8.432882877249092e+02 -1.479969195494146e+03	-5.438052467070520e-04 -6.917035207152367e-04 -6.917035207152367e-04	1.000000000000000e+00	12	0	57
58	-9.775355100385093e+02  1.727200249103346e+02  8.825308688554037e+01	-1.789123343769461e-04  1.811195979826152e-04 -1.789123343769461e-04	1.000000000000000e+00	24	0	58
59	-5.444582125741172e+02  3.874189393545389e+02 -1.264584990622185e+02	-4.795692075276747e-05  4.795692075276747e-05 -4.796038774657063e-05	1.000000000000000e+00	24	0	59
60	-7.615000445797832e+02 -4.334295925589998e+01 -3.434817211011494e+02	-2.141156874131411e-04  2.099906414514408e-04 -2.099906414514408e-04	1.000000000000000e+00	24	0	60
61	 8.443358189983215e+01  3.889210780908518e+02 -7.757457584479012e+02	 3.752450356842019e-05 -3.728920273715630e-05  3.728920273715630e-05	1.000000000000000e+00	24	0	61
62	 1.170302328570814e+03  5.812677497226036e+02 -1.654095188304837e+03	-4.688856715802103e-04  4.392234259285033e-04 -4.688856715802103e-04	1.000000000000000e+00	24	0	62
63	 7.320484350794857e+02  3.718452796110791e+02 -1.444551607106555e+03	-1.059125526808202e-03  1.059125526808202e-03 -1.057856716215611e-03	1.000000000000000e+00	24	0	63
64	 9.625825589165165e+02  7.894051256762430e+02 -1.214334923799808e+03	 5.168967181816697e-04 -4.552632744889706e-04  4.552632744889706e-04	1.000000000000000e+00	24	0	64
65	 1.136137045903532e+02  3.597527845153864e+02 -7.846825826389511e+02	 4.041511056129821e-05 -3.998649481218308e-05  3.998649481218308e-05	1.000000000000000e+00	24	0	65
66	1.671256576362536e+03 2.016676968886104e+02 1.025251143942688e+03	 8.558217086829245e-05 -8.558217086829245e-05 -8.740140037843958e-05	1.000000000000000e+00	0	0	66
67	1.467164677353032e+03 1.052699919905569e+02 9.288389397839155e+02	-3.697106440085918e-04  3.750266041606665e-04  3.697106440085918e-04	1.000000000000000e+00	0	0	67
68	 9.883610294350306e+02 -6.324090469782564e+02  1.210493012275030e+03	-2.133979229256511e-03  2.248388947919011e-03  2.248388947919011e-03	1.000000000000000e+00	0	0	68
69	-9.647771869619120e+01 -1.342279152124357e+03  8.011338975641575e+02	 8.616862032795325e-05 -8.616862032795325e-05 -8.614709804533049e-05	1.000000000000000e+00	0	0	69
70	 4.722454641589508e+00 -1.142972637910947e+03  6.999294213423389e+02	 1.884483499452472e-04 -1.892567815957591e-04 -1.892567815957591e-04	1.000000000000000e+00	0	0	70
71	 1.037514522601032e+02 -1.542508323080651e+03  1.201928526095862e+03	 8.784551755525172e-05 -8.784551755525172e-05 -8.727516978979111e-05	1.000000000000000e+00	0	0	71
72	 3.027411852356872e+02 -1.440990034129755e+03  1.303447263649852e+03	-7.008719694567844e-05  6.946939538465813e-05  7.008719694567844e-05	1.000000000000000e+00	0	0	72
73	 7.869987644755884e+02 -7.089712698082573e+02  1.016151334530345e+03	 2.190343569964170e-03 -2.359081991016865e-03 -2.359081991016865e-03	1.000000000000000e+00	0	0	73
74	1.870801447166991e+03 2.122826084156051e+00 1.426734918450321e+03	-1.369334404444089e-05  1.369334404444089e-05  1.378761862724787e-05	1.000000000000000e+00	0	0	74
75	 1.771623848257831e+03 -1.992076063435450e+02  1.525914997995058e+03	 1.245263265445828e-04 -1.237538817804307e-04 -1.237538817804307e-04	1.000000000000000e+00	0	0	75
76	-1.267792949997927e+02 -6.268164623039808e+01  6.780469802505460e+02	7.854086288716644e-05 8.101805724436417e-05 7.854086288716644e-05	1.000000000000000e+00	12	0	76
77	1.364616650968044e+01 3.461999215629050e+02 1.195537122072642e+02	-2.494108339305967e-04 -2.494108339305967e-04 -2.572879602666944e-04	1.000000000000000e+00	12	0	77
78	 5.271426876058274e+01 -4.201220900706301e+02  8.575405440109214e+02	1.655427040532231e-04 1.685559109319001e-04 1.655427040532231e-04	1.000000000000000e+00	12	0	78
79	 3.369375810020704e+02 -6.971266010022428e+02  8.490174198875754e+02	1.499448117101565e-04 1.433290017303079e-04 1.433290017303079e-04	1.000000000000000e+00	12	0	79
80	 7.296951332977321e+02 -8.897648493739808e+02  6.563791715158374e+02	3.276849456597120e-04 3.286207211203873e-04 3.286207211203873e-04	1.000000000000000e+00	12	0	80
81	 1.154264515040097e+03 -7.579195765159443e+02  8.934165646842965e+01	-1.244515715370653e-05 -1.244515715370653e-05 -1.249123670277186e-05	1.000000000000000e+00	12	0	81
82	 1.621064788644539e+03 -2.911193029115018e+02 -8.416210104767839e+02	8.131938375299796e-05 8.131938375299796e-05 8.170522050932050e-05	1.000000000000000e+00	12	0	82
83	 1.765314298992811e+03  1.215887279811781e+02 -1.396255775089581e+03	1.571937027620152e-04 1.553093898110092e-04 1.571937027620152e-04	1.000000000000000e+00	12	0	83
84	 1.587257650493687e+03  4.804736001591889e+02 -1.574312423588705e+03	2.620373270474374e-04 2.610358351375908e-04 2.620373270474374e-04	1.000000000000000e+00	12	0	84
85	 1.304657567033801e+03  7.587573300811844e+02 -1.564500153137870e+03	3.593770088627934e-04 2.839039079844952e-04 2.839039079844952e-04	1.000000000000000e+00	12	0	85
86	 4.825191555417125e+02  8.150729105949371e+02 -8.092723868813289e+02	1.022558499244042e-04 1.022558499244042e-04 1.094575200113468e-04	1.000000000000000e+00	12	0	86
87	 9.230991043942079e+02  9.621552717729815e+02 -1.361102211446073e+03	1.379842869937420e-03 1.223200350068510e-03 1.223200350068510e-03	1.000000000000000e+00	12	0	87
88	-8.681568887958013e+02  3.872297946209276e+02  1.976317081282484e+02	-2.917126221291255e-05  3.040410410903860e-05 -2.917126221291255e-05	1.000000000000000e+00	24	0	88
89	-6.540161274615389e+02  4.969768542419606e+02  8.788021608508271e+01	-2.303590445080772e-04  2.303590445080772e-04 -2.300252381246537e-04	1.000000000000000e+00	24	0	89
90	-1.086034780181631e+03 -4.269009878923186e+01 -2.024618325758140e+01	-2.440634707454592e-04  2.430598106002435e-04 -2.440634707454592e-04	1.000000000000000e+00	24	0	90
91	-9.764768297315103e+02 -1.522455832121461e+02 -2.345790971449034e+02	-1.018924158415757e-04  1.011962303891778e-04 -1.011962303891778e-04	1.000000000000000e+00	24	0	91
92	 2.927777202094843e+02  4.958475002256144e+02 -8.826721805826638e+02	-6.691931776003912e-05  6.532748375320807e-05 -6.532748375320807e-05	1.000000000000000e+00	24	0	92
93	 1.061943484252281e+03  3.658768499333017e+02 -1.762454032623369e+03	-3.671082376968116e-04  3.731992037501186e-04 -3.671082376968116e-04	1.000000000000000e+00	24	0	93
94	 8.406240245038215e+02  2.632696901867433e+02 -1.659995558117011e+03	-9.824316948652267e-04  9.824316948652267e-04 -1.009034458547831e-03	1.000000000000000e+00	24	0	94
95	 1.269872458628513e+03  8.053301199515224e+02 -1.554525058247138e+03	-1.025032484903932e-03  9.770672768354416e-04 -1.025032484903932e-03	1.000000000000000e+00	24	0	95
96	 1.168075187376865e+03  9.074508811111223e+02 -1.332380679234687e+03	-5.837524659000337e-04  5.692373961210251e-04 -5.692373961210251e-04	1.000000000000000e+00	24	0	96
97	-9.595159024936871e+01  2.540884840552883e+02 -6.790182821788530e+02	 9.031347144627944e-05 -8.677026926307008e-05  8.677026926307008e-05	1.000000000000000e+00	24	0	97
98	-4.326110684132244e+02  2.755717951936461e+02 -3.386144127934686e+02	 3.709654265549034e-04 -3.709654265549034e-04  3.526576329022646e-04	1.000000000000000e+00	24	0	98
99	-5.472900395715153e+02  6.633896199909083e+01 -4.531636423561403e+02	-4.051162977702916e-04  4.086378903593868e-04 -4.086378903593868e-04	1.000000000000000e+00	24	0	99
100	-1.258696606321520e+02  2.837051302997702e+02 -6.705298106568197e+02	 8.281840564450249e-05 -9.456252155359834e-05  9.456252155359834e-05	1.000000000000000e+00	24	0	100
101	 7.251326450891746e+02 -7.648916821434625e+02  1.078010377109824e+03	-2.297940663993359e-03  2.075787633657455e-03  2.075787633657455e-03	1.000000000000000e+00	0	0	101
102	 4.039380190152161e+02 -9.411550173276370e+02  9.017470419256491e+02	 1.114931706069910e-06 -2.323585448493759e-07 -2.323585448493759e-07	1.000000000000000e+00	0	0	102
103	 5.012008505206582e+02 -1.038429607216894e+03  1.104987598364881e+03	-2.688848471734673e-04  2.665151550900191e-04  2.688848471734673e-04	1.000000000000000e+00	0	0	103
104	 6.247021861699590e+02  4.791915285206058e+02 -1.227577365399796e+03	-1.054132822901011e-03  1.054132822901011e-03 -9.657290065661073e-04	1.000000000000000e+00	24	0	104
105	 7.449591120035377e+02  6.828444002526583e+02 -1.107774198376223e+03	 4.938034689985216e-04 -5.042732227593660e-04  5.042732227593660e-04	1.000000000000000e+00	24	0	105
106	 3.240828635809782e+02  4.649008390496663e+02 -8.898306371732310e+02	-6.183570076245815e-05  7.583694969071075e-05 -7.583694969071075e-05	1.000000000000000e+00	24	0	106
107	 1.267659983060194e+03 -2.962999867954559e+02  1.128343634076754e+03	-2.852198958862573e-04  2.757075708359480e-04  2.852198958862573e-04	1.000000000000000e+00	0	0	107
108	 1.049064830755532e+03 -5.749477577259856e+02  1.150174846612617e+03	 2.412735484540462e-03 -2.124963561072946e-03 -2.124963561072946e-03	1.000000000000000e+00	0	0	108
109	 1.371716026730831e+03 -4.003259128473410e+02  1.324796691491262e+03	 2.597870188765228e-04 -2.594688558019698e-04 -2.594688558019698e-04	1.000000000000000e+00	0	0	109
110	-1.052965493616103e+02  2.272572056916143e+02  3.500952526941813e+02	-5.004795384593308e-04 -5.004795384593308e-04 -4.988068249076605e-04	1.000000000000000e+00	12	0	110
111	 1.037425060176518e+03 -8.747590313795233e+02  3.219465631548187e+02	-3.616851972765289e-05 -3.616851972765289e-05 -3.563186328392476e-05	1.000000000000000e+00	12	0	111
112	 1.737901708715155e+03 -1.742823828408860e+02 -1.074225920046433e+03	1.181957341032103e-04 1.181957341032103e-04 1.184497159556486e-04	1.000000000000000e+00	12	0	112
113	 6.047517800024498e+02  9.373055350556745e+02 -1.036272208663919e+03	6.893686950206757e-04 6.893686950206757e-04 7.399391615763307e-04	1.000000000000000e+00	12	0	113
114	 1.324739958350550e+02  4.650277508882796e+02 -1.110255735262114e+02	-3.960624326282414e-06 -3.960624326282414e-06 -4.574699232762214e-06	1.000000000000000e+00	12	0	114
115	 3.649560513679522e+02  6.975098064211768e+02 -5.774247973299268e+02	-3.989590186392888e-05 -3.989590186392888e-05 -4.009982876596041e-05	1.000000000000000e+00	12	0	115
116	 1.270877107192682e+03 -6.413069843633596e+02 -1.434867227874782e+02	5.356244514587161e-07 5.356244514587161e-07 5.363127684177016e-07	1.000000000000000e+00	12	0	116
117	 1.504199615970975e+03 -4.079844755850659e+02 -6.090459341605816e+02	4.053291922900826e-05 4.053291922900826e-05 4.070719660376199e-05	1.000000000000000e+00	12	0	117
0	-5.773502691896258e-01  5.773502691896258e-01  5.773502691896258e-01	-7.071067811865476e-01  3.124842898819631e-18 -7.071067811865476e-01	 1.198001808568474e+03 -5.294203851356715e-15  1.198001808568474e+03	1	0	0.000000000000000e+00	0.000000000000000e+00	0.000000000000000e+00
1	-5.773502691896258e-01  5.773502691896258e-01  5.773502691896258e-01	 0.000000000000000e+00  7.071067811865476e-01 -7.071067811865476e-01	 0.000000000000000e+00 -9.214510296266430e+02  9.214510296266430e+02	1	0	0.000000000000000e+00	0.000000000000000e+00	0.000000000000000e+00
2	-5.773502691896258e-01  5.773502691896258e-01  5.773502691896258e-01	 7.071067811865476e-01  7.071067811865476e-01 -3.124842898819631e-18	-7.193784354102739e+02 -7.193784354102739e+02  3.179073734356852e-15	1	0	0.000000000000000e+00	0.000000000000000e+00	0.000000000000000e+00
3	-5.773502691896258e-01  5.773502691896258e-01  5.773502691896258e-01	 7.071067811865476e-01 -3.124842898819631e-18  7.071067811865476e-01	 8.030942244427697e+02 -3.549030148066116e-15  8.030942244427697e+02	1	0	0.000000000000000e+00	0.000000000000000e+00	0.000000000000000e+00
4	-5.773502691896258e-01  5.773502691896258e-01  5.773502691896258e-01	 0.000000000000000e+00  7.071067811865476e-01 -7.071067811865476e-01	 0.000000000000000e+00 -8.625613021693013e+02  8.625613021693013e+02	1	0	0.000000000000000e+00	0.000000000000000e+00	0.000000000000000e+00
5	-5.773502691896258e-01  5.773502691896258e-01  5.773502691896258e-01	-7.071067811865476e-01 -7.071067811865476e-01  3.124842898819631e-18	 9.364621366255734e+02  9.364621366255734e+02 -4.138408986458117e-15	1	0	0.000000000000000e+00	0.000000000000000e+00	0.000000000000000e+00
6	 5.773502691896258e-01 -5.773502691896258e-01 -5.773502691896258e-01	0.000000000000000e+00 0.000000000000000e+00 0.000000000000000e+00	1.570392732195782e+03 3.025315410553647e+02 8.256108849411653e+02	1	1	0.000000000000000e+00	0.000000000000000e+00	0.000000000000000e+00
7	-5.773502691896258e-01 -5.773502691896258e-01 -5.773502691896258e-01	-7.071067811865476e-01  0.000000000000000e+00  7.071067811865476e-01	-4.024131376251693e+02  0.000000000000000e+00  4.024131376251693e+02	1	0	0.000000000000000e+00	0.000000000000000e+00	0.000000000000000e+00
8	-5.773502691896258e-01 -5.773502691896258e-01 -5.773502691896258e-01	 0.000000000000000e+00 -7.071067811865476e-01  7.071067811865476e-01	 0.000000000000000e+00 -7.730720104449091e+02  7.730720104449091e+02	1	0	0.000000000000000e+00	0.000000000000000e+00	0.000000000000000e+00
9	-5.773502691896258e-01 -5.773502691896258e-01 -5.773502691896258e-01	 7.071067811865476e-01 -7.071067811865476e-01  0.000000000000000e+00	 9.560920457780206e+02 -9.560920457780206e+02  0.000000000000000e+00	1	0	0.000000000000000e+00	0.000000000000000e+00	0.000000000000000e+00
10	-5.773502691896258e-01 -5.773502691896258e-01 -5.773502691896258e-01	 7.071067811865476e-01  0.000000000000000e+00 -7.071067811865476e-01	 1.580785037041196e+03  0.000000000000000e+00 -1.580785037041196e+03	1	0	0.000000000000000e+00	0.000000000000000e+00	0.000000000000000e+00
11	-5.773502691896258e-01 -5.773502691896258e-01 -5.773502691896258e-01	 0.000000000000000e+00  7.071067811865476e-01 -7.071067811865476e-01	 0.000000000000000e+00  1.161628741609527e+03 -1.161628741609527e+03	1	0	0.000000000000000e+00	0.000000000000000e+00	0.000000000000000e+00
12	-5.773502691896258e-01 -5.773502691896258e-01 -5.773502691896258e-01	-7.071067811865476e-01  7.071067811865476e-01  0.000000000000000e+00	-1.662768775266123e+02  1.662768775266123e+02  0.000000000000000e+00	1	0	0.000000000000000e+00	0.000000000000000e+00	0.000000000000000e+00
13	5.773502691896258e-01 5.773502691896258e-01 5.773502691896258e-01	0.000000000000000e+00 0.000000000000000e+00 0.000000000000000e+00	-2.170837012152994e+02  1.154700538379251e+02  5.877425740350395e+02	1	1	0.000000000000000e+00	0.000000000000000e+00	0.000000000000000e+00
14	-5.773502691896258e-01  5.773502691896258e-01 -5.773502691896258e-01	 7.071067811865476e-01  0.000000000000000e+00 -7.071067811865476e-01	-5.328942984620248e+02  0.000000000000000e+00  5.328942984620248e+02	1	0	0.000000000000000e+00	0.000000000000000e+00	0.000000000000000e+00
15	-5.773502691896258e-01  5.773502691896258e-01 -5.773502691896258e-01	-3.124842898819631e-18  7.071067811865476e-01  7.071067811865476e-01	 8.547268868455420e-16 -1.934123401785247e+02 -1.934123401785247e+02	1	0	0.000000000000000e+00	0.000000000000000e+00	0.000000000000000e+00
16	-5.773502691896258e-01  5.773502691896258e-01 -5.773502691896258e-01	 7.071067811865476e-01  7.071067811865476e-01 -3.124842898819631e-18	 5.519468573452824e+02  5.519468573452824e+02 -2.439160906938323e-15	1	0	0.000000000000000e+00	0.000000000000000e+00	0.000000000000000e+00
17	-5.773502691896258e-01  5.773502691896258e-01 -5.773502691896258e-01	-7.071067811865476e-01  0.000000000000000e+00  7.071067811865476e-01	 1.412198758437825e+03  0.000000000000000e+00 -1.412198758437825e+03	1	0	0.000000000000000e+00	0.000000000000000e+00	0.000000000000000e+00
18	-5.773502691896258e-01  5.773502691896258e-01 -5.773502691896258e-01	-3.124842898819631e-18  7.071067811865476e-01  7.071067811865476e-01	 9.389238637586849e-16 -2.124648990617823e+02 -2.124648990617823e+02	1	0	0.000000000000000e+00	0.000000000000000e+00	0.000000000000000e+00
19	-5.773502691896258e-01  5.773502691896258e-01 -5.773502691896258e-01	-7.071067811865476e-01 -7.071067811865476e-01  3.124842898819631e-18	-7.851963660978913e+01 -7.851963660978913e+01  3.469936018238618e-16	1	0	0.000000000000000e+00	0.000000000000000e+00	0.000000000000000e+00
20	 5.773502691896258e-01 -5.773502691896258e-01  5.773502691896258e-01	0.000000000000000e+00 0.000000000000000e+00 0.000000000000000e+00	-7.597929542535480e+02  6.027536810339697e+02  3.059956426705016e+02	1	1	0.000000000000000e+00	0.000000000000000e+00	0.000000000000000e+00
0	0	1	0
6	0	1	0
5	5	0	0
6	5	0	0
0	6	0	0
5	0	6	0
1	1	2	0
6	1	2	0
0	1	7	0
1	7	1	0
2	2	3	0
6	2	3	0
1	2	8	0
2	8	2	0
3	3	4	0
6	3	4	0
2	3	9	0
3	9	3	0
4	4	5	0
6	4	5	0
3	4	10	0
4	10	4	0
4	5	11	0
5	11	5	0
5	6	66	0
0	67	6	0
0	7	42	0
1	68	7	0
2	69	8	0
1	8	70	0
2	9	71	0
3	72	9	0
3	10	38	0
4	73	10	0
5	74	11	0
4	11	75	0
7	12	13	0
13	12	13	0
12	17	12	0
13	17	12	0
7	18	12	0
12	12	18	0
8	13	14	0
13	13	14	0
7	13	19	0
8	19	13	0
9	14	15	0
13	14	15	0
8	14	20	0
9	20	14	0
10	15	16	0
13	15	16	0
9	15	21	0
10	21	15	0
11	16	17	0
13	16	17	0
10	16	22	0
11	22	16	0
11	17	23	0
12	23	17	0
7	76	18	0
12	18	110	0
7	19	78	0
8	79	19	0
8	20	80	0
9	111	20	0
10	83	21	0
9	21	112	0
10	22	84	0
11	85	22	0
11	23	87	0
12	113	23	0
14	24	25	0
20	24	25	0
19	29	24	0
20	29	24	0
14	30	24	0
19	24	30	0
15	25	26	0
20	25	26	0
14	25	31	0
15	31	25	0
16	26	27	0
20	26	27	0
15	26	32	0
16	32	26	0
17	27	28	0
20	27	28	0
16	27	33	0
17	33	27	0
18	28	29	0
20	28	29	0
17	28	34	0
18	34	28	0
18	29	35	0
19	35	29	0
14	88	30	0
19	30	89	0
14	31	90	0
15	91	31	0
16	40	32	0
15	32	92	0
17	93	33	0
16	33	94	0
17	34	95	0
18	96	34	0
19	36	35	0
18	35	97	0
19	98	36	0
15	36	99	0
15	100	36	0
1	38	101	0
1	102	38	0
3	38	103	0
16	104	40	0
18	40	105	0
18	106	40	0
0	42	107	0
4	42	108	0
4	109	42	0
5	66	44	0
5	44	74	0
0	45	67	0
0	107	45	0
1	46	68	0
1	101	46	0
2	47	69	0
2	71	47	0
1	70	48	0
1	48	102	0
3	49	72	0
3	103	49	0
4	50	73	0
4	108	50	0
4	75	51	0
4	51	109	0
7	52	76	0
7	78	52	0
12	114	53	0
12	53	115	0
8	54	79	0
8	80	54	0
9	55	116	0
9	117	55	0
10	56	83	0
10	84	56	0
11	57	85	0
11	87	57	0
14	58	88	0
14	90	58	0
19	89	59	0
19	59	98	0
15	60	91	0
15	99	60	0
15	92	61	0
15	61	100	0
17	62	93	0
17	95	62	0
16	94	63	0
16	63	104	0
18	64	96	0
18	105	64	0
18	97	65	0
18	65	106	0
12	110	77	0
12	77	114	0
9	81	111	0
9	116	81	0
9	112	82	0
9	82	117	0
12	86	113	0
12	115	86	0
