114
21
172
0	1.570392732195782e+03 3.025315410553647e+02 8.256108849411653e+02	0.000000000000000e+00 0.000000000000000e+00 0.000000000000000e+00	1.000000000000000e+00	0	0	0
1	 1.130451827073287e+03 -5.773502691896260e+02  1.265551790063660e+03	0.000000000000000e+00 0.000000000000000e+00 0.000000000000000e+00	1.000000000000000e+00	0	0	1
2	-1.974537920628516e+02 -1.241303078757696e+03  6.015989804955904e+02	0.000000000000000e+00 0.000000000000000e+00 0.000000000000000e+00	1.000000000000000e+00	0	0	2
3	 2.032272947547480e+02 -1.641984165575296e+03  1.402961154130791e+03	0.000000000000000e+00 0.000000000000000e+00 0.000000000000000e+00	1.000000000000000e+00	0	0	3
4	 6.431681998772439e+02 -7.621023553303065e+02  9.630202490082960e+02	0.000000000000000e+00 0.000000000000000e+00 0.000000000000000e+00	1.000000000000000e+00	0	0	4
5	 1.971073819013383e+03 -9.814954576223676e+01  1.626973058576365e+03	0.000000000000000e+00 0.000000000000000e+00 0.000000000000000e+00	1.000000000000000e+00	0	0	5
6	1.569563218333039e+03 3.033610549181071e+02 8.264403988039077e+02	-1.239468547282740e-04  1.314168184762821e-04  1.199455655296333e-04	1.000000000000000e+00	0	0	6
7	 1.126234747046628e+03 -5.731331891629675e+02  1.269768870090319e+03	-1.350656733848155e-03  1.350656733848155e-03  1.350656733848155e-03	1.000000000000000e+00	0	0	7
8	-1.966624928214842e+02 -1.242094377999063e+03  6.008076812542230e+02	 1.080848960555159e-04 -1.092742313630879e-04 -1.092880993383005e-04	1.000000000000000e+00	0	0	8
9	 2.032412521542646e+02 -1.641998122974812e+03  1.402947196731274e+03	 8.283527677122038e-06 -8.831680133880582e-06 -7.688397090532817e-06	1.000000000000000e+00	0	0	9
10	 6.466963986035879e+02 -7.656305540566506e+02  9.594920502819519e+02	 1.272119348868728e-03 -1.272119348868728e-03 -1.272119348868728e-03	1.000000000000000e+00	0	0	10
11	 1.971289941299615e+03 -9.836566804846866e+01  1.626756936290133e+03	 3.884887337335385e-05 -3.829009438049980e-05 -3.809606641880237e-05	1.000000000000000e+00	0	0	11
12	-2.170837012152994e+02  1.154700538379251e+02  5.877425740350395e+02	0.000000000000000e+00 0.000000000000000e+00 0.000000000000000e+00	1.000000000000000e+00	12	0	12
13	 1.408734656822689e+02 -6.004442799572098e+02  9.456997409326077e+02	0.000000000000000e+00 0.000000000000000e+00 0.000000000000000e+00	1.000000000000000e+00	12	0	13
14	 9.214510296266424e+02 -9.907330619293978e+02  5.554109589604201e+02	0.000000000000000e+00 0.000000000000000e+00 0.000000000000000e+00	1.000000000000000e+00	12	0	14
15	 1.853294364098699e+03 -5.888972745734176e+01 -1.308275709983692e+03	0.000000000000000e+00 0.000000000000000e+00 0.000000000000000e+00	1.000000000000000e+00	12	0	15
16	 1.495337197201131e+03  6.570246063377946e+02 -1.666232876881260e+03	0.000000000000000e+00 0.000000000000000e+00 0.000000000000000e+00	1.000000000000000e+00	12	0	16
17	 7.147596332567570e+02  1.047313388309982e+03 -1.275944094909073e+03	0.000000000000000e+00 0.000000000000000e+00 0.000000000000000e+00	1.000000000000000e+00	12	0	17
18	-2.188235110141298e+02  1.137302440390947e+02  5.860027642362091e+02	-2.335388708161190e-04 -2.335388708161190e-04 -2.335388708161190e-04	1.000000000000000e+00	12	0	18
19	 1.433692643679514e+02 -5.979484812715274e+02  9.481955396182901e+02	3.302158050549527e-04 3.302158050549527e-04 3.302158050549527e-04	1.000000000000000e+00	12	0	19
20	 9.220689664576231e+02 -9.901151250984170e+02  5.560288957914008e+02	1.092119564418681e-04 1.028480328386649e-04 1.040303541230969e-04	1.000000000000000e+00	12	0	20
21	 1.854165403680397e+03 -5.801868787564405e+01 -1.307404670401995e+03	1.196465309476480e-04 1.193897551274858e-04 1.196502489619888e-04	1.000000000000000e+00	12	0	21
22	 1.497733032837932e+03  6.594204419745955e+02 -1.663837041244459e+03	3.384387431045374e-04 3.384387431045373e-04 3.384387431045373e-04	1.000000000000000e+00	12	0	22
23	 7.244035198380244e+02  1.056957274891249e+03 -1.266300208327806e+03	1.292822921338181e-03 1.292822921338181e-03 1.292822921338181e-03	1.000000000000000e+00	12	0	23
24	-7.597929542535472e+02  6.027536810339691e+02  3.059956426705008e+02	0.000000000000000e+00 0.000000000000000e+00 0.000000000000000e+00	1.000000000000000e+00	24	0	24
25	-1.191650955607388e+03 -2.609623216737101e+02 -1.258623586833382e+02	0.000000000000000e+00 0.000000000000000e+00 0.000000000000000e+00	1.000000000000000e+00	24	0	25
26	 5.126870390403868e+02  5.912066756501777e+02 -9.780313560072266e+02	0.000000000000000e+00 0.000000000000000e+00 0.000000000000000e+00	1.000000000000000e+00	24	0	26
27	 9.572467463163994e+02  1.466469683741651e+02 -1.867150770559250e+03	0.000000000000000e+00 0.000000000000000e+00 0.000000000000000e+00	1.000000000000000e+00	24	0	27
28	 1.389104747670240e+03  1.010362971081845e+03 -1.435292769205410e+03	0.000000000000000e+00 0.000000000000000e+00 0.000000000000000e+00	1.000000000000000e+00	24	0	28
29	-3.152332469775362e+02  1.581939737579582e+02 -5.831237718815206e+02	0.000000000000000e+00 0.000000000000000e+00 0.000000000000000e+00	1.000000000000000e+00	24	0	29
30	-7.603237181741898e+02  6.032844449546118e+02  3.054648787498582e+02	-7.421454210998490e-05  7.449086115229875e-05 -7.118842768250033e-05	1.000000000000000e+00	24	0	30
31	-1.192705059699037e+03 -2.599082175820612e+02 -1.269164627749871e+02	-1.506432454334572e-04  1.483505620853975e-04 -1.504380052210763e-04	1.000000000000000e+00	24	0	31
32	 5.014401009471947e+02  6.024536137433698e+02 -9.892782941004187e+02	-1.521986851003021e-04  1.521986851003020e-04 -1.521986851003022e-04	1.000000000000000e+00	24	0	32
33	 9.530779781774115e+02  1.508157365131530e+02 -1.871319538698238e+03	-5.974510762219628e-04  5.974510762219628e-04 -5.974510762219627e-04	1.000000000000000e+00	24	0	33
34	 1.381172717562089e+03  1.018295001189996e+03 -1.443224799313561e+03	-1.132121969324847e-03  1.132121969324847e-03 -1.132121969324847e-03	1.000000000000000e+00	24	0	34
35	-3.046749213348838e+02  1.476356481153059e+02 -5.725654462388683e+02	 1.569963448370497e-04 -1.569963448370497e-04  1.569963448370496e-04	1.000000000000000e+00	24	0	35
36	-3.298924751844265e+02  1.728532019648485e+02 -5.596778823218962e+02	 6.328563176793978e-05 -6.595134618692100e-05  2.629401860758662e-04	1.000000000000000e+00	24	0	36
38	 6.019965372279628e+02 -8.387101475957095e+02  1.004191911657577e+03	-4.143375360096495e-04  4.143375360096495e-04  4.143375360096495e-04	1.000000000000000e+00	0	0	38
40	 5.277599629413263e+02  5.761337517492385e+02 -1.001063549872803e+03	-1.018329057842493e-04  9.777808736544102e-05 -1.917941553983837e-04	1.000000000000000e+00	24	0	40
42	 1.170603087816487e+03 -4.997220750181428e+02  1.225400529320460e+03	 2.790252668395017e-04 -2.790252668395017e-04 -2.790252668395017e-04	1.000000000000000e+00	0	0	42
44	1.770875145393118e+03 1.020491278580289e+02 1.226150495918801e+03	 2.219526504632086e-05 -2.219526504632086e-05 -2.207417855970562e-05	1.000000000000000e+00	0	0	44
45	 1.367967195717569e+03 -9.607003816032744e+01  1.028036421419378e+03	-3.125939110759646e-04  3.110025718342513e-04  3.125939110759646e-04	1.000000000000000e+00	0	0	45
46	 8.596827088278163e+02 -7.015092439893838e+02  1.141392815263902e+03	-2.161063021048903e-03  2.150819171220064e-03  2.150819171220064e-03	1.000000000000000e+00	0	0	46
47	 3.589723040120624e+00 -1.442346593860668e+03  1.001577415118308e+03	 9.910968947224319e-05 -9.910968947224319e-05 -9.903779573505744e-05	1.000000000000000e+00	0	0	47
48	 2.045720525673869e+02 -1.042303151813806e+03  8.005989074394799e+02	 1.707261544652283e-04 -1.696497056400403e-04 -1.696497056400403e-04	1.000000000000000e+00	0	0	48
49	 4.026510523738655e+02 -1.240392003824035e+03  1.203537396511674e+03	-1.267363986698911e-04  1.251752692041919e-04  1.267363986698911e-04	1.000000000000000e+00	0	0	49
50	 9.146799467460869e+02 -6.386117764754867e+02  1.086510827863116e+03	 2.278813859447837e-03 -2.236498519778252e-03 -2.236498519778252e-03	1.000000000000000e+00	0	0	50
51	 1.571237760321772e+03 -2.993334140749203e+02  1.425789190263682e+03	 1.411492557963356e-04 -1.405505609000102e-04 -1.405505609000102e-04	1.000000000000000e+00	0	0	51
52	-3.732691527899919e+01 -2.417078935498161e+02  7.674993599713395e+02	1.183366985060275e-04 1.187036468763836e-04 1.183366985060275e-04	1.000000000000000e+00	12	0	52
53	 2.489850166110596e+02  5.815387716642841e+02 -3.439534848098763e+02	9.800120096770115e-06 9.800120096770115e-06 9.868510460364632e-06	1.000000000000000e+00	12	0	53
54	 5.311925986880125e+02 -7.955331498696122e+02  7.506108710202060e+02	3.066754288738593e-05 3.734045822056942e-05 3.734045822056942e-05	1.000000000000000e+00	12	0	54
55	 1.387454073876207e+03 -5.247300176798344e+02 -3.763509049913055e+02	1.336674449703423e-05 1.336674449703423e-05 1.339501068287063e-05	1.000000000000000e+00	12	0	55
56	 1.676278165511835e+03  3.010249812031903e+02 -1.485291908570557e+03	2.536980900913477e-04 2.523999428376555e-04 2.536980900913477e-04	1.000000000000000e+00	12	0	56
57	 1.098023487090494e+03  8.446723257706205e+02 -1.478585157448434e+03	-6.755217909812927e-04 -7.981234812177718e-04 -7.981234812177718e-04	1.000000000000000e+00	12	0	57
58	-9.771945357535476e+02  1.723752766992995e+02  8.859406117050204e+01	-1.877391041489318e-04  1.895821333164349e-04 -1.877391041489318e-04	1.000000000000000e+00	24	0	58
59	-5.443622710152586e+02  3.873229977956803e+02 -1.263623490383376e+02	-5.522995343199000e-05  5.522995343199000e-05 -5.543395309359767e-05	1.000000000000000e+00	24	0	59
60	-7.611109726031773e+02 -4.372531539261707e+01 -3.430993649644324e+02	-2.042504784185439e-04  2.011429169215262e-04 -2.011429169215262e-04	1.000000000000000e+00	24	0	60
61	 8.436364534582995e+01  3.889906655180068e+02 -7.758153458750562e+02	 3.769198519876227e-05 -3.755458237719722e-05  3.755458237719722e-05	1.000000000000000e+00	24	0	61
62	 1.171128285117136e+03  5.804896893465416e+02 -1.653269231758514e+03	-4.182478005532175e-04  3.963924245908856e-04 -4.182478005532175e-04	1.000000000000000e+00	24	0	62
63	 7.340058726342093e+02  3.698878420563556e+02 -1.442596828085229e+03	-1.045700744725764e-03  1.045700744725764e-03 -1.044159522280097e-03	1.000000000000000e+00	24	0	63
64	 9.615958053213385e+02  7.902860693724615e+02 -1.215215867496026e+03	 5.445856368169188e-04 -4.926558467559516e-04  4.926558467559516e-04	1.000000000000000e+00	24	0	64
65	 1.135362750092070e+02  3.598294495028940e+02 -7.847592476264588e+02	 4.288657510187477e-05 -4.249436460668221e-05  4.249436460668221e-05	1.000000000000000e+00	24	0	65
66	1.671100425588925e+03 2.018238476622217e+02 1.025410157584395e+03	 8.230838284362108e-05 -8.230838284362108e-05 -8.358419290743768e-05	1.000000000000000e+00	0	0	66
67	1.467840267436210e+03 1.045858526305526e+02 9.281633497007376e+02	-3.567769017536193e-04  3.606846439652145e-04  3.567769017536193e-04	1.000000000000000e+00	0	0	67
68	 9.922726359186577e+02 -6.364999910593356e+02  1.206402068193951e+03	-1.964750699698925e-03  2.037643687799573e-03  2.037643687799573e-03	1.000000000000000e+00	0	0	68
69	-9.663877571035481e+01 -1.342118095110193e+03  8.012949095428357e+02	 8.706135122338310e-05 -8.706135122338310e-05 -8.703532512299716e-05	1.000000000000000e+00	0	0	69
70	 4.365668094986546e+00 -1.142614447961240e+03  7.002876112920462e+02	 1.951327722053975e-04 -1.958284265128896e-04 -1.958284265128896e-04	1.000000000000000e+00	0	0	70
71	 1.035925375979841e+02 -1.542349408418532e+03  1.202086515986053e+03	 8.305161463795230e-05 -8.305161463795230e-05 -8.262503251899034e-05	1.000000000000000e+00	0	0	71
72	 3.028726323911017e+02 -1.441120449729475e+03  1.303315816494438e+03	-7.124864350771531e-05  7.075727626215667e-05  7.124864350771531e-05	1.000000000000000e+00	0	0	72
73	 7.828969232386580e+02 -7.046012727206239e+02  1.020521331617979e+03	 2.114364644512534e-03 -2.226948970928788e-03 -2.226948970928788e-03	1.000000000000000e+00	0	0	73
74	1.870825687148982e+03 2.098586102165222e+00 1.426710536571474e+03	-1.240213168784976e-05  1.240213168784976e-05  1.246220017492305e-05	1.000000000000000e+00	0	0	74
75	 1.771402881191103e+03 -1.989878414827908e+02  1.526134762855812e+03	 1.131716999225318e-04 -1.126419883803464e-04 -1.126419883803464e-04	1.000000000000000e+00	0	0	75
76	-1.269292008557129e+02 -6.283574219926265e+01  6.778970743946257e+02	8.273487037513405e-05 8.475998038193211e-05 8.273487037513405e-05	1.000000000000000e+00	12	0	76
77	1.410944914750241e+01 3.466632042007270e+02 1.200302094973672e+02	-2.487325109541416e-04 -2.487325109541416e-04 -2.550593926571310e-04	1.000000000000000e+00	12	0	77
78	 5.241172866117441e+01 -4.204296622790914e+02  8.572380039115130e+02	1.596351939952001e-04 1.620314869796857e-04 1.596351939952001e-04	1.000000000000000e+00	12	0	78
79	 3.366782663133037e+02 -6.973748564827747e+02  8.487691644070435e+02	1.288882776862010e-04 1.236196985701099e-04 1.236196985701099e-04	1.000000000000000e+00	12	0	79
80	 7.290657614804502e+02 -8.903961673726709e+02  6.557478535171473e+02	3.490417439024895e-04 3.501666942611337e-04 3.501666942611337e-04	1.000000000000000e+00	12	0	80
81	 1.154289691077739e+03 -7.578944004783020e+02  8.936691897402332e+01	-1.457581765862415e-05 -1.457581765862415e-05 -1.462187810830073e-05	1.000000000000000e+00	12	0	81
82	 1.620913486391716e+03 -2.912706051643249e+02 -8.417729601027410e+02	8.137103577610105e-05 8.137103577610105e-05 8.168103522621095e-05	1.000000000000000e+00	12	0	82
83	 1.765017875323445e+03  1.212955374215438e+02 -1.396552198758947e+03	1.615273213246837e-04 1.599418610567227e-04 1.615273213246837e-04	1.000000000000000e+00	12	0	83
84	 1.586767537476770e+03  4.799850675579735e+02 -1.574802536605621e+03	2.649659290909767e-04 2.642627223394811e-04 2.649659290909767e-04	1.000000000000000e+00	12	0	84
85	 1.303949714488171e+03  7.581736477786530e+02 -1.565083835440402e+03	4.035907331854105e-04 3.459076688159257e-04 3.459076688159257e-04	1.000000000000000e+00	12	0	85
86	 4.823377636825765e+02  8.148915187358010e+02 -8.094655177977645e+02	9.269222937291488e-05 9.269222937291488e-05 9.813366341404617e-05	1.000000000000000e+00	12	0	86
87	 9.205034117866337e+02  9.598282602182467e+02 -1.363429223000808e+03	1.411474659107625e-03 1.279705786146224e-03 1.279705786146224e-03	1.000000000000000e+00	12	0	87
88	-8.680970892992311e+02  3.871679286904312e+02  1.976915076248186e+02	-3.513143747113645e-05  3.612039290601388e-05 -3.513143747113645e-05	1.000000000000000e+00	24	0	88
89	-6.535829876632201e+02  4.965437144436418e+02  8.831282862535582e+01	-2.353819581912830e-04  2.353819581912830e-04 -2.351458824705333e-04	1.000000000000000e+00	24	0	89
90	-1.085574403717815e+03 -4.314873928039975e+01 -1.978580679376569e+01	-2.509245823603123e-04  2.500666014384478e-04 -2.509245823603123e-04	1.000000000000000e+00	24	0	90
91	-9.762945776728892e+02 -1.524267287125232e+02 -2.343979516445262e+02	-9.412964573130012e-05  9.363113349536434e-05 -9.363113349536434e-05	1.000000000000000e+00	24	0	91
92	 2.929020363126950e+02  4.957260878142750e+02 -8.825507681713244e+02	-6.667446723440662e-05  6.515003769891337e-05 -6.515003769891337e-05	1.000000000000000e+00	24	0	92
93	 1.062623236298611e+03  3.651863656228014e+02 -1.761774280577039e+03	-3.639787901192904e-04  3.693840699270368e-04 -3.639787901192904e-04	1.000000000000000e+00	24	0	93
94	 8.424427891167733e+02  2.614509255737916e+02 -1.658132916713326e+03	-9.732208563946187e-04  9.732208563946187e-04 -9.938459843397141e-04	1.000000000000000e+00	24	0	94
95	 1.271852008040429e+03  8.034405052779582e+02 -1.552545508835221e+03	-1.106960466131568e-03  1.058070920407772e-03 -1.106960466131568e-03	1.000000000000000e+00	24	0	95
96	 1.169153409261712e+03  9.063953292523870e+02 -1.331325127375952e+03	-5.756164318881929e-04  5.656870780512691e-04 -5.656870780512691e-04	1.000000000000000e+00	24	0	96
97	-9.611650394142194e+01  2.542469918894333e+02 -6.791767900129980e+02	 8.640933810966089e-05 -8.308620454045013e-05  8.308620454045013e-05	1.000000000000000e+00	24	0	97
98	-4.332984554816601e+02  2.762591822620819e+02 -3.392695677282037e+02	 3.681835369206965e-04 -3.681835369206965e-04  3.517928707879037e-04	1.000000000000000e+00	24	0	98
99	-5.465397337488141e+02  6.558528683894698e+01 -4.524099671959964e+02	-4.016341117676347e-04  4.017927567474544e-04 -4.017927567474544e-04	1.000000000000000e+00	24	0	99
100	-1.260261493922645e+02  2.838836786039234e+02 -6.707083589609728e+02	 8.585273462813348e-05 -9.784231951925904e-05  9.784231951925904e-05	1.000000000000000e+00	24	0	100
101	 7.292229472710704e+02 -7.686635363326868e+02  1.074238522920599e+03	-1.996394712477922e-03  1.878922106698155e-03  1.878922106698155e-03	1.000000000000000e+00	0	0	101
102	 4.039129422532158e+02 -9.411319972375952e+02  9.017700620156909e+02	 2.512789251341019e-05 -2.389034125371836e-05 -2.389034125371836e-05	1.000000000000000e+00	0	0	102
103	 5.017060151663866e+02 -1.038931633079176e+03  1.104482433719153e+03	-2.742779906839132e-04  2.732036518864334e-04  2.742779906839132e-04	1.000000000000000e+00	0	0	103
104	 6.266268121236184e+02  4.772669025669464e+02 -1.225801214228085e+03	-1.015263027511537e-03  1.015263027511537e-03 -9.437723783776164e-04	1.000000000000000e+00	24	0	104
105	 7.440663421418915e+02  6.837497557930244e+02 -1.108679553916589e+03	 4.656721430364996e-04 -4.689411143772304e-04  4.689411143772304e-04	1.000000000000000e+00	24	0	105
106	 3.242001664970273e+02  4.647571954067888e+02 -8.896869935303534e+02	-6.431549263652414e-05  7.866024679969996e-05 -7.866024679969996e-05	1.000000000000000e+00	24	0	106
107	 1.268174502160708e+03 -2.968001229163411e+02  1.127829114976240e+03	-2.681779151316732e-04  2.620511222630739e-04  2.681779151316732e-04	1.000000000000000e+00	0	0	107
108	 1.044805123307924e+03 -5.711073628663178e+02  1.154015241472285e+03	 2.062372630462050e-03 -1.903166645206511e-03 -1.903166645206511e-03	1.000000000000000e+00	0	0	108
109	 1.371269686488735e+03 -3.998795781953493e+02  1.325243026143253e+03	 2.209517551818863e-04 -2.211870014434680e-04 -2.211870014434680e-04	1.000000000000000e+00	0	0	109
110	-1.043585131697510e+02  2.281952418834736e+02  3.510305766853538e+02	-5.082147545181215e-04 -5.082147545181215e-04 -5.069652688689530e-04	1.000000000000000e+00	12	0	110
111	 1.037501143271946e+03 -8.746829482840953e+02  3.220216963059096e+02	-4.558651198749430e-05 -4.558651198749430e-05 -4.510756843956187e-05	1.000000000000000e+00	12	0	111
112	 1.737680859778961e+03 -1.745032317770806e+02 -1.074447197992988e+03	1.192791460198350e-04 1.192791460198350e-04 1.194860305986367e-04	1.000000000000000e+00	12	0	112
113	 6.034589839630199e+02  9.360127390162444e+02 -1.037650479485857e+03	7.008366519585252e-04 7.008366519585252e-04 7.420913898386061e-04	1.000000000000000e+00	12	0	113
114	 1.324757196465437e+02  4.650294746997682e+02 -1.110228930154746e+02	2.148229896192788e-06 2.148229896192788e-06 1.728417828417150e-06	1.000000000000000e+00	12	0	114
115	 3.650347550016874e+02  6.975885100549119e+02 -5.773457503049274e+02	-4.474426896194927e-05 -4.474426896194927e-05 -4.490857099881396e-05	1.000000000000000e+00	12	0	115
116	 1.270877060462325e+03 -6.413070310937162e+02 -1.434867692593428e+02	-4.520497896010056e-07 -4.520497896010056e-07 -4.528537260739540e-07	1.000000000000000e+00	12	0	116
117	 1.504124888124116e+03 -4.080592034319250e+02 -6.091209514302060e+02	3.981973713962361e-05 3.981973713962361e-05 3.995678707724437e-05	1.000000000000000e+00	12	0	117
0	-5.773502691896258e-01  5.773502691896258e-01  5.773502691896258e-01	-7.071067811865476e-01  3.124842898819631e-18 -7.071067811865476e-01	 1.198001808568474e+03 -5.294203851356715e-15  1.198001808568474e+03	1	0	0.000000000000000e+00	0.000000000000000e+00	0.000000000000000e+00
1	-5.773502691896258e-01  5.773502691896258e-01  5.773502691896258e-01	 0.000000000000000e+00  7.071067811865476e-01 -7.071067811865476e-01	 0.000000000000000e+00 -9.214510296266430e+02  9.214510296266430e+02	1	0	0.000000000000000e+00	0.000000000000000e+00	0.000000000000000e+00
2	-5.773502691896258e-01  5.773502691896258e-01  5.773502691896258e-01	 7.071067811865476e-01  7.071067811865476e-01 -3.124842898819631e-18	-7.193784354102739e+02 -7.193784354102739e+02  3.179073734356852e-15	1	0	0.000000000000000e+00	0.000000000000000e+00	0.000000000000000e+00
3	-5.773502691896258e-01  5.773502691896258e-01  5.773502691896258e-01	 7.071067811865476e-01 -3.124842898819631e-18  7.071067811865476e-01	 8.030942244427697e+02 -3.549030148066116e-15  8.030942244427697e+02	1	0	0.000000000000000e+00	0.000000000000000e+00	0.000000000000000e+00
4	-5.773502691896258e-01  5.773502691896258e-01  5.773502691896258e-01	 0.000000000000000e+00  7.071067811865476e-01 -7.071067811865476e-01	 0.000000000000000e+00 -8.625613021693013e+02  8.625613021693013e+02	1	0	0.000000000000000e+00	0.000000000000000e+00	0.000000000000000e+00
5	-5.773502691896258e-01  5.773502691896258e-01  5.773502691896258e-01	-7.071067811865476e-01 -7.071067811865476e-01  3.124842898819631e-18	 9.364621366255734e+02  9.364621366255734e+02 -4.138408986458117e-15	1	0	0.000000000000000e+00	0.000000000000000e+00	0.000000000000000e+00
6	 5.773502691896258e-01 -5.773502691896258e-01 -5.773502691896258e-01	0.000000000000000e+00 0.000000000000000e+00 0.000000000000000e+00	1.570392732195782e+03 3.025315410553647e+02 8.256108849411653e+02	1	1	0.000000000000000e+00	0.000000000000000e+00	0.000000000000000e+00
7	-5.773502691896258e-01 -5.773502691896258e-01 -5.773502691896258e-01	-7.071067811865476e-01  0.000000000000000e+00  7.071067811865476e-01	-4.024131376251693e+02  0.000000000000000e+00  4.024131376251693e+02	1	0	0.000000000000000e+00	0.000000000000000e+00	0.000000000000000e+00
8	-5.773502691896258e-01 -5.773502691896258e-01 -5.773502691896258e-01	 0.000000000000000e+00 -7.071067811865476e-01  7.071067811865476e-01	 0.000000000000000e+00 -7.730720104449091e+02  7.730720104449091e+02	1	0	0.000000000000000e+00	0.000000000000000e+00	0.000000000000000e+00
9	-5.773502691896258e-01 -5.773502691896258e-01 -5.773502691896258e-01	 7.071067811865476e-01 -7.071067811865476e-01  0.000000000000000e+00	 9.560920457780206e+02 -9.560920457780206e+02  0.000000000000000e+00	1	0	0.000000000000000e+00	0.000000000000000e+00	0.000000000000000e+00
10	-5.773502691896258e-01 -5.773502691896258e-01 -5.773502691896258e-01	 7.071067811865476e-01  0.000000000000000e+00 -7.071067811865476e-01	 1.580785037041196e+03  0.000000000000000e+00 -1.580785037041196e+03	1	0	0.000000000000000e+00	0.000000000000000e+00	0.000000000000000e+00
11	-5.773502691896258e-01 -5.773502691896258e-01 -5.773502691896258e-01	 0.000000000000000e+00  7.071067811865476e-01 -7.071067811865476e-01	 0.000000000000000e+00  1.161628741609527e+03 -1.161628741609527e+03	1	0	0.000000000000000e+00	0.000000000000000e+00	0.000000000000000e+00
12	-5.773502691896258e-01 -5.773502691896258e-01 -5.773502691896258e-01	-7.071067811865476e-01  7.071067811865476e-01  0.000000000000000e+00	-1.662768775266123e+02  1.662768775266123e+02  0.000000000000000e+00	1	0	0.000000000000000e+00	0.000000000000000e+00	0.000000000000000e+00
13	5.773502691896258e-01 5.773502691896258e-01 5.773502691896258e-01	0.000000000000000e+00 0.000000000000000e+00 0.000000000000000e+00	-2.170837012152994e+02  1.154700538379251e+02  5.877425740350395e+02	1	1	0.000000000000000e+00	0.000000000000000e+00	0.000000000000000e+00
14	-5.773502691896258e-01  5.773502691896258e-01 -5.773502691896258e-01	 7.071067811865476e-01  0.000000000000000e+00 -7.071067811865476e-01	-5.328942984620248e+02  0.000000000000000e+00  5.328942984620248e+02	1	0	0.000000000000000e+00	0.000000000000000e+00	0.000000000000000e+00
15	-5.773502691896258e-01  5.773502691896258e-01 -5.773502691896258e-01	-3.124842898819631e-18  7.071067811865476e-01  7.071067811865476e-01	 8.547268868455420e-16 -1.934123401785247e+02 -1.934123401785247e+02	1	0	0.000000000000000e+00	0.000000000000000e+00	0.000000000000000e+00
16	-5.773502691896258e-01  5.773502691896258e-01 -5.773502691896258e-01	 7.071067811865476e-01  7.071067811865476e-01 -3.124842898819631e-18	 5.519468573452824e+02  5.519468573452824e+02 -2.439160906938323e-15	1	0	0.000000000000000e+00	0.000000000000000e+00	0.000000000000000e+00
17	-5.773502691896258e-01  5.773502691896258e-01 -5.773502691896258e-01	-7.071067811865476e-01  0.000000000000000e+00  7.071067811865476e-01	 1.412198758437825e+03  0.000000000000000e+00 -1.412198758437825e+03	1	0	0.000000000000000e+00	0.000000000000000e+00	0.000000000000000e+00
18	-5.773502691896258e-01  5.773502691896258e-01 -5.773502691896258e-01	-3.124842898819631e-18  7.071067811865476e-01  7.071067811865476e-01	 9.389238637586849e-16 -2.124648990617823e+02 -2.124648990617823e+02	1	0	0.000000000000000e+00	0.000000000000000e+00	0.000000000000000e+00
19	-5.773502691896258e-01  5.773502691896258e-01 -5.773502691896258e-01	-7.071067811865476e-01 -7.071067811865476e-01  3.124842898819631e-18	-7.851963660978913e+01 -7.851963660978913e+01  3.469936018238618e-16	1	0	0.000000000000000e+00	0.000000000000000e+00	0.000000000000000e+00
20	 5.773502691896258e-01 -5.773502691896258e-01  5.773502691896258e-01	0.000000000000000e+00 0.000000000000000e+00 0.000000000000000e+00	-7.597929542535472e+02  6.027536810339691e+02  3.059956426705008e+02	1	1	0.000000000000000e+00	0.000000000000000e+00	0.000000000000000e+00
0	0	1	0
6	0	1	0
5	5	0	0
6	5	0	0
0	6	0	0
5	0	6	0
1	1	2	0
6	1	2	0
0	1	7	0
1	7	1	0
2	2	3	0
6	2	3	0
1	2	8	0
2	8	2	0
3	3	4	0
6	3	4	0
2	3	9	0
3	9	3	0
4	4	5	0
6	4	5	0
3	4	10	0
4	10	4	0
4	5	11	0
5	11	5	0
5	6	66	0
0	67	6	0
0	7	42	0
1	68	7	0
2	69	8	0
1	8	70	0
2	9	71	0
3	72	9	0
3	10	38	0
4	73	10	0
5	74	11	0
4	11	75	0
7	12	13	0
13	12	13	0
12	17	12	0
13	17	12	0
7	18	12	0
12	12	18	0
8	13	14	0
13	13	14	0
7	13	19	0
8	19	13	0
9	14	15	0
13	14	15	0
8	14	20	0
9	20	14	0
10	15	16	0
13	15	16	0
9	15	21	0
10	21	15	0
11	16	17	0
13	16	17	0
10	16	22	0
11	22	16	0
11	17	23	0
12	23	17	0
7	76	18	0
12	18	110	0
7	19	78	0
8	79	19	0
8	20	80	0
9	111	20	0
10	83	21	0
9	21	112	0
10	22	84	0
11	85	22	0
11	23	87	0
12	113	23	0
14	24	25	0
20	24	25	0
19	29	24	0
20	29	24	0
14	30	24	0
19	24	30	0
15	25	26	0
20	25	26	0
14	25	31	0
15	31	25	0
16	26	27	0
20	26	27	0
15	26	32	0
16	32	26	0
17	27	28	0
20	27	28	0
16	27	33	0
17	33	27	0
18	28	29	0
20	28	29	0
17	28	34	0
18	34	28	0
18	29	35	0
19	35	29	0
14	88	30	0
19	30	89	0
14	31	90	0
15	91	31	0
16	40	32	0
15	32	92	0
17	93	33	0
16	33	94	0
17	34	95	0
18	96	34	0
19	36	35	0
18	35	97	0
19	98	36	0
15	36	99	0
15	100	36	0
1	38	101	0
1	102	38	0
3	38	103	0
16	104	40	0
18	40	105	0
18	106	40	0
0	42	107	0
4	42	108	0
4	109	42	0
5	66	44	0
5	44	74	0
0	45	67	0
0	107	45	0
1	46	68	0
1	101	46	0
2	47	69	0
2	71	47	0
1	70	48	0
1	48	102	0
3	49	72	0
3	103	49	0
4	50	73	0
4	108	50	0
4	75	51	0
4	51	109	0
7	52	76	0
7	78	52	0
12	114	53	0
12	53	115	0
8	54	79	0
8	80	54	0
9	55	116	0
9	117	55	0
10	56	83	0
10	84	56	0
11	57	85	0
11	87	57	0
14	58	88	0
14	90	58	0
19	89	59	0
19	59	98	0
15	60	91	0
15	99	60	0
15	92	61	0
15	61	100	0
17	62	93	0
17	95	62	0
16	94	63	0
16	63	104	0
18	64	96	0
18	105	64	0
18	97	65	0
18	65	106	0
12	110	77	0
12	77	114	0
9	81	111	0
9	116	81	0
9	112	82	0
9	82	117	0
12	86	113	0
12	115	86	0
