114
21
172
0	1.570392732195782e+03 3.025315410553647e+02 8.256108849411653e+02	0.000000000000000e+00 0.000000000000000e+00 0.000000000000000e+00	1.000000000000000e+00	0	0	0
1	 1.130451827073287e+03 -5.773502691896260e+02  1.265551790063660e+03	0.000000000000000e+00 0.000000000000000e+00 0.000000000000000e+00	1.000000000000000e+00	0	0	1
2	-1.974537920628516e+02 -1.241303078757696e+03  6.015989804955904e+02	0.000000000000000e+00 0.000000000000000e+00 0.000000000000000e+00	1.000000000000000e+00	0	0	2
3	 2.032272947547480e+02 -1.641984165575296e+03  1.402961154130791e+03	0.000000000000000e+00 0.000000000000000e+00 0.000000000000000e+00	1.000000000000000e+00	0	0	3
4	 6.431681998772439e+02 -7.621023553303065e+02  9.630202490082960e+02	0.000000000000000e+00 0.000000000000000e+00 0.000000000000000e+00	1.000000000000000e+00	0	0	4
5	 1.971073819013383e+03 -9.814954576223676e+01  1.626973058576365e+03	0.000000000000000e+00 0.000000000000000e+00 0.000000000000000e+00	1.000000000000000e+00	0	0	5
6	1.570003307110555e+03 3.029209661405912e+02 8.260003100263920e+02	-1.150519165094011e-04  1.176667865365744e-04  1.138797306339256e-04	1.000000000000000e+00	0	0	6
7	 1.129463508663621e+03 -5.763619507799596e+02  1.266540108473327e+03	-4.859479377046227e-04  4.859479377046227e-04  4.859479377046227e-04	1.000000000000000e+00	0	0	7
8	-1.970645150335134e+02 -1.241692355787034e+03  6.012097034662521e+02	 1.103278991649859e-04 -1.108537180698477e-04 -1.108421129174531e-04	1.000000000000000e+00	0	0	8
9	 2.032231911786742e+02 -1.641980061999222e+03  1.402965257706865e+03	 1.721520334285742e-06 -1.900933284559869e-06 -1.538603555673035e-06	1.000000000000000e+00	0	0	9
10	 6.437800902308737e+02 -7.627142456839364e+02  9.624083586546661e+02	 3.889503714162856e-04 -3.889503714162856e-04 -3.889503714162856e-04	1.000000000000000e+00	0	0	10
11	 1.971164960980421e+03 -9.824068772927455e+01  1.626881916609327e+03	 3.005598409799859e-05 -2.989054519275669e-05 -2.984354978252668e-05	1.000000000000000e+00	0	0	11
12	-2.170837012152994e+02  1.154700538379251e+02  5.877425740350395e+02	0.000000000000000e+00 0.000000000000000e+00 0.000000000000000e+00	1.000000000000000e+00	12	0	12
13	 1.408734656822689e+02 -6.004442799572098e+02  9.456997409326077e+02	0.000000000000000e+00 0.000000000000000e+00 0.000000000000000e+00	1.000000000000000e+00	12	0	13
14	 9.214510296266424e+02 -9.907330619293978e+02  5.554109589604201e+02	0.000000000000000e+00 0.000000000000000e+00 0.000000000000000e+00	1.000000000000000e+00	12	0	14
15	 1.853294364098699e+03 -5.888972745734176e+01 -1.308275709983692e+03	0.000000000000000e+00 0.000000000000000e+00 0.000000000000000e+00	1.000000000000000e+00	12	0	15
16	 1.495337197201131e+03  6.570246063377946e+02 -1.666232876881260e+03	0.000000000000000e+00 0.000000000000000e+00 0.000000000000000e+00	1.000000000000000e+00	12	0	16
17	 7.147596332567570e+02  1.047313388309982e+03 -1.275944094909073e+03	0.000000000000000e+00 0.000000000000000e+00 0.000000000000000e+00	1.000000000000000e+00	12	0	17
18	-2.179514915518162e+02  1.146022635014083e+02  5.868747836985227e+02	-2.432786714052781e-04 -2.432786714052781e-04 -2.432786714052781e-04	1.000000000000000e+00	12	0	18
19	 1.421297964902985e+02 -5.991879491491802e+02  9.469560717406373e+02	3.480106048906843e-04 3.480106048906843e-04 3.480106048906843e-04	1.000000000000000e+00	12	0	19
20	 9.217194854257747e+02 -9.904646061302656e+02  5.556794147595524e+02	8.777499897405505e-05 8.466695726383477e-05 8.525511657353491e-05	1.000000000000000e+00	12	0	20
21	 1.853723189560374e+03 -5.846090199566739e+01 -1.307846884522018e+03	1.220730046043172e-04 1.219319747178815e-04 1.220753183588386e-04	1.000000000000000e+00	12	0	21
22	 1.496496122629631e+03  6.581835317662945e+02 -1.665073951452760e+03	3.356123925186694e-04 3.356123925186694e-04 3.356123925186694e-04	1.000000000000000e+00	12	0	22
23	 7.195715255232408e+02  1.052125280576466e+03 -1.271132202642589e+03	1.347623066976666e-03 1.347623066976666e-03 1.347623066976666e-03	1.000000000000000e+00	12	0	23
24	-7.597929542535472e+02  6.027536810339691e+02  3.059956426705008e+02	0.000000000000000e+00 0.000000000000000e+00 0.000000000000000e+00	1.000000000000000e+00	24	0	24
25	-1.191650955607388e+03 -2.609623216737101e+02 -1.258623586833382e+02	0.000000000000000e+00 0.000000000000000e+00 0.000000000000000e+00	1.000000000000000e+00	24	0	25
26	 5.126870390403868e+02  5.912066756501777e+02 -9.780313560072266e+02	0.000000000000000e+00 0.000000000000000e+00 0.000000000000000e+00	1.000000000000000e+00	24	0	26
27	 9.572467463163994e+02  1.466469683741651e+02 -1.867150770559250e+03	0.000000000000000e+00 0.000000000000000e+00 0.000000000000000e+00	1.000000000000000e+00	24	0	27
28	 1.389104747670240e+03  1.010362971081845e+03 -1.435292769205410e+03	0.000000000000000e+00 0.000000000000000e+00 0.000000000000000e+00	1.000000000000000e+00	24	0	28
29	-3.152332469775362e+02  1.581939737579582e+02 -5.831237718815206e+02	0.000000000000000e+00 0.000000000000000e+00 0.000000000000000e+00	1.000000000000000e+00	24	0	29
30	-7.600538277097830e+02  6.030145544902050e+02  3.057347692142649e+02	-7.442343485308811e-05  7.449372787959874e-05 -7.318685675272718e-05	1.000000000000000e+00	24	0	30
31	-1.192161520755947e+03 -2.604517565251509e+02 -1.263729238318973e+02	-1.475418248446658e-04  1.465401292080060e-04 -1.475001190556213e-04	1.000000000000000e+00	24	0	31
32	 5.022130896980975e+02  6.016806249924671e+02 -9.885053053495160e+02	-4.149018786847591e-04  4.149018786847591e-04 -4.149018786847592e-04	1.000000000000000e+00	24	0	32
33	 9.552368296809007e+02  1.486568850096638e+02 -1.869160687194749e+03	-5.822015421775480e-04  5.822015421775480e-04 -5.822015421775480e-04	1.000000000000000e+00	24	0	33
34	 1.385288101332638e+03  1.014179617419447e+03 -1.439109415543011e+03	-1.112009127003451e-03  1.112009127003451e-03 -1.112009127003451e-03	1.000000000000000e+00	24	0	34
35	-3.055915764943841e+02  1.485523032748061e+02 -5.734821013983685e+02	 5.494561288893843e-04 -5.494561288893843e-04  5.494561288893843e-04	1.000000000000000e+00	24	0	35
36	-3.302854262470964e+02  1.732461530275185e+02 -5.600708333845662e+02	-7.945596007630229e-05  4.963671017321758e-05  1.799408491933718e-04	1.000000000000000e+00	24	0	36
38	 6.031684897153741e+02 -8.398821000831208e+02  1.003019959170166e+03	-2.449825600100060e-04  2.449825600100060e-04  2.449825600100060e-04	1.000000000000000e+00	0	0	38
40	 5.281568983808335e+02  5.757368163097312e+02 -1.000666614433296e+03	 2.996951661771163e-05 -3.143920821457868e-06 -1.476476318202913e-04	1.000000000000000e+00	24	0	40
42	 1.169939035630013e+03 -4.990580228316687e+02  1.226064581506934e+03	 1.086145493900403e-04 -9.805866284295917e-05 -1.020125782815740e-04	1.000000000000000e+00	0	0	42
44	1.770797728852643e+03 1.021265443985035e+02 1.226227602124117e+03	 1.990251075767446e-05 -1.990251075767446e-05 -1.985165363294072e-05	1.000000000000000e+00	0	0	44
45	 1.369070269841128e+03 -9.716888565507912e+01  1.026933347295820e+03	-2.904871944338083e-04  2.897534577641636e-04  2.904871944338083e-04	1.000000000000000e+00	0	0	45
46	 8.653514273638515e+02 -7.071592864592299e+02  1.135742772794056e+03	-9.075885755009949e-04  9.060279699042439e-04  9.060279699042439e-04	1.000000000000000e+00	0	0	46
47	 3.229491453803395e+00 -1.441986362274351e+03  1.001937419036775e+03	 9.801001579035074e-05 -9.801001579035074e-05 -9.796187077881768e-05	1.000000000000000e+00	0	0	47
48	 2.039132279584056e+02 -1.041647407529837e+03  8.012546517234493e+02	 1.885739475255832e-04 -1.879876945167780e-04 -1.879876945167780e-04	1.000000000000000e+00	0	0	48
49	 4.031179678228184e+02 -1.240854599894085e+03  1.203070481062721e+03	-1.282527809962630e-04  1.274638925679028e-04  1.282527809962630e-04	1.000000000000000e+00	0	0	49
50	 9.086242315024056e+02 -6.326407734875515e+02  1.092481830851051e+03	 1.007957034744322e-03 -9.998115710914135e-04 -9.998115710914135e-04	1.000000000000000e+00	0	0	50
51	 1.570767760697770e+03 -2.988647968681098e+02  1.426257807470493e+03	 1.167485534097068e-04 -1.165462381322868e-04 -1.165462381322868e-04	1.000000000000000e+00	0	0	51
52	-3.774315659707396e+01 -2.421249838508324e+02  7.670831186532647e+02	1.086334959836677e-04 1.087505515897647e-04 1.086334959836677e-04	1.000000000000000e+00	12	0	52
53	 2.489420784235558e+02  5.814958334767804e+02 -3.439966016152710e+02	1.389716362609761e-05 1.389716362609761e-05 1.392746617057128e-05	1.000000000000000e+00	12	0	53
54	 5.311213897795257e+02 -7.956233217233111e+02  7.505206991665071e+02	5.636705282086041e-06 9.162151400232688e-06 9.162151400232688e-06	1.000000000000000e+00	12	0	54
55	 1.387408140209144e+03 -5.247759513468973e+02 -3.763969119937383e+02	1.176083060272504e-05 1.176083060272504e-05 1.177317062683869e-05	1.000000000000000e+00	12	0	55
56	 1.675312503561658e+03  3.000629524010506e+02 -1.486257570520734e+03	2.743870427366346e-04 2.737113973125815e-04 2.743870427366346e-04	1.000000000000000e+00	12	0	56
57	 1.101025940182165e+03  8.480224179634995e+02 -1.475235065255555e+03	-9.763556881807745e-04 -1.042104675434530e-03 -1.042104675434530e-03	1.000000000000000e+00	12	0	57
58	-9.764749879181215e+02  1.716504917921567e+02  8.931360900592811e+01	-2.055875665973872e-04  2.065760054392740e-04 -2.055875665973872e-04	1.000000000000000e+00	24	0	58
59	-5.441333355738052e+02  3.870940623542269e+02 -1.261323699758483e+02	-6.993935676291585e-05  6.993935676291585e-05 -7.023766374913976e-05	1.000000000000000e+00	24	0	59
60	-7.603989142358823e+02 -4.442939232371589e+01 -3.423952880333335e+02	-1.847940147854388e-04  1.834956492530182e-04 -1.834956492530182e-04	1.000000000000000e+00	24	0	60
61	 8.424271146075654e+01  3.891116816367317e+02 -7.759363619937811e+02	-9.070869964489248e-06  8.645442903798539e-06 -8.645442903798539e-06	1.000000000000000e+00	24	0	61
62	 1.172448991508087e+03  5.792221622293805e+02 -1.651948525367563e+03	-2.987066691275686e-04  2.910393232014030e-04 -2.987066691275686e-04	1.000000000000000e+00	24	0	62
63	 7.377862675526110e+02  3.661074471379538e+02 -1.438821853152219e+03	-1.020392286591232e-03  1.020392286591232e-03 -1.019155024550855e-03	1.000000000000000e+00	24	0	63
64	 9.594902451753574e+02  7.922423879851958e+02 -1.217172186108761e+03	 6.080160383135080e-04 -5.794069729745388e-04  5.794069729745388e-04	1.000000000000000e+00	24	0	64
65	 1.133505712184094e+02  3.600139778636631e+02 -7.849437759872278e+02	 9.584985673427582e-05 -9.572299313731492e-05  9.572299313731492e-05	1.000000000000000e+00	24	0	65
66	1.670812027456207e+03 2.021122457949394e+02 1.025701653948780e+03	 7.507616101065651e-05 -7.507616101065651e-05 -7.554963667644188e-05	1.000000000000000e+00	0	0	66
67	1.469100529368481e+03 1.033156428090003e+02 9.269030877684661e+02	-3.320635296404362e-04  3.336966328788549e-04  3.320635296404362e-04	1.000000000000000e+00	0	0	67
68	 9.972548642154666e+02 -6.415999206489973e+02  1.201302138604289e+03	-7.773162215016782e-04  7.845218060538173e-04  7.845218060538173e-04	1.000000000000000e+00	0	0	68
69	-9.696223164249021e+01 -1.341794639178058e+03  8.016182749107920e+02	 8.995617827167735e-05 -8.995617827167735e-05 -8.993571100290865e-05	1.000000000000000e+00	0	0	69
70	 3.629242454022830e+00 -1.141876004997159e+03  7.010260542561268e+02	 2.069847541861236e-04 -2.073736104648560e-04 -2.073736104648560e-04	1.000000000000000e+00	0	0	70
71	 1.033046586852707e+02 -1.542061529505818e+03  1.202373289797199e+03	 7.449797703884542e-05 -7.449797703884542e-05 -7.431173435179517e-05	1.000000000000000e+00	0	0	71
72	 3.031374399113322e+02 -1.441383916790583e+03  1.303051008974207e+03	-7.343023025896400e-05  7.318938878597692e-05  7.343023025896400e-05	1.000000000000000e+00	0	0	72
73	 7.771696802940123e+02 -6.986714116037024e+02  1.026451192734900e+03	 1.005544443614781e-03 -1.022839802317321e-03 -1.022839802317321e-03	1.000000000000000e+00	0	0	73
74	1.870867604836025e+03 2.056668415121579e+00 1.426668484519030e+03	-1.070744838216342e-05  1.070744838216342e-05  1.072561462933663e-05	1.000000000000000e+00	0	0	74
75	 1.771026877706861e+03 -1.986131112047660e+02  1.526509493133836e+03	 9.272322495235130e-05 -9.252975723939016e-05 -9.252975723939016e-05	1.000000000000000e+00	0	0	75
76	-1.272490671501762e+02 -6.316128484958642e+01  6.775772081001625e+02	9.237712220055982e-05 9.343450074084103e-05 9.237712220055982e-05	1.000000000000000e+00	12	0	76
77	1.501740677115692e+01 3.475711618243815e+02 1.209555907068939e+02	-2.474368375260383e-04 -2.474368375260383e-04 -2.506078744772822e-04	1.000000000000000e+00	12	0	77
78	 5.185421898774973e+01 -4.209936691259406e+02  8.566804942380884e+02	1.439506013412029e-04 1.451010175514966e-04 1.439506013412029e-04	1.000000000000000e+00	12	0	78
79	 3.362782102056282e+02 -6.977605811551966e+02  8.483834397346216e+02	9.074767876882106e-05 8.818644710117951e-05 8.818644710117951e-05	1.000000000000000e+00	12	0	79
80	 7.277169894960523e+02 -8.917488394160729e+02  6.543951814737453e+02	3.867691266350448e-04 3.876409027725458e-04 3.876409027725458e-04	1.000000000000000e+00	12	0	80
81	 1.154348541681822e+03 -7.578355498742189e+02  8.942591477491922e+01	-1.717387021926697e-05 -1.717387021926697e-05 -1.720372347335797e-05	1.000000000000000e+00	12	0	81
82	 1.620615478309849e+03 -2.915686132461919e+02 -8.420718219387514e+02	8.146053005475551e-05 8.146053005475551e-05 8.161586447386071e-05	1.000000000000000e+00	12	0	82
83	 1.764411294893211e+03  1.206935033063549e+02 -1.397158779189181e+03	1.698909181868657e-04 1.690219214651734e-04 1.698909181868657e-04	1.000000000000000e+00	12	0	83
84	 1.585786737618661e+03  4.790059272264414e+02 -1.575783336463730e+03	2.711472334340215e-04 2.709118707571179e-04 2.711472334340215e-04	1.000000000000000e+00	12	0	84
85	 1.302261939052895e+03  7.566277297194088e+02 -1.566629753499646e+03	5.207440117374063e-04 4.997843643650413e-04 4.997843643650413e-04	1.000000000000000e+00	12	0	85
86	 4.820355769204627e+02  8.145893319736873e+02 -8.097818037903514e+02	7.208732131402940e-05 7.208732131402940e-05 7.443940558005124e-05	1.000000000000000e+00	12	0	86
87	 9.152146827600693e+02  9.549186468007852e+02 -1.368338836418270e+03	1.480010221712291e-03 1.407022005878389e-03 1.407022005878389e-03	1.000000000000000e+00	12	0	87
88	-8.679466842773338e+02  3.870147956737767e+02  1.978419126467159e+02	-4.714959504781291e-05  4.764812183566391e-05 -4.714959504781291e-05	1.000000000000000e+00	24	0	88
89	-6.527034471364900e+02  4.956641739169117e+02  8.919179028715726e+01	-2.452258195262402e-04  2.452258195262402e-04 -2.451361797284335e-04	1.000000000000000e+00	24	0	89
90	-1.084632096076202e+03 -4.408856000924658e+01 -1.884349915215242e+01	-2.638923469930887e-04  2.634113770909607e-04 -2.638923469930887e-04	1.000000000000000e+00	24	0	90
91	-9.759767411960137e+02 -1.527433361737541e+02 -2.340813441832953e+02	-7.974584150360897e-05  7.955492037581280e-05 -7.955492037581280e-05	1.000000000000000e+00	24	0	91
92	 2.932075674741612e+02  4.954266146411518e+02 -8.822512949982012e+02	-1.700116845313460e-04  1.673066581133753e-04 -1.673066581133753e-04	1.000000000000000e+00	24	0	92
93	 1.063948475381031e+03  3.638449387796352e+02 -1.760449041494619e+03	-3.609034465625882e-04  3.641651419457048e-04 -3.609034465625882e-04	1.000000000000000e+00	24	0	93
94	 8.459714189119558e+02  2.579222957786091e+02 -1.654549220176199e+03	-9.550126269459724e-04  9.550126269459724e-04 -9.646479156799614e-04	1.000000000000000e+00	24	0	94
95	 1.276317069556698e+03  7.991567630674797e+02 -1.548080447318953e+03	-1.361714093945920e-03  1.313597196713090e-03 -1.361714093945920e-03	1.000000000000000e+00	24	0	95
96	 1.171231863637154e+03  9.043390472029928e+02 -1.329268845326557e+03	-5.606975755654275e-04  5.579777061939240e-04 -5.579777061939240e-04	1.000000000000000e+00	24	0	96
97	-9.646280755399053e+01  2.545821124577618e+02 -6.795119105813264e+02	 1.809948007576168e-04 -1.777516154106706e-04  1.777516154106706e-04	1.000000000000000e+00	24	0	97
98	-4.346367032668011e+02  2.775974300472229e+02 -3.405540722862507e+02	 3.632392326835543e-04 -3.632392326835543e-04  3.503540938254446e-04	1.000000000000000e+00	24	0	98
99	-5.450850624817142e+02  6.414047992137627e+01 -4.509651602784256e+02	-3.914784756489098e-04  3.863675519824028e-04 -3.863675519824028e-04	1.000000000000000e+00	24	0	99
100	-1.262864946217720e+02  2.841943884045771e+02 -6.710190687616265e+02	-3.515340358717367e-05  1.435182184650330e-05 -1.435182184650330e-05	1.000000000000000e+00	24	0	100
101	 7.341191832417925e+02 -7.733868200283259e+02  1.069515239224960e+03	-7.360820891335607e-04  7.274434901773930e-04  7.274434901773930e-04	1.000000000000000e+00	0	0	101
102	 4.037627457715905e+02 -9.409857938026983e+02  9.019162654505878e+02	 5.197623249841854e-05 -5.118901390233077e-05 -5.118901390233077e-05	1.000000000000000e+00	0	0	102
103	 5.027284449131369e+02 -1.039952698193708e+03  1.103460003972403e+03	-2.842500689439476e-04  2.842729445546865e-04  2.842500689439476e-04	1.000000000000000e+00	0	0	103
104	 6.302009842072561e+02  4.736927304833087e+02 -1.222433307454506e+03	-9.378141839988530e-04  9.378141839988530e-04 -8.959557162597775e-04	1.000000000000000e+00	24	0	104
105	 7.424769465624752e+02  6.853304921222214e+02 -1.110260290245786e+03	 3.998669853899628e-04 -3.928554651793092e-04  3.928554651793092e-04	1.000000000000000e+00	24	0	105
106	 3.243702233058578e+02  4.645284415027085e+02 -8.894582396262732e+02	 4.938472920912318e-05 -2.758455593721010e-05  2.758455593721010e-05	1.000000000000000e+00	24	0	106
107	 1.269098599779742e+03 -2.977100769728778e+02  1.126905017357206e+03	-2.373949537286535e-04  2.353217278141528e-04  2.373949537286535e-04	1.000000000000000e+00	0	0	107
108	 1.039734583916208e+03 -5.662897053431113e+02  1.158832898995491e+03	 7.867749664001167e-04 -7.702630246058106e-04 -7.702630246058106e-04	1.000000000000000e+00	0	0	108
109	 1.370571401813266e+03 -3.991800677466206e+02  1.325942536591982e+03	 1.656461827224120e-04 -1.659314730204642e-04 -1.659314730204642e-04	1.000000000000000e+00	0	0	109
110	-1.024685572111084e+02  2.300851978421161e+02  3.529173310408053e+02	-5.249077221378684e-04 -5.249077221378684e-04 -5.243815830908716e-04	1.000000000000000e+00	12	0	110
111	 1.037697725849170e+03 -8.744863657068713e+02  3.222168802790761e+02	-6.092324110795744e-05 -6.092324110795744e-05 -6.065638444852084e-05	1.000000000000000e+00	12	0	111
112	 1.737240299190857e+03 -1.749437923651844e+02 -1.074888335063094e+03	1.214686053572223e-04 1.214686053572223e-04 1.215750526171178e-04	1.000000000000000e+00	12	0	112
113	 6.008498947791078e+02  9.334036498323322e+02 -1.040374719771201e+03	7.252309005707502e-04 7.252309005707502e-04 7.465311791747808e-04	1.000000000000000e+00	12	0	113
114	 1.324449858518599e+02  4.649987409050844e+02 -1.110526563329955e+02	1.483016785641667e-05 1.483016785641667e-05 1.469797552999808e-05	1.000000000000000e+00	12	0	114
115	 3.652158735205472e+02  6.977696285737718e+02 -5.771641952507587e+02	-5.372716259444132e-05 -5.372716259444132e-05 -5.379861977417022e-05	1.000000000000000e+00	12	0	115
116	 1.270881579739258e+03 -6.413025118167830e+02 -1.434822451855349e+02	-1.888664769467141e-06 -1.888664769467141e-06 -1.890005819404905e-06	1.000000000000000e+00	12	0	116
117	 1.503981689806654e+03 -4.082024017493875e+02 -6.092645199741670e+02	3.842086516669951e-05 3.842086516669951e-05 3.848655978799798e-05	1.000000000000000e+00	12	0	117
0	-5.773502691896258e-01  5.773502691896258e-01  5.773502691896258e-01	-7.071067811865476e-01  3.124842898819631e-18 -7.071067811865476e-01	 1.198001808568474e+03 -5.294203851356715e-15  1.198001808568474e+03	1	0	0.000000000000000e+00	0.000000000000000e+00	0.000000000000000e+00
1	-5.773502691896258e-01  5.773502691896258e-01  5.773502691896258e-01	 0.000000000000000e+00  7.071067811865476e-01 -7.071067811865476e-01	 0.000000000000000e+00 -9.214510296266430e+02  9.214510296266430e+02	1	0	0.000000000000000e+00	0.000000000000000e+00	0.000000000000000e+00
2	-5.773502691896258e-01  5.773502691896258e-01  5.773502691896258e-01	 7.071067811865476e-01  7.071067811865476e-01 -3.124842898819631e-18	-7.193784354102739e+02 -7.193784354102739e+02  3.179073734356852e-15	1	0	0.000000000000000e+00	0.000000000000000e+00	0.000000000000000e+00
3	-5.773502691896258e-01  5.773502691896258e-01  5.773502691896258e-01	 7.071067811865476e-01 -3.124842898819631e-18  7.071067811865476e-01	 8.030942244427697e+02 -3.549030148066116e-15  8.030942244427697e+02	1	0	0.000000000000000e+00	0.000000000000000e+00	0.000000000000000e+00
4	-5.773502691896258e-01  5.773502691896258e-01  5.773502691896258e-01	 0.000000000000000e+00  7.071067811865476e-01 -7.071067811865476e-01	 0.000000000000000e+00 -8.625613021693013e+02  8.625613021693013e+02	1	0	0.000000000000000e+00	0.000000000000000e+00	0.000000000000000e+00
5	-5.773502691896258e-01  5.773502691896258e-01  5.773502691896258e-01	-7.071067811865476e-01 -7.071067811865476e-01  3.124842898819631e-18	 9.364621366255734e+02  9.364621366255734e+02 -4.138408986458117e-15	1	0	0.000000000000000e+00	0.000000000000000e+00	0.000000000000000e+00
6	 5.773502691896258e-01 -5.773502691896258e-01 -5.773502691896258e-01	0.000000000000000e+00 0.000000000000000e+00 0.000000000000000e+00	1.570392732195782e+03 3.025315410553647e+02 8.256108849411653e+02	1	1	0.000000000000000e+00	0.000000000000000e+00	0.000000000000000e+00
7	-5.773502691896258e-01 -5.773502691896258e-01 -5.773502691896258e-01	-7.071067811865476e-01  0.000000000000000e+00  7.071067811865476e-01	-4.024131376251693e+02  0.000000000000000e+00  4.024131376251693e+02	1	0	0.000000000000000e+00	0.000000000000000e+00	0.000000000000000e+00
8	-5.773502691896258e-01 -5.773502691896258e-01 -5.773502691896258e-01	 0.000000000000000e+00 -7.071067811865476e-01  7.071067811865476e-01	 0.000000000000000e+00 -7.730720104449091e+02  7.730720104449091e+02	1	0	0.000000000000000e+00	0.000000000000000e+00	0.000000000000000e+00
9	-5.773502691896258e-01 -5.773502691896258e-01 -5.773502691896258e-01	 7.071067811865476e-01 -7.071067811865476e-01  0.000000000000000e+00	 9.560920457780206e+02 -9.560920457780206e+02  0.000000000000000e+00	1	0	0.000000000000000e+00	0.000000000000000e+00	0.000000000000000e+00
10	-5.773502691896258e-01 -5.773502691896258e-01 -5.773502691896258e-01	 7.071067811865476e-01  0.000000000000000e+00 -7.071067811865476e-01	 1.580785037041196e+03  0.000000000000000e+00 -1.580785037041196e+03	1	0	0.000000000000000e+00	0.000000000000000e+00	0.000000000000000e+00
11	-5.773502691896258e-01 -5.773502691896258e-01 -5.773502691896258e-01	 0.000000000000000e+00  7.071067811865476e-01 -7.071067811865476e-01	 0.000000000000000e+00  1.161628741609527e+03 -1.161628741609527e+03	1	0	0.000000000000000e+00	0.000000000000000e+00	0.000000000000000e+00
12	-5.773502691896258e-01 -5.773502691896258e-01 -5.773502691896258e-01	-7.071067811865476e-01  7.071067811865476e-01  0.000000000000000e+00	-1.662768775266123e+02  1.662768775266123e+02  0.000000000000000e+00	1	0	0.000000000000000e+00	0.000000000000000e+00	0.000000000000000e+00
13	5.773502691896258e-01 5.773502691896258e-01 5.773502691896258e-01	0.000000000000000e+00 0.000000000000000e+00 0.000000000000000e+00	-2.170837012152994e+02  1.154700538379251e+02  5.877425740350395e+02	1	1	0.000000000000000e+00	0.000000000000000e+00	0.000000000000000e+00
14	-5.773502691896258e-01  5.773502691896258e-01 -5.773502691896258e-01	 7.071067811865476e-01  0.000000000000000e+00 -7.071067811865476e-01	-5.328942984620248e+02  0.000000000000000e+00  5.328942984620248e+02	1	0	0.000000000000000e+00	0.000000000000000e+00	0.000000000000000e+00
15	-5.773502691896258e-01  5.773502691896258e-01 -5.773502691896258e-01	-3.124842898819631e-18  7.071067811865476e-01  7.071067811865476e-01	 8.547268868455420e-16 -1.934123401785247e+02 -1.934123401785247e+02	1	0	0.000000000000000e+00	0.000000000000000e+00	0.000000000000000e+00
16	-5.773502691896258e-01  5.773502691896258e-01 -5.773502691896258e-01	 7.071067811865476e-01  7.071067811865476e-01 -3.124842898819631e-18	 5.519468573452824e+02  5.519468573452824e+02 -2.439160906938323e-15	1	0	0.000000000000000e+00	0.000000000000000e+00	0.000000000000000e+00
17	-5.773502691896258e-01  5.773502691896258e-01 -5.773502691896258e-01	-7.071067811865476e-01  0.000000000000000e+00  7.071067811865476e-01	 1.412198758437825e+03  0.000000000000000e+00 -1.412198758437825e+03	1	0	0.000000000000000e+00	0.000000000000000e+00	0.000000000000000e+00
18	-5.773502691896258e-01  5.773502691896258e-01 -5.773502691896258e-01	-3.124842898819631e-18  7.071067811865476e-01  7.071067811865476e-01	 9.389238637586849e-16 -2.124648990617823e+02 -2.124648990617823e+02	1	0	0.000000000000000e+00	0.000000000000000e+00	0.000000000000000e+00
19	-5.773502691896258e-01  5.773502691896258e-01 -5.773502691896258e-01	-7.071067811865476e-01 -7.071067811865476e-01  3.124842898819631e-18	-7.851963660978913e+01 -7.851963660978913e+01  3.469936018238618e-16	1	0	0.000000000000000e+00	0.000000000000000e+00	0.000000000000000e+00
20	 5.773502691896258e-01 -5.773502691896258e-01  5.773502691896258e-01	0.000000000000000e+00 0.000000000000000e+00 0.000000000000000e+00	-7.597929542535472e+02  6.027536810339691e+02  3.059956426705008e+02	1	1	0.000000000000000e+00	0.000000000000000e+00	0.000000000000000e+00
0	0	1	0
6	0	1	0
5	5	0	0
6	5	0	0
0	6	0	0
5	0	6	0
1	1	2	0
6	1	2	0
0	1	7	0
1	7	1	0
2	2	3	0
6	2	3	0
1	2	8	0
2	8	2	0
3	3	4	0
6	3	4	0
2	3	9	0
3	9	3	0
4	4	5	0
6	4	5	0
3	4	10	0
4	10	4	0
4	5	11	0
5	11	5	0
5	6	66	0
0	67	6	0
0	7	42	0
1	68	7	0
2	69	8	0
1	8	70	0
2	9	71	0
3	72	9	0
3	10	38	0
4	73	10	0
5	74	11	0
4	11	75	0
7	12	13	0
13	12	13	0
12	17	12	0
13	17	12	0
7	18	12	0
12	12	18	0
8	13	14	0
13	13	14	0
7	13	19	0
8	19	13	0
9	14	15	0
13	14	15	0
8	14	20	0
9	20	14	0
10	15	16	0
13	15	16	0
9	15	21	0
10	21	15	0
11	16	17	0
13	16	17	0
10	16	22	0
11	22	16	0
11	17	23	0
12	23	17	0
7	76	18	0
12	18	110	0
7	19	78	0
8	79	19	0
8	20	80	0
9	111	20	0
10	83	21	0
9	21	112	0
10	22	84	0
11	85	22	0
11	23	87	0
12	113	23	0
14	24	25	0
20	24	25	0
19	29	24	0
20	29	24	0
14	30	24	0
19	24	30	0
15	25	26	0
20	25	26	0
14	25	31	0
15	31	25	0
16	26	27	0
20	26	27	0
15	26	32	0
16	32	26	0
17	27	28	0
20	27	28	0
16	27	33	0
17	33	27	0
18	28	29	0
20	28	29	0
17	28	34	0
18	34	28	0
18	29	35	0
19	35	29	0
14	88	30	0
19	30	89	0
14	31	90	0
15	91	31	0
16	40	32	0
15	32	92	0
17	93	33	0
16	33	94	0
17	34	95	0
18	96	34	0
19	36	35	0
18	35	97	0
19	98	36	0
15	36	99	0
15	100	36	0
1	38	101	0
1	102	38	0
3	38	103	0
16	104	40	0
18	40	105	0
18	106	40	0
0	42	107	0
4	42	108	0
4	109	42	0
5	66	44	0
5	44	74	0
0	45	67	0
0	107	45	0
1	46	68	0
1	101	46	0
2	47	69	0
2	71	47	0
1	70	48	0
1	48	102	0
3	49	72	0
3	103	49	0
4	50	73	0
4	108	50	0
4	75	51	0
4	51	109	0
7	52	76	0
7	78	52	0
12	114	53	0
12	53	115	0
8	54	79	0
8	80	54	0
9	55	116	0
9	117	55	0
10	56	83	0
10	84	56	0
11	57	85	0
11	87	57	0
14	58	88	0
14	90	58	0
19	89	59	0
19	59	98	0
15	60	91	0
15	99	60	0
15	92	61	0
15	61	100	0
17	62	93	0
17	95	62	0
16	94	63	0
16	63	104	0
18	64	96	0
18	105	64	0
18	97	65	0
18	65	106	0
12	110	77	0
12	77	114	0
9	81	111	0
9	116	81	0
9	112	82	0
9	82	117	0
12	86	113	0
12	115	86	0
