114
21
172
0	1.570392732195782e+03 3.025315410553647e+02 8.256108849411653e+02	0.000000000000000e+00 0.000000000000000e+00 0.000000000000000e+00	1.000000000000000e+00	0	0	0
1	 1.130451827073287e+03 -5.773502691896260e+02  1.265551790063660e+03	0.000000000000000e+00 0.000000000000000e+00 0.000000000000000e+00	1.000000000000000e+00	0	0	1
2	-1.974537920628516e+02 -1.241303078757696e+03  6.015989804955904e+02	0.000000000000000e+00 0.000000000000000e+00 0.000000000000000e+00	1.000000000000000e+00	0	0	2
3	 2.032272947547480e+02 -1.641984165575296e+03  1.402961154130791e+03	0.000000000000000e+00 0.000000000000000e+00 0.000000000000000e+00	1.000000000000000e+00	0	0	3
4	 6.431681998772439e+02 -7.621023553303065e+02  9.630202490082960e+02	0.000000000000000e+00 0.000000000000000e+00 0.000000000000000e+00	1.000000000000000e+00	0	0	4
5	 1.971073819013383e+03 -9.814954576223676e+01  1.626973058576365e+03	0.000000000000000e+00 0.000000000000000e+00 0.000000000000000e+00	1.000000000000000e+00	0	0	5
6	1.569803243739976e+03 3.031210295111703e+02 8.262003733969709e+02	-1.190957409562543e-04  1.236717507708818e-04  1.168337694252841e-04	1.000000000000000e+00	0	0	6
7	 1.128365524461285e+03 -5.752639665776244e+02  1.267638092675662e+03	-8.297144474151233e-04  8.297144474151235e-04  8.297144474151233e-04	1.000000000000000e+00	0	0	7
8	-1.968769713119578e+02 -1.241879899508590e+03  6.010221597446966e+02	 1.093895116355270e-04 -1.102129026548937e-04 -1.102082605939358e-04	1.000000000000000e+00	0	0	8
9	 2.032286051763731e+02 -1.641985475996921e+03  1.402959843709166e+03	 4.679764060711022e-06 -5.005738330510212e-06 -4.335267476562876e-06	1.000000000000000e+00	0	0	9
10	 6.447235104337078e+02 -7.636576658867705e+02  9.614649384518319e+02	 7.447434472851455e-04 -7.447434472851455e-04 -7.447434472851455e-04	1.000000000000000e+00	0	0	10
11	 1.971219152922258e+03 -9.829487967111132e+01  1.626827724667491e+03	 3.407938129385002e-05 -3.376508902874775e-05 -3.366568125784397e-05	1.000000000000000e+00	0	0	11
12	-2.170837012152994e+02  1.154700538379251e+02  5.877425740350395e+02	0.000000000000000e+00 0.000000000000000e+00 0.000000000000000e+00	1.000000000000000e+00	12	0	12
13	 1.408734656822689e+02 -6.004442799572098e+02  9.456997409326077e+02	0.000000000000000e+00 0.000000000000000e+00 0.000000000000000e+00	1.000000000000000e+00	12	0	13
14	 9.214510296266424e+02 -9.907330619293978e+02  5.554109589604201e+02	0.000000000000000e+00 0.000000000000000e+00 0.000000000000000e+00	1.000000000000000e+00	12	0	14
15	 1.853294364098699e+03 -5.888972745734176e+01 -1.308275709983692e+03	0.000000000000000e+00 0.000000000000000e+00 0.000000000000000e+00	1.000000000000000e+00	12	0	15
16	 1.495337197201131e+03  6.570246063377946e+02 -1.666232876881260e+03	0.000000000000000e+00 0.000000000000000e+00 0.000000000000000e+00	1.000000000000000e+00	12	0	16
17	 7.147596332567570e+02  1.047313388309982e+03 -1.275944094909073e+03	0.000000000000000e+00 0.000000000000000e+00 0.000000000000000e+00	1.000000000000000e+00	12	0	17
18	-2.183609758675385e+02  1.141927791856860e+02  5.864652993828005e+02	-2.385239495197311e-04 -2.385239495197311e-04 -2.385239495197311e-04	1.000000000000000e+00	12	0	18
19	 1.427136267014526e+02 -5.986041189380261e+02  9.475399019517914e+02	3.390537846523027e-04 3.390537846523027e-04 3.390537846523027e-04	1.000000000000000e+00	12	0	19
20	 9.218729689779124e+02 -9.903111225781278e+02  5.558328983116901e+02	9.752647747518495e-05 9.288402361562476e-05 9.375804802402854e-05	1.000000000000000e+00	12	0	20
21	 1.853929713268948e+03 -5.825437828709361e+01 -1.307640360813444e+03	1.209896217915229e-04 1.207908208016306e-04 1.209927140735090e-04	1.000000000000000e+00	12	0	21
22	 1.497069326935049e+03  6.587567360717120e+02 -1.664500747147343e+03	3.383251993606488e-04 3.383251993606488e-04 3.383251993606488e-04	1.000000000000000e+00	12	0	22
23	 7.218408411168748e+02  1.054394596170100e+03 -1.268862887048955e+03	1.322151860222220e-03 1.322151860222220e-03 1.322151860222220e-03	1.000000000000000e+00	12	0	23
24	-7.597929542535472e+02  6.027536810339691e+02  3.059956426705008e+02	0.000000000000000e+00 0.000000000000000e+00 0.000000000000000e+00	1.000000000000000e+00	24	0	24
25	-1.191650955607388e+03 -2.609623216737101e+02 -1.258623586833382e+02	0.000000000000000e+00 0.000000000000000e+00 0.000000000000000e+00	1.000000000000000e+00	24	0	25
26	 5.126870390403868e+02  5.912066756501777e+02 -9.780313560072266e+02	0.000000000000000e+00 0.000000000000000e+00 0.000000000000000e+00	1.000000000000000e+00	24	0	26
27	 9.572467463163994e+02  1.466469683741651e+02 -1.867150770559250e+03	0.000000000000000e+00 0.000000000000000e+00 0.000000000000000e+00	1.000000000000000e+00	24	0	27
28	 1.389104747670240e+03  1.010362971081845e+03 -1.435292769205410e+03	0.000000000000000e+00 0.000000000000000e+00 0.000000000000000e+00	1.000000000000000e+00	24	0	28
29	-3.152332469775362e+02  1.581939737579582e+02 -5.831237718815206e+02	0.000000000000000e+00 0.000000000000000e+00 0.000000000000000e+00	1.000000000000000e+00	24	0	29
30	-7.601795148872066e+02  6.031402416676285e+02  3.056090820368414e+02	-7.442430069204420e-05  7.457022729795426e-05 -7.241628190968186e-05	1.000000000000000e+00	24	0	30
31	-1.192412793972207e+03 -2.602004833088906e+02 -1.266241970481576e+02	-1.489810674684122e-04  1.473984884796664e-04 -1.488740090280771e-04	1.000000000000000e+00	24	0	31
32	 5.017617650062281e+02  6.021319496843364e+02 -9.889566300413853e+02	-1.873657359586408e-04  1.873657359586407e-04 -1.873657359586409e-04	1.000000000000000e+00	24	0	32
33	 9.542410305579814e+02  1.496526841325831e+02 -1.870156486317668e+03	-5.893262762886783e-04  5.893262762886783e-04 -5.893262762886783e-04	1.000000000000000e+00	24	0	33
34	 1.383385726068292e+03  1.016081992683793e+03 -1.441011790807357e+03	-1.124891607711713e-03  1.124891607711713e-03 -1.124891607711713e-03	1.000000000000000e+00	24	0	34
35	-3.050260913958839e+02  1.479868181763059e+02 -5.729166162998683e+02	 2.175158976266781e-04 -2.175158976266782e-04  2.175158976266782e-04	1.000000000000000e+00	24	0	35
36	-3.301421714648622e+02  1.731028982452842e+02 -5.599275786023319e+02	 4.161159449722618e-05 -5.486170630319975e-05  2.595873957034200e-04	1.000000000000000e+00	24	0	36
38	 6.027021603893324e+02 -8.394157707570791e+02  1.003486288496207e+03	-3.088839875999838e-04  3.088839875999838e-04  3.088839875999838e-04	1.000000000000000e+00	0	0	38
40	 5.280055415582957e+02  5.758881731322690e+02 -1.000817971255833e+03	-6.989101530052722e-05  8.054619684116915e-05 -1.983632973860949e-04	1.000000000000000e+00	24	0	40
42	 1.170166470896742e+03 -4.992854580983974e+02  1.225837146240205e+03	 1.930751168401912e-04 -1.488838606746867e-04 -1.675690000411123e-04	1.000000000000000e+00	0	0	42
44	1.770832631656598e+03 1.020916415945489e+02 1.226192811487889e+03	 2.112226866302080e-05 -2.112226866302080e-05 -2.104055238305591e-05	1.000000000000000e+00	0	0	44
45	 1.368567964398952e+03 -9.666815347630842e+01  1.027435652737996e+03	-3.005299076903611e-04  2.994091773871332e-04  3.005299076903611e-04	1.000000000000000e+00	0	0	45
46	 8.633269888778826e+02 -7.051395468568867e+02  1.137762512396399e+03	-1.501469989307225e-03  1.497129444032907e-03  1.497129444032907e-03	1.000000000000000e+00	0	0	46
47	 3.396324091288984e+00 -1.442153194911837e+03  1.001770681205003e+03	 9.831717761699110e-05 -9.831717761699110e-05 -9.825473534874618e-05	1.000000000000000e+00	0	0	47
48	 2.042273169352166e+02 -1.041960289650427e+03  8.009417696028593e+02	 1.808129600249231e-04 -1.799836172722280e-04 -1.799836172722280e-04	1.000000000000000e+00	0	0	48
49	 4.029004095887760e+02 -1.240638695889563e+03  1.203288039296763e+03	-1.276644761674106e-04  1.265090832021087e-04  1.276644761674106e-04	1.000000000000000e+00	0	0	49
50	 9.108207998584176e+02 -6.348140747772245e+02  1.090308529561378e+03	 1.604790333658457e-03 -1.584182144142687e-03 -1.584182144142687e-03	1.000000000000000e+00	0	0	50
51	 1.570975018806359e+03 -2.990715896061438e+02  1.426051014732459e+03	 1.272911758860573e-04 -1.269382628379390e-04 -1.269382628379390e-04	1.000000000000000e+00	0	0	51
52	-3.755425805319577e+01 -2.419358043145571e+02  7.672720171971429e+02	1.135060301749036e-04 1.137241779360920e-04 1.135060301749036e-04	1.000000000000000e+00	12	0	52
53	 2.489638354346339e+02  5.815175904878585e+02 -3.439747789139254e+02	1.182596497528721e-05 1.182596497528721e-05 1.187314137496287e-05	1.000000000000000e+00	12	0	53
54	 5.311429620336240e+02 -7.955943885164105e+02  7.505496323734077e+02	1.922068622661754e-05 2.432994733680971e-05 2.432994733680971e-05	1.000000000000000e+00	12	0	54
55	 1.387428751904119e+03 -5.247553396519224e+02 -3.763762734574958e+02	1.248666194442194e-05 1.248666194442194e-05 1.250600689672865e-05	1.000000000000000e+00	12	0	55
56	 1.675770464427759e+03  3.005195092788704e+02 -1.485799609654633e+03	2.644727646838874e-04 2.634992124512792e-04 2.644727646838874e-04	1.000000000000000e+00	12	0	56
57	 1.099494686460134e+03  8.463556738729410e+02 -1.476901809346114e+03	-8.282946073450148e-04 -9.216790203936398e-04 -9.216790203936398e-04	1.000000000000000e+00	12	0	57
58	-9.768173268104472e+02  1.719948732269706e+02  8.897127011360247e+01	-1.971959864022210e-04  1.986041752388701e-04 -1.971959864022210e-04	1.000000000000000e+00	24	0	58
59	-5.442463732526403e+02  3.872071000330620e+02 -1.262459333587809e+02	-6.305325950961560e-05  6.305325950961560e-05 -6.335850048344582e-05	1.000000000000000e+00	24	0	59
60	-7.607208141159990e+02 -4.411037718715977e+01 -3.427143031698897e+02	-1.938768982654437e-04  1.917710033012554e-04 -1.917710033012554e-04	1.000000000000000e+00	24	0	60
61	 8.428896855105873e+01  3.890651915080973e+02 -7.758898718651467e+02	 3.836290488834493e-05 -3.835529059870169e-05  3.835529059870169e-05	1.000000000000000e+00	24	0	61
62	 1.171890028885429e+03  5.797629057105737e+02 -1.652507487990221e+03	-3.577842435333878e-04  3.438753483351320e-04 -3.577842435333878e-04	1.000000000000000e+00	24	0	62
63	 7.360418650003546e+02  3.678518496902102e+02 -1.440563883253465e+03	-1.031925901770592e-03  1.031925901770592e-03 -1.030410639941692e-03	1.000000000000000e+00	24	0	63
64	 9.604971809735130e+02  7.912941388638828e+02 -1.216223936987448e+03	 5.770261050201952e-04 -5.368213751353323e-04  5.368213751353323e-04	1.000000000000000e+00	24	0	64
65	 1.134498261382657e+02  3.599151795244770e+02 -7.848449776480418e+02	 4.561384048429318e-05 -4.527814962784760e-05  4.527814962784760e-05	1.000000000000000e+00	24	0	65
66	1.670942679388002e+03 2.019815938631444e+02 1.025569925922448e+03	 7.859460311010480e-05 -7.859460311010480e-05 -7.939899660414085e-05	1.000000000000000e+00	0	0	66
67	1.468526405581224e+03 1.038933561235023e+02 9.274772115557232e+02	-3.434185346122831e-04  3.460305451881140e-04  3.434185346122831e-04	1.000000000000000e+00	0	0	67
68	 9.955084035338018e+02 -6.398282070965829e+02  1.203073852156703e+03	-1.306115183979273e-03  1.331707695499063e-03  1.331707695499063e-03	1.000000000000000e+00	0	0	68
69	-9.681066287115026e+01 -1.341946207949398e+03  8.014667455380713e+02	 8.841226372169331e-05 -8.841226372169331e-05 -8.838697976898402e-05	1.000000000000000e+00	0	0	69
70	 3.976676303100618e+00 -1.142224235453554e+03  7.006778237997319e+02	 2.017021761275828e-04 -2.022468834184110e-04 -2.022468834184110e-04	1.000000000000000e+00	0	0	70
71	 1.034344913241494e+02 -1.542191362144697e+03  1.202243861502202e+03	 7.829335663700476e-05 -7.829335663700476e-05 -7.800208550179377e-05	1.000000000000000e+00	0	0	71
72	 3.030134498137033e+02 -1.441260435252261e+03  1.303174999071836e+03	-7.243481377372518e-05  7.207734597614035e-05  7.243481377372518e-05	1.000000000000000e+00	0	0	72
73	 7.792949231760713e+02 -7.008477158763112e+02  1.024274888462291e+03	 1.519617624580860e-03 -1.566409366205335e-03 -1.566409366205335e-03	1.000000000000000e+00	0	0	73
74	1.870848894703874e+03 2.075378547273241e+00 1.426687238261544e+03	-1.134303875005571e-05  1.134303875005571e-05  1.137710660259472e-05	1.000000000000000e+00	0	0	74
75	 1.771192237037159e+03 -1.987780306860441e+02  1.526344573652558e+03	 1.019056580844335e-04 -1.015763045870699e-04 -1.015763045870699e-04	1.000000000000000e+00	0	0	75
76	-1.270961095983546e+02 -6.300613161786929e+01  6.777301656519841e+02	8.765715756453574e-05 8.917872037272900e-05 8.765715756453574e-05	1.000000000000000e+00	12	0	76
77	1.459626089181354e+01 3.471500159450381e+02 1.205277889107170e+02	-2.480245311744511e-04 -2.480245311744511e-04 -2.526793396100402e-04	1.000000000000000e+00	12	0	77
78	 5.210600036820858e+01 -4.207394382856344e+02  8.569322756185472e+02	1.520383375464007e-04 1.537703356007114e-04 1.520383375464007e-04	1.000000000000000e+00	12	0	78
79	 3.364467153762800e+02 -6.975974992934553e+02  8.485465215963629e+02	1.076978514902294e-04 1.038776244968176e-04 1.038776244968176e-04	1.000000000000000e+00	12	0	79
80	 7.283605558128318e+02 -8.911035841743261e+02  6.550404367154921e+02	3.701568639371544e-04 3.712463367264718e-04 3.712463367264718e-04	1.000000000000000e+00	12	0	80
81	 1.154320043975080e+03 -7.578640475809611e+02  8.939735720967590e+01	-1.627406163606793e-05 -1.627406163606793e-05 -1.631399936741218e-05	1.000000000000000e+00	12	0	81
82	 1.620753943040301e+03 -2.914301485157407e+02 -8.419330310883257e+02	8.142902515828609e-05 8.142902515828609e-05 8.165711915353313e-05	1.000000000000000e+00	12	0	82
83	 1.764696850766743e+03  1.209772742965345e+02 -1.396873223315649e+03	1.660387933952734e-04 1.648145407671109e-04 1.660387933952734e-04	1.000000000000000e+00	12	0	83
84	 1.586245109054332e+03  4.794637407353664e+02 -1.575324965028060e+03	2.681558544281870e-04 2.677268930710852e-04 2.681558544281870e-04	1.000000000000000e+00	12	0	84
85	 1.303101900322387e+03  7.574189637057048e+02 -1.565838519513350e+03	4.642989952117205e-04 4.271029902156442e-04 4.271029902156442e-04	1.000000000000000e+00	12	0	85
86	 4.821665234115292e+02  8.147202784647537e+02 -8.096457126429912e+02	8.192768291337416e-05 8.192768291337416e-05 8.564874588046223e-05	1.000000000000000e+00	12	0	86
87	 9.177024095269182e+02  9.572570696738426e+02 -1.366000413545212e+03	1.447065034881234e-03 1.344959018751979e-03 1.344959018751979e-03	1.000000000000000e+00	12	0	87
88	-8.680220117246656e+02  3.870911670656408e+02  1.977665851993841e+02	-4.149622691329569e-05  4.222508505336009e-05 -4.149622691329569e-05	1.000000000000000e+00	24	0	88
89	-6.531164557943271e+02  4.960771825747487e+02  8.877898428009203e+01	-2.406633575446904e-04  2.406633575446904e-04 -2.405126724625006e-04	1.000000000000000e+00	24	0	89
90	-1.085075676571832e+03 -4.364596241306805e+01 -1.928707964778258e+01	-2.579450956545770e-04  2.572739904280752e-04 -2.579450956545770e-04	1.000000000000000e+00	24	0	90
91	-9.761178334633086e+02 -1.526026753619782e+02 -2.342220049950712e+02	-8.628414070699364e-05  8.596359111834317e-05 -8.596359111834317e-05	1.000000000000000e+00	24	0	91
92	 2.930349489266995e+02  4.955960944532616e+02 -8.824207748103109e+02	-7.209283648990095e-05  7.060090865707025e-05 -7.060090865707025e-05	1.000000000000000e+00	24	0	92
93	 1.063334307287898e+03  3.644656448585227e+02 -1.761063209587752e+03	-3.618025511968881e-04  3.661938535515219e-04 -3.618025511968881e-04	1.000000000000000e+00	24	0	93
94	 8.443407342699510e+02  2.595529804206138e+02 -1.656200486005011e+03	-9.634612943045795e-04  9.634612943045795e-04 -9.780772961676121e-04	1.000000000000000e+00	24	0	94
95	 1.274128195481741e+03  8.012614237452033e+02 -1.550269321393909e+03	-1.221668790094554e-03  1.171638141386211e-03 -1.221668790094554e-03	1.000000000000000e+00	24	0	95
96	 1.170273304469233e+03  9.052905968308692e+02 -1.330220394954434e+03	-5.672181723639369e-04  5.615491536445916e-04 -5.615491536445916e-04	1.000000000000000e+00	24	0	96
97	-9.627978439479480e+01  2.544041117987274e+02 -6.793339099222922e+02	 8.188586798496544e-05 -7.893478323239833e-05  7.893478323239833e-05	1.000000000000000e+00	24	0	97
98	-4.340173605615954e+02  2.769780873420171e+02 -3.399581459086195e+02	 3.654313040897250e-04 -3.654313040897250e-04  3.508516820147634e-04	1.000000000000000e+00	24	0	98
99	-5.457564299761327e+02  6.480483275760923e+01 -4.516295131146586e+02	-3.975045110564679e-04  3.945185744669288e-04 -3.945185744669288e-04	1.000000000000000e+00	24	0	99
100	-1.261974000976971e+02  2.840790428276147e+02 -6.709037231846640e+02	 8.603333844803274e-05 -9.894647519104183e-05  9.894647519104183e-05	1.000000000000000e+00	24	0	100
101	 7.324404417988798e+02 -7.717412477438565e+02  1.071160811509430e+03	-1.271433662623167e-03  1.235970761626959e-03  1.235970761626959e-03	1.000000000000000e+00	0	0	101
102	 4.038444684369322e+02 -9.410658882547652e+02  9.018361709985209e+02	 4.321943197282963e-05 -4.210895713185892e-05 -4.210895713185892e-05	1.000000000000000e+00	0	0	102
103	 5.022490107566375e+02 -1.039473420601905e+03  1.103939438128902e+03	-2.797491324599832e-04  2.794894971884787e-04  2.797491324599832e-04	1.000000000000000e+00	0	0	103
104	 6.285761302053992e+02  4.753175844851656e+02 -1.223975761255940e+03	-9.738154476508498e-04  9.738154476508498e-04 -9.186652023345232e-04	1.000000000000000e+00	24	0	104
105	 7.431854009108549e+02  6.846307512076808e+02 -1.109560549331246e+03	 4.326483758632094e-04 -4.296786210034043e-04  4.296786210034043e-04	1.000000000000000e+00	24	0	105
106	 3.243252158385882e+02  4.646032832270274e+02 -8.895330813505921e+02	-5.942954885540530e-05  7.481218926841393e-05 -7.481218926841393e-05	1.000000000000000e+00	24	0	106
107	 1.268683355786068e+03 -2.972995941512264e+02  1.127320261350879e+03	-2.512513892725110e-04  2.476426598150283e-04  2.512513892725110e-04	1.000000000000000e+00	0	0	107
108	 1.041489925915441e+03 -5.679899620820395e+02  1.157132642256563e+03	 1.313376007601619e-03 -1.258799456991255e-03 -1.258799456991255e-03	1.000000000000000e+00	0	0	108
109	 1.370870846956542e+03 -3.994800849946594e+02  1.325642519343943e+03	 1.875928574008867e-04 -1.879633637145162e-04 -1.879633637145162e-04	1.000000000000000e+00	0	0	109
110	-1.033540189144587e+02  2.291997361387658e+02  3.520330277320148e+02	-5.168808856979012e-04 -5.168808856979012e-04 -5.160381551831961e-04	1.000000000000000e+00	12	0	110
111	 1.037599474855588e+03 -8.745846167004534e+02  3.221191808515100e+02	-5.448353476822376e-05 -5.448353476822376e-05 -5.410446101450361e-05	1.000000000000000e+00	12	0	111
112	 1.737445931836406e+03 -1.747381597196349e+02 -1.074682480427328e+03	1.204474756377749e-04 1.204474756377749e-04 1.206018496304750e-04	1.000000000000000e+00	12	0	112
113	 6.020729098511648e+02  9.346266649043893e+02 -1.039107311459776e+03	7.136418134905398e-04 7.136418134905398e-04 7.444903603754938e-04	1.000000000000000e+00	12	0	113
114	 1.324650241475435e+02  4.650187792007681e+02 -1.110329385330193e+02	8.803759556030855e-06 8.803759556030855e-06 8.554122359782923e-06	1.000000000000000e+00	12	0	114
115	 3.651275263576523e+02  6.976812814108769e+02 -5.772527027790009e+02	-4.990979869035073e-05 -4.990979869035073e-05 -5.002645775675774e-05	1.000000000000000e+00	12	0	115
116	 1.270878840989339e+03 -6.413052505667026e+02 -1.434849863674517e+02	-1.310848574576085e-06 -1.310848574576085e-06 -1.312286030952237e-06	1.000000000000000e+00	12	0	116
117	 1.504047571623557e+03 -4.081365199324844e+02 -6.091984986547646e+02	3.907749123754911e-05 3.907749123754911e-05 3.917601861758158e-05	1.000000000000000e+00	12	0	117
0	-5.773502691896258e-01  5.773502691896258e-01  5.773502691896258e-01	-7.071067811865476e-01  3.124842898819631e-18 -7.071067811865476e-01	 1.198001808568474e+03 -5.294203851356715e-15  1.198001808568474e+03	1	0	0.000000000000000e+00	0.000000000000000e+00	0.000000000000000e+00
1	-5.773502691896258e-01  5.773502691896258e-01  5.773502691896258e-01	 0.000000000000000e+00  7.071067811865476e-01 -7.071067811865476e-01	 0.000000000000000e+00 -9.214510296266430e+02  9.214510296266430e+02	1	0	0.000000000000000e+00	0.000000000000000e+00	0.000000000000000e+00
2	-5.773502691896258e-01  5.773502691896258e-01  5.773502691896258e-01	 7.071067811865476e-01  7.071067811865476e-01 -3.124842898819631e-18	-7.193784354102739e+02 -7.193784354102739e+02  3.179073734356852e-15	1	0	0.000000000000000e+00	0.000000000000000e+00	0.000000000000000e+00
3	-5.773502691896258e-01  5.773502691896258e-01  5.773502691896258e-01	 7.071067811865476e-01 -3.124842898819631e-18  7.071067811865476e-01	 8.030942244427697e+02 -3.549030148066116e-15  8.030942244427697e+02	1	0	0.000000000000000e+00	0.000000000000000e+00	0.000000000000000e+00
4	-5.773502691896258e-01  5.773502691896258e-01  5.773502691896258e-01	 0.000000000000000e+00  7.071067811865476e-01 -7.071067811865476e-01	 0.000000000000000e+00 -8.625613021693013e+02  8.625613021693013e+02	1	0	0.000000000000000e+00	0.000000000000000e+00	0.000000000000000e+00
5	-5.773502691896258e-01  5.773502691896258e-01  5.773502691896258e-01	-7.071067811865476e-01 -7.071067811865476e-01  3.124842898819631e-18	 9.364621366255734e+02  9.364621366255734e+02 -4.138408986458117e-15	1	0	0.000000000000000e+00	0.000000000000000e+00	0.000000000000000e+00
6	 5.773502691896258e-01 -5.773502691896258e-01 -5.773502691896258e-01	0.000000000000000e+00 0.000000000000000e+00 0.000000000000000e+00	1.570392732195782e+03 3.025315410553647e+02 8.256108849411653e+02	1	1	0.000000000000000e+00	0.000000000000000e+00	0.000000000000000e+00
7	-5.773502691896258e-01 -5.773502691896258e-01 -5.773502691896258e-01	-7.071067811865476e-01  0.000000000000000e+00  7.071067811865476e-01	-4.024131376251693e+02  0.000000000000000e+00  4.024131376251693e+02	1	0	0.000000000000000e+00	0.000000000000000e+00	0.000000000000000e+00
8	-5.773502691896258e-01 -5.773502691896258e-01 -5.773502691896258e-01	 0.000000000000000e+00 -7.071067811865476e-01  7.071067811865476e-01	 0.000000000000000e+00 -7.730720104449091e+02  7.730720104449091e+02	1	0	0.000000000000000e+00	0.000000000000000e+00	0.000000000000000e+00
9	-5.773502691896258e-01 -5.773502691896258e-01 -5.773502691896258e-01	 7.071067811865476e-01 -7.071067811865476e-01  0.000000000000000e+00	 9.560920457780206e+02 -9.560920457780206e+02  0.000000000000000e+00	1	0	0.000000000000000e+00	0.000000000000000e+00	0.000000000000000e+00
10	-5.773502691896258e-01 -5.773502691896258e-01 -5.773502691896258e-01	 7.071067811865476e-01  0.000000000000000e+00 -7.071067811865476e-01	 1.580785037041196e+03  0.000000000000000e+00 -1.580785037041196e+03	1	0	0.000000000000000e+00	0.000000000000000e+00	0.000000000000000e+00
11	-5.773502691896258e-01 -5.773502691896258e-01 -5.773502691896258e-01	 0.000000000000000e+00  7.071067811865476e-01 -7.071067811865476e-01	 0.000000000000000e+00  1.161628741609527e+03 -1.161628741609527e+03	1	0	0.000000000000000e+00	0.000000000000000e+00	0.000000000000000e+00
12	-5.773502691896258e-01 -5.773502691896258e-01 -5.773502691896258e-01	-7.071067811865476e-01  7.071067811865476e-01  0.000000000000000e+00	-1.662768775266123e+02  1.662768775266123e+02  0.000000000000000e+00	1	0	0.000000000000000e+00	0.000000000000000e+00	0.000000000000000e+00
13	5.773502691896258e-01 5.773502691896258e-01 5.773502691896258e-01	0.000000000000000e+00 0.000000000000000e+00 0.000000000000000e+00	-2.170837012152994e+02  1.154700538379251e+02  5.877425740350395e+02	1	1	0.000000000000000e+00	0.000000000000000e+00	0.000000000000000e+00
14	-5.773502691896258e-01  5.773502691896258e-01 -5.773502691896258e-01	 7.071067811865476e-01  0.000000000000000e+00 -7.071067811865476e-01	-5.328942984620248e+02  0.000000000000000e+00  5.328942984620248e+02	1	0	0.000000000000000e+00	0.000000000000000e+00	0.000000000000000e+00
15	-5.773502691896258e-01  5.773502691896258e-01 -5.773502691896258e-01	-3.124842898819631e-18  7.071067811865476e-01  7.071067811865476e-01	 8.547268868455420e-16 -1.934123401785247e+02 -1.934123401785247e+02	1	0	0.000000000000000e+00	0.000000000000000e+00	0.000000000000000e+00
16	-5.773502691896258e-01  5.773502691896258e-01 -5.773502691896258e-01	 7.071067811865476e-01  7.071067811865476e-01 -3.124842898819631e-18	 5.519468573452824e+02  5.519468573452824e+02 -2.439160906938323e-15	1	0	0.000000000000000e+00	0.000000000000000e+00	0.000000000000000e+00
17	-5.773502691896258e-01  5.773502691896258e-01 -5.773502691896258e-01	-7.071067811865476e-01  0.000000000000000e+00  7.071067811865476e-01	 1.412198758437825e+03  0.000000000000000e+00 -1.412198758437825e+03	1	0	0.000000000000000e+00	0.000000000000000e+00	0.000000000000000e+00
18	-5.773502691896258e-01  5.773502691896258e-01 -5.773502691896258e-01	-3.124842898819631e-18  7.071067811865476e-01  7.071067811865476e-01	 9.389238637586849e-16 -2.124648990617823e+02 -2.124648990617823e+02	1	0	0.000000000000000e+00	0.000000000000000e+00	0.000000000000000e+00
19	-5.773502691896258e-01  5.773502691896258e-01 -5.773502691896258e-01	-7.071067811865476e-01 -7.071067811865476e-01  3.124842898819631e-18	-7.851963660978913e+01 -7.851963660978913e+01  3.469936018238618e-16	1	0	0.000000000000000e+00	0.000000000000000e+00	0.000000000000000e+00
20	 5.773502691896258e-01 -5.773502691896258e-01  5.773502691896258e-01	0.000000000000000e+00 0.000000000000000e+00 0.000000000000000e+00	-7.597929542535472e+02  6.027536810339691e+02  3.059956426705008e+02	1	1	0.000000000000000e+00	0.000000000000000e+00	0.000000000000000e+00
0	0	1	0
6	0	1	0
5	5	0	0
6	5	0	0
0	6	0	0
5	0	6	0
1	1	2	0
6	1	2	0
0	1	7	0
1	7	1	0
2	2	3	0
6	2	3	0
1	2	8	0
2	8	2	0
3	3	4	0
6	3	4	0
2	3	9	0
3	9	3	0
4	4	5	0
6	4	5	0
3	4	10	0
4	10	4	0
4	5	11	0
5	11	5	0
5	6	66	0
0	67	6	0
0	7	42	0
1	68	7	0
2	69	8	0
1	8	70	0
2	9	71	0
3	72	9	0
3	10	38	0
4	73	10	0
5	74	11	0
4	11	75	0
7	12	13	0
13	12	13	0
12	17	12	0
13	17	12	0
7	18	12	0
12	12	18	0
8	13	14	0
13	13	14	0
7	13	19	0
8	19	13	0
9	14	15	0
13	14	15	0
8	14	20	0
9	20	14	0
10	15	16	0
13	15	16	0
9	15	21	0
10	21	15	0
11	16	17	0
13	16	17	0
10	16	22	0
11	22	16	0
11	17	23	0
12	23	17	0
7	76	18	0
12	18	110	0
7	19	78	0
8	79	19	0
8	20	80	0
9	111	20	0
10	83	21	0
9	21	112	0
10	22	84	0
11	85	22	0
11	23	87	0
12	113	23	0
14	24	25	0
20	24	25	0
19	29	24	0
20	29	24	0
14	30	24	0
19	24	30	0
15	25	26	0
20	25	26	0
14	25	31	0
15	31	25	0
16	26	27	0
20	26	27	0
15	26	32	0
16	32	26	0
17	27	28	0
20	27	28	0
16	27	33	0
17	33	27	0
18	28	29	0
20	28	29	0
17	28	34	0
18	34	28	0
18	29	35	0
19	35	29	0
14	88	30	0
19	30	89	0
14	31	90	0
15	91	31	0
16	40	32	0
15	32	92	0
17	93	33	0
16	33	94	0
17	34	95	0
18	96	34	0
19	36	35	0
18	35	97	0
19	98	36	0
15	36	99	0
15	100	36	0
1	38	101	0
1	102	38	0
3	38	103	0
16	104	40	0
18	40	105	0
18	106	40	0
0	42	107	0
4	42	108	0
4	109	42	0
5	66	44	0
5	44	74	0
0	45	67	0
0	107	45	0
1	46	68	0
1	101	46	0
2	47	69	0
2	71	47	0
1	70	48	0
1	48	102	0
3	49	72	0
3	103	49	0
4	50	73	0
4	108	50	0
4	75	51	0
4	51	109	0
7	52	76	0
7	78	52	0
12	114	53	0
12	53	115	0
8	54	79	0
8	80	54	0
9	55	116	0
9	117	55	0
10	56	83	0
10	84	56	0
11	57	85	0
11	87	57	0
14	58	88	0
14	90	58	0
19	89	59	0
19	59	98	0
15	60	91	0
15	99	60	0
15	92	61	0
15	61	100	0
17	62	93	0
17	95	62	0
16	94	63	0
16	63	104	0
18	64	96	0
18	105	64	0
18	97	65	0
18	65	106	0
12	110	77	0
12	77	114	0
9	81	111	0
9	116	81	0
9	112	82	0
9	82	117	0
12	86	113	0
12	115	86	0
