114
21
172
0	1.570392732195782e+03 3.025315410553647e+02 8.256108849411653e+02	0.000000000000000e+00 0.000000000000000e+00 0.000000000000000e+00	1.000000000000000e+00	0	0	0
1	 1.130451827073287e+03 -5.773502691896260e+02  1.265551790063660e+03	0.000000000000000e+00 0.000000000000000e+00 0.000000000000000e+00	1.000000000000000e+00	0	0	1
2	-1.974537920628516e+02 -1.241303078757696e+03  6.015989804955904e+02	0.000000000000000e+00 0.000000000000000e+00 0.000000000000000e+00	1.000000000000000e+00	0	0	2
3	 2.032272947547480e+02 -1.641984165575296e+03  1.402961154130791e+03	0.000000000000000e+00 0.000000000000000e+00 0.000000000000000e+00	1.000000000000000e+00	0	0	3
4	 6.431681998772439e+02 -7.621023553303065e+02  9.630202490082960e+02	0.000000000000000e+00 0.000000000000000e+00 0.000000000000000e+00	1.000000000000000e+00	0	0	4
5	 1.971073819013383e+03 -9.814954576223676e+01  1.626973058576365e+03	0.000000000000000e+00 0.000000000000000e+00 0.000000000000000e+00	1.000000000000000e+00	0	0	5
6	1.570298653508316e+03 3.026256197428306e+02 8.257049636286312e+02	-1.090307559934445e-04  1.095149491447955e-04  1.088625722331926e-04	1.000000000000000e+00	0	0	6
7	 1.130306905841609e+03 -5.772053479579482e+02  1.265696711295338e+03	-1.945247786352411e-04  1.950730220414698e-04  1.948017306858674e-04	1.000000000000000e+00	0	0	7
8	-1.973567342483233e+02 -1.241400136572224e+03  6.015019226810621e+02	 1.113868274842389e-04 -1.115047198254615e-04 -1.114987971959636e-04	1.000000000000000e+00	0	0	8
9	 2.032244217526564e+02 -1.641981292573204e+03  1.402964027132883e+03	-2.590176791272825e-06  2.560222583269933e-06  2.617573954921681e-06	1.000000000000000e+00	0	0	9
10	 6.432135926734478e+02 -7.621477481265105e+02  9.629748562120919e+02	 8.099409751594067e-05 -8.180818986147642e-05 -8.382293162867427e-05	1.000000000000000e+00	0	0	10
11	 1.971094034506913e+03 -9.816976125576608e+01  1.626952843082836e+03	 2.410642446193378e-05 -2.408014915999956e-05 -2.407448482699692e-05	1.000000000000000e+00	0	0	11
12	-2.170837012152994e+02  1.154700538379251e+02  5.877425740350395e+02	0.000000000000000e+00 0.000000000000000e+00 0.000000000000000e+00	1.000000000000000e+00	12	0	12
13	 1.408734656822689e+02 -6.004442799572098e+02  9.456997409326077e+02	0.000000000000000e+00 0.000000000000000e+00 0.000000000000000e+00	1.000000000000000e+00	12	0	13
14	 9.214510296266424e+02 -9.907330619293978e+02  5.554109589604201e+02	0.000000000000000e+00 0.000000000000000e+00 0.000000000000000e+00	1.000000000000000e+00	12	0	14
15	 1.853294364098699e+03 -5.888972745734176e+01 -1.308275709983692e+03	0.000000000000000e+00 0.000000000000000e+00 0.000000000000000e+00	1.000000000000000e+00	12	0	15
16	 1.495337197201131e+03  6.570246063377946e+02 -1.666232876881260e+03	0.000000000000000e+00 0.000000000000000e+00 0.000000000000000e+00	1.000000000000000e+00	12	0	16
17	 7.147596332567570e+02  1.047313388309982e+03 -1.275944094909073e+03	0.000000000000000e+00 0.000000000000000e+00 0.000000000000000e+00	1.000000000000000e+00	12	0	17
18	-2.173020028591288e+02  1.152517521940957e+02  5.875242723912102e+02	-2.500553285547842e-04 -2.500553285547842e-04 -2.500553285547842e-04	1.000000000000000e+00	12	0	18
19	 1.411933524282013e+02 -6.001243932112775e+02  9.460196276785400e+02	3.648617324264099e-04 3.648617324264099e-04 3.648617324264099e-04	1.000000000000000e+00	12	0	19
20	 9.215114864883701e+02 -9.906726050676700e+02  5.554714158221478e+02	7.248406473081559e-05 7.173012272687629e-05 7.187380833784118e-05	1.000000000000000e+00	12	0	20
21	 1.853400749279009e+03 -5.878334227703198e+01 -1.308169324803383e+03	1.225903542945161e-04 1.225528831128031e-04 1.225911692017689e-04	1.000000000000000e+00	12	0	21
22	 1.495621483952815e+03  6.573088930894777e+02 -1.665948590129577e+03	3.293299911698948e-04 3.293299911698948e-04 3.293299911698948e-04	1.000000000000000e+00	12	0	22
23	 7.159739570433837e+02  1.048527712096609e+03 -1.274729771122446e+03	1.389740345378717e-03 1.389740345378717e-03 1.389740345378717e-03	1.000000000000000e+00	12	0	23
24	-7.597929542535472e+02  6.027536810339691e+02  3.059956426705008e+02	0.000000000000000e+00 0.000000000000000e+00 0.000000000000000e+00	1.000000000000000e+00	24	0	24
25	-1.191650955607388e+03 -2.609623216737101e+02 -1.258623586833382e+02	0.000000000000000e+00 0.000000000000000e+00 0.000000000000000e+00	1.000000000000000e+00	24	0	25
26	 5.126870390403868e+02  5.912066756501777e+02 -9.780313560072266e+02	0.000000000000000e+00 0.000000000000000e+00 0.000000000000000e+00	1.000000000000000e+00	24	0	26
27	 9.572467463163994e+02  1.466469683741651e+02 -1.867150770559250e+03	0.000000000000000e+00 0.000000000000000e+00 0.000000000000000e+00	1.000000000000000e+00	24	0	27
28	 1.389104747670240e+03  1.010362971081845e+03 -1.435292769205410e+03	0.000000000000000e+00 0.000000000000000e+00 0.000000000000000e+00	1.000000000000000e+00	24	0	28
29	-3.152332469775362e+02  1.581939737579582e+02 -5.831237718815206e+02	0.000000000000000e+00 0.000000000000000e+00 0.000000000000000e+00	1.000000000000000e+00	24	0	29
30	-7.598584905306778e+02  6.028192173110998e+02  3.059301063933701e+02	-7.503895903937519e-05  7.504736277041957e-05 -7.477807957911864e-05	1.000000000000000e+00	24	0	30
31	-1.191777015587571e+03 -2.608362616935270e+02 -1.259884186635212e+02	-1.451785647077486e-04  1.449606352252886e-04 -1.451824209652841e-04	1.000000000000000e+00	24	0	31
32	 5.085435283065996e+02  5.953501863839649e+02 -9.821748667410138e+02	-7.428749464452267e-03  7.428749464452267e-03 -7.428749464452267e-03	1.000000000000000e+00	24	0	32
33	 9.567527492348976e+02  1.471409654556669e+02 -1.867644767640752e+03	-5.700389932220181e-04  5.700389932220181e-04 -5.700389932220181e-04	1.000000000000000e+00	24	0	33
34	 1.388171404373666e+03  1.011296314378418e+03 -1.436226112501983e+03	-1.078866422176361e-03  1.078866422176361e-03 -1.078866422176361e-03	1.000000000000000e+00	24	0	34
35	-3.131834362395240e+02  1.561441630199460e+02 -5.810739611435084e+02	 5.460102576762438e-03 -5.460102576762438e-03  5.460102576762438e-03	1.000000000000000e+00	24	0	35
36	-3.284371464529195e+02  1.713978732333415e+02 -5.582225535903891e+02	-1.511702197603881e-03  1.511702197603881e-03 -1.511702197603881e-03	1.000000000000000e+00	24	0	36
38	 6.037396544833634e+02 -8.404532648511101e+02  1.002448794402176e+03	-1.972054305952042e-04  1.984171103686094e-04  1.974957849597558e-04	1.000000000000000e+00	0	0	38
40	 5.265983824620401e+02  5.772953322285246e+02 -1.002225130352089e+03	 2.173597691580653e-03 -2.173597691580653e-03  2.173597691580653e-03	1.000000000000000e+00	24	0	40
42	 1.169749818303717e+03 -4.988688055053726e+02  1.226253798833230e+03	 4.903927037958056e-05 -4.876418825006112e-05 -4.875846207141876e-05	1.000000000000000e+00	0	0	42
44	1.770748254476837e+03 1.021760187743098e+02 1.226276997511760e+03	 1.765789420460351e-05 -1.765789420460351e-05 -1.764699663908686e-05	1.000000000000000e+00	0	0	44
45	 1.369814597091414e+03 -9.791202944853654e+01  1.026189020045534e+03	-2.757099573500454e-04  2.755355380941182e-04  2.757099573500454e-04	1.000000000000000e+00	0	0	45
46	 8.669196410633534e+02 -7.087257222918474e+02  1.134176336961439e+03	-3.547114029061049e-04  3.545697254594415e-04  3.545697254594415e-04	1.000000000000000e+00	0	0	46
47	 2.971861230766127e+00 -1.441728732051314e+03  1.002194963836141e+03	 9.791496995603666e-05 -9.791496995603666e-05 -9.790055628400296e-05	1.000000000000000e+00	0	0	47
48	 2.034025162692897e+02 -1.041137687954605e+03  8.017643712986808e+02	 1.997827348532155e-04 -1.996254140976816e-04 -1.996254140976816e-04	1.000000000000000e+00	0	0	48
49	 4.034560009685049e+02 -1.241191328185118e+03  1.202732447917035e+03	-1.286544575123116e-04  1.284550089621916e-04  1.286544575123116e-04	1.000000000000000e+00	0	0	49
50	 9.067897547534294e+02 -6.308159880259896e+02  1.094306616312613e+03	 4.571792087517679e-04 -4.563268157653511e-04 -4.563268157653511e-04	1.000000000000000e+00	0	0	50
51	 1.570479997935519e+03 -2.985773378634540e+02  1.426545266475149e+03	 1.024901721393690e-04 -1.024499288178049e-04 -1.024499288178049e-04	1.000000000000000e+00	0	0	51
52	-3.801836793274308e+01 -2.424003561447993e+02  7.668079073175956e+02	1.009690386126749e-04 1.009863335639238e-04 1.009690386126749e-04	1.000000000000000e+00	12	0	52
53	 2.488875048646664e+02  5.814412599178910e+02 -3.440512199787807e+02	4.225560041959397e-05 4.225560041959397e-05 4.225949669489637e-05	1.000000000000000e+00	12	0	53
54	 5.311400956098818e+02 -7.956104398240921e+02  7.505335810657263e+02	-2.083364051941317e-05 -1.994936246774159e-05 -1.994936246774159e-05	1.000000000000000e+00	12	0	54
55	 1.387379632812169e+03 -5.248044587438726e+02 -3.764254385934856e+02	8.919088031689171e-06 8.919088031689171e-06 8.921490916691255e-06	1.000000000000000e+00	12	0	55
56	 1.674570016828035e+03  2.993215981650497e+02 -1.487000057254357e+03	2.899583778344095e-04 2.897813392337412e-04 2.899583778344095e-04	1.000000000000000e+00	12	0	56
57	 1.103959518249216e+03  8.510713103709447e+02 -1.472186172848110e+03	-1.239476492628455e-03 -1.259510405361652e-03 -1.259510405361652e-03	1.000000000000000e+00	12	0	57
58	-9.759159607292129e+02  1.710898001981270e+02  8.987263619483676e+01	-2.203522890340537e-04  2.206146164098755e-04 -2.203522890340537e-04	1.000000000000000e+00	24	0	58
59	-5.439355538494665e+02  3.868962806298882e+02 -1.259340069778024e+02	-8.029503078432754e-05  8.029503078432754e-05 -8.040222019189969e-05	1.000000000000000e+00	24	0	59
60	-7.599345477078077e+02 -4.489182556933100e+01 -3.419328547877184e+02	-1.659036643104628e-04  1.656700187595561e-04 -1.656700187595561e-04	1.000000000000000e+00	24	0	60
61	 8.841387578438963e+01  3.849830753949860e+02 -7.718077557520354e+02	-7.357587106525898e-03  7.268332410603762e-03 -7.268332410603762e-03	1.000000000000000e+00	24	0	61
62	 1.173080279820782e+03  5.786004509289419e+02 -1.651317237054868e+03	-1.604010612936690e-04  1.600626274012029e-04 -1.604010612936690e-04	1.000000000000000e+00	24	0	62
63	 7.404475940564578e+02  3.634461206341070e+02 -1.436162752436566e+03	-1.003806362859905e-03  1.003806362859905e-03 -1.003430108539760e-03	1.000000000000000e+00	24	0	63
64	 9.578246858314219e+02  7.938593981353006e+02 -1.218789196258865e+03	 6.574856233783066e-04 -6.497887661680579e-04  6.497887661680579e-04	1.000000000000000e+00	24	0	64
65	 1.090635963174543e+02  3.643361324188272e+02 -7.892659305423920e+02	 7.279008626937866e-03 -7.358870934695005e-03  7.358870934695005e-03	1.000000000000000e+00	24	0	65
66	1.670622122369100e+03 2.023021508820464e+02 1.025892270531330e+03	 6.927894719410688e-05 -6.927894719410688e-05 -6.937215948710218e-05	1.000000000000000e+00	0	0	66
67	1.469951205380067e+03 1.024624071595314e+02 9.260524117568809e+02	-3.149516123812646e-04  3.153122670482844e-04  3.149516123812646e-04	1.000000000000000e+00	0	0	67
68	 9.985932495219981e+02 -6.429453425965653e+02  1.199956716656721e+03	-3.025730547960848e-04  3.029596409760416e-04  3.029596409760416e-04	1.000000000000000e+00	0	0	68
69	-9.720245424364474e+01 -1.341554416576903e+03  8.018584606166569e+02	 9.271831368096173e-05 -9.271831368096173e-05 -9.271199087379500e-05	1.000000000000000e+00	0	0	69
70	 3.074580095599600e+00 -1.141320681824900e+03  7.015813774283856e+02	 2.148369239876047e-04 -2.149421488866210e-04 -2.149421488866210e-04	1.000000000000000e+00	0	0	70
71	 1.031160762520285e+02 -1.541872947072576e+03  1.202561575910860e+03	 6.890913209645078e-05 -6.890913209645078e-05 -6.886640039738268e-05	1.000000000000000e+00	0	0	71
72	 3.033324400014956e+02 -1.441578521601557e+03  1.302856008884044e+03	-7.474600715795532e-05  7.468630792573094e-05  7.474600715795532e-05	1.000000000000000e+00	0	0	72
73	 7.752268142612438e+02 -6.967079470433659e+02  1.028414657295237e+03	 5.328948027454317e-04 -5.347989499568939e-04 -5.347989499568939e-04	1.000000000000000e+00	0	0	73
74	1.870894885639357e+03 2.029387611790072e+00 1.426641178081795e+03	-1.011100175674073e-05  1.011100175674073e-05  1.011400945571950e-05	1.000000000000000e+00	0	0	74
75	 1.770800691835063e+03 -1.983872172746560e+02  1.526735387063947e+03	 7.954786269692704e-05 -7.950910367071629e-05 -7.950910367071629e-05	1.000000000000000e+00	0	0	75
76	-1.275037535354165e+02 -6.341774950213618e+01  6.773225217149221e+02	1.024450466502458e-04 1.027277103275992e-04 1.024450466502458e-04	1.000000000000000e+00	12	0	76
77	1.566587621296009e+01 3.482196312661846e+02 1.216093042421494e+02	-2.445065765641630e-04 -2.445065765641630e-04 -2.453061169944704e-04	1.000000000000000e+00	12	0	77
78	 5.149451131373817e+01 -4.213552401402610e+02  8.563207865640768e+02	1.293906825594604e-04 1.296662667300552e-04 1.293906825594604e-04	1.000000000000000e+00	12	0	78
79	 3.360721798120414e+02 -6.979624245263167e+02  8.481815963635015e+02	6.620078056585044e-05 6.557189044542611e-05 6.557189044542611e-05	1.000000000000000e+00	12	0	79
80	 7.266673994178116e+02 -8.927999890132606e+02  6.533440318765576e+02	4.113340110052377e-04 4.115982737857848e-04 4.115982737857848e-04	1.000000000000000e+00	12	0	80
81	 1.154395238974570e+03 -7.577888525814710e+02  8.947266367711134e+01	-1.877518479886930e-05 -1.877518479886930e-05 -1.878372313512955e-05	1.000000000000000e+00	12	0	81
82	 1.620402172033940e+03 -2.917819195221014e+02 -8.422853845365486e+02	7.976955384947360e-05 7.976955384947360e-05 7.980817463248968e-05	1.000000000000000e+00	12	0	82
83	 1.763957389990881e+03  1.202410716543003e+02 -1.397612684091511e+03	1.746699563227594e-04 1.744367909850553e-04 1.746699563227594e-04	1.000000000000000e+00	12	0	83
84	 1.585067147773675e+03  4.782866671303570e+02 -1.576502926308717e+03	2.758697955869138e-04 2.758334740065038e-04 2.758697955869138e-04	1.000000000000000e+00	12	0	84
85	 1.300905370701362e+03  7.553090678569192e+02 -1.567948415362136e+03	6.316240178421140e-04 6.276606582105160e-04 6.276606582105160e-04	1.000000000000000e+00	12	0	85
86	 4.818609807069381e+02  8.144147357601627e+02 -8.099600500861150e+02	6.718717486364767e-05 6.718717486364767e-05 6.766425212845206e-05	1.000000000000000e+00	12	0	86
87	 9.112489956739621e+02  9.510774790252203e+02 -1.372180004193835e+03	1.538027543574572e-03 1.518167322501540e-03 1.518167322501540e-03	1.000000000000000e+00	12	0	87
88	-8.678098606419710e+02  3.868771428047023e+02  1.979787362820787e+02	-5.789490023744293e-05  5.802401574328542e-05 -5.789490023744293e-05	1.000000000000000e+00	24	0	88
89	-6.520490574939618e+02  4.950097842743834e+02  8.984604576472330e+01	-2.525515737943351e-04  2.525515737943351e-04 -2.525344025343657e-04	1.000000000000000e+00	24	0	89
90	-1.083925764550127e+03 -4.479406964346941e+01 -1.813716762607760e+01	-2.735724265221506e-04  2.734401205088943e-04 -2.735724265221506e-04	1.000000000000000e+00	24	0	90
91	-9.757805795774337e+02 -1.529392119912565e+02 -2.338854683657929e+02	-6.884573667775840e-05  6.880935688968748e-05 -6.880935688968748e-05	1.000000000000000e+00	24	0	91
92	 2.979075593605925e+02  4.907470035224231e+02 -8.775716838794725e+02	-7.523070555180311e-03  7.514534052461386e-03 -7.514534052461386e-03	1.000000000000000e+00	24	0	92
93	 1.064897292081549e+03  3.628903674804677e+02 -1.759500224794101e+03	-3.604650264605880e-04  3.614539455156773e-04 -3.604650264605880e-04	1.000000000000000e+00	24	0	93
94	 8.484657402707534e+02  2.554279744198115e+02 -1.652039278070519e+03	-9.416606044396758e-04  9.416606044396758e-04 -9.439815767109394e-04	1.000000000000000e+00	24	0	94
95	 1.280149187865684e+03  7.954197529733754e+02 -1.544248329009966e+03	-1.401040004566312e-03  1.386501826345921e-03 -1.401040004566312e-03	1.000000000000000e+00	24	0	95
96	 1.172696771557665e+03  9.028773694266342e+02 -1.327807167550199e+03	-5.538518307730556e-04  5.536359967663884e-04 -5.536359967663884e-04	1.000000000000000e+00	24	0	96
97	-1.020771442104553e+02  2.602462409031417e+02 -6.851760390267063e+02	 6.963962223380804e-03 -7.062067743390799e-03  7.062067743390799e-03	1.000000000000000e+00	24	0	97
98	-4.355876076383964e+02  2.785483344188181e+02 -3.414802452183077e+02	 3.600933705456555e-04 -3.600933705456555e-04  3.575684677343816e-04	1.000000000000000e+00	24	0	98
99	-5.441186458733466e+02  6.318575053820508e+01 -4.500104308952544e+02	-3.104796924162656e-04  3.096459258813411e-04 -3.096459258813411e-04	1.000000000000000e+00	24	0	99
100	-1.207122443922649e+02  2.788683973744513e+02 -6.656930777315007e+02	-6.994729861617088e-03  6.829375401139259e-03 -6.829375401139259e-03	1.000000000000000e+00	24	0	100
101	 7.353545651533303e+02 -7.746144946394716e+02  1.068287564613815e+03	-2.647687797434628e-04  2.644488704390824e-04  2.644488704390824e-04	1.000000000000000e+00	0	0	101
102	 4.036176506274103e+02 -9.408419924430566e+02  9.020600668102295e+02	 5.714879807783291e-05 -5.695517029380426e-05 -5.695517029380426e-05	1.000000000000000e+00	0	0	102
103	 5.034847038405680e+02 -1.040709110840558e+03  1.102703745044971e+03	-2.907303860411048e-04  2.907714224420488e-04  2.907303860411048e-04	1.000000000000000e+00	0	0	103
104	 6.325943644817866e+02  4.712993502087782e+02 -1.220118051188699e+03	-8.824334945529699e-04  8.824334945529699e-04 -8.699058089405298e-04	1.000000000000000e+00	24	0	104
105	 7.415341622597819e+02  6.862540460492662e+02 -1.111183844172831e+03	 2.853854384738952e-04 -2.819434448610991e-04  2.819434448610991e-04	1.000000000000000e+00	24	0	105
106	 3.198023466434209e+02  4.689008188348302e+02 -8.938306169583949e+02	 7.539671845734119e-03 -7.384107913821936e-03  7.384107913821936e-03	1.000000000000000e+00	24	0	106
107	 1.269696057067837e+03 -2.983044072199910e+02  1.126307560069111e+03	-2.171921078115702e-04  2.167734637623653e-04  2.171921078115702e-04	1.000000000000000e+00	0	0	107
108	 1.038333897271667e+03 -5.649062376609397e+02  1.160216366677663e+03	 3.398242406547070e-04 -3.386704775039107e-04 -3.386704775039107e-04	1.000000000000000e+00	0	0	108
109	 1.370170966165659e+03 -3.987791667982353e+02  1.326343437540367e+03	 1.402189227519557e-04 -1.402858033543453e-04 -1.402858033543453e-04	1.000000000000000e+00	0	0	109
110	-1.010712747249673e+02  2.314824803282573e+02  3.543137969397042e+02	-5.373326130211353e-04 -5.373326130211353e-04 -5.372210871428251e-04	1.000000000000000e+00	12	0	110
111	 1.037869602115190e+03 -8.743144894408510e+02  3.223883109463381e+02	-6.990304245846346e-05 -6.990304245846346e-05 -6.983417551964521e-05	1.000000000000000e+00	12	0	111
112	 1.736919473095168e+03 -1.752646184608734e+02 -1.075209338648514e+03	1.217731914948672e-04 1.217731914948672e-04 1.218005927512422e-04	1.000000000000000e+00	12	0	112
113	 5.989215642679620e+02  9.314753193211865e+02 -1.042338538098492e+03	7.383401389233768e-04 7.383401389233768e-04 7.438075263053179e-04	1.000000000000000e+00	12	0	113
114	 1.323894854839843e+02  4.649432405372089e+02 -1.111079906229057e+02	3.153577927150764e-05 3.153577927150764e-05 3.152975477860309e-05	1.000000000000000e+00	12	0	114
115	 3.653363411574416e+02  6.978900962106661e+02 -5.770436358323338e+02	-8.366650035895873e-06 -8.366650035895873e-06 -8.369121133000590e-06	1.000000000000000e+00	12	0	115
116	 1.270888268435663e+03 -6.412958231203781e+02 -1.434755538223914e+02	-3.966216354456265e-06 -3.966216354456265e-06 -3.966852546000155e-06	1.000000000000000e+00	12	0	116
117	 1.503883075470306e+03 -4.083010160857355e+02 -6.093632408173577e+02	3.548582390067168e-05 3.548582390067168e-05 3.550114706740715e-05	1.000000000000000e+00	12	0	117
0	-5.773502691896258e-01  5.773502691896258e-01  5.773502691896258e-01	-7.071067811865476e-01  3.124842898819631e-18 -7.071067811865476e-01	 1.198001808568474e+03 -5.294203851356715e-15  1.198001808568474e+03	1	0	0.000000000000000e+00	0.000000000000000e+00	0.000000000000000e+00
1	-5.773502691896258e-01  5.773502691896258e-01  5.773502691896258e-01	 0.000000000000000e+00  7.071067811865476e-01 -7.071067811865476e-01	 0.000000000000000e+00 -9.214510296266430e+02  9.214510296266430e+02	1	0	0.000000000000000e+00	0.000000000000000e+00	0.000000000000000e+00
2	-5.773502691896258e-01  5.773502691896258e-01  5.773502691896258e-01	 7.071067811865476e-01  7.071067811865476e-01 -3.124842898819631e-18	-7.193784354102739e+02 -7.193784354102739e+02  3.179073734356852e-15	1	0	0.000000000000000e+00	0.000000000000000e+00	0.000000000000000e+00
3	-5.773502691896258e-01  5.773502691896258e-01  5.773502691896258e-01	 7.071067811865476e-01 -3.124842898819631e-18  7.071067811865476e-01	 8.030942244427697e+02 -3.549030148066116e-15  8.030942244427697e+02	1	0	0.000000000000000e+00	0.000000000000000e+00	0.000000000000000e+00
4	-5.773502691896258e-01  5.773502691896258e-01  5.773502691896258e-01	 0.000000000000000e+00  7.071067811865476e-01 -7.071067811865476e-01	 0.000000000000000e+00 -8.625613021693013e+02  8.625613021693013e+02	1	0	0.000000000000000e+00	0.000000000000000e+00	0.000000000000000e+00
5	-5.773502691896258e-01  5.773502691896258e-01  5.773502691896258e-01	-7.071067811865476e-01 -7.071067811865476e-01  3.124842898819631e-18	 9.364621366255734e+02  9.364621366255734e+02 -4.138408986458117e-15	1	0	0.000000000000000e+00	0.000000000000000e+00	0.000000000000000e+00
6	 5.773502691896258e-01 -5.773502691896258e-01 -5.773502691896258e-01	0.000000000000000e+00 0.000000000000000e+00 0.000000000000000e+00	1.570392732195782e+03 3.025315410553647e+02 8.256108849411653e+02	1	1	0.000000000000000e+00	0.000000000000000e+00	0.000000000000000e+00
7	-5.773502691896258e-01 -5.773502691896258e-01 -5.773502691896258e-01	-7.071067811865476e-01  0.000000000000000e+00  7.071067811865476e-01	-4.024131376251693e+02  0.000000000000000e+00  4.024131376251693e+02	1	0	0.000000000000000e+00	0.000000000000000e+00	0.000000000000000e+00
8	-5.773502691896258e-01 -5.773502691896258e-01 -5.773502691896258e-01	 0.000000000000000e+00 -7.071067811865476e-01  7.071067811865476e-01	 0.000000000000000e+00 -7.730720104449091e+02  7.730720104449091e+02	1	0	0.000000000000000e+00	0.000000000000000e+00	0.000000000000000e+00
9	-5.773502691896258e-01 -5.773502691896258e-01 -5.773502691896258e-01	 7.071067811865476e-01 -7.071067811865476e-01  0.000000000000000e+00	 9.560920457780206e+02 -9.560920457780206e+02  0.000000000000000e+00	1	0	0.000000000000000e+00	0.000000000000000e+00	0.000000000000000e+00
10	-5.773502691896258e-01 -5.773502691896258e-01 -5.773502691896258e-01	 7.071067811865476e-01  0.000000000000000e+00 -7.071067811865476e-01	 1.580785037041196e+03  0.000000000000000e+00 -1.580785037041196e+03	1	0	0.000000000000000e+00	0.000000000000000e+00	0.000000000000000e+00
11	-5.773502691896258e-01 -5.773502691896258e-01 -5.773502691896258e-01	 0.000000000000000e+00  7.071067811865476e-01 -7.071067811865476e-01	 0.000000000000000e+00  1.161628741609527e+03 -1.161628741609527e+03	1	0	0.000000000000000e+00	0.000000000000000e+00	0.000000000000000e+00
12	-5.773502691896258e-01 -5.773502691896258e-01 -5.773502691896258e-01	-7.071067811865476e-01  7.071067811865476e-01  0.000000000000000e+00	-1.662768775266123e+02  1.662768775266123e+02  0.000000000000000e+00	1	0	0.000000000000000e+00	0.000000000000000e+00	0.000000000000000e+00
13	5.773502691896258e-01 5.773502691896258e-01 5.773502691896258e-01	0.000000000000000e+00 0.000000000000000e+00 0.000000000000000e+00	-2.170837012152994e+02  1.154700538379251e+02  5.877425740350395e+02	1	1	0.000000000000000e+00	0.000000000000000e+00	0.000000000000000e+00
14	-5.773502691896258e-01  5.773502691896258e-01 -5.773502691896258e-01	 7.071067811865476e-01  0.000000000000000e+00 -7.071067811865476e-01	-5.328942984620248e+02  0.000000000000000e+00  5.328942984620248e+02	1	0	0.000000000000000e+00	0.000000000000000e+00	0.000000000000000e+00
15	-5.773502691896258e-01  5.773502691896258e-01 -5.773502691896258e-01	-3.124842898819631e-18  7.071067811865476e-01  7.071067811865476e-01	 8.547268868455420e-16 -1.934123401785247e+02 -1.934123401785247e+02	1	0	0.000000000000000e+00	0.000000000000000e+00	0.000000000000000e+00
16	-5.773502691896258e-01  5.773502691896258e-01 -5.773502691896258e-01	 7.071067811865476e-01  7.071067811865476e-01 -3.124842898819631e-18	 5.519468573452824e+02  5.519468573452824e+02 -2.439160906938323e-15	1	0	0.000000000000000e+00	0.000000000000000e+00	0.000000000000000e+00
17	-5.773502691896258e-01  5.773502691896258e-01 -5.773502691896258e-01	-7.071067811865476e-01  0.000000000000000e+00  7.071067811865476e-01	 1.412198758437825e+03  0.000000000000000e+00 -1.412198758437825e+03	1	0	0.000000000000000e+00	0.000000000000000e+00	0.000000000000000e+00
18	-5.773502691896258e-01  5.773502691896258e-01 -5.773502691896258e-01	-3.124842898819631e-18  7.071067811865476e-01  7.071067811865476e-01	 9.389238637586849e-16 -2.124648990617823e+02 -2.124648990617823e+02	1	0	0.000000000000000e+00	0.000000000000000e+00	0.000000000000000e+00
19	-5.773502691896258e-01  5.773502691896258e-01 -5.773502691896258e-01	-7.071067811865476e-01 -7.071067811865476e-01  3.124842898819631e-18	-7.851963660978913e+01 -7.851963660978913e+01  3.469936018238618e-16	1	0	0.000000000000000e+00	0.000000000000000e+00	0.000000000000000e+00
20	 5.773502691896258e-01 -5.773502691896258e-01  5.773502691896258e-01	0.000000000000000e+00 0.000000000000000e+00 0.000000000000000e+00	-7.597929542535472e+02  6.027536810339691e+02  3.059956426705008e+02	1	1	0.000000000000000e+00	0.000000000000000e+00	0.000000000000000e+00
0	0	1	0
6	0	1	0
5	5	0	0
6	5	0	0
0	6	0	0
5	0	6	0
1	1	2	0
6	1	2	0
0	1	7	0
1	7	1	0
2	2	3	0
6	2	3	0
1	2	8	0
2	8	2	0
3	3	4	0
6	3	4	0
2	3	9	0
3	9	3	0
4	4	5	0
6	4	5	0
3	4	10	0
4	10	4	0
4	5	11	0
5	11	5	0
5	6	66	0
0	67	6	0
0	7	42	0
1	68	7	0
2	69	8	0
1	8	70	0
2	9	71	0
3	72	9	0
3	10	38	0
4	73	10	0
5	74	11	0
4	11	75	0
7	12	13	0
13	12	13	0
12	17	12	0
13	17	12	0
7	18	12	0
12	12	18	0
8	13	14	0
13	13	14	0
7	13	19	0
8	19	13	0
9	14	15	0
13	14	15	0
8	14	20	0
9	20	14	0
10	15	16	0
13	15	16	0
9	15	21	0
10	21	15	0
11	16	17	0
13	16	17	0
10	16	22	0
11	22	16	0
11	17	23	0
12	23	17	0
7	76	18	0
12	18	110	0
7	19	78	0
8	79	19	0
8	20	80	0
9	111	20	0
10	83	21	0
9	21	112	0
10	22	84	0
11	85	22	0
11	23	87	0
12	113	23	0
14	24	25	0
20	24	25	0
19	29	24	0
20	29	24	0
14	30	24	0
19	24	30	0
15	25	26	0
20	25	26	0
14	25	31	0
15	31	25	0
16	26	27	0
20	26	27	0
15	26	32	0
16	32	26	0
17	27	28	0
20	27	28	0
16	27	33	0
17	33	27	0
18	28	29	0
20	28	29	0
17	28	34	0
18	34	28	0
18	29	35	0
19	35	29	0
14	88	30	0
19	30	89	0
14	31	90	0
15	91	31	0
16	40	32	0
15	32	92	0
17	93	33	0
16	33	94	0
17	34	95	0
18	96	34	0
19	36	35	0
18	35	97	0
19	98	36	0
15	36	99	0
15	100	36	0
1	38	101	0
1	102	38	0
3	38	103	0
16	104	40	0
18	40	105	0
18	106	40	0
0	42	107	0
4	42	108	0
4	109	42	0
5	66	44	0
5	44	74	0
0	45	67	0
0	107	45	0
1	46	68	0
1	101	46	0
2	47	69	0
2	71	47	0
1	70	48	0
1	48	102	0
3	49	72	0
3	103	49	0
4	50	73	0
4	108	50	0
4	75	51	0
4	51	109	0
7	52	76	0
7	78	52	0
12	114	53	0
12	53	115	0
8	54	79	0
8	80	54	0
9	55	116	0
9	117	55	0
10	56	83	0
10	84	56	0
11	57	85	0
11	87	57	0
14	58	88	0
14	90	58	0
19	89	59	0
19	59	98	0
15	60	91	0
15	99	60	0
15	92	61	0
15	61	100	0
17	62	93	0
17	95	62	0
16	94	63	0
16	63	104	0
18	64	96	0
18	105	64	0
18	97	65	0
18	65	106	0
12	110	77	0
12	77	114	0
9	81	111	0
9	116	81	0
9	112	82	0
9	82	117	0
12	86	113	0
12	115	86	0
