114
21
172
0	1.570392732195782e+03 3.025315410553647e+02 8.256108849411653e+02	0.000000000000000e+00 0.000000000000000e+00 0.000000000000000e+00	1.000000000000000e+00	0	0	0
1	 1.130451827073287e+03 -5.773502691896260e+02  1.265551790063660e+03	0.000000000000000e+00 0.000000000000000e+00 0.000000000000000e+00	1.000000000000000e+00	0	0	1
2	-1.974537920628516e+02 -1.241303078757696e+03  6.015989804955904e+02	0.000000000000000e+00 0.000000000000000e+00 0.000000000000000e+00	1.000000000000000e+00	0	0	2
3	 2.032272947547480e+02 -1.641984165575296e+03  1.402961154130791e+03	0.000000000000000e+00 0.000000000000000e+00 0.000000000000000e+00	1.000000000000000e+00	0	0	3
4	 6.431681998772439e+02 -7.621023553303065e+02  9.630202490082960e+02	0.000000000000000e+00 0.000000000000000e+00 0.000000000000000e+00	1.000000000000000e+00	0	0	4
5	 1.971073819013383e+03 -9.814954576223676e+01  1.626973058576365e+03	0.000000000000000e+00 0.000000000000000e+00 0.000000000000000e+00	1.000000000000000e+00	0	0	5
6	1.569556959826911e+03 3.033673134242351e+02 8.264466573100357e+02	-1.240731508005410e-04  1.316263515036553e-04  1.200202896143310e-04	1.000000000000000e+00	0	0	6
7	 1.126166899966917e+03 -5.730653420832558e+02  1.269836717170030e+03	-1.363461177485685e-03  1.363461177485685e-03  1.363461177485685e-03	1.000000000000000e+00	0	0	7
8	-1.966570494285957e+02 -1.242099821391952e+03  6.008022378613344e+02	 1.080486690625548e-04 -1.092475649784319e-04 -1.092620514100417e-04	1.000000000000000e+00	0	0	8
9	 2.032416678552818e+02 -1.641998538675829e+03  1.402946781030257e+03	 8.378044185519684e-06 -8.932651326176710e-06 -7.775574886181857e-06	1.000000000000000e+00	0	0	9
10	 6.467603178509493e+02 -7.656944733040119e+02  9.594281310345906e+02	 1.284882620287438e-03 -1.284882620287438e-03 -1.284882620287438e-03	1.000000000000000e+00	0	0	10
11	 1.971291864767808e+03 -9.836759151666139e+01  1.626755012821941e+03	 3.897253918694332e-05 -3.840634963125922e-05 -3.820934216491878e-05	1.000000000000000e+00	0	0	11
12	-2.170837012152994e+02  1.154700538379251e+02  5.877425740350395e+02	0.000000000000000e+00 0.000000000000000e+00 0.000000000000000e+00	1.000000000000000e+00	12	0	12
13	 1.408734656822689e+02 -6.004442799572098e+02  9.456997409326077e+02	0.000000000000000e+00 0.000000000000000e+00 0.000000000000000e+00	1.000000000000000e+00	12	0	13
14	 9.214510296266424e+02 -9.907330619293978e+02  5.554109589604201e+02	0.000000000000000e+00 0.000000000000000e+00 0.000000000000000e+00	1.000000000000000e+00	12	0	14
15	 1.853294364098699e+03 -5.888972745734176e+01 -1.308275709983692e+03	0.000000000000000e+00 0.000000000000000e+00 0.000000000000000e+00	1.000000000000000e+00	12	0	15
16	 1.495337197201131e+03  6.570246063377946e+02 -1.666232876881260e+03	0.000000000000000e+00 0.000000000000000e+00 0.000000000000000e+00	1.000000000000000e+00	12	0	16
17	 7.147596332567570e+02  1.047313388309982e+03 -1.275944094909073e+03	0.000000000000000e+00 0.000000000000000e+00 0.000000000000000e+00	1.000000000000000e+00	12	0	17
18	-2.188351850145606e+02  1.137185700386639e+02  5.859910902357783e+02	-2.334184052112202e-04 -2.334184052112202e-04 -2.334184052112202e-04	1.000000000000000e+00	12	0	18
19	 1.433857701207911e+02 -5.979319755186878e+02  9.482120453711299e+02	3.300103611157586e-04 3.300103611157586e-04 3.300103611157586e-04	1.000000000000000e+00	12	0	19
20	 9.220742414077895e+02 -9.901098501482506e+02  5.560341707415672e+02	1.095146362786181e-04 1.031079955282621e-04 1.042977382894605e-04	1.000000000000000e+00	12	0	20
21	 1.854171380912320e+03 -5.801271064372107e+01 -1.307398693170072e+03	1.196112498291768e-04 1.193531134049408e-04 1.196149751194753e-04	1.000000000000000e+00	12	0	21
22	 1.497749953961403e+03  6.594373630980663e+02 -1.663820120120988e+03	3.384052639982352e-04 3.384052639982353e-04 3.384052639982353e-04	1.000000000000000e+00	12	0	22
23	 7.244681427192276e+02  1.057021897772452e+03 -1.266235585446602e+03	1.292076660320163e-03 1.292076660320163e-03 1.292076660320163e-03	1.000000000000000e+00	12	0	23
24	-7.597929542535472e+02  6.027536810339691e+02  3.059956426705008e+02	0.000000000000000e+00 0.000000000000000e+00 0.000000000000000e+00	1.000000000000000e+00	24	0	24
25	-1.191650955607388e+03 -2.609623216737101e+02 -1.258623586833382e+02	0.000000000000000e+00 0.000000000000000e+00 0.000000000000000e+00	1.000000000000000e+00	24	0	25
26	 5.126870390403868e+02  5.912066756501777e+02 -9.780313560072266e+02	0.000000000000000e+00 0.000000000000000e+00 0.000000000000000e+00	1.000000000000000e+00	24	0	26
27	 9.572467463163994e+02  1.466469683741651e+02 -1.867150770559250e+03	0.000000000000000e+00 0.000000000000000e+00 0.000000000000000e+00	1.000000000000000e+00	24	0	27
28	 1.389104747670240e+03  1.010362971081845e+03 -1.435292769205410e+03	0.000000000000000e+00 0.000000000000000e+00 0.000000000000000e+00	1.000000000000000e+00	24	0	28
29	-3.152332469775362e+02  1.581939737579582e+02 -5.831237718815206e+02	0.000000000000000e+00 0.000000000000000e+00 0.000000000000000e+00	1.000000000000000e+00	24	0	29
30	-7.603273826705254e+02  6.032881094509473e+02  3.054612142535226e+02	-7.420605106744915e-05  7.448637916240841e-05 -7.115222979336977e-05	1.000000000000000e+00	24	0	30
31	-1.192712551094688e+03 -2.599007261864097e+02 -1.269239541706385e+02	-1.506855769548565e-04  1.483744854340330e-04 -1.504776155343279e-04	1.000000000000000e+00	24	0	31
32	 5.014324975652357e+02  6.024612171253287e+02 -9.892858974823777e+02	-1.519335880099485e-04  1.519335880099485e-04 -1.519335880099486e-04	1.000000000000000e+00	24	0	32
33	 9.530481005685551e+02  1.508456141220093e+02 -1.871349416307094e+03	-5.976574223799010e-04  5.976574223799010e-04 -5.976574223799010e-04	1.000000000000000e+00	24	0	33
34	 1.381116109043194e+03  1.018351609708891e+03 -1.443281407832455e+03	-1.132220107441147e-03  1.132220107441147e-03 -1.132220107441147e-03	1.000000000000000e+00	24	0	34
35	-3.046670870739167e+02  1.476278138543387e+02 -5.725576119779012e+02	 1.563649178327372e-04 -1.563649178327372e-04  1.563649178327371e-04	1.000000000000000e+00	24	0	35
36	-3.298859387782783e+02  1.728466655587003e+02 -5.596713459157480e+02	 6.350583862513304e-05 -6.591314013348892e-05  2.627693756949157e-04	1.000000000000000e+00	24	0	36
38	 6.019757521984214e+02 -8.386893625661681e+02  1.004212696687118e+03	-4.171170003246516e-04  4.171170003246516e-04  4.171170003246516e-04	1.000000000000000e+00	0	0	38
40	 5.277534359226190e+02  5.761402787679457e+02 -1.001070076891510e+03	-1.024472658173181e-04  9.799245162867010e-05 -1.914037566166371e-04	1.000000000000000e+00	24	0	40
42	 1.170617109580484e+03 -4.997360967821393e+02  1.225386507556463e+03	 2.819002159715940e-04 -2.819002159715941e-04 -2.819002159715940e-04	1.000000000000000e+00	0	0	42
44	1.770876255534680e+03 1.020480177164668e+02 1.226149391856675e+03	 2.221168688265607e-05 -2.221168688265607e-05 -2.208957266702782e-05	1.000000000000000e+00	0	0	44
45	 1.367951558313458e+03 -9.605448062545116e+01  1.028052058823489e+03	-3.129086107946932e-04  3.113049315288663e-04  3.129086107946932e-04	1.000000000000000e+00	0	0	45
46	 8.595743981234640e+02 -7.014014493983909e+02  1.141500609854895e+03	-2.171491505578160e-03  2.161087701097131e-03  2.161087701097131e-03	1.000000000000000e+00	0	0	46
47	 3.594679167294115e+00 -1.442351549987842e+03  1.001572462589234e+03	 9.913597023114562e-05 -9.913597023114562e-05 -9.906393097480759e-05	1.000000000000000e+00	0	0	47
48	 2.045805821437144e+02 -1.042311627424574e+03  8.005904318287119e+02	 1.704512542346492e-04 -1.693689846433699e-04 -1.693689846433699e-04	1.000000000000000e+00	0	0	48
49	 4.026447162188817e+02 -1.240385745972951e+03  1.203543732666658e+03	-1.267092302441597e-04  1.251380017492920e-04  1.267092302441597e-04	1.000000000000000e+00	0	0	49
50	 9.147941563146805e+02 -6.387238579256641e+02  1.086398746412938e+03	 2.289704279974103e-03 -2.246886258944869e-03 -2.246886258944869e-03	1.000000000000000e+00	0	0	50
51	 1.571244827072322e+03 -2.993404507053774e+02  1.425782153633225e+03	 1.415285660186782e-04 -1.409222750226036e-04 -1.409222750226036e-04	1.000000000000000e+00	0	0	51
52	-3.732099568380114e+01 -2.417019555040992e+02  7.675052795665375e+02	1.184492866741493e-04 1.188204478239641e-04 1.184492866741493e-04	1.000000000000000e+00	12	0	52
53	 2.489855053694750e+02  5.815392604226996e+02 -3.439529926181056e+02	9.749015589477494e-06 9.749015589477494e-06 9.817970749281812e-06	1.000000000000000e+00	12	0	53
54	 5.311941378053090e+02 -7.955312762434095e+02  7.506127446464087e+02	3.090139580308460e-05 3.760949766729027e-05 3.760949766729027e-05	1.000000000000000e+00	12	0	54
55	 1.387454742785083e+03 -5.247293487709585e+02 -3.763502346632559e+02	1.339008395007113e-05 1.339008395007113e-05 1.341859024250880e-05	1.000000000000000e+00	12	0	55
56	 1.676290843894171e+03  3.010375944811017e+02 -1.485279230188221e+03	2.534319646656513e-04 2.521257556509227e-04 2.534319646656513e-04	1.000000000000000e+00	12	0	56
57	 1.097989801324974e+03  8.446324926017139e+02 -1.478624990617341e+03	-6.718370714224875e-04 -7.951454026624560e-04 -7.951454026624560e-04	1.000000000000000e+00	12	0	57
58	-9.772039168575318e+02  1.723847502100263e+02  8.858468006651792e+01	-1.875002926681191e-04  1.893537410069257e-04 -1.875002926681191e-04	1.000000000000000e+00	24	0	58
59	-5.443650276711078e+02  3.873257544515295e+02 -1.263651157945511e+02	-5.503234569914639e-05  5.503234569914639e-05 -5.523226718651131e-05	1.000000000000000e+00	24	0	59
60	-7.611211916161465e+02 -4.371525240667994e+01 -3.431094279503695e+02	-2.045153378276154e-04  2.013812772929668e-04 -2.013812772929668e-04	1.000000000000000e+00	24	0	60
61	 8.436552970736253e+01  3.889887880963226e+02 -7.758134684533720e+02	 3.768242095247842e-05 -3.754217323148623e-05  3.754217323148623e-05	1.000000000000000e+00	24	0	61
62	 1.171107337350850e+03  5.805095392424196e+02 -1.653290179524800e+03	-4.196909430902451e-04  3.976273001171649e-04 -4.196909430902451e-04	1.000000000000000e+00	24	0	62
63	 7.339535788510391e+02  3.699401358395257e+02 -1.442649044888884e+03	-1.046057674102485e-03  1.046057674102485e-03 -1.044519944116473e-03	1.000000000000000e+00	24	0	63
64	 9.616230154269565e+02  7.902614625739188e+02 -1.215191260697484e+03	 5.438033258542418e-04 -4.915954195894301e-04  4.915954195894301e-04	1.000000000000000e+00	24	0	64
65	 1.135384177021340e+02  3.598273264476311e+02 -7.847571245711958e+02	 4.281973451725207e-05 -4.242641807650216e-05  4.242641807650216e-05	1.000000000000000e+00	24	0	65
66	1.671104543213403e+03 2.018197300377440e+02 1.025405975842651e+03	 8.239836461143568e-05 -8.239836461143568e-05 -8.368751878151670e-05	1.000000000000000e+00	0	0	66
67	1.467822420151186e+03 1.046038961715819e+02 9.281811969857615e+02	-3.571214037947357e-04  3.610646526794881e-04  3.571214037947357e-04	1.000000000000000e+00	0	0	67
68	 9.921740871284505e+02 -6.363977625752191e+02  1.206504296678067e+03	-1.977392006665468e-03  2.051715040579438e-03  2.051715040579438e-03	1.000000000000000e+00	0	0	68
69	-9.663442333917554e+01 -1.342122447481372e+03  8.012905584717537e+02	 8.703297498868778e-05 -8.703297498868778e-05 -8.700699982000515e-05	1.000000000000000e+00	0	0	69
70	 4.375420454635247e+00 -1.142624235187336e+03  7.002778240659504e+02	 1.949580619111657e-04 -1.956571359187365e-04 -1.956571359187365e-04	1.000000000000000e+00	0	0	70
71	 1.035966932795909e+02 -1.542353564100139e+03  1.202082381723141e+03	 8.317822357639670e-05 -8.317822357639670e-05 -8.274797437479720e-05	1.000000000000000e+00	0	0	71
72	 3.028690707139451e+02 -1.441116912704114e+03  1.303319378171594e+03	-7.121782255126163e-05  7.072305015753955e-05  7.121782255126163e-05	1.000000000000000e+00	0	0	72
73	 7.830028937100569e+02 -7.047129194161521e+02  1.020409684922450e+03	 2.124592429026961e-03 -2.239094581454992e-03 -2.239094581454992e-03	1.000000000000000e+00	0	0	73
74	1.870825066117356e+03 2.099207133791213e+00 1.426711160625308e+03	-1.243908718606690e-05  1.243908718606690e-05  1.249992601515260e-05	1.000000000000000e+00	0	0	74
75	 1.771408547061319e+03 -1.989934807252503e+02  1.526129123613352e+03	 1.134691410697997e-04 -1.129336160374805e-04 -1.129336160374805e-04	1.000000000000000e+00	0	0	75
76	-1.269250672110391e+02 -6.283150700131261e+01  6.779012080392996e+02	8.261711627710611e-05 8.465473365504295e-05 8.261711627710611e-05	1.000000000000000e+00	12	0	76
77	1.409701206450070e+01 3.466507671177253e+02 1.200174550368615e+02	-2.487511956132948e-04 -2.487511956132948e-04 -2.551202487666160e-04	1.000000000000000e+00	12	0	77
78	 5.241971463110703e+01 -4.204215560841747e+02  8.572459898814457e+02	1.598068774910644e-04 1.622199051780626e-04 1.598068774910644e-04	1.000000000000000e+00	12	0	78
79	 3.366847244908988e+02 -6.973686626349136e+02  8.487753582549046e+02	1.294501853408292e-04 1.241448626387864e-04 1.241448626387864e-04	1.000000000000000e+00	12	0	79
80	 7.290831996790355e+02 -8.903786729841642e+02  6.557653479056540e+02	3.484746848698705e-04 3.495972487144172e-04 3.495972487144172e-04	1.000000000000000e+00	12	0	80
81	 1.154288963568898e+03 -7.578951279871430e+02  8.936618916042724e+01	-1.452342439733911e-05 -1.452342439733911e-05 -1.456955487810774e-05	1.000000000000000e+00	12	0	81
82	 1.620917554908923e+03 -2.912665366471188e+02 -8.417688760349143e+02	8.136963151628152e-05 8.136963151628152e-05 8.168169006239623e-05	1.000000000000000e+00	12	0	82
83	 1.765025948855802e+03  1.213035314705251e+02 -1.396544125226589e+03	1.614116481505334e-04 1.598176022525877e-04 1.614116481505334e-04	1.000000000000000e+00	12	0	83
84	 1.586780783833251e+03  4.799982785672116e+02 -1.574789290249141e+03	2.648867375683039e-04 2.641759347170591e-04 2.648867375683039e-04	1.000000000000000e+00	12	0	84
85	 1.303969861029235e+03  7.581908977613407e+02 -1.565066585457714e+03	4.022448556497693e-04 3.440555301494896e-04 3.440555301494896e-04	1.000000000000000e+00	12	0	85
86	 4.823424047932724e+02  8.148961598464970e+02 -8.094606034947017e+02	9.295742347603664e-05 9.295742347603664e-05 9.844461601460353e-05	1.000000000000000e+00	12	0	86
87	 9.205739640659915e+02  9.598922066888649e+02 -1.363365276530190e+03	1.410599332302809e-03 1.278122072108090e-03 1.278122072108090e-03	1.000000000000000e+00	12	0	87
88	-8.680988419299695e+02  3.871697309301801e+02  1.976897549940802e+02	-3.497058423818089e-05  3.596612077672035e-05 -3.497058423818089e-05	1.000000000000000e+00	24	0	88
89	-6.535947534518932e+02  4.965554802323149e+02  8.830107469914211e+01	-2.352468873141333e-04  2.352468873141333e-04 -2.350084105273709e-04	1.000000000000000e+00	24	0	89
90	-1.085586945495648e+03 -4.313624050624145e+01 -1.979834857159834e+01	-2.507428871467710e-04  2.498805988579988e-04 -2.507428871467710e-04	1.000000000000000e+00	24	0	90
91	-9.762992891702314e+02 -1.524220422617556e+02 -2.344026380952938e+02	-9.433438390260562e-05  9.383092401549220e-05 -9.383092401549220e-05	1.000000000000000e+00	24	0	91
92	 2.928987024169077e+02  4.957293454327281e+02 -8.825540257897775e+02	-6.668167770840228e-05  6.515497807413340e-05 -6.515497807413340e-05	1.000000000000000e+00	24	0	92
93	 1.062605035627747e+03  3.652048370960472e+02 -1.761792481247903e+03	-3.640495997387916e-04  3.694767947308719e-04 -3.640495997387916e-04	1.000000000000000e+00	24	0	93
94	 8.423941219869456e+02  2.614995927036192e+02 -1.658182618949522e+03	-9.734693448990583e-04  9.734693448990583e-04 -9.942515753209591e-04	1.000000000000000e+00	24	0	94
95	 1.271796721166832e+03  8.034933485331819e+02 -1.552600795708818e+03	-1.104467664845288e-03  1.055613043718040e-03 -1.104467664845288e-03	1.000000000000000e+00	24	0	95
96	 1.169124623075874e+03  9.064236160910000e+02 -1.331353414214565e+03	-5.758354091085494e-04  5.657884175889194e-04 -5.657884175889194e-04	1.000000000000000e+00	24	0	96
97	-9.611217965265237e+01  2.542428339485544e+02 -6.791726320721191e+02	 8.656483987579122e-05 -8.323392830789089e-05  8.323392830789089e-05	1.000000000000000e+00	24	0	97
98	-4.332800445187993e+02  2.762407712992211e+02 -3.392519774871918e+02	 3.682564711198211e-04 -3.682564711198211e-04  3.518172597978264e-04	1.000000000000000e+00	24	0	98
99	-5.465598178193798e+02  6.560538094727822e+01 -4.524300613043277e+02	-4.017306200694293e-04  4.019752377644181e-04 -4.019752377644181e-04	1.000000000000000e+00	24	0	99
100	-1.260218595186289e+02  2.838787894583644e+02 -6.707034698154138e+02	 8.574016101192683e-05 -9.772132034413517e-05  9.772132034413517e-05	1.000000000000000e+00	24	0	100
101	 7.291227436400903e+02 -7.685692753474223e+02  1.074332783905864e+03	-2.012011595070362e-03  1.891718013212085e-03  1.891718013212085e-03	1.000000000000000e+00	0	0	101
102	 4.039141845354559e+02 -9.411331777037306e+02  9.017688815495555e+02	 2.455100548104383e-05 -2.331602263438981e-05 -2.331602263438981e-05	1.000000000000000e+00	0	0	102
103	 5.016923047701096e+02 -1.038917977103832e+03  1.104496144115430e+03	-2.741349744610488e-04  2.730318228714168e-04  2.741349744610488e-04	1.000000000000000e+00	0	0	103
104	 6.265760231753060e+02  4.773176915152588e+02 -1.225848417960507e+03	-1.016315887682140e-03  1.016315887682140e-03 -9.443890303373337e-04	1.000000000000000e+00	24	0	104
105	 7.440896452589416e+02  6.837262848791786e+02 -1.108656083002743e+03	 4.664681036956608e-04 -4.699146957136691e-04  4.699146957136691e-04	1.000000000000000e+00	24	0	105
106	 3.241969521881153e+02  4.647611266630254e+02 -8.896909247865901e+02	-6.425535684684291e-05  7.858830940676853e-05 -7.858830940676853e-05	1.000000000000000e+00	24	0	106
107	 1.268161082335007e+03 -2.967870113272721e+02  1.127842534801940e+03	-2.686241641640663e-04  2.624198386911303e-04  2.686241641640663e-04	1.000000000000000e+00	0	0	107
108	 1.044908656095802e+03 -5.712028495632437e+02  1.153919754775359e+03	 2.079228637740016e-03 -1.916516455821693e-03 -1.916516455821693e-03	1.000000000000000e+00	0	0	108
109	 1.371280757814626e+03 -3.998906610681413e+02  1.325231943270461e+03	 2.219215675722808e-04 -2.221479808213189e-04 -2.221479808213189e-04	1.000000000000000e+00	0	0	109
110	-1.043839186848527e+02  2.281698363683718e+02  3.510052339117076e+02	-5.080016562715173e-04 -5.080016562715173e-04 -5.067412275820971e-04	1.000000000000000e+00	12	0	110
111	 1.037498869972527e+03 -8.746852215835138e+02  3.220194470035125e+02	-4.534042091108859e-05 -4.534042091108859e-05 -4.485944737098180e-05	1.000000000000000e+00	12	0	111
112	 1.737686823015316e+03 -1.744972685407251e+02 -1.074441224380273e+03	1.192497220472433e-04 1.192497220472433e-04 1.194579162984155e-04	1.000000000000000e+00	12	0	112
113	 6.034940180307741e+02  9.360477730839985e+02 -1.037613376372837e+03	7.005198276601732e-04 7.005198276601732e-04 7.420319598168135e-04	1.000000000000000e+00	12	0	113
114	 1.324758229380288e+02  4.650295779912534e+02 -1.110228108325164e+02	1.976297653527581e-06 1.976297653527581e-06 1.551666855448275e-06	1.000000000000000e+00	12	0	114
115	 3.650325210118523e+02  6.975862760650768e+02 -5.773479925378549e+02	-4.461270145839080e-05 -4.461270145839080e-05 -4.477814582060091e-05	1.000000000000000e+00	12	0	115
116	 1.270877038435596e+03 -6.413070531204455e+02 -1.434867913256083e+02	-4.285286649974296e-07 -4.285286649974296e-07 -4.293055440030003e-07	1.000000000000000e+00	12	0	116
117	 1.504126879579709e+03 -4.080572119763326e+02 -6.091189530977932e+02	3.983887290814891e-05 3.983887290814891e-05 3.997691237600520e-05	1.000000000000000e+00	12	0	117
0	-5.773502691896258e-01  5.773502691896258e-01  5.773502691896258e-01	-7.071067811865476e-01  3.124842898819631e-18 -7.071067811865476e-01	 1.198001808568474e+03 -5.294203851356715e-15  1.198001808568474e+03	1	0	0.000000000000000e+00	0.000000000000000e+00	0.000000000000000e+00
1	-5.773502691896258e-01  5.773502691896258e-01  5.773502691896258e-01	 0.000000000000000e+00  7.071067811865476e-01 -7.071067811865476e-01	 0.000000000000000e+00 -9.214510296266430e+02  9.214510296266430e+02	1	0	0.000000000000000e+00	0.000000000000000e+00	0.000000000000000e+00
2	-5.773502691896258e-01  5.773502691896258e-01  5.773502691896258e-01	 7.071067811865476e-01  7.071067811865476e-01 -3.124842898819631e-18	-7.193784354102739e+02 -7.193784354102739e+02  3.179073734356852e-15	1	0	0.000000000000000e+00	0.000000000000000e+00	0.000000000000000e+00
3	-5.773502691896258e-01  5.773502691896258e-01  5.773502691896258e-01	 7.071067811865476e-01 -3.124842898819631e-18  7.071067811865476e-01	 8.030942244427697e+02 -3.549030148066116e-15  8.030942244427697e+02	1	0	0.000000000000000e+00	0.000000000000000e+00	0.000000000000000e+00
4	-5.773502691896258e-01  5.773502691896258e-01  5.773502691896258e-01	 0.000000000000000e+00  7.071067811865476e-01 -7.071067811865476e-01	 0.000000000000000e+00 -8.625613021693013e+02  8.625613021693013e+02	1	0	0.000000000000000e+00	0.000000000000000e+00	0.000000000000000e+00
5	-5.773502691896258e-01  5.773502691896258e-01  5.773502691896258e-01	-7.071067811865476e-01 -7.071067811865476e-01  3.124842898819631e-18	 9.364621366255734e+02  9.364621366255734e+02 -4.138408986458117e-15	1	0	0.000000000000000e+00	0.000000000000000e+00	0.000000000000000e+00
6	 5.773502691896258e-01 -5.773502691896258e-01 -5.773502691896258e-01	0.000000000000000e+00 0.000000000000000e+00 0.000000000000000e+00	1.570392732195782e+03 3.025315410553647e+02 8.256108849411653e+02	1	1	0.000000000000000e+00	0.000000000000000e+00	0.000000000000000e+00
7	-5.773502691896258e-01 -5.773502691896258e-01 -5.773502691896258e-01	-7.071067811865476e-01  0.000000000000000e+00  7.071067811865476e-01	-4.024131376251693e+02  0.000000000000000e+00  4.024131376251693e+02	1	0	0.000000000000000e+00	0.000000000000000e+00	0.000000000000000e+00
8	-5.773502691896258e-01 -5.773502691896258e-01 -5.773502691896258e-01	 0.000000000000000e+00 -7.071067811865476e-01  7.071067811865476e-01	 0.000000000000000e+00 -7.730720104449091e+02  7.730720104449091e+02	1	0	0.000000000000000e+00	0.000000000000000e+00	0.000000000000000e+00
9	-5.773502691896258e-01 -5.773502691896258e-01 -5.773502691896258e-01	 7.071067811865476e-01 -7.071067811865476e-01  0.000000000000000e+00	 9.560920457780206e+02 -9.560920457780206e+02  0.000000000000000e+00	1	0	0.000000000000000e+00	0.000000000000000e+00	0.000000000000000e+00
10	-5.773502691896258e-01 -5.773502691896258e-01 -5.773502691896258e-01	 7.071067811865476e-01  0.000000000000000e+00 -7.071067811865476e-01	 1.580785037041196e+03  0.000000000000000e+00 -1.580785037041196e+03	1	0	0.000000000000000e+00	0.000000000000000e+00	0.000000000000000e+00
11	-5.773502691896258e-01 -5.773502691896258e-01 -5.773502691896258e-01	 0.000000000000000e+00  7.071067811865476e-01 -7.071067811865476e-01	 0.000000000000000e+00  1.161628741609527e+03 -1.161628741609527e+03	1	0	0.000000000000000e+00	0.000000000000000e+00	0.000000000000000e+00
12	-5.773502691896258e-01 -5.773502691896258e-01 -5.773502691896258e-01	-7.071067811865476e-01  7.071067811865476e-01  0.000000000000000e+00	-1.662768775266123e+02  1.662768775266123e+02  0.000000000000000e+00	1	0	0.000000000000000e+00	0.000000000000000e+00	0.000000000000000e+00
13	5.773502691896258e-01 5.773502691896258e-01 5.773502691896258e-01	0.000000000000000e+00 0.000000000000000e+00 0.000000000000000e+00	-2.170837012152994e+02  1.154700538379251e+02  5.877425740350395e+02	1	1	0.000000000000000e+00	0.000000000000000e+00	0.000000000000000e+00
14	-5.773502691896258e-01  5.773502691896258e-01 -5.773502691896258e-01	 7.071067811865476e-01  0.000000000000000e+00 -7.071067811865476e-01	-5.328942984620248e+02  0.000000000000000e+00  5.328942984620248e+02	1	0	0.000000000000000e+00	0.000000000000000e+00	0.000000000000000e+00
15	-5.773502691896258e-01  5.773502691896258e-01 -5.773502691896258e-01	-3.124842898819631e-18  7.071067811865476e-01  7.071067811865476e-01	 8.547268868455420e-16 -1.934123401785247e+02 -1.934123401785247e+02	1	0	0.000000000000000e+00	0.000000000000000e+00	0.000000000000000e+00
16	-5.773502691896258e-01  5.773502691896258e-01 -5.773502691896258e-01	 7.071067811865476e-01  7.071067811865476e-01 -3.124842898819631e-18	 5.519468573452824e+02  5.519468573452824e+02 -2.439160906938323e-15	1	0	0.000000000000000e+00	0.000000000000000e+00	0.000000000000000e+00
17	-5.773502691896258e-01  5.773502691896258e-01 -5.773502691896258e-01	-7.071067811865476e-01  0.000000000000000e+00  7.071067811865476e-01	 1.412198758437825e+03  0.000000000000000e+00 -1.412198758437825e+03	1	0	0.000000000000000e+00	0.000000000000000e+00	0.000000000000000e+00
18	-5.773502691896258e-01  5.773502691896258e-01 -5.773502691896258e-01	-3.124842898819631e-18  7.071067811865476e-01  7.071067811865476e-01	 9.389238637586849e-16 -2.124648990617823e+02 -2.124648990617823e+02	1	0	0.000000000000000e+00	0.000000000000000e+00	0.000000000000000e+00
19	-5.773502691896258e-01  5.773502691896258e-01 -5.773502691896258e-01	-7.071067811865476e-01 -7.071067811865476e-01  3.124842898819631e-18	-7.851963660978913e+01 -7.851963660978913e+01  3.469936018238618e-16	1	0	0.000000000000000e+00	0.000000000000000e+00	0.000000000000000e+00
20	 5.773502691896258e-01 -5.773502691896258e-01  5.773502691896258e-01	0.000000000000000e+00 0.000000000000000e+00 0.000000000000000e+00	-7.597929542535472e+02  6.027536810339691e+02  3.059956426705008e+02	1	1	0.000000000000000e+00	0.000000000000000e+00	0.000000000000000e+00
0	0	1	0
6	0	1	0
5	5	0	0
6	5	0	0
0	6	0	0
5	0	6	0
1	1	2	0
6	1	2	0
0	1	7	0
1	7	1	0
2	2	3	0
6	2	3	0
1	2	8	0
2	8	2	0
3	3	4	0
6	3	4	0
2	3	9	0
3	9	3	0
4	4	5	0
6	4	5	0
3	4	10	0
4	10	4	0
4	5	11	0
5	11	5	0
5	6	66	0
0	67	6	0
0	7	42	0
1	68	7	0
2	69	8	0
1	8	70	0
2	9	71	0
3	72	9	0
3	10	38	0
4	73	10	0
5	74	11	0
4	11	75	0
7	12	13	0
13	12	13	0
12	17	12	0
13	17	12	0
7	18	12	0
12	12	18	0
8	13	14	0
13	13	14	0
7	13	19	0
8	19	13	0
9	14	15	0
13	14	15	0
8	14	20	0
9	20	14	0
10	15	16	0
13	15	16	0
9	15	21	0
10	21	15	0
11	16	17	0
13	16	17	0
10	16	22	0
11	22	16	0
11	17	23	0
12	23	17	0
7	76	18	0
12	18	110	0
7	19	78	0
8	79	19	0
8	20	80	0
9	111	20	0
10	83	21	0
9	21	112	0
10	22	84	0
11	85	22	0
11	23	87	0
12	113	23	0
14	24	25	0
20	24	25	0
19	29	24	0
20	29	24	0
14	30	24	0
19	24	30	0
15	25	26	0
20	25	26	0
14	25	31	0
15	31	25	0
16	26	27	0
20	26	27	0
15	26	32	0
16	32	26	0
17	27	28	0
20	27	28	0
16	27	33	0
17	33	27	0
18	28	29	0
20	28	29	0
17	28	34	0
18	34	28	0
18	29	35	0
19	35	29	0
14	88	30	0
19	30	89	0
14	31	90	0
15	91	31	0
16	40	32	0
15	32	92	0
17	93	33	0
16	33	94	0
17	34	95	0
18	96	34	0
19	36	35	0
18	35	97	0
19	98	36	0
15	36	99	0
15	100	36	0
1	38	101	0
1	102	38	0
3	38	103	0
16	104	40	0
18	40	105	0
18	106	40	0
0	42	107	0
4	42	108	0
4	109	42	0
5	66	44	0
5	44	74	0
0	45	67	0
0	107	45	0
1	46	68	0
1	101	46	0
2	47	69	0
2	71	47	0
1	70	48	0
1	48	102	0
3	49	72	0
3	103	49	0
4	50	73	0
4	108	50	0
4	75	51	0
4	51	109	0
7	52	76	0
7	78	52	0
12	114	53	0
12	53	115	0
8	54	79	0
8	80	54	0
9	55	116	0
9	117	55	0
10	56	83	0
10	84	56	0
11	57	85	0
11	87	57	0
14	58	88	0
14	90	58	0
19	89	59	0
19	59	98	0
15	60	91	0
15	99	60	0
15	92	61	0
15	61	100	0
17	62	93	0
17	95	62	0
16	94	63	0
16	63	104	0
18	64	96	0
18	105	64	0
18	97	65	0
18	65	106	0
12	110	77	0
12	77	114	0
9	81	111	0
9	116	81	0
9	112	82	0
9	82	117	0
12	86	113	0
12	115	86	0
