114
21
172
0	1.570392732195782e+03 3.025315410553647e+02 8.256108849411653e+02	0.000000000000000e+00 0.000000000000000e+00 0.000000000000000e+00	1.000000000000000e+00	0	0	0
1	 1.130451827073287e+03 -5.773502691896260e+02  1.265551790063660e+03	0.000000000000000e+00 0.000000000000000e+00 0.000000000000000e+00	1.000000000000000e+00	0	0	1
2	-1.974537920628516e+02 -1.241303078757696e+03  6.015989804955904e+02	0.000000000000000e+00 0.000000000000000e+00 0.000000000000000e+00	1.000000000000000e+00	0	0	2
3	 2.032272947547480e+02 -1.641984165575296e+03  1.402961154130791e+03	0.000000000000000e+00 0.000000000000000e+00 0.000000000000000e+00	1.000000000000000e+00	0	0	3
4	 6.431681998772439e+02 -7.621023553303065e+02  9.630202490082960e+02	0.000000000000000e+00 0.000000000000000e+00 0.000000000000000e+00	1.000000000000000e+00	0	0	4
5	 1.971073819013383e+03 -9.814954576223676e+01  1.626973058576365e+03	0.000000000000000e+00 0.000000000000000e+00 0.000000000000000e+00	1.000000000000000e+00	0	0	5
6	1.569740559967085e+03 3.031837132840611e+02 8.262630571698618e+02	-1.203620922751725e-04  1.256374380318448e-04  1.176910445792601e-04	1.000000000000000e+00	0	0	6
7	 1.127900261248063e+03 -5.747987033644022e+02  1.268103355888884e+03	-9.617468652625879e-04  9.617468652625879e-04  9.617468652625879e-04	1.000000000000000e+00	0	0	7
8	-1.968198706052527e+02 -1.241937000215295e+03  6.009650590379914e+02	 1.090660880436189e-04 -1.099845903809182e-04 -1.099837827496231e-04	1.000000000000000e+00	0	0	8
9	 2.032312768976583e+02 -1.641988147718206e+03  1.402957171987881e+03	 5.614882411464350e-06 -5.994067123538116e-06 -5.210807557887165e-06	1.000000000000000e+00	0	0	9
10	 6.451453998216635e+02 -7.640795552747262e+02  9.610430490638762e+02	 8.797961830471953e-04 -8.797961830471952e-04 -8.797961830471953e-04	1.000000000000000e+00	0	0	10
11	 1.971237060780719e+03 -9.831278752957192e+01  1.626809816809030e+03	 3.533033304847777e-05 -3.495942655717954e-05 -3.483887121547014e-05	1.000000000000000e+00	0	0	11
12	-2.170837012152994e+02  1.154700538379251e+02  5.877425740350395e+02	0.000000000000000e+00 0.000000000000000e+00 0.000000000000000e+00	1.000000000000000e+00	12	0	12
13	 1.408734656822689e+02 -6.004442799572098e+02  9.456997409326077e+02	0.000000000000000e+00 0.000000000000000e+00 0.000000000000000e+00	1.000000000000000e+00	12	0	13
14	 9.214510296266424e+02 -9.907330619293978e+02  5.554109589604201e+02	0.000000000000000e+00 0.000000000000000e+00 0.000000000000000e+00	1.000000000000000e+00	12	0	14
15	 1.853294364098699e+03 -5.888972745734176e+01 -1.308275709983692e+03	0.000000000000000e+00 0.000000000000000e+00 0.000000000000000e+00	1.000000000000000e+00	12	0	15
16	 1.495337197201131e+03  6.570246063377946e+02 -1.666232876881260e+03	0.000000000000000e+00 0.000000000000000e+00 0.000000000000000e+00	1.000000000000000e+00	12	0	16
17	 7.147596332567570e+02  1.047313388309982e+03 -1.275944094909073e+03	0.000000000000000e+00 0.000000000000000e+00 0.000000000000000e+00	1.000000000000000e+00	12	0	17
18	-2.184846494336649e+02  1.140691056195596e+02  5.863416258166741e+02	-2.371476099748785e-04 -2.371476099748785e-04 -2.371476099748785e-04	1.000000000000000e+00	12	0	18
19	 1.428892824422458e+02 -5.984284631972330e+02  9.477155576925846e+02	3.365588102800151e-04 3.365588102800151e-04 3.365588102800151e-04	1.000000000000000e+00	12	0	19
20	 9.219229421778729e+02 -9.902611493781673e+02  5.558828715116506e+02	1.005787853500806e-04 9.547221998218447e-05 9.643103840062395e-05	1.000000000000000e+00	12	0	20
21	 1.853992502437592e+03 -5.819158911844966e+01 -1.307577571644800e+03	1.206412998726591e-04 1.204262298415415e-04 1.206445958814584e-04	1.000000000000000e+00	12	0	21
22	 1.497245349396759e+03  6.589327585334221e+02 -1.664324724685633e+03	3.386466123629361e-04 3.386466123629361e-04 3.386466123629361e-04	1.000000000000000e+00	12	0	22
23	 7.225263392745263e+02  1.055080094327751e+03 -1.268177388891304e+03	1.314364373683929e-03 1.314364373683929e-03 1.314364373683929e-03	1.000000000000000e+00	12	0	23
24	-7.597929542535472e+02  6.027536810339691e+02  3.059956426705008e+02	0.000000000000000e+00 0.000000000000000e+00 0.000000000000000e+00	1.000000000000000e+00	24	0	24
25	-1.191650955607388e+03 -2.609623216737101e+02 -1.258623586833382e+02	0.000000000000000e+00 0.000000000000000e+00 0.000000000000000e+00	1.000000000000000e+00	24	0	25
26	 5.126870390403868e+02  5.912066756501777e+02 -9.780313560072266e+02	0.000000000000000e+00 0.000000000000000e+00 0.000000000000000e+00	1.000000000000000e+00	24	0	26
27	 9.572467463163994e+02  1.466469683741651e+02 -1.867150770559250e+03	0.000000000000000e+00 0.000000000000000e+00 0.000000000000000e+00	1.000000000000000e+00	24	0	27
28	 1.389104747670240e+03  1.010362971081845e+03 -1.435292769205410e+03	0.000000000000000e+00 0.000000000000000e+00 0.000000000000000e+00	1.000000000000000e+00	24	0	28
29	-3.152332469775362e+02  1.581939737579582e+02 -5.831237718815206e+02	0.000000000000000e+00 0.000000000000000e+00 0.000000000000000e+00	1.000000000000000e+00	24	0	29
30	-7.602178654924644e+02  6.031785922728864e+02  3.055707314315836e+02	-7.439182809321210e-05  7.456754246959463e-05 -7.212684431578964e-05	1.000000000000000e+00	24	0	30
31	-1.192490067157474e+03 -2.601232101236242e+02 -1.267014702334240e+02	-1.494258758611977e-04  1.476579782320186e-04 -1.492947485530749e-04	1.000000000000000e+00	24	0	31
32	 5.016691736598170e+02  6.022245410307474e+02 -9.890492213877964e+02	-1.703190597860763e-04  1.703190597860763e-04 -1.703190597860764e-04	1.000000000000000e+00	24	0	32
33	 9.539340185788481e+02  1.499596961117165e+02 -1.870463498296801e+03	-5.914915624695519e-04  5.914915624695519e-04 -5.914915624695519e-04	1.000000000000000e+00	24	0	33
34	 1.382800079918672e+03  1.016667638833412e+03 -1.441597436956977e+03	-1.127506528670589e-03  1.127506528670589e-03 -1.127506528670589e-03	1.000000000000000e+00	24	0	34
35	-3.049205807607996e+02  1.478813075412216e+02 -5.728111056647841e+02	 1.904897799249738e-04 -1.904897799249738e-04  1.904897799249738e-04	1.000000000000000e+00	24	0	35
36	-3.300784863772095e+02  1.730392131576315e+02 -5.598638935146793e+02	 5.140692155691795e-05 -6.163400394143537e-05  2.635328564792871e-04	1.000000000000000e+00	24	0	36
38	 6.025349874082314e+02 -8.392485977759781e+02  1.003653461477308e+03	-3.345738223288208e-04  3.345738223288208e-04  3.345738223288208e-04	1.000000000000000e+00	0	0	38
40	 5.279432851650157e+02  5.759504295255490e+02 -1.000880227649113e+03	-8.101855928543955e-05  8.785570389591157e-05 -1.990888267755508e-04	1.000000000000000e+00	24	0	40
42	 1.170261574024327e+03 -4.993805612259824e+02  1.225742043112620e+03	 2.301664353581145e-04 -1.656161621212959e-04 -1.934936444740742e-04	1.000000000000000e+00	0	0	42
44	1.770843700206489e+03 1.020805730446577e+02 1.226181788040575e+03	 2.144537756976206e-05 -2.144537756976206e-05 -2.135355862264987e-05	1.000000000000000e+00	0	0	44
45	 1.368410873262221e+03 -9.651167678040298e+01  1.027592743874727e+03	-3.036789712496102e-04  3.024359175469726e-04  3.036789712496102e-04	1.000000000000000e+00	0	0	45
46	 8.624938791683320e+02 -7.043090309710446e+02  1.138593028282241e+03	-1.702814130112529e-03  1.697135856375098e-03  1.697135856375098e-03	1.000000000000000e+00	0	0	46
47	 3.447489713722482e+00 -1.442204360534270e+03  1.001719548913782e+03	 9.847978071775287e-05 -9.847978071775287e-05 -9.841410064836964e-05	1.000000000000000e+00	0	0	47
48	 2.043206835351494e+02 -1.042053206958114e+03  8.008488522951718e+02	 1.782691833795980e-04 -1.773707626853138e-04 -1.773707626853138e-04	1.000000000000000e+00	0	0	48
49	 4.028340803246649e+02 -1.240572995904079e+03  1.203354368560874e+03	-1.274444948649034e-04  1.261795841855928e-04  1.274444948649034e-04	1.000000000000000e+00	0	0	49
50	 9.117082828930497e+02 -6.356894597148471e+02  1.089433144623755e+03	 1.808790490031242e-03 -1.782747916877270e-03 -1.782747916877270e-03	1.000000000000000e+00	0	0	50
51	 1.571042108646110e+03 -2.991384815541960e+02  1.425984122784407e+03	 1.307756901951507e-04 -1.303664321312681e-04 -1.303664321312681e-04	1.000000000000000e+00	0	0	51
52	-3.749487776663341e+01 -2.418763012832155e+02  7.673313974837052e+02	1.148719384218566e-04 1.151263568317518e-04 1.148719384218566e-04	1.000000000000000e+00	12	0	52
53	 2.489698426062473e+02  5.815235976594719e+02 -3.439687458064835e+02	1.127943323808722e-05 1.127943323808722e-05 1.133204477810068e-05	1.000000000000000e+00	12	0	53
54	 5.311538765928382e+02 -7.955807000861131e+02  7.505633208037051e+02	2.271027369715739e-05 2.826710806402843e-05 2.826710806402843e-05	1.000000000000000e+00	12	0	54
55	 1.387435303041756e+03 -5.247487885142855e+02 -3.763697116739796e+02	1.271251676371321e-05 1.271251676371321e-05 1.273413454327965e-05	1.000000000000000e+00	12	0	55
56	 1.675907228830289e+03  3.006557445516442e+02 -1.485662845252102e+03	2.615468984004110e-04 2.604853652883321e-04 2.615468984004110e-04	1.000000000000000e+00	12	0	56
57	 1.099074941769137e+03  8.458852699673905e+02 -1.477372213251664e+03	-7.862161728553474e-04 -8.876536157913506e-04 -8.876536157913506e-04	1.000000000000000e+00	12	0	57
58	-9.769192118900862e+02  1.720975219868425e+02  8.886938503396348e+01	-1.946673874044791e-04  1.961960515473038e-04 -1.946673874044791e-04	1.000000000000000e+00	24	0	58
59	-5.442786183155213e+02  3.872393450959430e+02 -1.262783334532265e+02	-6.096376819186844e-05  6.096376819186844e-05 -6.125340587459505e-05	1.000000000000000e+00	24	0	59
60	-7.608223443782681e+02 -4.401000886209965e+01 -3.428146714949498e+02	-1.966290001291782e-04  1.942645321832970e-04 -1.942645321832970e-04	1.000000000000000e+00	24	0	60
61	 8.430895610667599e+01  3.890452189478466e+02 -7.758698993048961e+02	 3.837975964415818e-05 -3.833134542219341e-05  3.833134542219341e-05	1.000000000000000e+00	24	0	61
62	 1.171699597257868e+03  5.799455741667120e+02 -1.652697919617782e+03	-3.745842259377241e-04  3.586220846045762e-04 -3.745842259377241e-04	1.000000000000000e+00	24	0	62
63	 7.355043283682014e+02  3.683893863223634e+02 -1.441100621158814e+03	-1.035535475239158e-03  1.035535475239158e-03 -1.033982262015343e-03	1.000000000000000e+00	24	0	63
64	 9.607949013936291e+02  7.910181795548087e+02 -1.215947977678373e+03	 5.680769681930542e-04 -5.245992215350270e-04  5.245992215350270e-04	1.000000000000000e+00	24	0	64
65	 1.134732484151725e+02  3.598919368750876e+02 -7.848217349986523e+02	 4.460920172277838e-05 -4.425475708558224e-05  4.425475708558224e-05	1.000000000000000e+00	24	0	65
66	1.670983815386111e+03 2.019404578650363e+02 1.025528341977871e+03	 7.961811206769198e-05 -7.961811206769198e-05 -8.053795318119228e-05	1.000000000000000e+00	0	0	66
67	1.468346916373043e+03 1.040742875671419e+02 9.276567007639048e+02	-3.469346847850829e-04  3.498724836390465e-04  3.469346847850829e-04	1.000000000000000e+00	0	0	67
68	 9.947807442983262e+02 -6.390847720514607e+02  1.203817287201825e+03	-1.493617310188711e-03  1.529100467450917e-03  1.529100467450917e-03	1.000000000000000e+00	0	0	68
69	-9.676479503311201e+01 -1.341992075787436e+03  8.014208910487232e+02	 8.800730574876070e-05 -8.800730574876070e-05 -8.798130875220522e-05	1.000000000000000e+00	0	0	69
70	 4.081124783719503e+00 -1.142328978475997e+03  7.005730807772893e+02	 2.000131644308567e-04 -2.006010327022523e-04 -2.006010327022523e-04	1.000000000000000e+00	0	0	70
71	 1.034755191978238e+02 -1.542232390018372e+03  1.202202993948222e+03	 7.951365114422515e-05 -7.951365114422515e-05 -7.918805931694806e-05	1.000000000000000e+00	0	0	71
72	 3.029758641607170e+02 -1.441223044719620e+03  1.303212584724822e+03	-7.212430500658229e-05  7.173125050030649e-05  7.212430500658229e-05	1.000000000000000e+00	0	0	72
73	 7.801309824941118e+02 -7.017117201099304e+02  1.023410884228672e+03	 1.696341438218951e-03 -1.757516642101109e-03 -1.757516642101109e-03	1.000000000000000e+00	0	0	73
74	1.870842934229297e+03 2.081339021849818e+00 1.426693217990389e+03	-1.158648501586867e-05  1.158648501586867e-05  1.162658190878574e-05	1.000000000000000e+00	0	0	74
75	 1.771245981846825e+03 -1.988315918655571e+02  1.526291012473045e+03	 1.048195626935922e-04 -1.044419987010770e-04 -1.044419987010770e-04	1.000000000000000e+00	0	0	75
76	-1.270508804589297e+02 -6.296007568232050e+01  6.777753947914090e+02	8.630443335277960e-05 8.796272595645860e-05 8.630443335277960e-05	1.000000000000000e+00	12	0	76
77	1.446724116164212e+01 3.470209962148667e+02 1.203962324371610e+02	-2.482062845956534e-04 -2.482062845956534e-04 -2.533085644245148e-04	1.000000000000000e+00	12	0	77
78	 5.218563518161124e+01 -4.206588567345805e+02  8.570119104319499e+02	1.542313257232308e-04 1.561408716952428e-04 1.542313257232308e-04	1.000000000000000e+00	12	0	78
79	 3.365041247897445e+02 -6.975421763567410e+02  8.486018445330772e+02	1.131404351326637e-04 1.089350480469875e-04 1.089350480469875e-04	1.000000000000000e+00	12	0	79
80	 7.285516505758267e+02 -8.909119134226031e+02  6.552321074672151e+02	3.647852572612464e-04 3.659084031824023e-04 3.659084031824023e-04	1.000000000000000e+00	12	0	80
81	 1.154311677370310e+03 -7.578724141857315e+02  8.938896923390828e+01	-1.589563544257544e-05 -1.589563544257544e-05 -1.593782508280128e-05	1.000000000000000e+00	12	0	81
82	 1.620796282063263e+03 -2.913878094927782e+02 -8.418905677564713e+02	8.141330181388184e-05 8.141330181388184e-05 8.166333282133564e-05	1.000000000000000e+00	12	0	82
83	 1.764782881705449e+03  1.210626423345005e+02 -1.396787192376943e+03	1.648464676691219e-04 1.635215157875791e-04 1.648464676691219e-04	1.000000000000000e+00	12	0	83
84	 1.586384324279831e+03  4.796027154229748e+02 -1.575185749802561e+03	2.672887349035591e-04 2.667917869985104e-04 2.672887349035591e-04	1.000000000000000e+00	12	0	84
85	 1.303338660036296e+03  7.576349500409765e+02 -1.565622533178078e+03	4.464947269298136e-04 4.037824983242899e-04 4.037824983242899e-04	1.000000000000000e+00	12	0	85
86	 4.822098873997759e+02  8.147636424530004e+02 -8.096002994392063e+02	8.485413127345964e-05 8.485413127345964e-05 8.901728870114312e-05	1.000000000000000e+00	12	0	86
87	 9.184523693163676e+02  9.579517802059295e+02 -1.365305703013125e+03	1.437410130165517e-03 1.327050267718732e-03 1.327050267718732e-03	1.000000000000000e+00	12	0	87
88	-8.680431478004805e+02  3.871127001898114e+02  1.977454491235692e+02	-3.979481698479503e-05  4.059313505422324e-05 -3.979481698479503e-05	1.000000000000000e+00	24	0	88
89	-6.532412379964085e+02  4.962019647768302e+02  8.865428584360771e+01	-2.392651367699727e-04  2.392651367699727e-04 -2.390934241702780e-04	1.000000000000000e+00	24	0	89
90	-1.085209330040925e+03 -4.351267176353082e+01 -1.942073311687520e+01	-2.561010187491775e-04  2.553769736550748e-04 -2.561010187491775e-04	1.000000000000000e+00	24	0	90
91	-9.761632312073933e+02 -1.525574556858530e+02 -2.342672246711965e+02	-8.833327592583373e-05  8.796851761871949e-05 -8.796851761871949e-05	1.000000000000000e+00	24	0	91
92	 2.929985773668853e+02  4.956316974970085e+02 -8.824563778540579e+02	-6.836971442680806e-05  6.689781730528921e-05 -6.689781730528921e-05	1.000000000000000e+00	24	0	92
93	 1.063146054056290e+03  3.646562600118121e+02 -1.761251462819360e+03	-3.622635849751532e-04  3.669535799417645e-04 -3.622635849751532e-04	1.000000000000000e+00	24	0	93
94	 8.438390621767184e+02  2.600546525138465e+02 -1.656710163867177e+03	-9.660517098382115e-04  9.660517098382115e-04 -9.822335559874773e-04	1.000000000000000e+00	24	0	94
95	 1.273501922224665e+03  8.018617196683879e+02 -1.550895594650985e+03	-1.187540940009058e-03  1.137688173912466e-03 -1.187540940009058e-03	1.000000000000000e+00	24	0	95
96	 1.169977788810666e+03  9.055828934797096e+02 -1.330512691603274e+03	-5.693938001058996e-04  5.626696511171758e-04 -5.626696511171758e-04	1.000000000000000e+00	24	0	96
97	-9.623738558458277e+01  2.543632734133555e+02 -6.792930715369203e+02	 8.167322084773332e-05 -7.862002530600876e-05  7.862002530600876e-05	1.000000000000000e+00	24	0	97
98	-4.338271532657480e+02  2.767878800461697e+02 -3.397756416017811e+02	 3.661394293885678e-04 -3.661394293885678e-04  3.510910901241004e-04	1.000000000000000e+00	24	0	98
99	-5.459634486105535e+02  6.501050096489629e+01 -4.518351813219457e+02	-3.987028030678630e-04  3.965031646657735e-04 -3.965031646657735e-04	1.000000000000000e+00	24	0	99
100	-1.261519357309718e+02  2.840269941714565e+02 -6.708516745285059e+02	 8.818935748422518e-05 -1.006480088108219e-04  1.006480088108219e-04	1.000000000000000e+00	24	0	100
101	 7.317287308633048e+02 -7.710518484750291e+02  1.071850210778257e+03	-1.467802445404232e-03  1.416697748936713e-03  1.416697748936713e-03	1.000000000000000e+00	0	0	101
102	 4.038659556196042e+02 -9.410867791207058e+02  9.018152801325803e+02	 3.931017636205070e-05 -3.813025614363141e-05 -3.813025614363141e-05	1.000000000000000e+00	0	0	102
103	 5.021039095923154e+02 -1.039328493731576e+03  1.104084539293224e+03	-2.783258969429880e-04  2.779083733912557e-04  2.783258969429880e-04	1.000000000000000e+00	0	0	103
104	 6.280668867731414e+02  4.758268279174234e+02 -1.224455241212962e+03	-9.848332265391946e-04  9.848332265391946e-04 -9.254854521714151e-04	1.000000000000000e+00	24	0	104
105	 7.434127600801633e+02  6.844045484654841e+02 -1.109334346589049e+03	 4.417779855430126e-04 -4.403209895826876e-04  4.403209895826876e-04	1.000000000000000e+00	24	0	105
106	 3.242930808277130e+02  4.646432853398717e+02 -8.895730834634364e+02	-6.349728937493637e-05  7.841359911253676e-05 -7.841359911253676e-05	1.000000000000000e+00	24	0	106
107	 1.268551570380472e+03 -2.971698324592936e+02  1.127452046756475e+03	-2.556362596806139e-04  2.514506049919873e-04  2.556362596806139e-04	1.000000000000000e+00	0	0	107
108	 1.042223745659059e+03 -5.686902687382278e+02  1.156432335600375e+03	 1.511378446593881e-03 -1.436164136976004e-03 -1.436164136976004e-03	1.000000000000000e+00	0	0	108
109	 1.370970428684925e+03 -3.995798596347129e+02  1.325542744703890e+03	 1.955357438419014e-04 -1.959040819201618e-04 -1.959040819201618e-04	1.000000000000000e+00	0	0	109
110	-1.036221820777901e+02  2.289315729754345e+02  3.517653295726898e+02	-5.145190516486764e-04 -5.145190516486764e-04 -5.135725950822234e-04	1.000000000000000e+00	12	0	110
111	 1.037571709865532e+03 -8.746123816905097e+02  3.220916208990561e+02	-5.228093141340651e-05 -5.228093141340651e-05 -5.187173155718483e-05	1.000000000000000e+00	12	0	111
112	 1.737508483295289e+03 -1.746756082607521e+02 -1.074619844995090e+03	1.201347404276021e-04 1.201347404276021e-04 1.203033316414803e-04	1.000000000000000e+00	12	0	112
113	 6.024431012570413e+02  9.349968563102658e+02 -1.038720344566326e+03	7.101728115230799e-04 7.101728115230799e-04 7.438432658091187e-04	1.000000000000000e+00	12	0	113
114	 1.324691372283380e+02  4.650228922815626e+02 -1.110289659341703e+02	7.015161827439442e-06 7.015161827439442e-06 6.723967089783400e-06	1.000000000000000e+00	12	0	114
115	 3.651019258429466e+02  6.976556808961711e+02 -5.772783673800575e+02	-4.854764483752660e-05 -4.854764483752660e-05 -4.867744064540602e-05	1.000000000000000e+00	12	0	115
116	 1.270878209029269e+03 -6.413058825267724e+02 -1.434856190597276e+02	-1.110690277528192e-06 -1.110690277528192e-06 -1.112053610086150e-06	1.000000000000000e+00	12	0	116
117	 1.504067942648312e+03 -4.081161489077292e+02 -6.091780737647783e+02	3.927305806428194e-05 3.927305806428194e-05 3.938173176720738e-05	1.000000000000000e+00	12	0	117
0	-5.773502691896258e-01  5.773502691896258e-01  5.773502691896258e-01	-7.071067811865476e-01  3.124842898819631e-18 -7.071067811865476e-01	 1.198001808568474e+03 -5.294203851356715e-15  1.198001808568474e+03	1	0	0.000000000000000e+00	0.000000000000000e+00	0.000000000000000e+00
1	-5.773502691896258e-01  5.773502691896258e-01  5.773502691896258e-01	 0.000000000000000e+00  7.071067811865476e-01 -7.071067811865476e-01	 0.000000000000000e+00 -9.214510296266430e+02  9.214510296266430e+02	1	0	0.000000000000000e+00	0.000000000000000e+00	0.000000000000000e+00
2	-5.773502691896258e-01  5.773502691896258e-01  5.773502691896258e-01	 7.071067811865476e-01  7.071067811865476e-01 -3.124842898819631e-18	-7.193784354102739e+02 -7.193784354102739e+02  3.179073734356852e-15	1	0	0.000000000000000e+00	0.000000000000000e+00	0.000000000000000e+00
3	-5.773502691896258e-01  5.773502691896258e-01  5.773502691896258e-01	 7.071067811865476e-01 -3.124842898819631e-18  7.071067811865476e-01	 8.030942244427697e+02 -3.549030148066116e-15  8.030942244427697e+02	1	0	0.000000000000000e+00	0.000000000000000e+00	0.000000000000000e+00
4	-5.773502691896258e-01  5.773502691896258e-01  5.773502691896258e-01	 0.000000000000000e+00  7.071067811865476e-01 -7.071067811865476e-01	 0.000000000000000e+00 -8.625613021693013e+02  8.625613021693013e+02	1	0	0.000000000000000e+00	0.000000000000000e+00	0.000000000000000e+00
5	-5.773502691896258e-01  5.773502691896258e-01  5.773502691896258e-01	-7.071067811865476e-01 -7.071067811865476e-01  3.124842898819631e-18	 9.364621366255734e+02  9.364621366255734e+02 -4.138408986458117e-15	1	0	0.000000000000000e+00	0.000000000000000e+00	0.000000000000000e+00
6	 5.773502691896258e-01 -5.773502691896258e-01 -5.773502691896258e-01	0.000000000000000e+00 0.000000000000000e+00 0.000000000000000e+00	1.570392732195782e+03 3.025315410553647e+02 8.256108849411653e+02	1	1	0.000000000000000e+00	0.000000000000000e+00	0.000000000000000e+00
7	-5.773502691896258e-01 -5.773502691896258e-01 -5.773502691896258e-01	-7.071067811865476e-01  0.000000000000000e+00  7.071067811865476e-01	-4.024131376251693e+02  0.000000000000000e+00  4.024131376251693e+02	1	0	0.000000000000000e+00	0.000000000000000e+00	0.000000000000000e+00
8	-5.773502691896258e-01 -5.773502691896258e-01 -5.773502691896258e-01	 0.000000000000000e+00 -7.071067811865476e-01  7.071067811865476e-01	 0.000000000000000e+00 -7.730720104449091e+02  7.730720104449091e+02	1	0	0.000000000000000e+00	0.000000000000000e+00	0.000000000000000e+00
9	-5.773502691896258e-01 -5.773502691896258e-01 -5.773502691896258e-01	 7.071067811865476e-01 -7.071067811865476e-01  0.000000000000000e+00	 9.560920457780206e+02 -9.560920457780206e+02  0.000000000000000e+00	1	0	0.000000000000000e+00	0.000000000000000e+00	0.000000000000000e+00
10	-5.773502691896258e-01 -5.773502691896258e-01 -5.773502691896258e-01	 7.071067811865476e-01  0.000000000000000e+00 -7.071067811865476e-01	 1.580785037041196e+03  0.000000000000000e+00 -1.580785037041196e+03	1	0	0.000000000000000e+00	0.000000000000000e+00	0.000000000000000e+00
11	-5.773502691896258e-01 -5.773502691896258e-01 -5.773502691896258e-01	 0.000000000000000e+00  7.071067811865476e-01 -7.071067811865476e-01	 0.000000000000000e+00  1.161628741609527e+03 -1.161628741609527e+03	1	0	0.000000000000000e+00	0.000000000000000e+00	0.000000000000000e+00
12	-5.773502691896258e-01 -5.773502691896258e-01 -5.773502691896258e-01	-7.071067811865476e-01  7.071067811865476e-01  0.000000000000000e+00	-1.662768775266123e+02  1.662768775266123e+02  0.000000000000000e+00	1	0	0.000000000000000e+00	0.000000000000000e+00	0.000000000000000e+00
13	5.773502691896258e-01 5.773502691896258e-01 5.773502691896258e-01	0.000000000000000e+00 0.000000000000000e+00 0.000000000000000e+00	-2.170837012152994e+02  1.154700538379251e+02  5.877425740350395e+02	1	1	0.000000000000000e+00	0.000000000000000e+00	0.000000000000000e+00
14	-5.773502691896258e-01  5.773502691896258e-01 -5.773502691896258e-01	 7.071067811865476e-01  0.000000000000000e+00 -7.071067811865476e-01	-5.328942984620248e+02  0.000000000000000e+00  5.328942984620248e+02	1	0	0.000000000000000e+00	0.000000000000000e+00	0.000000000000000e+00
15	-5.773502691896258e-01  5.773502691896258e-01 -5.773502691896258e-01	-3.124842898819631e-18  7.071067811865476e-01  7.071067811865476e-01	 8.547268868455420e-16 -1.934123401785247e+02 -1.934123401785247e+02	1	0	0.000000000000000e+00	0.000000000000000e+00	0.000000000000000e+00
16	-5.773502691896258e-01  5.773502691896258e-01 -5.773502691896258e-01	 7.071067811865476e-01  7.071067811865476e-01 -3.124842898819631e-18	 5.519468573452824e+02  5.519468573452824e+02 -2.439160906938323e-15	1	0	0.000000000000000e+00	0.000000000000000e+00	0.000000000000000e+00
17	-5.773502691896258e-01  5.773502691896258e-01 -5.773502691896258e-01	-7.071067811865476e-01  0.000000000000000e+00  7.071067811865476e-01	 1.412198758437825e+03  0.000000000000000e+00 -1.412198758437825e+03	1	0	0.000000000000000e+00	0.000000000000000e+00	0.000000000000000e+00
18	-5.773502691896258e-01  5.773502691896258e-01 -5.773502691896258e-01	-3.124842898819631e-18  7.071067811865476e-01  7.071067811865476e-01	 9.389238637586849e-16 -2.124648990617823e+02 -2.124648990617823e+02	1	0	0.000000000000000e+00	0.000000000000000e+00	0.000000000000000e+00
19	-5.773502691896258e-01  5.773502691896258e-01 -5.773502691896258e-01	-7.071067811865476e-01 -7.071067811865476e-01  3.124842898819631e-18	-7.851963660978913e+01 -7.851963660978913e+01  3.469936018238618e-16	1	0	0.000000000000000e+00	0.000000000000000e+00	0.000000000000000e+00
20	 5.773502691896258e-01 -5.773502691896258e-01  5.773502691896258e-01	0.000000000000000e+00 0.000000000000000e+00 0.000000000000000e+00	-7.597929542535472e+02  6.027536810339691e+02  3.059956426705008e+02	1	1	0.000000000000000e+00	0.000000000000000e+00	0.000000000000000e+00
0	0	1	0
6	0	1	0
5	5	0	0
6	5	0	0
0	6	0	0
5	0	6	0
1	1	2	0
6	1	2	0
0	1	7	0
1	7	1	0
2	2	3	0
6	2	3	0
1	2	8	0
2	8	2	0
3	3	4	0
6	3	4	0
2	3	9	0
3	9	3	0
4	4	5	0
6	4	5	0
3	4	10	0
4	10	4	0
4	5	11	0
5	11	5	0
5	6	66	0
0	67	6	0
0	7	42	0
1	68	7	0
2	69	8	0
1	8	70	0
2	9	71	0
3	72	9	0
3	10	38	0
4	73	10	0
5	74	11	0
4	11	75	0
7	12	13	0
13	12	13	0
12	17	12	0
13	17	12	0
7	18	12	0
12	12	18	0
8	13	14	0
13	13	14	0
7	13	19	0
8	19	13	0
9	14	15	0
13	14	15	0
8	14	20	0
9	20	14	0
10	15	16	0
13	15	16	0
9	15	21	0
10	21	15	0
11	16	17	0
13	16	17	0
10	16	22	0
11	22	16	0
11	17	23	0
12	23	17	0
7	76	18	0
12	18	110	0
7	19	78	0
8	79	19	0
8	20	80	0
9	111	20	0
10	83	21	0
9	21	112	0
10	22	84	0
11	85	22	0
11	23	87	0
12	113	23	0
14	24	25	0
20	24	25	0
19	29	24	0
20	29	24	0
14	30	24	0
19	24	30	0
15	25	26	0
20	25	26	0
14	25	31	0
15	31	25	0
16	26	27	0
20	26	27	0
15	26	32	0
16	32	26	0
17	27	28	0
20	27	28	0
16	27	33	0
17	33	27	0
18	28	29	0
20	28	29	0
17	28	34	0
18	34	28	0
18	29	35	0
19	35	29	0
14	88	30	0
19	30	89	0
14	31	90	0
15	91	31	0
16	40	32	0
15	32	92	0
17	93	33	0
16	33	94	0
17	34	95	0
18	96	34	0
19	36	35	0
18	35	97	0
19	98	36	0
15	36	99	0
15	100	36	0
1	38	101	0
1	102	38	0
3	38	103	0
16	104	40	0
18	40	105	0
18	106	40	0
0	42	107	0
4	42	108	0
4	109	42	0
5	66	44	0
5	44	74	0
0	45	67	0
0	107	45	0
1	46	68	0
1	101	46	0
2	47	69	0
2	71	47	0
1	70	48	0
1	48	102	0
3	49	72	0
3	103	49	0
4	50	73	0
4	108	50	0
4	75	51	0
4	51	109	0
7	52	76	0
7	78	52	0
12	114	53	0
12	53	115	0
8	54	79	0
8	80	54	0
9	55	116	0
9	117	55	0
10	56	83	0
10	84	56	0
11	57	85	0
11	87	57	0
14	58	88	0
14	90	58	0
19	89	59	0
19	59	98	0
15	60	91	0
15	99	60	0
15	92	61	0
15	61	100	0
17	62	93	0
17	95	62	0
16	94	63	0
16	63	104	0
18	64	96	0
18	105	64	0
18	97	65	0
18	65	106	0
12	110	77	0
12	77	114	0
9	81	111	0
9	116	81	0
9	112	82	0
9	82	117	0
12	86	113	0
12	115	86	0
