114
21
172
0	1.570392732195782e+03 3.025315410553647e+02 8.256108849411653e+02	0.000000000000000e+00 0.000000000000000e+00 0.000000000000000e+00	1.000000000000000e+00	0	0	0
1	 1.130451827073287e+03 -5.773502691896260e+02  1.265551790063660e+03	0.000000000000000e+00 0.000000000000000e+00 0.000000000000000e+00	1.000000000000000e+00	0	0	1
2	-1.974537920628516e+02 -1.241303078757696e+03  6.015989804955904e+02	0.000000000000000e+00 0.000000000000000e+00 0.000000000000000e+00	1.000000000000000e+00	0	0	2
3	 2.032272947547480e+02 -1.641984165575296e+03  1.402961154130791e+03	0.000000000000000e+00 0.000000000000000e+00 0.000000000000000e+00	1.000000000000000e+00	0	0	3
4	 6.431681998772439e+02 -7.621023553303065e+02  9.630202490082960e+02	0.000000000000000e+00 0.000000000000000e+00 0.000000000000000e+00	1.000000000000000e+00	0	0	4
5	 1.971073819013383e+03 -9.814954576223676e+01  1.626973058576365e+03	0.000000000000000e+00 0.000000000000000e+00 0.000000000000000e+00	1.000000000000000e+00	0	0	5
6	1.569847416489183e+03 3.030768567619637e+02 8.261562006477643e+02	-1.182038467959501e-04  1.223112631123513e-04  1.162108383141458e-04	1.000000000000000e+00	0	0	6
7	 1.128656199889346e+03 -5.755546420056855e+02  1.267347417247601e+03	-7.428046083077788e-04  7.428046083077788e-04  7.428046083077788e-04	1.000000000000000e+00	0	0	7
8	-1.969176806143821e+02 -1.241839190206166e+03  6.010628690471209e+02	 1.096093837986700e-04 -1.103661634260789e-04 -1.103592803701758e-04	1.000000000000000e+00	0	0	8
9	 2.032269976405171e+02 -1.641983868461065e+03  1.402961451245022e+03	 4.023625479021575e-06 -4.314174930186709e-06 -3.718572770594619e-06	1.000000000000000e+00	0	0	9
10	 6.444647265111294e+02 -7.633988819641921e+02  9.617237223744104e+02	 6.553614124034841e-04 -6.553614124034842e-04 -6.553614124034841e-04	1.000000000000000e+00	0	0	10
11	 1.971206792016546e+03 -9.828251876539959e+01  1.626840085573202e+03	 3.319525421829894e-05 -3.291792381787673e-05 -3.283200567238964e-05	1.000000000000000e+00	0	0	11
12	-2.170837012152994e+02  1.154700538379251e+02  5.877425740350395e+02	0.000000000000000e+00 0.000000000000000e+00 0.000000000000000e+00	1.000000000000000e+00	12	0	12
13	 1.408734656822689e+02 -6.004442799572098e+02  9.456997409326077e+02	0.000000000000000e+00 0.000000000000000e+00 0.000000000000000e+00	1.000000000000000e+00	12	0	13
14	 9.214510296266424e+02 -9.907330619293978e+02  5.554109589604201e+02	0.000000000000000e+00 0.000000000000000e+00 0.000000000000000e+00	1.000000000000000e+00	12	0	14
15	 1.853294364098699e+03 -5.888972745734176e+01 -1.308275709983692e+03	0.000000000000000e+00 0.000000000000000e+00 0.000000000000000e+00	1.000000000000000e+00	12	0	15
16	 1.495337197201131e+03  6.570246063377946e+02 -1.666232876881260e+03	0.000000000000000e+00 0.000000000000000e+00 0.000000000000000e+00	1.000000000000000e+00	12	0	16
17	 7.147596332567570e+02  1.047313388309982e+03 -1.275944094909073e+03	0.000000000000000e+00 0.000000000000000e+00 0.000000000000000e+00	1.000000000000000e+00	12	0	17
18	-2.182725365117888e+02  1.142812185414357e+02  5.865537387385502e+02	-2.395271488542979e-04 -2.395271488542979e-04 -2.395271488542979e-04	1.000000000000000e+00	12	0	18
19	 1.425878366586694e+02 -5.987299089808093e+02  9.474141119090082e+02	3.408969205338508e-04 3.408969205338508e-04 3.408969205338508e-04	1.000000000000000e+00	12	0	19
20	 9.218382833946047e+02 -9.903458081614356e+02  5.557982127283824e+02	9.537778532830998e-05 9.106768993660808e-05 9.188040712615475e-05	1.000000000000000e+00	12	0	20
21	 1.853884925147312e+03 -5.829916640872928e+01 -1.307685148935080e+03	1.212335846503265e-04 1.210467598866671e-04 1.212365241372027e-04	1.000000000000000e+00	12	0	21
22	 1.496944211817356e+03  6.586316209540191e+02 -1.664625862265035e+03	3.379534270303945e-04 3.379534270303945e-04 3.379534270303945e-04	1.000000000000000e+00	12	0	22
23	 7.213506169820614e+02  1.053904372035286e+03 -1.269353111183769e+03	1.327692608659466e-03 1.327692608659466e-03 1.327692608659466e-03	1.000000000000000e+00	12	0	23
24	-7.597929542535472e+02  6.027536810339691e+02  3.059956426705008e+02	0.000000000000000e+00 0.000000000000000e+00 0.000000000000000e+00	1.000000000000000e+00	24	0	24
25	-1.191650955607388e+03 -2.609623216737101e+02 -1.258623586833382e+02	0.000000000000000e+00 0.000000000000000e+00 0.000000000000000e+00	1.000000000000000e+00	24	0	25
26	 5.126870390403868e+02  5.912066756501777e+02 -9.780313560072266e+02	0.000000000000000e+00 0.000000000000000e+00 0.000000000000000e+00	1.000000000000000e+00	24	0	26
27	 9.572467463163994e+02  1.466469683741651e+02 -1.867150770559250e+03	0.000000000000000e+00 0.000000000000000e+00 0.000000000000000e+00	1.000000000000000e+00	24	0	27
28	 1.389104747670240e+03  1.010362971081845e+03 -1.435292769205410e+03	0.000000000000000e+00 0.000000000000000e+00 0.000000000000000e+00	1.000000000000000e+00	24	0	28
29	-3.152332469775362e+02  1.581939737579582e+02 -5.831237718815206e+02	0.000000000000000e+00 0.000000000000000e+00 0.000000000000000e+00	1.000000000000000e+00	24	0	29
30	-7.601521950823505e+02  6.031129218627724e+02  3.056364018416975e+02	-7.443741196766496e-05  7.456413004547358e-05 -7.260632264660671e-05	1.000000000000000e+00	24	0	30
31	-1.192357928383507e+03 -2.602553488975904e+02 -1.265693314594579e+02	-1.486678665969521e-04  1.472153089707717e-04 -1.485769025748596e-04	1.000000000000000e+00	24	0	31
32	 5.018344892953253e+02  6.020592253952391e+02 -9.888839057522880e+02	-2.070361806545406e-04  2.070361806545406e-04 -2.070361806545407e-04	1.000000000000000e+00	24	0	32
33	 9.544587947878290e+02  1.494349199027355e+02 -1.869938722087820e+03	-5.877812509424984e-04  5.877812509424984e-04 -5.877812509424984e-04	1.000000000000000e+00	24	0	33
34	 1.383801535412633e+03  1.015666183339452e+03 -1.440595981463016e+03	-1.122682083708544e-03  1.122682083708544e-03 -1.122682083708544e-03	1.000000000000000e+00	24	0	34
35	-3.051117538743417e+02  1.480724806547637e+02 -5.730022787783262e+02	 2.473414157672475e-04 -2.473414157672475e-04  2.473414157672474e-04	1.000000000000000e+00	24	0	35
36	-3.301846496131146e+02  1.731453763935367e+02 -5.599700567505844e+02	 3.072207618970424e-05 -4.639284452423453e-05  2.538519329391420e-04	1.000000000000000e+00	24	0	36
38	 6.028133253450136e+02 -8.395269357127603e+02  1.003375123540526e+03	-2.922990048925082e-04  2.922990048925082e-04  2.922990048925082e-04	1.000000000000000e+00	0	0	38
40	 5.280473306677029e+02  5.758463840228618e+02 -1.000776182146426e+03	-5.922485070186667e-05  7.269156049005687e-05 -1.956426567630842e-04	1.000000000000000e+00	24	0	40
42	 1.170106869528502e+03 -4.992258567301575e+02  1.225896747608445e+03	 1.701737928669900e-04 -1.369468664051965e-04 -1.507444685557857e-04	1.000000000000000e+00	0	0	42
44	1.770824861551367e+03 1.020994116997795e+02 1.226200552663578e+03	 2.087742541334592e-05 -2.087742541334592e-05 -2.080272133753169e-05	1.000000000000000e+00	0	0	44
45	 1.368678748380198e+03 -9.677853875836087e+01  1.027324868756749e+03	-2.983114973176271e-04  2.972767106257379e-04  2.983114973176271e-04	1.000000000000000e+00	0	0	45
46	 8.638561267183771e+02 -7.056672315661767e+02  1.137234827687109e+03	-1.359744346700609e-03  1.356207416392863e-03  1.356207416392863e-03	1.000000000000000e+00	0	0	46
47	 3.359964862738686e+00 -1.442116835683287e+03  1.001807017809276e+03	 9.822227002587169e-05 -9.822227002587169e-05 -9.816245437832549e-05	1.000000000000000e+00	0	0	47
48	 2.041600890487362e+02 -1.041893359260507e+03  8.010086999927787e+02	 1.825691724661738e-04 -1.817904849303886e-04 -1.817904849303886e-04	1.000000000000000e+00	0	0	48
49	 4.029476726450778e+02 -1.240685546026830e+03  1.203240776240462e+03	-1.278095151064917e-04  1.267328188987449e-04  1.278095151064917e-04	1.000000000000000e+00	0	0	49
50	 9.102536889670801e+02 -6.342539412283054e+02  1.090868663110297e+03	 1.461763749830425e-03 -1.444581081159413e-03 -1.444581081159413e-03	1.000000000000000e+00	0	0	50
51	 1.570928368236982e+03 -2.990250627041960e+02  1.426097541634407e+03	 1.248912012670189e-04 -1.245751191163436e-04 -1.245751191163436e-04	1.000000000000000e+00	0	0	51
52	-3.759606898759851e+01 -2.419776914152121e+02  7.672302062627401e+02	1.124966365750879e-04 1.126904680859298e-04 1.124966365750879e-04	1.000000000000000e+00	12	0	52
53	 2.489593856488077e+02  5.815131407020323e+02 -3.439792454501365e+02	1.223374692926882e-05 1.223374692926882e-05 1.227711163664935e-05	1.000000000000000e+00	12	0	53
54	 5.311363426870795e+02 -7.956028372649106e+02  7.505411836249076e+02	1.653985418670345e-05 2.131858673237730e-05 2.131858673237730e-05	1.000000000000000e+00	12	0	54
55	 1.387424161344744e+03 -5.247599302112976e+02 -3.763808708805537e+02	1.232858903676970e-05 1.232858903676970e-05 1.234635601576883e-05	1.000000000000000e+00	12	0	55
56	 1.675672218439566e+03  3.004216117526735e+02 -1.485897855642825e+03	2.665851789060980e-04 2.656751021277159e-04 2.665851789060980e-04	1.000000000000000e+00	12	0	56
57	 1.099806828521611e+03  8.467012846784953e+02 -1.476556198540560e+03	-8.589899516664445e-04 -9.465165203437209e-04 -9.465165203437209e-04	1.000000000000000e+00	12	0	57
58	-9.767440290190605e+02  1.719210706689348e+02  8.904456790498922e+01	-1.990047894651070e-04  2.003249828703701e-04 -1.990047894651070e-04	1.000000000000000e+00	24	0	58
59	-5.442227668548103e+02  3.871834936352320e+02 -1.262222127623442e+02	-6.454559479607269e-05  6.454559479607269e-05 -6.485693302238360e-05	1.000000000000000e+00	24	0	59
60	-7.606494432891832e+02 -4.418100245038237e+01 -3.426436779066671e+02	-1.919161004479975e-04  1.899909839266911e-04 -1.899909839266911e-04	1.000000000000000e+00	24	0	60
61	 8.427490434796223e+01  3.890792595537106e+02 -7.759039399107601e+02	 3.743832712643780e-05 -3.746855145436712e-05  3.746855145436712e-05	1.000000000000000e+00	24	0	61
62	 1.172020136896181e+03  5.796376784566314e+02 -1.652377379979469e+03	-3.454876132309437e-04  3.330048639327288e-04 -3.454876132309437e-04	1.000000000000000e+00	24	0	62
63	 7.364232046042732e+02  3.674705100862916e+02 -1.440183097085192e+03	-1.029379316605628e-03  1.029379316605628e-03 -1.027904683724046e-03	1.000000000000000e+00	24	0	63
64	 9.602824757002950e+02  7.914944124379217e+02 -1.216424210561486e+03	 5.835464689880610e-04 -5.457461811602116e-04  5.457461811602116e-04	1.000000000000000e+00	24	0	64
65	 1.134326800075403e+02  3.599322045250092e+02 -7.848620026485739e+02	 4.728466228698380e-05 -4.696633186540566e-05  4.696633186540566e-05	1.000000000000000e+00	24	0	65
66	1.670913737124397e+03 2.020105361267495e+02 1.025599151233087e+03	 7.784987974446267e-05 -7.784987974446267e-05 -7.857624586904421e-05	1.000000000000000e+00	0	0	66
67	1.468653008309610e+03 1.037658287242518e+02 9.273506088273377e+02	-3.409289347473532e-04  3.433168167248368e-04  3.409289347473532e-04	1.000000000000000e+00	0	0	67
68	 9.959675969596369e+02 -6.402957833346768e+02  1.202606275918609e+03	-1.177290105260909e-03  1.197207602672279e-03  1.197207602672279e-03	1.000000000000000e+00	0	0	68
69	-9.684343208354765e+01 -1.341913438737000e+03  8.014995055274067e+02	 8.872051694197580e-05 -8.872051694197580e-05 -8.869597513694316e-05	1.000000000000000e+00	0	0	69
70	 3.901827189496913e+00 -1.142149190702358e+03  7.007528685509283e+02	 2.028814196819440e-04 -2.033941127592698e-04 -2.033941127592698e-04	1.000000000000000e+00	0	0	70
71	 1.034056808983496e+02 -1.542162551718897e+03  1.202272568583567e+03	 7.744343747617677e-05 -7.744343747617677e-05 -7.717593689449131e-05	1.000000000000000e+00	0	0	71
72	 3.030402914006320e+02 -1.441287149277799e+03  1.303148157484907e+03	-7.265401654876769e-05  7.232189818751067e-05  7.265401654876769e-05	1.000000000000000e+00	0	0	72
73	 7.787556767104097e+02 -7.002927877545721e+02  1.024829816584030e+03	 1.396214589476585e-03 -1.434438163414598e-03 -1.434438163414598e-03	1.000000000000000e+00	0	0	73
74	1.870853062169411e+03 2.071211081735568e+00 1.426683058931120e+03	-1.117515785153955e-05  1.117515785153955e-05  1.120530669140862e-05	1.000000000000000e+00	0	0	74
75	 1.771154911492752e+03 -1.987408209581918e+02  1.526381783380411e+03	 9.986383520299569e-05 -9.956680150935426e-05 -9.956680150935426e-05	1.000000000000000e+00	0	0	75
76	-1.271287249009436e+02 -6.303929161630401e+01  6.776975503493951e+02	8.864243136486039e-05 9.006523760035634e-05 8.864243136486039e-05	1.000000000000000e+00	12	0	76
77	1.468800635684699e+01 3.472417614100715e+02 1.206211973111427e+02	-2.478974929545075e-04 -2.478974929545075e-04 -2.522321301512420e-04	1.000000000000000e+00	12	0	77
78	 5.205004866793922e+01 -4.207960073365591e+02  8.568763239182779e+02	1.503964449511841e-04 1.520017976872623e-04 1.503964449511841e-04	1.000000000000000e+00	12	0	78
79	 3.364075726915382e+02 -6.976352793468886e+02  8.485087415429296e+02	1.039052222040482e-04 1.003591387416236e-04 1.003591387416236e-04	1.000000000000000e+00	12	0	79
80	 7.282229042223760e+02 -8.912416328283117e+02  6.549023880615065e+02	3.738832310773432e-04 3.749387979041785e-04 3.749387979041785e-04	1.000000000000000e+00	12	0	80
81	 1.154326110239319e+03 -7.578579813167221e+02  8.940343791217791e+01	-1.651162347116042e-05 -1.651162347116042e-05 -1.654970219533425e-05	1.000000000000000e+00	12	0	81
82	 1.620723812283311e+03 -2.914602792727305e+02 -8.419632433328394e+02	8.143980085151270e-05 8.143980085151270e-05 8.165220060618594e-05	1.000000000000000e+00	12	0	82
83	 1.764635259465920e+03  1.209161223271570e+02 -1.396934814616472e+03	1.668844197411090e-04 1.657340326346457e-04 1.668844197411090e-04	1.000000000000000e+00	12	0	83
84	 1.586145775022930e+03  4.793645568120053e+02 -1.575424299059462e+03	2.687849628273398e-04 2.684020728338510e-04 2.687849628273398e-04	1.000000000000000e+00	12	0	84
85	 1.302927664942424e+03  7.572577692912514e+02 -1.565999713927803e+03	4.775312554556876e-04 4.442126955837011e-04 4.442126955837011e-04	1.000000000000000e+00	12	0	85
86	 4.821366012293449e+02  8.146903562825695e+02 -8.096769543109210e+02	7.981558155734092e-05 7.981558155734092e-05 8.322862413479015e-05	1.000000000000000e+00	12	0	86
87	 9.171657019383304e+02  9.567570237441564e+02 -1.366500459474898e+03	1.454054727219045e-03 1.357998349703848e-03 1.357998349703848e-03	1.000000000000000e+00	12	0	87
88	-8.680064325128017e+02  3.870753273840730e+02  1.977821644112480e+02	-4.271339639672078e-05  4.339258157415316e-05 -4.271339639672078e-05	1.000000000000000e+00	24	0	88
89	-6.530272259906492e+02  4.959879527710709e+02  8.886816098841510e+01	-2.416570641798899e-04  2.416570641798899e-04 -2.415206254227087e-04	1.000000000000000e+00	24	0	89
90	-1.084979994716552e+03 -4.374140317949292e+01 -1.919139779250215e+01	-2.592495293356478e-04  2.586175687611103e-04 -2.592495293356478e-04	1.000000000000000e+00	24	0	90
91	-9.760861762069261e+02 -1.526342196425441e+02 -2.341904607145053e+02	-8.484204590786248e-05  8.455165516352281e-05 -8.455165516352281e-05	1.000000000000000e+00	24	0	91
92	 2.930625616204383e+02  4.955690427049466e+02 -8.823937230619960e+02	-7.773024117341265e-05  7.618191739311442e-05 -7.618191739311442e-05	1.000000000000000e+00	24	0	92
93	 1.063468121831268e+03  3.643302470833949e+02 -1.760929395044383e+03	-3.615274326875806e-04  3.656929184217006e-04 -3.615274326875806e-04	1.000000000000000e+00	24	0	93
94	 8.446968730683592e+02  2.591968416222056e+02 -1.655839144038811e+03	-9.616183233447373e-04  9.616183233447373e-04 -9.751322795636952e-04	1.000000000000000e+00	24	0	94
95	 1.274585049732838e+03  8.008230839062123e+02 -1.549812467142812e+03	-1.248062006197870e-03  1.198037643916905e-03 -1.248062006197870e-03	1.000000000000000e+00	24	0	95
96	 1.170482893980040e+03  9.050829718402015e+02 -1.330012769963766e+03	-5.657082656398416e-04  5.607505445368588e-04 -5.607505445368588e-04	1.000000000000000e+00	24	0	96
97	-9.631052386497609e+01  2.544337702822943e+02 -6.793635684058590e+02	 8.485028956783935e-05 -8.195390546461567e-05  8.195390546461567e-05	1.000000000000000e+00	24	0	97
98	-4.341524783846788e+02  2.771132051651005e+02 -3.400879313949710e+02	 3.649381396826357e-04 -3.649381396826357e-04  3.506942302919924e-04	1.000000000000000e+00	24	0	98
99	-5.456095260440673e+02  6.465913306087747e+01 -4.514838134179269e+02	-3.965564537793398e-04  3.930387611035258e-04 -3.930387611035258e-04	1.000000000000000e+00	24	0	99
100	-1.262284229678245e+02  2.841149400482888e+02 -6.709396204053381e+02	 8.095868543023244e-05 -9.443732415093109e-05  9.443732415093109e-05	1.000000000000000e+00	24	0	100
101	 7.328860680098832e+02 -7.721754135521123e+02  1.070726645701174e+03	-1.138954656198621e-03  1.112125231884420e-03  1.112125231884420e-03	1.000000000000000e+00	0	0	101
102	 4.038280219112501e+02 -9.410498416953308e+02  9.018522175579553e+02	 4.562351386994123e-05 -4.457313480088487e-05 -4.457313480088487e-05	1.000000000000000e+00	0	0	102
103	 5.023527036555718e+02 -1.039577034604371e+03  1.103835745229968e+03	-2.807484706863761e-04  2.805784170050174e-04  2.807484706863761e-04	1.000000000000000e+00	0	0	103
104	 6.289349872855649e+02  4.749587274049998e+02 -1.223636764093061e+03	-9.659737697802484e-04  9.659737697802484e-04 -9.137586457654834e-04	1.000000000000000e+00	24	0	104
105	 7.430265567438666e+02  6.847883078116927e+02 -1.109718105935257e+03	 4.259572888258845e-04 -4.219799302518368e-04  4.219799302518368e-04	1.000000000000000e+00	24	0	105
106	 3.243461488056752e+02  4.645765664672497e+02 -8.895063645908144e+02	-5.307912579155527e-05  6.899578147567809e-05 -6.899578147567809e-05	1.000000000000000e+00	24	0	106
107	 1.268775747081543e+03 -2.973907208896336e+02  1.127227870055404e+03	-2.481752599123865e-04  2.449430758133531e-04  2.481752599123865e-04	1.000000000000000e+00	0	0	107
108	 1.041028737506313e+03 -5.675467228200612e+02  1.157575881518541e+03	 1.181327272206545e-03 -1.138464314863086e-03 -1.138464314863086e-03	1.000000000000000e+00	0	0	108
109	 1.370802425033626e+03 -3.994115273660543e+02  1.325711076972548e+03	 1.823203638195992e-04 -1.826821826398373e-04 -1.826821826398373e-04	1.000000000000000e+00	0	0	109
110	-1.031624567840518e+02  2.293912982691728e+02  3.522242914326756e+02	-5.185892805457115e-04 -5.185892805457115e-04 -5.178184364922345e-04	1.000000000000000e+00	12	0	110
111	 1.037619913099674e+03 -8.745641784563672e+02  3.221394830332351e+02	-5.597979543381371e-05 -5.597979543381371e-05 -5.562350997934118e-05	1.000000000000000e+00	12	0	111
112	 1.737401324846735e+03 -1.747827667093065e+02 -1.074727142638789e+03	1.206708693644032e-04 1.206708693644032e-04 1.208149988087825e-04	1.000000000000000e+00	12	0	112
113	 6.018083999085494e+02  9.343621549617739e+02 -1.039382858499354e+03	7.161385728977621e-04 7.161385728977621e-04 7.449515978805721e-04	1.000000000000000e+00	12	0	113
114	 1.324615289268975e+02  4.650152839801220e+02 -1.110363466168807e+02	1.008755134535022e-05 1.008755134535022e-05 9.865880201687105e-06	1.000000000000000e+00	12	0	114
115	 3.651461697489091e+02  6.976999248021336e+02 -5.772340179890878e+02	-5.085743759991601e-05 -5.085743759991601e-05 -5.096455788589083e-05	1.000000000000000e+00	12	0	115
116	 1.270879352972125e+03 -6.413047385839161e+02 -1.434844738467211e+02	-1.449502747163933e-06 -1.449502747163933e-06 -1.450963736715494e-06	1.000000000000000e+00	12	0	116
117	 1.504033138757969e+03 -4.081509527980722e+02 -6.092129666413053e+02	3.893831672030501e-05 3.893831672030501e-05 3.902965545421466e-05	1.000000000000000e+00	12	0	117
0	-5.773502691896258e-01  5.773502691896258e-01  5.773502691896258e-01	-7.071067811865476e-01  3.124842898819631e-18 -7.071067811865476e-01	 1.198001808568474e+03 -5.294203851356715e-15  1.198001808568474e+03	1	0	0.000000000000000e+00	0.000000000000000e+00	0.000000000000000e+00
1	-5.773502691896258e-01  5.773502691896258e-01  5.773502691896258e-01	 0.000000000000000e+00  7.071067811865476e-01 -7.071067811865476e-01	 0.000000000000000e+00 -9.214510296266430e+02  9.214510296266430e+02	1	0	0.000000000000000e+00	0.000000000000000e+00	0.000000000000000e+00
2	-5.773502691896258e-01  5.773502691896258e-01  5.773502691896258e-01	 7.071067811865476e-01  7.071067811865476e-01 -3.124842898819631e-18	-7.193784354102739e+02 -7.193784354102739e+02  3.179073734356852e-15	1	0	0.000000000000000e+00	0.000000000000000e+00	0.000000000000000e+00
3	-5.773502691896258e-01  5.773502691896258e-01  5.773502691896258e-01	 7.071067811865476e-01 -3.124842898819631e-18  7.071067811865476e-01	 8.030942244427697e+02 -3.549030148066116e-15  8.030942244427697e+02	1	0	0.000000000000000e+00	0.000000000000000e+00	0.000000000000000e+00
4	-5.773502691896258e-01  5.773502691896258e-01  5.773502691896258e-01	 0.000000000000000e+00  7.071067811865476e-01 -7.071067811865476e-01	 0.000000000000000e+00 -8.625613021693013e+02  8.625613021693013e+02	1	0	0.000000000000000e+00	0.000000000000000e+00	0.000000000000000e+00
5	-5.773502691896258e-01  5.773502691896258e-01  5.773502691896258e-01	-7.071067811865476e-01 -7.071067811865476e-01  3.124842898819631e-18	 9.364621366255734e+02  9.364621366255734e+02 -4.138408986458117e-15	1	0	0.000000000000000e+00	0.000000000000000e+00	0.000000000000000e+00
6	 5.773502691896258e-01 -5.773502691896258e-01 -5.773502691896258e-01	0.000000000000000e+00 0.000000000000000e+00 0.000000000000000e+00	1.570392732195782e+03 3.025315410553647e+02 8.256108849411653e+02	1	1	0.000000000000000e+00	0.000000000000000e+00	0.000000000000000e+00
7	-5.773502691896258e-01 -5.773502691896258e-01 -5.773502691896258e-01	-7.071067811865476e-01  0.000000000000000e+00  7.071067811865476e-01	-4.024131376251693e+02  0.000000000000000e+00  4.024131376251693e+02	1	0	0.000000000000000e+00	0.000000000000000e+00	0.000000000000000e+00
8	-5.773502691896258e-01 -5.773502691896258e-01 -5.773502691896258e-01	 0.000000000000000e+00 -7.071067811865476e-01  7.071067811865476e-01	 0.000000000000000e+00 -7.730720104449091e+02  7.730720104449091e+02	1	0	0.000000000000000e+00	0.000000000000000e+00	0.000000000000000e+00
9	-5.773502691896258e-01 -5.773502691896258e-01 -5.773502691896258e-01	 7.071067811865476e-01 -7.071067811865476e-01  0.000000000000000e+00	 9.560920457780206e+02 -9.560920457780206e+02  0.000000000000000e+00	1	0	0.000000000000000e+00	0.000000000000000e+00	0.000000000000000e+00
10	-5.773502691896258e-01 -5.773502691896258e-01 -5.773502691896258e-01	 7.071067811865476e-01  0.000000000000000e+00 -7.071067811865476e-01	 1.580785037041196e+03  0.000000000000000e+00 -1.580785037041196e+03	1	0	0.000000000000000e+00	0.000000000000000e+00	0.000000000000000e+00
11	-5.773502691896258e-01 -5.773502691896258e-01 -5.773502691896258e-01	 0.000000000000000e+00  7.071067811865476e-01 -7.071067811865476e-01	 0.000000000000000e+00  1.161628741609527e+03 -1.161628741609527e+03	1	0	0.000000000000000e+00	0.000000000000000e+00	0.000000000000000e+00
12	-5.773502691896258e-01 -5.773502691896258e-01 -5.773502691896258e-01	-7.071067811865476e-01  7.071067811865476e-01  0.000000000000000e+00	-1.662768775266123e+02  1.662768775266123e+02  0.000000000000000e+00	1	0	0.000000000000000e+00	0.000000000000000e+00	0.000000000000000e+00
13	5.773502691896258e-01 5.773502691896258e-01 5.773502691896258e-01	0.000000000000000e+00 0.000000000000000e+00 0.000000000000000e+00	-2.170837012152994e+02  1.154700538379251e+02  5.877425740350395e+02	1	1	0.000000000000000e+00	0.000000000000000e+00	0.000000000000000e+00
14	-5.773502691896258e-01  5.773502691896258e-01 -5.773502691896258e-01	 7.071067811865476e-01  0.000000000000000e+00 -7.071067811865476e-01	-5.328942984620248e+02  0.000000000000000e+00  5.328942984620248e+02	1	0	0.000000000000000e+00	0.000000000000000e+00	0.000000000000000e+00
15	-5.773502691896258e-01  5.773502691896258e-01 -5.773502691896258e-01	-3.124842898819631e-18  7.071067811865476e-01  7.071067811865476e-01	 8.547268868455420e-16 -1.934123401785247e+02 -1.934123401785247e+02	1	0	0.000000000000000e+00	0.000000000000000e+00	0.000000000000000e+00
16	-5.773502691896258e-01  5.773502691896258e-01 -5.773502691896258e-01	 7.071067811865476e-01  7.071067811865476e-01 -3.124842898819631e-18	 5.519468573452824e+02  5.519468573452824e+02 -2.439160906938323e-15	1	0	0.000000000000000e+00	0.000000000000000e+00	0.000000000000000e+00
17	-5.773502691896258e-01  5.773502691896258e-01 -5.773502691896258e-01	-7.071067811865476e-01  0.000000000000000e+00  7.071067811865476e-01	 1.412198758437825e+03  0.000000000000000e+00 -1.412198758437825e+03	1	0	0.000000000000000e+00	0.000000000000000e+00	0.000000000000000e+00
18	-5.773502691896258e-01  5.773502691896258e-01 -5.773502691896258e-01	-3.124842898819631e-18  7.071067811865476e-01  7.071067811865476e-01	 9.389238637586849e-16 -2.124648990617823e+02 -2.124648990617823e+02	1	0	0.000000000000000e+00	0.000000000000000e+00	0.000000000000000e+00
19	-5.773502691896258e-01  5.773502691896258e-01 -5.773502691896258e-01	-7.071067811865476e-01 -7.071067811865476e-01  3.124842898819631e-18	-7.851963660978913e+01 -7.851963660978913e+01  3.469936018238618e-16	1	0	0.000000000000000e+00	0.000000000000000e+00	0.000000000000000e+00
20	 5.773502691896258e-01 -5.773502691896258e-01  5.773502691896258e-01	0.000000000000000e+00 0.000000000000000e+00 0.000000000000000e+00	-7.597929542535472e+02  6.027536810339691e+02  3.059956426705008e+02	1	1	0.000000000000000e+00	0.000000000000000e+00	0.000000000000000e+00
0	0	1	0
6	0	1	0
5	5	0	0
6	5	0	0
0	6	0	0
5	0	6	0
1	1	2	0
6	1	2	0
0	1	7	0
1	7	1	0
2	2	3	0
6	2	3	0
1	2	8	0
2	8	2	0
3	3	4	0
6	3	4	0
2	3	9	0
3	9	3	0
4	4	5	0
6	4	5	0
3	4	10	0
4	10	4	0
4	5	11	0
5	11	5	0
5	6	66	0
0	67	6	0
0	7	42	0
1	68	7	0
2	69	8	0
1	8	70	0
2	9	71	0
3	72	9	0
3	10	38	0
4	73	10	0
5	74	11	0
4	11	75	0
7	12	13	0
13	12	13	0
12	17	12	0
13	17	12	0
7	18	12	0
12	12	18	0
8	13	14	0
13	13	14	0
7	13	19	0
8	19	13	0
9	14	15	0
13	14	15	0
8	14	20	0
9	20	14	0
10	15	16	0
13	15	16	0
9	15	21	0
10	21	15	0
11	16	17	0
13	16	17	0
10	16	22	0
11	22	16	0
11	17	23	0
12	23	17	0
7	76	18	0
12	18	110	0
7	19	78	0
8	79	19	0
8	20	80	0
9	111	20	0
10	83	21	0
9	21	112	0
10	22	84	0
11	85	22	0
11	23	87	0
12	113	23	0
14	24	25	0
20	24	25	0
19	29	24	0
20	29	24	0
14	30	24	0
19	24	30	0
15	25	26	0
20	25	26	0
14	25	31	0
15	31	25	0
16	26	27	0
20	26	27	0
15	26	32	0
16	32	26	0
17	27	28	0
20	27	28	0
16	27	33	0
17	33	27	0
18	28	29	0
20	28	29	0
17	28	34	0
18	34	28	0
18	29	35	0
19	35	29	0
14	88	30	0
19	30	89	0
14	31	90	0
15	91	31	0
16	40	32	0
15	32	92	0
17	93	33	0
16	33	94	0
17	34	95	0
18	96	34	0
19	36	35	0
18	35	97	0
19	98	36	0
15	36	99	0
15	100	36	0
1	38	101	0
1	102	38	0
3	38	103	0
16	104	40	0
18	40	105	0
18	106	40	0
0	42	107	0
4	42	108	0
4	109	42	0
5	66	44	0
5	44	74	0
0	45	67	0
0	107	45	0
1	46	68	0
1	101	46	0
2	47	69	0
2	71	47	0
1	70	48	0
1	48	102	0
3	49	72	0
3	103	49	0
4	50	73	0
4	108	50	0
4	75	51	0
4	51	109	0
7	52	76	0
7	78	52	0
12	114	53	0
12	53	115	0
8	54	79	0
8	80	54	0
9	55	116	0
9	117	55	0
10	56	83	0
10	84	56	0
11	57	85	0
11	87	57	0
14	58	88	0
14	90	58	0
19	89	59	0
19	59	98	0
15	60	91	0
15	99	60	0
15	92	61	0
15	61	100	0
17	62	93	0
17	95	62	0
16	94	63	0
16	63	104	0
18	64	96	0
18	105	64	0
18	97	65	0
18	65	106	0
12	110	77	0
12	77	114	0
9	81	111	0
9	116	81	0
9	112	82	0
9	82	117	0
12	86	113	0
12	115	86	0
