114
21
172
0	1.570392732195782e+03 3.025315410553647e+02 8.256108849411653e+02	0.000000000000000e+00 0.000000000000000e+00 0.000000000000000e+00	1.000000000000000e+00	0	0	0
1	 1.130451827073287e+03 -5.773502691896260e+02  1.265551790063660e+03	0.000000000000000e+00 0.000000000000000e+00 0.000000000000000e+00	1.000000000000000e+00	0	0	1
2	-1.974537920628516e+02 -1.241303078757696e+03  6.015989804955904e+02	0.000000000000000e+00 0.000000000000000e+00 0.000000000000000e+00	1.000000000000000e+00	0	0	2
3	 2.032272947547480e+02 -1.641984165575296e+03  1.402961154130791e+03	0.000000000000000e+00 0.000000000000000e+00 0.000000000000000e+00	1.000000000000000e+00	0	0	3
4	 6.431681998772439e+02 -7.621023553303065e+02  9.630202490082960e+02	0.000000000000000e+00 0.000000000000000e+00 0.000000000000000e+00	1.000000000000000e+00	0	0	4
5	 1.971073819013383e+03 -9.814954576223676e+01  1.626973058576365e+03	0.000000000000000e+00 0.000000000000000e+00 0.000000000000000e+00	1.000000000000000e+00	0	0	5
6	1.569830744163802e+03 3.030935290873446e+02 8.261728729731452e+02	-1.185404689749703e-04  1.228223991347477e-04  1.164478308055550e-04	1.000000000000000e+00	0	0	6
7	 1.128549985189880e+03 -5.754484273062192e+02  1.267453631947067e+03	-7.749342864068846e-04  7.749342864068846e-04  7.749342864068846e-04	1.000000000000000e+00	0	0	7
8	-1.969022695334973e+02 -1.241854601287050e+03  6.010474579662360e+02	 1.095365296350792e-04 -1.103184113162570e-04 -1.103123067878187e-04	1.000000000000000e+00	0	0	8
9	 2.032275774185856e+02 -1.641984448239133e+03  1.402960871466953e+03	 4.271012130629970e-06 -4.574730155582074e-06 -3.951320195483277e-06	1.000000000000000e+00	0	0	9
10	 6.445587660912769e+02 -7.634929215443395e+02  9.616296827942630e+02	 6.884503139493366e-04 -6.884503139493366e-04 -6.884503139493366e-04	1.000000000000000e+00	0	0	10
11	 1.971211431917540e+03 -9.828715866639371e+01  1.626835445672208e+03	 3.352922794874758e-05 -3.323822602396831e-05 -3.314735295134597e-05	1.000000000000000e+00	0	0	11
12	-2.170837012152994e+02  1.154700538379251e+02  5.877425740350395e+02	0.000000000000000e+00 0.000000000000000e+00 0.000000000000000e+00	1.000000000000000e+00	12	0	12
13	 1.408734656822689e+02 -6.004442799572098e+02  9.456997409326077e+02	0.000000000000000e+00 0.000000000000000e+00 0.000000000000000e+00	1.000000000000000e+00	12	0	13
14	 9.214510296266424e+02 -9.907330619293978e+02  5.554109589604201e+02	0.000000000000000e+00 0.000000000000000e+00 0.000000000000000e+00	1.000000000000000e+00	12	0	14
15	 1.853294364098699e+03 -5.888972745734176e+01 -1.308275709983692e+03	0.000000000000000e+00 0.000000000000000e+00 0.000000000000000e+00	1.000000000000000e+00	12	0	15
16	 1.495337197201131e+03  6.570246063377946e+02 -1.666232876881260e+03	0.000000000000000e+00 0.000000000000000e+00 0.000000000000000e+00	1.000000000000000e+00	12	0	16
17	 7.147596332567570e+02  1.047313388309982e+03 -1.275944094909073e+03	0.000000000000000e+00 0.000000000000000e+00 0.000000000000000e+00	1.000000000000000e+00	12	0	17
18	-2.183060437413321e+02  1.142477113118924e+02  5.865202315090069e+02	-2.391452968974287e-04 -2.391452968974287e-04 -2.391452968974287e-04	1.000000000000000e+00	12	0	18
19	 1.426355131957536e+02 -5.986822324437252e+02  9.474617884460924e+02	3.401927921610574e-04 3.401927921610574e-04 3.401927921610574e-04	1.000000000000000e+00	12	0	19
20	 9.218513229616569e+02 -9.903327685943832e+02  5.558112522954347e+02	9.618861804483458e-05 9.175259037874639e-05 9.258859063265845e-05	1.000000000000000e+00	12	0	20
21	 1.853901882784632e+03 -5.828220877140919e+01 -1.307668191297760e+03	1.211417256854475e-04 1.209503316204064e-04 1.211447306559421e-04	1.000000000000000e+00	12	0	21
22	 1.496991536277221e+03  6.586789454138843e+02 -1.664578537805170e+03	3.381084437326838e-04 3.381084437326838e-04 3.381084437326838e-04	1.000000000000000e+00	12	0	22
23	 7.215363483270786e+02  1.054090103380304e+03 -1.269167379838751e+03	1.325596395569543e-03 1.325596395569543e-03 1.325596395569543e-03	1.000000000000000e+00	12	0	23
24	-7.597929542535472e+02  6.027536810339691e+02  3.059956426705008e+02	0.000000000000000e+00 0.000000000000000e+00 0.000000000000000e+00	1.000000000000000e+00	24	0	24
25	-1.191650955607388e+03 -2.609623216737101e+02 -1.258623586833382e+02	0.000000000000000e+00 0.000000000000000e+00 0.000000000000000e+00	1.000000000000000e+00	24	0	25
26	 5.126870390403868e+02  5.912066756501777e+02 -9.780313560072266e+02	0.000000000000000e+00 0.000000000000000e+00 0.000000000000000e+00	1.000000000000000e+00	24	0	26
27	 9.572467463163994e+02  1.466469683741651e+02 -1.867150770559250e+03	0.000000000000000e+00 0.000000000000000e+00 0.000000000000000e+00	1.000000000000000e+00	24	0	27
28	 1.389104747670240e+03  1.010362971081845e+03 -1.435292769205410e+03	0.000000000000000e+00 0.000000000000000e+00 0.000000000000000e+00	1.000000000000000e+00	24	0	28
29	-3.152332469775362e+02  1.581939737579582e+02 -5.831237718815206e+02	0.000000000000000e+00 0.000000000000000e+00 0.000000000000000e+00	1.000000000000000e+00	24	0	29
30	-7.601625351467957e+02  6.031232619272176e+02  3.056260617772523e+02	-7.443341019097716e-05  7.456720777554438e-05 -7.253596413647756e-05	1.000000000000000e+00	24	0	30
31	-1.192378676820518e+03 -2.602346004605799e+02 -1.265900798964683e+02	-1.487868576077744e-04  1.472852891311049e-04 -1.486899127485231e-04	1.000000000000000e+00	24	0	31
32	 5.018061043518595e+02  6.020876103387051e+02 -9.889122906957540e+02	-1.986238348763436e-04  1.986238348763435e-04 -1.986238348763437e-04	1.000000000000000e+00	24	0	32
33	 9.543764647475233e+02  1.495172499430411e+02 -1.870021052128126e+03	-5.883662573372325e-04  5.883662573372325e-04 -5.883662573372325e-04	1.000000000000000e+00	24	0	33
34	 1.383644298824254e+03  1.015823419927831e+03 -1.440753218051395e+03	-1.123553724028170e-03  1.123553724028170e-03 -1.123553724028170e-03	1.000000000000000e+00	24	0	34
35	-3.050780267689474e+02  1.480387535493694e+02 -5.729685516729319e+02	 2.346942201256752e-04 -2.346942201256752e-04  2.346942201256752e-04	1.000000000000000e+00	24	0	35
36	-3.301689462133541e+02  1.731296729937761e+02 -5.599543533508238e+02	 3.534547067829408e-05 -5.006416540709324e-05  2.563977323006839e-04	1.000000000000000e+00	24	0	36
38	 6.027719819701450e+02 -8.394855923378917e+02  1.003416466915395e+03	-2.983999826634924e-04  2.983999826634924e-04  2.983999826634924e-04	1.000000000000000e+00	0	0	38
40	 5.280318306143843e+02  5.758618840761804e+02 -1.000791682199745e+03	-6.361739360727370e-05  7.600377284688875e-05 -1.969504082808271e-04	1.000000000000000e+00	24	0	40
42	 1.170128674790124e+03 -4.992476619917795e+02  1.225874942346823e+03	 1.785077911335975e-04 -1.414378057233989e-04 -1.569423475302756e-04	1.000000000000000e+00	0	0	42
44	1.770827790932195e+03 1.020964823189520e+02 1.226197633924256e+03	 2.097124706779141e-05 -2.097124706779141e-05 -2.089390909532085e-05	1.000000000000000e+00	0	0	44
45	 1.368636926613466e+03 -9.673686411364548e+01  1.027366690523481e+03	-2.991487272083759e-04  2.980815188493580e-04  2.991487272083759e-04	1.000000000000000e+00	0	0	45
46	 8.636620753696565e+02 -7.054736953097367e+02  1.137428363943549e+03	-1.412911573424935e-03  1.409085001796484e-03  1.409085001796484e-03	1.000000000000000e+00	0	0	46
47	 3.373718310260349e+00 -1.442130589130808e+03  1.001793272807584e+03	 9.825619781622663e-05 -9.825619781622663e-05 -9.819535625865683e-05	1.000000000000000e+00	0	0	47
48	 2.041856029655074e+02 -1.041918762817998e+03  8.009832964352879e+02	 1.819096505641937e-04 -1.811116671888158e-04 -1.811116671888158e-04	1.000000000000000e+00	0	0	48
49	 4.029297830327962e+02 -1.240667809228939e+03  1.203258665852743e+03	-1.277557603316382e-04  1.266492035938427e-04  1.277557603316382e-04	1.000000000000000e+00	0	0	49
50	 9.104620527706493e+02 -6.344598133162776e+02  1.090662791022325e+03	 1.515369513072073e-03 -1.496937591582537e-03 -1.496937591582537e-03	1.000000000000000e+00	0	0	50
51	 1.570945915491549e+03 -2.990425647638467e+02  1.426080039574756e+03	 1.257918047485873e-04 -1.254620874533430e-04 -1.254620874533430e-04	1.000000000000000e+00	0	0	51
52	-3.758029261301747e+01 -2.419618872768646e+02  7.672459826373212e+02	1.128821750171483e-04 1.130850578192621e-04 1.128821750171483e-04	1.000000000000000e+00	12	0	52
53	 2.489610870659658e+02  5.815148421191903e+02 -3.439775378605671e+02	1.207247532875044e-05 1.207247532875044e-05 1.211729522765381e-05	1.000000000000000e+00	12	0	53
54	 5.311387303530411e+02 -7.955997717932695e+02  7.505442490965487e+02	1.757322024786845e-05 2.247811244160403e-05 2.247811244160403e-05	1.000000000000000e+00	12	0	54
55	 1.387425891454254e+03 -5.247582001017872e+02 -3.763791382425698e+02	1.238772165379487e-05 1.238772165379487e-05 1.240608162333956e-05	1.000000000000000e+00	12	0	55
56	 1.675709484563199e+03  3.004587487883614e+02 -1.485860589519193e+03	2.657828736118972e-04 2.648486988618970e-04 2.657828736118972e-04	1.000000000000000e+00	12	0	56
57	 1.099687383867986e+03  8.465694312573930e+02 -1.476688051961662e+03	-8.472953923046589e-04 -9.370504412800074e-04 -9.370504412800074e-04	1.000000000000000e+00	12	0	57
58	-9.767718420401250e+02  1.719490708510577e+02  8.901675488392469e+01	-1.983193942578509e-04  1.996731152758002e-04 -1.983193942578509e-04	1.000000000000000e+00	24	0	58
59	-5.442317639505736e+02  3.871924907309954e+02 -1.262312533257697e+02	-6.398040568456054e-05  6.398040568456054e-05 -6.428993219742551e-05	1.000000000000000e+00	24	0	59
60	-7.606763631419799e+02 -4.415435684149578e+01 -3.426703235155537e+02	-1.926584227476269e-04  1.906652178149670e-04 -1.906652178149670e-04	1.000000000000000e+00	24	0	60
61	 8.428018405806748e+01  3.890739767237621e+02 -7.758986570808115e+02	 3.794925578404218e-05 -3.796380406129174e-05  3.796380406129174e-05	1.000000000000000e+00	24	0	61
62	 1.171971442426244e+03  5.796845881543927e+02 -1.652426074449406e+03	-3.501742321532220e-04  3.371556231286377e-04 -3.501742321532220e-04	1.000000000000000e+00	24	0	62
63	 7.362790247212095e+02  3.676146899693554e+02 -1.440327069345953e+03	-1.030340674333274e-03  1.030340674333274e-03 -1.028849394060671e-03	1.000000000000000e+00	24	0	63
64	 9.603639994896789e+02  7.914182445495644e+02 -1.216348042673129e+03	 5.810643779113889e-04 -5.423467955552042e-04  5.423467955552042e-04	1.000000000000000e+00	24	0	64
65	 1.134392418559116e+02  3.599256877483685e+02 -7.848554858719333e+02	 4.649114271160215e-05 -4.616567821358331e-05  4.616567821358331e-05	1.000000000000000e+00	24	0	65
66	1.670924655820816e+03 2.019996174303313e+02 1.025588128826631e+03	 7.813321280991659e-05 -7.813321280991659e-05 -7.888870459282771e-05	1.000000000000000e+00	0	0	66
67	1.468605212887351e+03 1.038139642803869e+02 9.273984042495965e+02	-3.418697742745280e-04  3.443417081143707e-04  3.418697742745280e-04	1.000000000000000e+00	0	0	67
68	 9.957994455137173e+02 -6.401247048826513e+02  1.202777354370635e+03	-1.225366722792387e-03  1.247303327545524e-03  1.247303327545524e-03	1.000000000000000e+00	0	0	68
69	-9.683101948401962e+01 -1.341925851336528e+03  8.014870963853846e+02	 8.860389061737806e-05 -8.860389061737806e-05 -8.857904322212562e-05	1.000000000000000e+00	0	0	69
70	 3.930199754752181e+00 -1.142177635897444e+03  7.007244233558417e+02	 2.024373534368351e-04 -2.029622846748680e-04 -2.029622846748680e-04	1.000000000000000e+00	0	0	70
71	 1.034165451855061e+02 -1.542173416006054e+03  1.202261742366447e+03	 7.776329584885389e-05 -7.776329584885389e-05 -7.748686039121822e-05	1.000000000000000e+00	0	0	71
72	 3.030301255889556e+02 -1.441277030629579e+03  1.303158323296584e+03	-7.257123797899112e-05  7.222952990559861e-05  7.257123797899112e-05	1.000000000000000e+00	0	0	72
73	 7.789543511028305e+02 -7.004970254640925e+02  1.024625578874510e+03	 1.442433916963637e-03 -1.483740052208304e-03 -1.483740052208304e-03	1.000000000000000e+00	0	0	73
74	1.870851492940725e+03 2.072780310421695e+00 1.426684632480041e+03	-1.124316531786462e-05  1.124316531786462e-05  1.127475115936249e-05	1.000000000000000e+00	0	0	74
75	 1.771168945872485e+03 -1.987548129186180e+02  1.526367791419985e+03	 1.006334059638903e-04 -1.003243232844397e-04 -1.003243232844397e-04	1.000000000000000e+00	0	0	75
76	-1.271163410682600e+02 -6.302670598180008e+01  6.777099341820787e+02	8.826727571431547e-05 8.972758951131254e-05 8.826727571431547e-05	1.000000000000000e+00	12	0	76
77	1.465329738091629e+01 3.472070524341408e+02 1.205858730504047e+02	-2.479453978594393e-04 -2.479453978594393e-04 -2.524013689253479e-04	1.000000000000000e+00	12	0	77
78	 5.207114801339219e+01 -4.207746799098438e+02  8.568974232637308e+02	1.510256552137434e-04 1.526789419585839e-04 1.510256552137434e-04	1.000000000000000e+00	12	0	78
79	 3.364222185275414e+02 -6.976211371720474e+02  8.485228837177708e+02	1.053327068802901e-04 1.016828900901601e-04 1.016828900901601e-04	1.000000000000000e+00	12	0	79
80	 7.282751506113552e+02 -8.911892376888110e+02  6.549547832010072e+02	3.724820271600038e-04 3.735513600986451e-04 3.735513600986451e-04	1.000000000000000e+00	12	0	80
81	 1.154323804607142e+03 -7.578602869488991e+02  8.940112689816786e+01	-1.642475581320468e-05 -1.642475581320468e-05 -1.646356031415053e-05	1.000000000000000e+00	12	0	81
82	 1.620735213578478e+03 -2.914488779775634e+02 -8.419518118876755e+02	8.143579907482490e-05 8.143579907482490e-05 8.165415056282654e-05	1.000000000000000e+00	12	0	82
83	 1.764658601074227e+03  1.209393009195977e+02 -1.396911473008165e+03	1.665647723712027e-04 1.653862127568573e-04 1.665647723712027e-04	1.000000000000000e+00	12	0	83
84	 1.586183388266813e+03  4.794021152580324e+02 -1.575386685815578e+03	2.685456420294940e-04 2.681455516722053e-04 2.685456420294940e-04	1.000000000000000e+00	12	0	84
85	 1.302994168431668e+03  7.573195069939743e+02 -1.565937976225081e+03	4.724878235720098e-04 4.377110744826496e-04 4.377110744826496e-04	1.000000000000000e+00	12	0	85
86	 4.821478311858384e+02  8.147015862390630e+02 -8.096652384826764e+02	8.061754488153383e-05 8.061754488153383e-05 8.414648618781939e-05	1.000000000000000e+00	12	0	86
87	 9.173690848143335e+02  9.569467981466901e+02 -1.366310685072365e+03	1.451398362405598e-03 1.353035098873079e-03 1.353035098873079e-03	1.000000000000000e+00	12	0	87
88	-8.680123803230538e+02  3.870813715884526e+02  1.977762166009959e+02	-4.225216616760008e-05  4.295017424738035e-05 -4.225216616760008e-05	1.000000000000000e+00	24	0	88
89	-6.530610318568365e+02  4.960217586372582e+02  8.883437459280677e+01	-2.412811736576259e-04  2.412811736576259e-04 -2.411394088994712e-04	1.000000000000000e+00	24	0	89
90	-1.085016255410410e+03 -4.370523200270196e+01 -1.922765848636000e+01	-2.587567141745239e-04  2.581097942311317e-04 -2.587567141745239e-04	1.000000000000000e+00	24	0	90
91	-9.760980918997237e+02 -1.526223453871618e+02 -2.342023349698876e+02	-8.538630208931863e-05  8.508462633471936e-05 -8.508462633471936e-05	1.000000000000000e+00	24	0	91
92	 2.930518635195443e+02  4.955795260339490e+02 -8.824042063909984e+02	-7.517953781643882e-05  7.365849160123616e-05 -7.365849160123616e-05	1.000000000000000e+00	24	0	92
93	 1.063417501192968e+03  3.643814569376480e+02 -1.760980015682682e+03	-3.616263275034726e-04  3.658785426523536e-04 -3.616263275034726e-04	1.000000000000000e+00	24	0	93
94	 8.445621980415461e+02  2.593315166490187e+02 -1.655975739898877e+03	-9.623156511224806e-04  9.623156511224806e-04 -9.762453846633434e-04	1.000000000000000e+00	24	0	94
95	 1.274411034241103e+03  8.009900944284270e+02 -1.549986482634547e+03	-1.237848424352705e-03  1.187805319204926e-03 -1.237848424352705e-03	1.000000000000000e+00	24	0	95
96	 1.170403655482388e+03  9.051614978963985e+02 -1.330091296019963e+03	-5.662752664647996e-04  5.610524676740170e-04 -5.610524676740170e-04	1.000000000000000e+00	24	0	96
97	-9.629875939557238e+01  2.544224124828381e+02 -6.793522106064029e+02	 8.330499258590862e-05 -8.039092790568247e-05  8.039092790568247e-05	1.000000000000000e+00	24	0	97
98	-4.341013741647865e+02  2.770621009452082e+02 -3.400388302037765e+02	 3.651236766017973e-04 -3.651236766017973e-04  3.507521469146013e-04	1.000000000000000e+00	24	0	98
99	-5.456650699133936e+02  6.471419817836279e+01 -4.515388785354122e+02	-3.969272947870195e-04  3.936077409889549e-04 -3.936077409889549e-04	1.000000000000000e+00	24	0	99
100	-1.262169108594809e+02  2.841015586088166e+02 -6.709262389658660e+02	 8.339421037817374e-05 -9.662615048000589e-05  9.662615048000589e-05	1.000000000000000e+00	24	0	100
101	 7.327232053066790e+02 -7.720165152733907e+02  1.070885543979895e+03	-1.188197638839483e-03  1.158326747827232e-03  1.158326747827232e-03	1.000000000000000e+00	0	0	101
102	 4.038343489618826e+02 -9.410560200377006e+02  9.018460392155855e+02	 4.474955130717717e-05 -4.367553265183233e-05 -4.367553265183233e-05	1.000000000000000e+00	0	0	102
103	 5.023134250401311e+02 -1.039537781977749e+03  1.103875023845408e+03	-2.803716633934528e-04  2.801697992254049e-04  2.803716633934528e-04	1.000000000000000e+00	0	0	103
104	 6.287995447468542e+02  4.750941699437106e+02 -1.223764819709110e+03	-9.689408470876515e-04  9.689408470876515e-04 -9.156197193078697e-04	1.000000000000000e+00	24	0	104
105	 7.430863684921690e+02  6.847290269903085e+02 -1.109658825113873e+03	 4.285100440029055e-04 -4.249068733770400e-04  4.249068733770400e-04	1.000000000000000e+00	24	0	105
106	 3.243385099091326e+02  4.645864173771031e+02 -8.895162155006678e+02	-5.595734182861634e-05  7.164535054471344e-05 -7.164535054471344e-05	1.000000000000000e+00	24	0	106
107	 1.268740922000450e+03 -2.973563579546382e+02  1.127262695136497e+03	-2.493350184522569e-04  2.459634852129966e-04  2.493350184522569e-04	1.000000000000000e+00	0	0	107
108	 1.041197509832630e+03 -5.677092088156239e+02  1.157413395522979e+03	 1.230271649546921e-03 -1.183247193694115e-03 -1.183247193694115e-03	1.000000000000000e+00	0	0	108
109	 1.370828085556185e+03 -3.994372388437157e+02  1.325685365494887e+03	 1.842796482378617e-04 -1.846456143539399e-04 -1.846456143539399e-04	1.000000000000000e+00	0	0	109
110	-1.032350141325769e+02  2.293187409206476e+02  3.521518438785254e+02	-5.179401487112045e-04 -5.179401487112045e-04 -5.171422963030636e-04	1.000000000000000e+00	12	0	110
111	 1.037612114710146e+03 -8.745719768458953e+02  3.221317351330758e+02	-5.542041981243528e-05 -5.542041981243528e-05 -5.505538865691051e-05	1.000000000000000e+00	12	0	111
112	 1.737418212888854e+03 -1.747658786671877e+02 -1.074710234147846e+03	1.205862790811807e-04 1.205862790811807e-04 1.207343011628836e-04	1.000000000000000e+00	12	0	112
113	 6.019085934370661e+02  9.344623484902905e+02 -1.039278577386512e+03	7.151913014240563e-04 7.151913014240563e-04 7.447772659361362e-04	1.000000000000000e+00	12	0	113
114	 1.324629073221911e+02  4.650166623754156e+02 -1.110349999777406e+02	9.600586963642854e-06 9.600586963642854e-06 9.368491191708017e-06	1.000000000000000e+00	12	0	114
115	 3.651390742792997e+02  6.976928293325243e+02 -5.772411287076309e+02	-5.050295658293180e-05 -5.050295658293180e-05 -5.061370393377729e-05	1.000000000000000e+00	12	0	115
116	 1.270879153353619e+03 -6.413049382024220e+02 -1.434846736696404e+02	-1.401675376655476e-06 -1.401675376655476e-06 -1.403133865096606e-06	1.000000000000000e+00	12	0	116
117	 1.504038593786322e+03 -4.081454977697192e+02 -6.092074986367112e+02	3.899102011928335e-05 3.899102011928335e-05 3.908507642336190e-05	1.000000000000000e+00	12	0	117
0	-5.773502691896258e-01  5.773502691896258e-01  5.773502691896258e-01	-7.071067811865476e-01  3.124842898819631e-18 -7.071067811865476e-01	 1.198001808568474e+03 -5.294203851356715e-15  1.198001808568474e+03	1	0	0.000000000000000e+00	0.000000000000000e+00	0.000000000000000e+00
1	-5.773502691896258e-01  5.773502691896258e-01  5.773502691896258e-01	 0.000000000000000e+00  7.071067811865476e-01 -7.071067811865476e-01	 0.000000000000000e+00 -9.214510296266430e+02  9.214510296266430e+02	1	0	0.000000000000000e+00	0.000000000000000e+00	0.000000000000000e+00
2	-5.773502691896258e-01  5.773502691896258e-01  5.773502691896258e-01	 7.071067811865476e-01  7.071067811865476e-01 -3.124842898819631e-18	-7.193784354102739e+02 -7.193784354102739e+02  3.179073734356852e-15	1	0	0.000000000000000e+00	0.000000000000000e+00	0.000000000000000e+00
3	-5.773502691896258e-01  5.773502691896258e-01  5.773502691896258e-01	 7.071067811865476e-01 -3.124842898819631e-18  7.071067811865476e-01	 8.030942244427697e+02 -3.549030148066116e-15  8.030942244427697e+02	1	0	0.000000000000000e+00	0.000000000000000e+00	0.000000000000000e+00
4	-5.773502691896258e-01  5.773502691896258e-01  5.773502691896258e-01	 0.000000000000000e+00  7.071067811865476e-01 -7.071067811865476e-01	 0.000000000000000e+00 -8.625613021693013e+02  8.625613021693013e+02	1	0	0.000000000000000e+00	0.000000000000000e+00	0.000000000000000e+00
5	-5.773502691896258e-01  5.773502691896258e-01  5.773502691896258e-01	-7.071067811865476e-01 -7.071067811865476e-01  3.124842898819631e-18	 9.364621366255734e+02  9.364621366255734e+02 -4.138408986458117e-15	1	0	0.000000000000000e+00	0.000000000000000e+00	0.000000000000000e+00
6	 5.773502691896258e-01 -5.773502691896258e-01 -5.773502691896258e-01	0.000000000000000e+00 0.000000000000000e+00 0.000000000000000e+00	1.570392732195782e+03 3.025315410553647e+02 8.256108849411653e+02	1	1	0.000000000000000e+00	0.000000000000000e+00	0.000000000000000e+00
7	-5.773502691896258e-01 -5.773502691896258e-01 -5.773502691896258e-01	-7.071067811865476e-01  0.000000000000000e+00  7.071067811865476e-01	-4.024131376251693e+02  0.000000000000000e+00  4.024131376251693e+02	1	0	0.000000000000000e+00	0.000000000000000e+00	0.000000000000000e+00
8	-5.773502691896258e-01 -5.773502691896258e-01 -5.773502691896258e-01	 0.000000000000000e+00 -7.071067811865476e-01  7.071067811865476e-01	 0.000000000000000e+00 -7.730720104449091e+02  7.730720104449091e+02	1	0	0.000000000000000e+00	0.000000000000000e+00	0.000000000000000e+00
9	-5.773502691896258e-01 -5.773502691896258e-01 -5.773502691896258e-01	 7.071067811865476e-01 -7.071067811865476e-01  0.000000000000000e+00	 9.560920457780206e+02 -9.560920457780206e+02  0.000000000000000e+00	1	0	0.000000000000000e+00	0.000000000000000e+00	0.000000000000000e+00
10	-5.773502691896258e-01 -5.773502691896258e-01 -5.773502691896258e-01	 7.071067811865476e-01  0.000000000000000e+00 -7.071067811865476e-01	 1.580785037041196e+03  0.000000000000000e+00 -1.580785037041196e+03	1	0	0.000000000000000e+00	0.000000000000000e+00	0.000000000000000e+00
11	-5.773502691896258e-01 -5.773502691896258e-01 -5.773502691896258e-01	 0.000000000000000e+00  7.071067811865476e-01 -7.071067811865476e-01	 0.000000000000000e+00  1.161628741609527e+03 -1.161628741609527e+03	1	0	0.000000000000000e+00	0.000000000000000e+00	0.000000000000000e+00
12	-5.773502691896258e-01 -5.773502691896258e-01 -5.773502691896258e-01	-7.071067811865476e-01  7.071067811865476e-01  0.000000000000000e+00	-1.662768775266123e+02  1.662768775266123e+02  0.000000000000000e+00	1	0	0.000000000000000e+00	0.000000000000000e+00	0.000000000000000e+00
13	5.773502691896258e-01 5.773502691896258e-01 5.773502691896258e-01	0.000000000000000e+00 0.000000000000000e+00 0.000000000000000e+00	-2.170837012152994e+02  1.154700538379251e+02  5.877425740350395e+02	1	1	0.000000000000000e+00	0.000000000000000e+00	0.000000000000000e+00
14	-5.773502691896258e-01  5.773502691896258e-01 -5.773502691896258e-01	 7.071067811865476e-01  0.000000000000000e+00 -7.071067811865476e-01	-5.328942984620248e+02  0.000000000000000e+00  5.328942984620248e+02	1	0	0.000000000000000e+00	0.000000000000000e+00	0.000000000000000e+00
15	-5.773502691896258e-01  5.773502691896258e-01 -5.773502691896258e-01	-3.124842898819631e-18  7.071067811865476e-01  7.071067811865476e-01	 8.547268868455420e-16 -1.934123401785247e+02 -1.934123401785247e+02	1	0	0.000000000000000e+00	0.000000000000000e+00	0.000000000000000e+00
16	-5.773502691896258e-01  5.773502691896258e-01 -5.773502691896258e-01	 7.071067811865476e-01  7.071067811865476e-01 -3.124842898819631e-18	 5.519468573452824e+02  5.519468573452824e+02 -2.439160906938323e-15	1	0	0.000000000000000e+00	0.000000000000000e+00	0.000000000000000e+00
17	-5.773502691896258e-01  5.773502691896258e-01 -5.773502691896258e-01	-7.071067811865476e-01  0.000000000000000e+00  7.071067811865476e-01	 1.412198758437825e+03  0.000000000000000e+00 -1.412198758437825e+03	1	0	0.000000000000000e+00	0.000000000000000e+00	0.000000000000000e+00
18	-5.773502691896258e-01  5.773502691896258e-01 -5.773502691896258e-01	-3.124842898819631e-18  7.071067811865476e-01  7.071067811865476e-01	 9.389238637586849e-16 -2.124648990617823e+02 -2.124648990617823e+02	1	0	0.000000000000000e+00	0.000000000000000e+00	0.000000000000000e+00
19	-5.773502691896258e-01  5.773502691896258e-01 -5.773502691896258e-01	-7.071067811865476e-01 -7.071067811865476e-01  3.124842898819631e-18	-7.851963660978913e+01 -7.851963660978913e+01  3.469936018238618e-16	1	0	0.000000000000000e+00	0.000000000000000e+00	0.000000000000000e+00
20	 5.773502691896258e-01 -5.773502691896258e-01  5.773502691896258e-01	0.000000000000000e+00 0.000000000000000e+00 0.000000000000000e+00	-7.597929542535472e+02  6.027536810339691e+02  3.059956426705008e+02	1	1	0.000000000000000e+00	0.000000000000000e+00	0.000000000000000e+00
0	0	1	0
6	0	1	0
5	5	0	0
6	5	0	0
0	6	0	0
5	0	6	0
1	1	2	0
6	1	2	0
0	1	7	0
1	7	1	0
2	2	3	0
6	2	3	0
1	2	8	0
2	8	2	0
3	3	4	0
6	3	4	0
2	3	9	0
3	9	3	0
4	4	5	0
6	4	5	0
3	4	10	0
4	10	4	0
4	5	11	0
5	11	5	0
5	6	66	0
0	67	6	0
0	7	42	0
1	68	7	0
2	69	8	0
1	8	70	0
2	9	71	0
3	72	9	0
3	10	38	0
4	73	10	0
5	74	11	0
4	11	75	0
7	12	13	0
13	12	13	0
12	17	12	0
13	17	12	0
7	18	12	0
12	12	18	0
8	13	14	0
13	13	14	0
7	13	19	0
8	19	13	0
9	14	15	0
13	14	15	0
8	14	20	0
9	20	14	0
10	15	16	0
13	15	16	0
9	15	21	0
10	21	15	0
11	16	17	0
13	16	17	0
10	16	22	0
11	22	16	0
11	17	23	0
12	23	17	0
7	76	18	0
12	18	110	0
7	19	78	0
8	79	19	0
8	20	80	0
9	111	20	0
10	83	21	0
9	21	112	0
10	22	84	0
11	85	22	0
11	23	87	0
12	113	23	0
14	24	25	0
20	24	25	0
19	29	24	0
20	29	24	0
14	30	24	0
19	24	30	0
15	25	26	0
20	25	26	0
14	25	31	0
15	31	25	0
16	26	27	0
20	26	27	0
15	26	32	0
16	32	26	0
17	27	28	0
20	27	28	0
16	27	33	0
17	33	27	0
18	28	29	0
20	28	29	0
17	28	34	0
18	34	28	0
18	29	35	0
19	35	29	0
14	88	30	0
19	30	89	0
14	31	90	0
15	91	31	0
16	40	32	0
15	32	92	0
17	93	33	0
16	33	94	0
17	34	95	0
18	96	34	0
19	36	35	0
18	35	97	0
19	98	36	0
15	36	99	0
15	100	36	0
1	38	101	0
1	102	38	0
3	38	103	0
16	104	40	0
18	40	105	0
18	106	40	0
0	42	107	0
4	42	108	0
4	109	42	0
5	66	44	0
5	44	74	0
0	45	67	0
0	107	45	0
1	46	68	0
1	101	46	0
2	47	69	0
2	71	47	0
1	70	48	0
1	48	102	0
3	49	72	0
3	103	49	0
4	50	73	0
4	108	50	0
4	75	51	0
4	51	109	0
7	52	76	0
7	78	52	0
12	114	53	0
12	53	115	0
8	54	79	0
8	80	54	0
9	55	116	0
9	117	55	0
10	56	83	0
10	84	56	0
11	57	85	0
11	87	57	0
14	58	88	0
14	90	58	0
19	89	59	0
19	59	98	0
15	60	91	0
15	99	60	0
15	92	61	0
15	61	100	0
17	62	93	0
17	95	62	0
16	94	63	0
16	63	104	0
18	64	96	0
18	105	64	0
18	97	65	0
18	65	106	0
12	110	77	0
12	77	114	0
9	81	111	0
9	116	81	0
9	112	82	0
9	82	117	0
12	86	113	0
12	115	86	0
