114
21
172
0	1.570392732195782e+03 3.025315410553647e+02 8.256108849411653e+02	0.000000000000000e+00 0.000000000000000e+00 0.000000000000000e+00	1.000000000000000e+00	0	0	0
1	 1.130451827073287e+03 -5.773502691896260e+02  1.265551790063660e+03	0.000000000000000e+00 0.000000000000000e+00 0.000000000000000e+00	1.000000000000000e+00	0	0	1
2	-1.974537920628516e+02 -1.241303078757696e+03  6.015989804955904e+02	0.000000000000000e+00 0.000000000000000e+00 0.000000000000000e+00	1.000000000000000e+00	0	0	2
3	 2.032272947547480e+02 -1.641984165575296e+03  1.402961154130791e+03	0.000000000000000e+00 0.000000000000000e+00 0.000000000000000e+00	1.000000000000000e+00	0	0	3
4	 6.431681998772439e+02 -7.621023553303065e+02  9.630202490082960e+02	0.000000000000000e+00 0.000000000000000e+00 0.000000000000000e+00	1.000000000000000e+00	0	0	4
5	 1.971073819013383e+03 -9.814954576223676e+01  1.626973058576365e+03	0.000000000000000e+00 0.000000000000000e+00 0.000000000000000e+00	1.000000000000000e+00	0	0	5
6	1.569585692388103e+03 3.033385808630434e+02 8.264179247488440e+02	-1.234931260114536e-04  1.306674530496821e-04  1.196744851768017e-04	1.000000000000000e+00	0	0	6
7	 1.126473627967583e+03 -5.733720700839222e+02  1.269529989169364e+03	-1.303605929327508e-03  1.303605929327508e-03  1.303605929327508e-03	1.000000000000000e+00	0	0	7
8	-1.966821012437638e+02 -1.242074769576784e+03  6.008272896765026e+02	 1.082142043742351e-04 -1.093691826099530e-04 -1.093809041776694e-04	1.000000000000000e+00	0	0	8
9	 2.032397945790211e+02 -1.641996665399569e+03  1.402948654306518e+03	 7.944149729155470e-06 -8.469397471344564e-06 -7.375042969215428e-06	1.000000000000000e+00	0	0	9
10	 6.464716467917192e+02 -7.654058022447819e+02  9.597168020938207e+02	 1.225129856417577e-03 -1.225129856417576e-03 -1.225129856417577e-03	1.000000000000000e+00	0	0	10
11	 1.971283065526258e+03 -9.835879227511154e+01  1.626763812063491e+03	 3.840453064185567e-05 -3.787190507864580e-05 -3.768836177187040e-05	1.000000000000000e+00	0	0	11
12	-2.170837012152994e+02  1.154700538379251e+02  5.877425740350395e+02	0.000000000000000e+00 0.000000000000000e+00 0.000000000000000e+00	1.000000000000000e+00	12	0	12
13	 1.408734656822689e+02 -6.004442799572098e+02  9.456997409326077e+02	0.000000000000000e+00 0.000000000000000e+00 0.000000000000000e+00	1.000000000000000e+00	12	0	13
14	 9.214510296266424e+02 -9.907330619293978e+02  5.554109589604201e+02	0.000000000000000e+00 0.000000000000000e+00 0.000000000000000e+00	1.000000000000000e+00	12	0	14
15	 1.853294364098699e+03 -5.888972745734176e+01 -1.308275709983692e+03	0.000000000000000e+00 0.000000000000000e+00 0.000000000000000e+00	1.000000000000000e+00	12	0	15
16	 1.495337197201131e+03  6.570246063377946e+02 -1.666232876881260e+03	0.000000000000000e+00 0.000000000000000e+00 0.000000000000000e+00	1.000000000000000e+00	12	0	16
17	 7.147596332567570e+02  1.047313388309982e+03 -1.275944094909073e+03	0.000000000000000e+00 0.000000000000000e+00 0.000000000000000e+00	1.000000000000000e+00	12	0	17
18	-2.187814346337155e+02  1.137723204195089e+02  5.860448406166234e+02	-2.339747055278470e-04 -2.339747055278470e-04 -2.339747055278470e-04	1.000000000000000e+00	12	0	18
19	 1.433097580350050e+02 -5.980079876044738e+02  9.481360332853438e+02	3.309636473810921e-04 3.309636473810921e-04 3.309636473810921e-04	1.000000000000000e+00	12	0	19
20	 9.220500911174745e+02 -9.901340004385656e+02  5.560100204512522e+02	1.081229420378804e-04 1.019133778754622e-04 1.030687853926793e-04	1.000000000000000e+00	12	0	20
21	 1.854143870860283e+03 -5.804022069575801e+01 -1.307426203222109e+03	1.197732635773718e-04 1.195214281324297e-04 1.197769379359670e-04	1.000000000000000e+00	12	0	21
22	 1.497672103878171e+03  6.593595130148345e+02 -1.663897970204220e+03	3.385455056559294e-04 3.385455056559294e-04 3.385455056559294e-04	1.000000000000000e+00	12	0	22
23	 7.241705681887848e+02  1.056724323242010e+03 -1.266533159977045e+03	1.295513318230708e-03 1.295513318230708e-03 1.295513318230709e-03	1.000000000000000e+00	12	0	23
24	-7.597929542535472e+02  6.027536810339691e+02  3.059956426705008e+02	0.000000000000000e+00 0.000000000000000e+00 0.000000000000000e+00	1.000000000000000e+00	24	0	24
25	-1.191650955607388e+03 -2.609623216737101e+02 -1.258623586833382e+02	0.000000000000000e+00 0.000000000000000e+00 0.000000000000000e+00	1.000000000000000e+00	24	0	25
26	 5.126870390403868e+02  5.912066756501777e+02 -9.780313560072266e+02	0.000000000000000e+00 0.000000000000000e+00 0.000000000000000e+00	1.000000000000000e+00	24	0	26
27	 9.572467463163994e+02  1.466469683741651e+02 -1.867150770559250e+03	0.000000000000000e+00 0.000000000000000e+00 0.000000000000000e+00	1.000000000000000e+00	24	0	27
28	 1.389104747670240e+03  1.010362971081845e+03 -1.435292769205410e+03	0.000000000000000e+00 0.000000000000000e+00 0.000000000000000e+00	1.000000000000000e+00	24	0	28
29	-3.152332469775362e+02  1.581939737579582e+02 -5.831237718815206e+02	0.000000000000000e+00 0.000000000000000e+00 0.000000000000000e+00	1.000000000000000e+00	24	0	29
30	-7.603105193014449e+02  6.032712460818668e+02  3.054780776226032e+02	-7.424378418363631e-05  7.450600242009386e-05 -7.131672464311123e-05	1.000000000000000e+00	24	0	30
31	-1.192678105302983e+03 -2.599351719781152e+02 -1.268895083789330e+02	-1.504906103946269e-04  1.482641673646867e-04 -1.502951199654490e-04	1.000000000000000e+00	24	0	31
32	 5.014675911224609e+02  6.024261235681035e+02 -9.892508039251525e+02	-1.532750805684675e-04  1.532750805684676e-04 -1.532750805684676e-04	1.000000000000000e+00	24	0	32
33	 9.531854521348047e+02  1.507082625557598e+02 -1.871212064740845e+03	-5.967080748329560e-04  5.967080748329560e-04 -5.967080748329561e-04	1.000000000000000e+00	24	0	33
34	 1.381376465381343e+03  1.018091253370742e+03 -1.443021051494307e+03	-1.131736362973849e-03  1.131736362973849e-03 -1.131736362973849e-03	1.000000000000000e+00	24	0	34
35	-3.047033984962932e+02  1.476641252767152e+02 -5.725939234002776e+02	 1.594529021531343e-04 -1.594529021531343e-04  1.594529021531343e-04	1.000000000000000e+00	24	0	35
36	-3.299160005792041e+02  1.728767273596261e+02 -5.597014077166738e+02	 6.242849485715851e-05 -6.602329085581005e-05  2.635023556649685e-04	1.000000000000000e+00	24	0	36
38	 6.020702059572363e+02 -8.387838163249830e+02  1.004118242928303e+03	-4.042391180216025e-04  4.042391180216025e-04  4.042391180216025e-04	1.000000000000000e+00	0	0	38
40	 5.277833968429375e+02  5.761103178476274e+02 -1.001040115971192e+03	-9.959223825717345e-05  9.696249617263675e-05 -1.931448059622198e-04	1.000000000000000e+00	24	0	40
42	 1.170553807433018e+03 -4.996727946346732e+02  1.225449809703929e+03	 2.685685515947019e-04 -2.685685515947019e-04 -2.685685515947019e-04	1.000000000000000e+00	0	0	42
44	1.770871157792742e+03 1.020531154584046e+02 1.226154462063833e+03	 2.211143510066904e-05 -2.211143510066904e-05 -2.199410482717212e-05	1.000000000000000e+00	0	0	44
45	 1.368023360279165e+03 -9.612592029276499e+01  1.027980256857782e+03	-3.114638093393296e-04  3.099167661275715e-04  3.114638093393296e-04	1.000000000000000e+00	0	0	45
46	 8.600680344307706e+02 -7.018927784459870e+02  1.141009280807299e+03	-2.119548851624131e-03  2.109890105202794e-03  2.109890105202794e-03	1.000000000000000e+00	0	0	46
47	 3.571891709561934e+00 -1.442328762530110e+03  1.001595233557696e+03	 9.901730663841590e-05 -9.901730663841590e-05 -9.894597314996645e-05	1.000000000000000e+00	0	0	47
48	 2.045412327535933e+02 -1.042272523849800e+03  8.006295354034862e+02	 1.717089471640065e-04 -1.706536713754758e-04 -1.706536713754758e-04	1.000000000000000e+00	0	0	48
49	 4.026738736805676e+02 -1.240414547422394e+03  1.203514575204972e+03	-1.268327760044485e-04  1.253080845344812e-04  1.268327760044485e-04	1.000000000000000e+00	0	0	49
50	 9.142735771274811e+02 -6.382128546921717e+02  1.086909749646431e+03	 2.235629362985492e-03 -2.195198554545641e-03 -2.195198554545641e-03	1.000000000000000e+00	0	0	50
51	 1.571212476346929e+03 -2.993082354289791e+02  1.425814368909623e+03	 1.397940359311178e-04 -1.392220874549821e-04 -1.392220874549821e-04	1.000000000000000e+00	0	0	51
52	-3.734817894419871e+01 -2.417292219036412e+02  7.674780963061399e+02	1.179280443466268e-04 1.182799896923825e-04 1.179280443466268e-04	1.000000000000000e+00	12	0	52
53	 2.489832360537298e+02  5.815369911069544e+02 -3.439552774939037e+02	9.983253221435007e-06 9.983253221435007e-06 1.004961814032868e-05	1.000000000000000e+00	12	0	53
54	 5.311871561743066e+02 -7.955397819084736e+02  7.506042389813446e+02	2.980387398565654e-05 3.634808672359213e-05 3.634808672359213e-05	1.000000000000000e+00	12	0	54
55	 1.387451675619067e+03 -5.247324159369746e+02 -3.763533082581626e+02	1.328137113887351e-05 1.328137113887351e-05 1.330877512373263e-05	1.000000000000000e+00	12	0	55
56	 1.676232412923204e+03  3.009794596547068e+02 -1.485337661159188e+03	2.546595642343163e-04 2.533904626034200e-04 2.546595642343163e-04	1.000000000000000e+00	12	0	56
57	 1.098146286728629e+03  8.448169623183373e+02 -1.478440520900718e+03	-6.888687494210899e-04 -8.089099428616464e-04 -8.089099428616464e-04	1.000000000000000e+00	12	0	57
58	-9.771606648496270e+02  1.723410774597880e+02  8.862793207442270e+01	-1.885997189674526e-04  1.904050004668534e-04 -1.885997189674526e-04	1.000000000000000e+00	24	0	58
59	-5.443522651860067e+02  3.873129919664284e+02 -1.263523052007928e+02	-5.594219692284241e-05  5.594219692284241e-05 -5.616027192445472e-05	1.000000000000000e+00	24	0	59
60	-7.610742937991654e+02 -4.376144344630608e+01 -3.430632369107433e+02	-2.032971242442727e-04  2.002846013056114e-04 -2.002846013056114e-04	1.000000000000000e+00	24	0	60
61	 8.435685719509516e+01  3.889974298704121e+02 -7.758221102274615e+02	 3.773367643589154e-05 -3.760662002605386e-05  3.760662002605386e-05	1.000000000000000e+00	24	0	61
62	 1.171203096898893e+03  5.804187437716978e+02 -1.653194419976757e+03	-4.130129818804562e-04  3.919059527106583e-04 -4.130129818804562e-04	1.000000000000000e+00	24	0	62
63	 7.341939823205746e+02  3.696997323699902e+02 -1.442408996866991e+03	-1.044415985234082e-03  1.044415985234082e-03 -1.042863703332841e-03	1.000000000000000e+00	24	0	63
64	 9.614975237999884e+02  7.903750946977198e+02 -1.215304892821285e+03	 5.474202916957438e-04 -4.964999970979989e-04  4.964999970979989e-04	1.000000000000000e+00	24	0	64
65	 1.135285339051195e+02  3.598371203744036e+02 -7.847669184979684e+02	 4.312327291700058e-05 -4.273512240615673e-05  4.273512240615673e-05	1.000000000000000e+00	24	0	65
66	1.671085639504983e+03 2.018386337461641e+02 1.025425169004548e+03	 8.198280556825921e-05 -8.198280556825921e-05 -8.321114000864327e-05	1.000000000000000e+00	0	0	66
67	1.467904375144057e+03 1.045210530338806e+02 9.280992419928905e+02	-3.555382427293807e-04  3.593191213440150e-04  3.555382427293807e-04	1.000000000000000e+00	0	0	67
68	 9.926219734802958e+02 -6.368619832441068e+02  1.206040076009179e+03	-1.916303532198071e-03  1.984048634767532e-03  1.984048634767532e-03	1.000000000000000e+00	0	0	68
69	-9.665445615507268e+01 -1.342102414665475e+03  8.013105852873505e+02	 8.716585580259562e-05 -8.716585580259562e-05 -8.713966963114217e-05	1.000000000000000e+00	0	0	69
70	 4.330487462990646e+00 -1.142579143240173e+03  7.003229160131127e+02	 1.957589265657589e-04 -1.964420807780698e-04 -1.964420807780698e-04	1.000000000000000e+00	0	0	70
71	 1.035776294365478e+02 -1.542334500257096e+03  1.202101348552749e+03	 8.259763126261532e-05 -8.259763126261532e-05 -8.218416769523174e-05	1.000000000000000e+00	0	0	71
72	 3.028854671730717e+02 -1.441133197175724e+03  1.303302981712468e+03	-7.135936903068796e-05  7.088027632562444e-05  7.135936903068796e-05	1.000000000000000e+00	0	0	72
73	 7.825198855796034e+02 -7.042045961169192e+02  1.020918008221683e+03	 2.074352465569973e-03 -2.180016133934259e-03 -2.180016133934259e-03	1.000000000000000e+00	0	0	73
74	1.870827909344156e+03 2.096363906991225e+00 1.426708303817053e+03	-1.229002282343572e-05  1.229002282343572e-05  1.234730916621629e-05	1.000000000000000e+00	0	0	74
75	 1.771382606921562e+03 -1.989676606883368e+02  1.526154943650266e+03	 1.121049426728860e-04 -1.115958439186215e-04 -1.115958439186215e-04	1.000000000000000e+00	0	0	75
76	-1.269441321984375e+02 -6.285103399714023e+01  6.778821430519012e+02	8.317842730320990e-05 8.515860827174038e-05 8.317842730320990e-05	1.000000000000000e+00	12	0	76
77	1.415421490946853e+01 3.467079699626931e+02 1.200761003562298e+02	-2.486652811057866e-04 -2.486652811057866e-04 -2.548402408137918e-04	1.000000000000000e+00	12	0	77
78	 5.238305078906876e+01 -4.204587660233717e+02  8.572093260394074e+02	1.590091851539910e-04 1.613451167941093e-04 1.590091851539910e-04	1.000000000000000e+00	12	0	78
79	 3.366552490483284e+02 -6.973969373801356e+02  8.487470835096826e+02	1.268721098313108e-04 1.217359240399674e-04 1.217359240399674e-04	1.000000000000000e+00	12	0	79
80	 7.290027498400002e+02 -8.904593822012222e+02  6.556846386885960e+02	3.510737733449787e-04 3.522060578688979e-04 3.522060578688979e-04	1.000000000000000e+00	12	0	80
81	 1.154292331576951e+03 -7.578917599790898e+02  8.936956773882528e+01	-1.476116085541435e-05 -1.476116085541435e-05 -1.480693299527047e-05	1.000000000000000e+00	12	0	81
82	 1.620898839146244e+03 -2.912852524097975e+02 -8.417876624757943e+02	8.137612167047337e-05 8.137612167047337e-05 8.167868509190157e-05	1.000000000000000e+00	12	0	82
83	 1.764988762732415e+03  1.212667074017430e+02 -1.396581311349976e+03	1.619435206521302e-04 1.603892014827579e-04 1.619435206521302e-04	1.000000000000000e+00	12	0	83
84	 1.586719817766089e+03  4.799374719707928e+02 -1.574850256316302e+03	2.652516413945705e-04 2.645755012053996e-04 2.652516413945705e-04	1.000000000000000e+00	12	0	84
85	 1.303876624731866e+03  7.581107753890888e+02 -1.565146707829966e+03	4.085078253410757e-04 3.526564396452159e-04 3.526564396452159e-04	1.000000000000000e+00	12	0	85
86	 4.823211657379663e+02  8.148749207911909e+02 -8.094830803424654e+02	9.173370926873758e-05 9.173370926873758e-05 9.701115777716041e-05	1.000000000000000e+00	12	0	86
87	 9.202490602547798e+02  9.595973950604553e+02 -1.363660088158600e+03	1.414639409631491e-03 1.285439240746200e-03 1.285439240746200e-03	1.000000000000000e+00	12	0	87
88	-8.680907132003460e+02  3.871613767258698e+02  1.976978837237037e+02	-3.571101842680946e-05  3.667625423986465e-05 -3.571101842680946e-05	1.000000000000000e+00	24	0	88
89	-6.535405749121569e+02  4.965013016925786e+02  8.835519966069106e+01	-2.358681085752323e-04  2.358681085752323e-04 -2.356406039325520e-04	1.000000000000000e+00	24	0	89
90	-1.085529178178483e+03 -4.319381180657598e+01 -1.974058125443367e+01	-2.515774976927787e-04  2.507352619431913e-04 -2.515774976927787e-04	1.000000000000000e+00	24	0	90
91	-9.762777009135106e+02 -1.524435173394424e+02 -2.343811630176071e+02	-9.339447569800541e-05  9.291360038332641e-05 -9.291360038332641e-05	1.000000000000000e+00	24	0	91
92	 2.929140360506757e+02  4.957143617265664e+02 -8.825390420836158e+02	-6.665923865512013e-05  6.514308915939182e-05 -6.514308915939182e-05	1.000000000000000e+00	24	0	92
93	 1.062688729824839e+03  3.651199063916354e+02 -1.761708787050811e+03	-3.637300396803766e-04  3.690548473969102e-04 -3.637300396803766e-04	1.000000000000000e+00	24	0	93
94	 8.426178875683262e+02  2.612758271222386e+02 -1.657954156828888e+03	-9.723238763399422e-04  9.723238763399422e-04 -9.923849720507860e-04	1.000000000000000e+00	24	0	94
95	 1.272052083288453e+03  8.032492416510465e+02 -1.552345433587197e+03	-1.116087543778121e-03  1.067070290446281e-03 -1.116087543778121e-03	1.000000000000000e+00	24	0	95
96	 1.169256948942425e+03  9.062935387401153e+02 -1.331223336863680e+03	-5.748291150666773e-04  5.653200787492096e-04 -5.653200787492096e-04	1.000000000000000e+00	24	0	96
97	-9.613200540960239e+01  2.542618977922305e+02 -6.791916959157952e+02	 8.582661394029856e-05 -8.253245323430747e-05  8.253245323430747e-05	1.000000000000000e+00	24	0	97
98	-4.333647048208321e+02  2.763254316012538e+02 -3.393328824809734e+02	 3.679219516925514e-04 -3.679219516925514e-04  3.517048317007720e-04	1.000000000000000e+00	24	0	98
99	-5.464674711813461e+02  6.551302358296979e+01 -4.523377039400192e+02	-4.012847202830017e-04  4.011359997093678e-04 -4.011359997093678e-04	1.000000000000000e+00	24	0	99
100	-1.260416401494059e+02  2.839013303716844e+02 -6.707260107287337e+02	 8.626636554254219e-05 -9.828840848058462e-05  9.828840848058462e-05	1.000000000000000e+00	24	0	100
101	 7.295770463522011e+02 -7.689973954460811e+02  1.073904663807205e+03	-1.937761553563178e-03  1.830231631174684e-03  1.830231631174684e-03	1.000000000000000e+00	0	0	101
102	 4.039082341746314e+02 -9.411275125609429e+02  9.017745466923432e+02	 2.716133349167649e-05 -2.591741576907225e-05 -2.591741576907225e-05	1.000000000000000e+00	0	0	102
103	 5.017554317190918e+02 -1.038980865414996e+03  1.104433017166448e+03	-2.747916441876441e-04  2.738177136052400e-04  2.747916441876441e-04	1.000000000000000e+00	0	0	103
104	 6.268092162518709e+02  4.770844984386939e+02 -1.225631536842490e+03	-1.011469983495772e-03  1.011469983495772e-03 -9.415414533577859e-04	1.000000000000000e+00	24	0	104
105	 7.439827816970694e+02  6.838338472713428e+02 -1.108763645394908e+03	 4.627885064110160e-04 -4.654253425542265e-04  4.654253425542265e-04	1.000000000000000e+00	24	0	105
106	 3.242117617295486e+02  4.647430141154608e+02 -8.896728122390255e+02	-6.451417721109465e-05  7.890383130870759e-05 -7.890383130870759e-05	1.000000000000000e+00	24	0	106
107	 1.268222629194310e+03 -2.968471719947912e+02  1.127780987942638e+03	-2.665773790795356e-04  2.607238420750946e-04  2.665773790795356e-04	1.000000000000000e+00	0	0	107
108	 1.044439537918843e+03 -5.707693078380869e+02  1.154353296500516e+03	 1.999489963054657e-03 -1.852668588981032e-03 -1.852668588981032e-03	1.000000000000000e+00	0	0	108
109	 1.371230228119729e+03 -3.998400747772073e+02  1.325282529561395e+03	 2.175056870328262e-04 -2.177701535401866e-04 -2.177701535401866e-04	1.000000000000000e+00	0	0	109
110	-1.042669648946067e+02  2.282867901586179e+02  3.511219035969964e+02	-5.089848418720067e-04 -5.089848418720067e-04 -5.077744717709720e-04	1.000000000000000e+00	12	0	110
111	 1.037509428598647e+03 -8.746746629573940e+02  3.220298960981376e+02	-4.646607703762129e-05 -4.646607703762129e-05 -4.599465682986192e-05	1.000000000000000e+00	12	0	111
112	 1.737659379937763e+03 -1.745247116182786e+02 -1.074468714649389e+03	1.193852076539770e-04 1.193852076539770e-04 1.195873992401175e-04	1.000000000000000e+00	12	0	112
113	 6.033327298601063e+02  9.358864849133307e+02 -1.037784075363067e+03	7.019814220257103e-04 7.019814220257103e-04 7.423062343150377e-04	1.000000000000000e+00	12	0	113
114	 1.324752795546726e+02  4.650290346078972e+02 -1.110232590971922e+02	2.745947767834878e-06 2.745947767834878e-06 2.343282176298089e-06	1.000000000000000e+00	12	0	114
115	 3.650428518677205e+02  6.975966069209451e+02 -5.773376242394177e+02	-4.521839946391992e-05 -4.521839946391992e-05 -4.537855056696571e-05	1.000000000000000e+00	12	0	115
116	 1.270877151133127e+03 -6.413069404229147e+02 -1.434866784332670e+02	-5.568399501498789e-07 -5.568399501498789e-07 -5.577618935603823e-07	1.000000000000000e+00	12	0	116
117	 1.504117726800757e+03 -4.080663647552844e+02 -6.091281370995272e+02	3.975092477048747e-05 3.975092477048747e-05 3.988440585089847e-05	1.000000000000000e+00	12	0	117
0	-5.773502691896258e-01  5.773502691896258e-01  5.773502691896258e-01	-7.071067811865476e-01  3.124842898819631e-18 -7.071067811865476e-01	 1.198001808568474e+03 -5.294203851356715e-15  1.198001808568474e+03	1	0	0.000000000000000e+00	0.000000000000000e+00	0.000000000000000e+00
1	-5.773502691896258e-01  5.773502691896258e-01  5.773502691896258e-01	 0.000000000000000e+00  7.071067811865476e-01 -7.071067811865476e-01	 0.000000000000000e+00 -9.214510296266430e+02  9.214510296266430e+02	1	0	0.000000000000000e+00	0.000000000000000e+00	0.000000000000000e+00
2	-5.773502691896258e-01  5.773502691896258e-01  5.773502691896258e-01	 7.071067811865476e-01  7.071067811865476e-01 -3.124842898819631e-18	-7.193784354102739e+02 -7.193784354102739e+02  3.179073734356852e-15	1	0	0.000000000000000e+00	0.000000000000000e+00	0.000000000000000e+00
3	-5.773502691896258e-01  5.773502691896258e-01  5.773502691896258e-01	 7.071067811865476e-01 -3.124842898819631e-18  7.071067811865476e-01	 8.030942244427697e+02 -3.549030148066116e-15  8.030942244427697e+02	1	0	0.000000000000000e+00	0.000000000000000e+00	0.000000000000000e+00
4	-5.773502691896258e-01  5.773502691896258e-01  5.773502691896258e-01	 0.000000000000000e+00  7.071067811865476e-01 -7.071067811865476e-01	 0.000000000000000e+00 -8.625613021693013e+02  8.625613021693013e+02	1	0	0.000000000000000e+00	0.000000000000000e+00	0.000000000000000e+00
5	-5.773502691896258e-01  5.773502691896258e-01  5.773502691896258e-01	-7.071067811865476e-01 -7.071067811865476e-01  3.124842898819631e-18	 9.364621366255734e+02  9.364621366255734e+02 -4.138408986458117e-15	1	0	0.000000000000000e+00	0.000000000000000e+00	0.000000000000000e+00
6	 5.773502691896258e-01 -5.773502691896258e-01 -5.773502691896258e-01	0.000000000000000e+00 0.000000000000000e+00 0.000000000000000e+00	1.570392732195782e+03 3.025315410553647e+02 8.256108849411653e+02	1	1	0.000000000000000e+00	0.000000000000000e+00	0.000000000000000e+00
7	-5.773502691896258e-01 -5.773502691896258e-01 -5.773502691896258e-01	-7.071067811865476e-01  0.000000000000000e+00  7.071067811865476e-01	-4.024131376251693e+02  0.000000000000000e+00  4.024131376251693e+02	1	0	0.000000000000000e+00	0.000000000000000e+00	0.000000000000000e+00
8	-5.773502691896258e-01 -5.773502691896258e-01 -5.773502691896258e-01	 0.000000000000000e+00 -7.071067811865476e-01  7.071067811865476e-01	 0.000000000000000e+00 -7.730720104449091e+02  7.730720104449091e+02	1	0	0.000000000000000e+00	0.000000000000000e+00	0.000000000000000e+00
9	-5.773502691896258e-01 -5.773502691896258e-01 -5.773502691896258e-01	 7.071067811865476e-01 -7.071067811865476e-01  0.000000000000000e+00	 9.560920457780206e+02 -9.560920457780206e+02  0.000000000000000e+00	1	0	0.000000000000000e+00	0.000000000000000e+00	0.000000000000000e+00
10	-5.773502691896258e-01 -5.773502691896258e-01 -5.773502691896258e-01	 7.071067811865476e-01  0.000000000000000e+00 -7.071067811865476e-01	 1.580785037041196e+03  0.000000000000000e+00 -1.580785037041196e+03	1	0	0.000000000000000e+00	0.000000000000000e+00	0.000000000000000e+00
11	-5.773502691896258e-01 -5.773502691896258e-01 -5.773502691896258e-01	 0.000000000000000e+00  7.071067811865476e-01 -7.071067811865476e-01	 0.000000000000000e+00  1.161628741609527e+03 -1.161628741609527e+03	1	0	0.000000000000000e+00	0.000000000000000e+00	0.000000000000000e+00
12	-5.773502691896258e-01 -5.773502691896258e-01 -5.773502691896258e-01	-7.071067811865476e-01  7.071067811865476e-01  0.000000000000000e+00	-1.662768775266123e+02  1.662768775266123e+02  0.000000000000000e+00	1	0	0.000000000000000e+00	0.000000000000000e+00	0.000000000000000e+00
13	5.773502691896258e-01 5.773502691896258e-01 5.773502691896258e-01	0.000000000000000e+00 0.000000000000000e+00 0.000000000000000e+00	-2.170837012152994e+02  1.154700538379251e+02  5.877425740350395e+02	1	1	0.000000000000000e+00	0.000000000000000e+00	0.000000000000000e+00
14	-5.773502691896258e-01  5.773502691896258e-01 -5.773502691896258e-01	 7.071067811865476e-01  0.000000000000000e+00 -7.071067811865476e-01	-5.328942984620248e+02  0.000000000000000e+00  5.328942984620248e+02	1	0	0.000000000000000e+00	0.000000000000000e+00	0.000000000000000e+00
15	-5.773502691896258e-01  5.773502691896258e-01 -5.773502691896258e-01	-3.124842898819631e-18  7.071067811865476e-01  7.071067811865476e-01	 8.547268868455420e-16 -1.934123401785247e+02 -1.934123401785247e+02	1	0	0.000000000000000e+00	0.000000000000000e+00	0.000000000000000e+00
16	-5.773502691896258e-01  5.773502691896258e-01 -5.773502691896258e-01	 7.071067811865476e-01  7.071067811865476e-01 -3.124842898819631e-18	 5.519468573452824e+02  5.519468573452824e+02 -2.439160906938323e-15	1	0	0.000000000000000e+00	0.000000000000000e+00	0.000000000000000e+00
17	-5.773502691896258e-01  5.773502691896258e-01 -5.773502691896258e-01	-7.071067811865476e-01  0.000000000000000e+00  7.071067811865476e-01	 1.412198758437825e+03  0.000000000000000e+00 -1.412198758437825e+03	1	0	0.000000000000000e+00	0.000000000000000e+00	0.000000000000000e+00
18	-5.773502691896258e-01  5.773502691896258e-01 -5.773502691896258e-01	-3.124842898819631e-18  7.071067811865476e-01  7.071067811865476e-01	 9.389238637586849e-16 -2.124648990617823e+02 -2.124648990617823e+02	1	0	0.000000000000000e+00	0.000000000000000e+00	0.000000000000000e+00
19	-5.773502691896258e-01  5.773502691896258e-01 -5.773502691896258e-01	-7.071067811865476e-01 -7.071067811865476e-01  3.124842898819631e-18	-7.851963660978913e+01 -7.851963660978913e+01  3.469936018238618e-16	1	0	0.000000000000000e+00	0.000000000000000e+00	0.000000000000000e+00
20	 5.773502691896258e-01 -5.773502691896258e-01  5.773502691896258e-01	0.000000000000000e+00 0.000000000000000e+00 0.000000000000000e+00	-7.597929542535472e+02  6.027536810339691e+02  3.059956426705008e+02	1	1	0.000000000000000e+00	0.000000000000000e+00	0.000000000000000e+00
0	0	1	0
6	0	1	0
5	5	0	0
6	5	0	0
0	6	0	0
5	0	6	0
1	1	2	0
6	1	2	0
0	1	7	0
1	7	1	0
2	2	3	0
6	2	3	0
1	2	8	0
2	8	2	0
3	3	4	0
6	3	4	0
2	3	9	0
3	9	3	0
4	4	5	0
6	4	5	0
3	4	10	0
4	10	4	0
4	5	11	0
5	11	5	0
5	6	66	0
0	67	6	0
0	7	42	0
1	68	7	0
2	69	8	0
1	8	70	0
2	9	71	0
3	72	9	0
3	10	38	0
4	73	10	0
5	74	11	0
4	11	75	0
7	12	13	0
13	12	13	0
12	17	12	0
13	17	12	0
7	18	12	0
12	12	18	0
8	13	14	0
13	13	14	0
7	13	19	0
8	19	13	0
9	14	15	0
13	14	15	0
8	14	20	0
9	20	14	0
10	15	16	0
13	15	16	0
9	15	21	0
10	21	15	0
11	16	17	0
13	16	17	0
10	16	22	0
11	22	16	0
11	17	23	0
12	23	17	0
7	76	18	0
12	18	110	0
7	19	78	0
8	79	19	0
8	20	80	0
9	111	20	0
10	83	21	0
9	21	112	0
10	22	84	0
11	85	22	0
11	23	87	0
12	113	23	0
14	24	25	0
20	24	25	0
19	29	24	0
20	29	24	0
14	30	24	0
19	24	30	0
15	25	26	0
20	25	26	0
14	25	31	0
15	31	25	0
16	26	27	0
20	26	27	0
15	26	32	0
16	32	26	0
17	27	28	0
20	27	28	0
16	27	33	0
17	33	27	0
18	28	29	0
20	28	29	0
17	28	34	0
18	34	28	0
18	29	35	0
19	35	29	0
14	88	30	0
19	30	89	0
14	31	90	0
15	91	31	0
16	40	32	0
15	32	92	0
17	93	33	0
16	33	94	0
17	34	95	0
18	96	34	0
19	36	35	0
18	35	97	0
19	98	36	0
15	36	99	0
15	100	36	0
1	38	101	0
1	102	38	0
3	38	103	0
16	104	40	0
18	40	105	0
18	106	40	0
0	42	107	0
4	42	108	0
4	109	42	0
5	66	44	0
5	44	74	0
0	45	67	0
0	107	45	0
1	46	68	0
1	101	46	0
2	47	69	0
2	71	47	0
1	70	48	0
1	48	102	0
3	49	72	0
3	103	49	0
4	50	73	0
4	108	50	0
4	75	51	0
4	51	109	0
7	52	76	0
7	78	52	0
12	114	53	0
12	53	115	0
8	54	79	0
8	80	54	0
9	55	116	0
9	117	55	0
10	56	83	0
10	84	56	0
11	57	85	0
11	87	57	0
14	58	88	0
14	90	58	0
19	89	59	0
19	59	98	0
15	60	91	0
15	99	60	0
15	92	61	0
15	61	100	0
17	62	93	0
17	95	62	0
16	94	63	0
16	63	104	0
18	64	96	0
18	105	64	0
18	97	65	0
18	65	106	0
12	110	77	0
12	77	114	0
9	81	111	0
9	116	81	0
9	112	82	0
9	82	117	0
12	86	113	0
12	115	86	0
