114
21
172
0	1.570392732195782e+03 3.025315410553647e+02 8.256108849411653e+02	0.000000000000000e+00 0.000000000000000e+00 0.000000000000000e+00	1.000000000000000e+00	0	0	0
1	 1.130451827073287e+03 -5.773502691896260e+02  1.265551790063660e+03	0.000000000000000e+00 0.000000000000000e+00 0.000000000000000e+00	1.000000000000000e+00	0	0	1
2	-1.974537920628516e+02 -1.241303078757696e+03  6.015989804955904e+02	0.000000000000000e+00 0.000000000000000e+00 0.000000000000000e+00	1.000000000000000e+00	0	0	2
3	 2.032272947547480e+02 -1.641984165575296e+03  1.402961154130791e+03	0.000000000000000e+00 0.000000000000000e+00 0.000000000000000e+00	1.000000000000000e+00	0	0	3
4	 6.431681998772439e+02 -7.621023553303065e+02  9.630202490082960e+02	0.000000000000000e+00 0.000000000000000e+00 0.000000000000000e+00	1.000000000000000e+00	0	0	4
5	 1.971073819013383e+03 -9.814954576223676e+01  1.626973058576365e+03	0.000000000000000e+00 0.000000000000000e+00 0.000000000000000e+00	1.000000000000000e+00	0	0	5
6	1.569482590712797e+03 3.034416825383490e+02 8.265210264241497e+02	-1.255702518392354e-04  1.341423339908943e-04  1.208803514600731e-04	1.000000000000000e+00	0	0	6
7	 1.125320372604966e+03 -5.722188147213046e+02  1.270683244531981e+03	-1.502056450893482e-03  1.502056450893482e-03  1.502056450893482e-03	1.000000000000000e+00	0	0	7
8	-1.965929317235529e+02 -1.242163939096995e+03  6.007381201562916e+02	 1.076139669748954e-04 -1.089263314497657e-04 -1.089485595002770e-04	1.000000000000000e+00	0	0	8
9	 2.032469302955484e+02 -1.642003801116096e+03  1.402941518589990e+03	 9.500040505372453e-06 -1.013388555293204e-05 -8.807320227788296e-06	1.000000000000000e+00	0	0	9
10	 6.475602231781148e+02 -7.664943786311775e+02  9.586282257074250e+02	 1.422427633466820e-03 -1.422427633466820e-03 -1.422427633466820e-03	1.000000000000000e+00	0	0	10
11	 1.971315007004802e+03 -9.839073375365564e+01  1.626731870584946e+03	 4.043951048515737e-05 -3.978107633884065e-05 -3.954648127546534e-05	1.000000000000000e+00	0	0	11
12	-2.170837012152994e+02  1.154700538379251e+02  5.877425740350395e+02	0.000000000000000e+00 0.000000000000000e+00 0.000000000000000e+00	1.000000000000000e+00	12	0	12
13	 1.408734656822689e+02 -6.004442799572098e+02  9.456997409326077e+02	0.000000000000000e+00 0.000000000000000e+00 0.000000000000000e+00	1.000000000000000e+00	12	0	13
14	 9.214510296266424e+02 -9.907330619293978e+02  5.554109589604201e+02	0.000000000000000e+00 0.000000000000000e+00 0.000000000000000e+00	1.000000000000000e+00	12	0	14
15	 1.853294364098699e+03 -5.888972745734176e+01 -1.308275709983692e+03	0.000000000000000e+00 0.000000000000000e+00 0.000000000000000e+00	1.000000000000000e+00	12	0	15
16	 1.495337197201131e+03  6.570246063377946e+02 -1.666232876881260e+03	0.000000000000000e+00 0.000000000000000e+00 0.000000000000000e+00	1.000000000000000e+00	12	0	16
17	 7.147596332567570e+02  1.047313388309982e+03 -1.275944094909073e+03	0.000000000000000e+00 0.000000000000000e+00 0.000000000000000e+00	1.000000000000000e+00	12	0	17
18	-2.189724878733929e+02  1.135812671798316e+02  5.858537873769461e+02	-2.320185837258274e-04 -2.320185837258274e-04 -2.320185837258274e-04	1.000000000000000e+00	12	0	18
19	 1.435797775624451e+02 -5.977379680770337e+02  9.484060528127839e+02	3.276610999212911e-04 3.276610999212911e-04 3.276610999212911e-04	1.000000000000000e+00	12	0	19
20	 9.221375307001820e+02 -9.900465608558582e+02  5.560974600339597e+02	1.130821256083436e-04 1.061771836248226e-04 1.074527463060804e-04	1.000000000000000e+00	12	0	20
21	 1.854241776243391e+03 -5.794231531264992e+01 -1.307328297839000e+03	1.191897317767143e-04 1.189159884233959e-04 1.191935443785042e-04	1.000000000000000e+00	12	0	21
22	 1.497949471886720e+03  6.596368810233831e+02 -1.663620602195672e+03	3.378893694995592e-04 3.378893694995592e-04 3.378893694995592e-04	1.000000000000000e+00	12	0	22
23	 7.252278740381676e+02  1.057781629091392e+03 -1.265475854127662e+03	1.283270966572066e-03 1.283270966572066e-03 1.283270966572066e-03	1.000000000000000e+00	12	0	23
24	-7.597929542535472e+02  6.027536810339691e+02  3.059956426705008e+02	0.000000000000000e+00 0.000000000000000e+00 0.000000000000000e+00	1.000000000000000e+00	24	0	24
25	-1.191650955607388e+03 -2.609623216737101e+02 -1.258623586833382e+02	0.000000000000000e+00 0.000000000000000e+00 0.000000000000000e+00	1.000000000000000e+00	24	0	25
26	 5.126870390403868e+02  5.912066756501777e+02 -9.780313560072266e+02	0.000000000000000e+00 0.000000000000000e+00 0.000000000000000e+00	1.000000000000000e+00	24	0	26
27	 9.572467463163994e+02  1.466469683741651e+02 -1.867150770559250e+03	0.000000000000000e+00 0.000000000000000e+00 0.000000000000000e+00	1.000000000000000e+00	24	0	27
28	 1.389104747670240e+03  1.010362971081845e+03 -1.435292769205410e+03	0.000000000000000e+00 0.000000000000000e+00 0.000000000000000e+00	1.000000000000000e+00	24	0	28
29	-3.152332469775362e+02  1.581939737579582e+02 -5.831237718815206e+02	0.000000000000000e+00 0.000000000000000e+00 0.000000000000000e+00	1.000000000000000e+00	24	0	29
30	-7.603705591392588e+02  6.033312859196808e+02  3.054180377847891e+02	-7.409394311252981e-05  7.442413334501907e-05 -7.070673018461093e-05	1.000000000000000e+00	24	0	30
31	-1.192801082687095e+03 -2.598121945940028e+02 -1.270124857630455e+02	-1.511846930952743e-04  1.486557448515669e-04 -1.509439316578209e-04	1.000000000000000e+00	24	0	31
32	 5.013435952362552e+02  6.025501194543093e+02 -9.893747998113582e+02	-1.496607437729836e-04  1.496607437729835e-04 -1.496607437729836e-04	1.000000000000000e+00	24	0	32
33	 9.526947660400392e+02  1.511989486505252e+02 -1.871702750835610e+03	-6.000905026060840e-04  6.000905026060840e-04 -6.000905026060840e-04	1.000000000000000e+00	24	0	33
34	 1.380447815932756e+03  1.019019902819329e+03 -1.443949700942893e+03	-1.133096870034933e-03  1.133096870034933e-03 -1.133096870034933e-03	1.000000000000000e+00	24	0	34
35	-3.045767476301423e+02  1.475374744105644e+02 -5.724672725341268e+02	 1.502209537041684e-04 -1.502209537041684e-04  1.502209537041684e-04	1.000000000000000e+00	24	0	35
36	-3.298088874862685e+02  1.727696142666905e+02 -5.595942946237382e+02	 6.565805233549327e-05 -6.499349547084421e-05  2.603736356832087e-04	1.000000000000000e+00	24	0	36
38	 6.017202800108611e+02 -8.384338903786078e+02  1.004468168874679e+03	-4.483812469212959e-04  4.483812469212959e-04  4.483812469212959e-04	1.000000000000000e+00	0	0	38
40	 5.276759296923270e+02  5.762177849982377e+02 -1.001147583121802e+03	-1.095347906812094e-04  1.002141434582882e-04 -1.863659417722374e-04	1.000000000000000e+00	24	0	40
42	 1.170793264664517e+03 -4.999122518661717e+02  1.225210352472430e+03	 3.148643542469169e-04 -3.148643542469168e-04 -3.148643542469169e-04	1.000000000000000e+00	0	0	42
44	1.770889438105887e+03 1.020348351452599e+02 1.226136285011406e+03	 2.247177690151148e-05 -2.247177690151148e-05 -2.233712075394578e-05	1.000000000000000e+00	0	0	44
45	 1.367765843270705e+03 -9.586975489168623e+01  1.028237773866243e+03	-3.166481910739094e-04  3.148976538795978e-04  3.166481910739094e-04	1.000000000000000e+00	0	0	45
46	 8.582649732896037e+02 -7.000986873146817e+02  1.142803371938604e+03	-2.254826482385397e-03  2.242701360955834e-03  2.242701360955834e-03	1.000000000000000e+00	0	0	46
47	 3.653264521886786e+00 -1.442410135342435e+03  1.001513920155646e+03	 9.946434147423133e-05 -9.946434147423133e-05 -9.939099982148036e-05	1.000000000000000e+00	0	0	47
48	 2.046801810997177e+02 -1.042410567944714e+03  8.004914913085720e+02	 1.671495992923155e-04 -1.660003326833248e-04 -1.660003326833248e-04	1.000000000000000e+00	0	0	48
49	 4.025700547388371e+02 -1.240312046376132e+03  1.203618394146702e+03	-1.263761369045824e-04  1.246868487214670e-04  1.263761369045824e-04	1.000000000000000e+00	0	0	49
50	 9.161748747831361e+02 -6.400777419036435e+02  1.085044862434959e+03	 2.378156641498208e-03 -2.330305287614465e-03 -2.330305287614465e-03	1.000000000000000e+00	0	0	50
51	 1.571329665580965e+03 -2.994249039123670e+02  1.425697700426236e+03	 1.460943749407306e-04 -1.453925506211817e-04 -1.453925506211817e-04	1.000000000000000e+00	0	0	51
52	-3.725072600778118e+01 -2.416314518931635e+02  7.675755492425575e+02	1.197458332171664e-04 1.201682171085849e-04 1.197458332171664e-04	1.000000000000000e+00	12	0	52
53	 2.489910801221354e+02  5.815448351753599e+02 -3.439473751979302e+02	9.155295629170723e-06 9.155295629170723e-06 9.230967407347634e-06	1.000000000000000e+00	12	0	53
54	 5.312131445869746e+02 -7.955081931821568e+02  7.506358277076614e+02	3.347944220877253e-05 4.058428021380678e-05 4.058428021380678e-05	1.000000000000000e+00	12	0	54
55	 1.387462724617980e+03 -5.247213669380608e+02 -3.763422351671443e+02	1.366823198623024e-05 1.366823198623024e-05 1.369962046737783e-05	1.000000000000000e+00	12	0	55
56	 1.676439450149880e+03  3.011854023224947e+02 -1.485130623932512e+03	2.503220166545361e-04 2.489218022674322e-04 2.503220166545361e-04	1.000000000000000e+00	12	0	56
57	 1.097606131302204e+03  8.441736314316684e+02 -1.479083851787386e+03	-6.288426811806858e-04 -7.603975827805698e-04 -7.603975827805698e-04	1.000000000000000e+00	12	0	57
58	-9.773137136791227e+02  1.724956762093363e+02  8.847488324492701e+01	-1.846897648647428e-04  1.866634556790814e-04 -1.846897648647428e-04	1.000000000000000e+00	24	0	58
59	-5.443968117227805e+02  3.873575385032022e+02 -1.263970024943097e+02	-5.270883048069663e-05  5.270883048069663e-05 -5.285508450469933e-05	1.000000000000000e+00	24	0	59
60	-7.612427764040531e+02 -4.359560955448557e+01 -3.432290708025639e+02	-2.076422388199717e-04  2.041918487520888e-04 -2.041918487520888e-04	1.000000000000000e+00	24	0	60
61	 8.438773912496495e+01  3.889666711356523e+02 -7.757913514927018e+02	 3.761492916964926e-05 -3.744197965716012e-05  3.744197965716012e-05	1.000000000000000e+00	24	0	61
62	 1.170854776815288e+03  5.807483562243219e+02 -1.653542740060363e+03	-4.363672051113099e-04  4.118354991078377e-04 -4.363672051113099e-04	1.000000000000000e+00	24	0	62
63	 7.333351608310757e+02  3.705585538594892e+02 -1.443266571106248e+03	-1.050287159159780e-03  1.050287159159780e-03 -1.048806821927428e-03	1.000000000000000e+00	24	0	63
64	 9.619411740915807e+02  7.899750579242500e+02 -1.214904856047815e+03	 5.347352125681937e-04 -4.793195112142712e-04  4.793195112142712e-04	1.000000000000000e+00	24	0	64
65	 1.135634446430092e+02  3.598025352638551e+02 -7.847323333874199e+02	 4.201249248581007e-05 -4.160679964115843e-05  4.160679964115843e-05	1.000000000000000e+00	24	0	65
66	1.671153468255410e+03 2.017708049957371e+02 1.025356242781526e+03	 8.344748493982479e-05 -8.344748493982479e-05 -8.489924221066758e-05	1.000000000000000e+00	0	0	66
67	1.467610518554031e+03 1.048182496613587e+02 9.283930985829163e+02	-3.612001601140946e-04  3.655721084214747e-04  3.612001601140946e-04	1.000000000000000e+00	0	0	67
68	 9.909696675092796e+02 -6.351446147957208e+02  1.207757444457565e+03	-2.095612464472651e-03  2.186253666877747e-03  2.186253666877747e-03	1.000000000000000e+00	0	0	68
69	-9.658316834602373e+01 -1.342173702474524e+03  8.012393185621568e+02	 8.671973046148196e-05 -8.671973046148196e-05 -8.669465751154348e-05	1.000000000000000e+00	0	0	69
70	 4.489833686872231e+00 -1.142739072442970e+03  7.001629868103159e+02	 1.928727870108560e-04 -1.936106418725103e-04 -1.936106418725103e-04	1.000000000000000e+00	0	0	70
71	 1.036462113590151e+02 -1.542403082179563e+03  1.202033130406728e+03	 8.468617306789383e-05 -8.468617306789383e-05 -8.421180973527953e-05	1.000000000000000e+00	0	0	71
72	 3.028271596969264e+02 -1.441075305435465e+03  1.303361289188613e+03	-7.085222750902176e-05  7.031729182926938e-05  7.085222750902176e-05	1.000000000000000e+00	0	0	72
73	 7.842854182664441e+02 -7.060695260528141e+02  1.019053078285788e+03	 2.212728839367628e-03 -2.349053043872118e-03 -2.349053043872118e-03	1.000000000000000e+00	0	0	73
74	1.870817614791696e+03 2.106658459450729e+00 1.426718650692803e+03	-1.282480752706761e-05  1.282480752706761e-05  1.289547617489006e-05	1.000000000000000e+00	0	0	74
75	 1.771476534740044e+03 -1.990611316681679e+02  1.526061472670435e+03	 1.170142204500735e-04 -1.164072455139831e-04 -1.164072455139831e-04	1.000000000000000e+00	0	0	75
76	-1.268767334411857e+02 -6.278192809820063e+01  6.779495418091529e+02	8.123276347760111e-05 8.341581997228786e-05 8.123276347760111e-05	1.000000000000000e+00	12	0	76
77	1.395018380265635e+01 3.465039388558809e+02 1.198667229768694e+02	-2.489719481673092e-04 -2.489719481673092e-04 -2.558363485150039e-04	1.000000000000000e+00	12	0	77
78	 5.251458358974366e+01 -4.203252054172242e+02  8.573408588400823e+02	1.617669186089188e-04 1.643767172936350e-04 1.617669186089188e-04	1.000000000000000e+00	12	0	78
79	 3.367630626713928e+02 -6.972935819527538e+02  8.488504389370644e+02	1.361260947305709e-04 1.303888566326350e-04 1.303888566326350e-04	1.000000000000000e+00	12	0	79
80	 7.292868148252880e+02 -8.901744063891794e+02  6.559696145006388e+02	3.417170955799520e-04 3.427991177886724e-04 3.427991177886724e-04	1.000000000000000e+00	12	0	80
81	 1.154280582311941e+03 -7.579035092441004e+02  8.935778050655543e+01	-1.387893280480057e-05 -1.387893280480057e-05 -1.392557987855980e-05	1.000000000000000e+00	12	0	81
82	 1.620965558158382e+03 -2.912185333976590e+02 -8.417206815205815e+02	8.135328243952245e-05 8.135328243952245e-05 8.168958447640762e-05	1.000000000000000e+00	12	0	82
83	 1.765120779163243e+03  1.213973919600742e+02 -1.396449294919149e+03	1.600438117748126e-04 1.583508710609749e-04 1.600438117748126e-04	1.000000000000000e+00	12	0	83
84	 1.586936792657870e+03  4.801538412438465e+02 -1.574633281424522e+03	2.639562007971108e-04 2.631539246067405e-04 2.639562007971108e-04	1.000000000000000e+00	12	0	84
85	 1.304202645116830e+03  7.583876105617878e+02 -1.564869872657267e+03	3.870752116199583e-04 3.230199508834630e-04 3.230199508834630e-04	1.000000000000000e+00	12	0	85
86	 4.823981642309166e+02  8.149519192841411e+02 -8.094014462349903e+02	9.605233935872093e-05 9.605233935872093e-05 1.020861527649686e-04	1.000000000000000e+00	12	0	86
87	 9.214032021445485e+02  9.606408554935938e+02 -1.362616627725461e+03	1.400394830852747e-03 1.259725540876389e-03 1.259725540876389e-03	1.000000000000000e+00	12	0	87
88	-8.681189164035434e+02  3.871904156220101e+02  1.976696805205063e+02	-3.307635779492557e-05  3.414944876567461e-05 -3.307635779492557e-05	1.000000000000000e+00	24	0	88
89	-6.537330796348401e+02  4.966938064152618e+02  8.816289775976466e+01	-2.336526376893744e-04  2.336526376893744e-04 -2.333848678972572e-04	1.000000000000000e+00	24	0	89
90	-1.085734250250585e+03 -4.298945915514429e+01 -1.994565332653542e+01	-2.485882432665676e-04  2.476767112966627e-04 -2.485882432665676e-04	1.000000000000000e+00	24	0	90
91	-9.763556614120979e+02 -1.523659845522608e+02 -2.344586958047886e+02	-9.676730405772105e-05  9.620397759135813e-05 -9.620397759135813e-05	1.000000000000000e+00	24	0	91
92	 2.928593257945653e+02  4.957678137474558e+02 -8.825924941045051e+02	-6.680404476355761e-05  6.525227945530787e-05 -6.525227945530787e-05	1.000000000000000e+00	24	0	92
93	 1.062389988917820e+03  3.654231590310590e+02 -1.762007527957830e+03	-3.649409627541900e-04  3.706121351569891e-04 -3.649409627541900e-04	1.000000000000000e+00	24	0	93
94	 8.418189120891192e+02  2.620748026014456e+02 -1.658770639478422e+03	-9.763987036421895e-04  9.763987036421895e-04 -9.990499820560217e-04	1.000000000000000e+00	24	0	94
95	 1.271153477476112e+03  8.041078834547768e+02 -1.553244039399538e+03	-1.076365006156266e-03  1.027891761623323e-03 -1.076365006156266e-03	1.000000000000000e+00	24	0	95
96	 1.168784118305590e+03  9.067577789075799e+02 -1.331687577031144e+03	-5.784231470897794e-04  5.669617094099522e-04 -5.669617094099522e-04	1.000000000000000e+00	24	0	96
97	-9.606061157449145e+01  2.541932563604699e+02 -6.791230544840346e+02	 8.817547495709732e-05 -8.476141374558210e-05  8.476141374558210e-05	1.000000000000000e+00	24	0	97
98	-4.330625179710140e+02  2.760232447514357e+02 -3.390443211841786e+02	 3.691256861202419e-04 -3.691256861202419e-04  3.521017206367105e-04	1.000000000000000e+00	24	0	98
99	-5.467971711611501e+02  6.584318126428010e+01 -4.526678616213295e+02	-4.028546973131597e-04  4.041327629238367e-04 -4.041327629238367e-04	1.000000000000000e+00	24	0	99
100	-1.259716409495578e+02  2.838215285472312e+02 -6.706462089042806e+02	 8.453000191366300e-05 -9.642427176004276e-05  9.642427176004276e-05	1.000000000000000e+00	24	0	100
101	 7.278866837758059e+02 -7.674142708023073e+02  1.075487788450979e+03	-2.169469837099314e-03  2.014667959883809e-03  2.014667959883809e-03	1.000000000000000e+00	0	0	101
102	 4.039265902383875e+02 -9.411448692959586e+02  9.017571899573275e+02	 1.738517494231928e-05 -1.620826515136287e-05 -1.620826515136287e-05	1.000000000000000e+00	0	0	102
103	 5.015310641425569e+02 -1.038757493311844e+03  1.104657384742982e+03	-2.724377263803035e-04  2.709661202970892e-04  2.724377263803035e-04	1.000000000000000e+00	0	0	103
104	 6.259727432674675e+02  4.779209714230972e+02 -1.226407729418125e+03	-1.028712838888168e-03  1.028712838888168e-03 -9.515616693533957e-04	1.000000000000000e+00	24	0	104
105	 7.443675936421253e+02  6.834456720038204e+02 -1.108375470127385e+03	 4.756946291308850e-04 -4.813043924514204e-04  4.813043924514204e-04	1.000000000000000e+00	24	0	105
106	 3.241592698932697e+02  4.648072278077150e+02 -8.897370259312797e+02	-6.346231384668499e-05  7.767184433760121e-05 -7.767184433760121e-05	1.000000000000000e+00	24	0	106
107	 1.268001032272923e+03 -2.966309026332666e+02  1.128002584864024e+03	-2.739434130489826e-04  2.667683002073318e-04  2.739434130489826e-04	1.000000000000000e+00	0	0	107
108	 1.046188983107866e+03 -5.723746916462294e+02  1.152747912692373e+03	 2.252680948004127e-03 -2.047298243269324e-03 -2.047298243269324e-03	1.000000000000000e+00	0	0	108
109	 1.371415140555279e+03 -4.000251416268700e+02  1.325097462711733e+03	 2.337449404876679e-04 -2.338421036256477e-04 -2.338421036256477e-04	1.000000000000000e+00	0	0	109
110	-1.046829043921935e+02  2.278708506610311e+02  3.507070302070036e+02	-5.055124056525528e-04 -5.055124056525528e-04 -5.041211843490601e-04	1.000000000000000e+00	12	0	110
111	 1.037472984468479e+03 -8.747111070875621e+02  3.219938518975427e+02	-4.238887777319178e-05 -4.238887777319178e-05 -4.188603998045437e-05	1.000000000000000e+00	12	0	111
112	 1.737757078397208e+03 -1.744270131588332e+02 -1.074370841673714e+03	1.189039321616292e-04 1.189039321616292e-04 1.191273331642151e-04	1.000000000000000e+00	12	0	112
113	 6.039062309556313e+02  9.364599860088557e+02 -1.037175782802450e+03	6.968170055188239e-04 6.968170055188239e-04 7.413370185531676e-04	1.000000000000000e+00	12	0	113
114	 1.324764107533369e+02  4.650301658065615e+02 -1.110224906416541e+02	 1.657405768185072e-08  1.657405768185072e-08 -4.666247264140111e-07	1.000000000000000e+00	12	0	114
115	 3.650066556798980e+02  6.975604107331226e+02 -5.773739593927992e+02	-4.306499613448977e-05 -4.306499613448977e-05 -4.324362453189678e-05	1.000000000000000e+00	12	0	115
116	 1.270876869094010e+03 -6.413072224620312e+02 -1.434869610219417e+02	-1.426001006166189e-07 -1.426001006166189e-07 -1.430109364264354e-07	1.000000000000000e+00	12	0	116
117	 1.504150451112125e+03 -4.080336404439165e+02 -6.090952966636211e+02	4.006513336207718e-05 4.006513336207718e-05 4.021492350148037e-05	1.000000000000000e+00	12	0	117
0	-5.773502691896258e-01  5.773502691896258e-01  5.773502691896258e-01	-7.071067811865476e-01  3.124842898819631e-18 -7.071067811865476e-01	 1.198001808568474e+03 -5.294203851356715e-15  1.198001808568474e+03	1	0	0.000000000000000e+00	0.000000000000000e+00	0.000000000000000e+00
1	-5.773502691896258e-01  5.773502691896258e-01  5.773502691896258e-01	 0.000000000000000e+00  7.071067811865476e-01 -7.071067811865476e-01	 0.000000000000000e+00 -9.214510296266430e+02  9.214510296266430e+02	1	0	0.000000000000000e+00	0.000000000000000e+00	0.000000000000000e+00
2	-5.773502691896258e-01  5.773502691896258e-01  5.773502691896258e-01	 7.071067811865476e-01  7.071067811865476e-01 -3.124842898819631e-18	-7.193784354102739e+02 -7.193784354102739e+02  3.179073734356852e-15	1	0	0.000000000000000e+00	0.000000000000000e+00	0.000000000000000e+00
3	-5.773502691896258e-01  5.773502691896258e-01  5.773502691896258e-01	 7.071067811865476e-01 -3.124842898819631e-18  7.071067811865476e-01	 8.030942244427697e+02 -3.549030148066116e-15  8.030942244427697e+02	1	0	0.000000000000000e+00	0.000000000000000e+00	0.000000000000000e+00
4	-5.773502691896258e-01  5.773502691896258e-01  5.773502691896258e-01	 0.000000000000000e+00  7.071067811865476e-01 -7.071067811865476e-01	 0.000000000000000e+00 -8.625613021693013e+02  8.625613021693013e+02	1	0	0.000000000000000e+00	0.000000000000000e+00	0.000000000000000e+00
5	-5.773502691896258e-01  5.773502691896258e-01  5.773502691896258e-01	-7.071067811865476e-01 -7.071067811865476e-01  3.124842898819631e-18	 9.364621366255734e+02  9.364621366255734e+02 -4.138408986458117e-15	1	0	0.000000000000000e+00	0.000000000000000e+00	0.000000000000000e+00
6	 5.773502691896258e-01 -5.773502691896258e-01 -5.773502691896258e-01	0.000000000000000e+00 0.000000000000000e+00 0.000000000000000e+00	1.570392732195782e+03 3.025315410553647e+02 8.256108849411653e+02	1	1	0.000000000000000e+00	0.000000000000000e+00	0.000000000000000e+00
7	-5.773502691896258e-01 -5.773502691896258e-01 -5.773502691896258e-01	-7.071067811865476e-01  0.000000000000000e+00  7.071067811865476e-01	-4.024131376251693e+02  0.000000000000000e+00  4.024131376251693e+02	1	0	0.000000000000000e+00	0.000000000000000e+00	0.000000000000000e+00
8	-5.773502691896258e-01 -5.773502691896258e-01 -5.773502691896258e-01	 0.000000000000000e+00 -7.071067811865476e-01  7.071067811865476e-01	 0.000000000000000e+00 -7.730720104449091e+02  7.730720104449091e+02	1	0	0.000000000000000e+00	0.000000000000000e+00	0.000000000000000e+00
9	-5.773502691896258e-01 -5.773502691896258e-01 -5.773502691896258e-01	 7.071067811865476e-01 -7.071067811865476e-01  0.000000000000000e+00	 9.560920457780206e+02 -9.560920457780206e+02  0.000000000000000e+00	1	0	0.000000000000000e+00	0.000000000000000e+00	0.000000000000000e+00
10	-5.773502691896258e-01 -5.773502691896258e-01 -5.773502691896258e-01	 7.071067811865476e-01  0.000000000000000e+00 -7.071067811865476e-01	 1.580785037041196e+03  0.000000000000000e+00 -1.580785037041196e+03	1	0	0.000000000000000e+00	0.000000000000000e+00	0.000000000000000e+00
11	-5.773502691896258e-01 -5.773502691896258e-01 -5.773502691896258e-01	 0.000000000000000e+00  7.071067811865476e-01 -7.071067811865476e-01	 0.000000000000000e+00  1.161628741609527e+03 -1.161628741609527e+03	1	0	0.000000000000000e+00	0.000000000000000e+00	0.000000000000000e+00
12	-5.773502691896258e-01 -5.773502691896258e-01 -5.773502691896258e-01	-7.071067811865476e-01  7.071067811865476e-01  0.000000000000000e+00	-1.662768775266123e+02  1.662768775266123e+02  0.000000000000000e+00	1	0	0.000000000000000e+00	0.000000000000000e+00	0.000000000000000e+00
13	5.773502691896258e-01 5.773502691896258e-01 5.773502691896258e-01	0.000000000000000e+00 0.000000000000000e+00 0.000000000000000e+00	-2.170837012152994e+02  1.154700538379251e+02  5.877425740350395e+02	1	1	0.000000000000000e+00	0.000000000000000e+00	0.000000000000000e+00
14	-5.773502691896258e-01  5.773502691896258e-01 -5.773502691896258e-01	 7.071067811865476e-01  0.000000000000000e+00 -7.071067811865476e-01	-5.328942984620248e+02  0.000000000000000e+00  5.328942984620248e+02	1	0	0.000000000000000e+00	0.000000000000000e+00	0.000000000000000e+00
15	-5.773502691896258e-01  5.773502691896258e-01 -5.773502691896258e-01	-3.124842898819631e-18  7.071067811865476e-01  7.071067811865476e-01	 8.547268868455420e-16 -1.934123401785247e+02 -1.934123401785247e+02	1	0	0.000000000000000e+00	0.000000000000000e+00	0.000000000000000e+00
16	-5.773502691896258e-01  5.773502691896258e-01 -5.773502691896258e-01	 7.071067811865476e-01  7.071067811865476e-01 -3.124842898819631e-18	 5.519468573452824e+02  5.519468573452824e+02 -2.439160906938323e-15	1	0	0.000000000000000e+00	0.000000000000000e+00	0.000000000000000e+00
17	-5.773502691896258e-01  5.773502691896258e-01 -5.773502691896258e-01	-7.071067811865476e-01  0.000000000000000e+00  7.071067811865476e-01	 1.412198758437825e+03  0.000000000000000e+00 -1.412198758437825e+03	1	0	0.000000000000000e+00	0.000000000000000e+00	0.000000000000000e+00
18	-5.773502691896258e-01  5.773502691896258e-01 -5.773502691896258e-01	-3.124842898819631e-18  7.071067811865476e-01  7.071067811865476e-01	 9.389238637586849e-16 -2.124648990617823e+02 -2.124648990617823e+02	1	0	0.000000000000000e+00	0.000000000000000e+00	0.000000000000000e+00
19	-5.773502691896258e-01  5.773502691896258e-01 -5.773502691896258e-01	-7.071067811865476e-01 -7.071067811865476e-01  3.124842898819631e-18	-7.851963660978913e+01 -7.851963660978913e+01  3.469936018238618e-16	1	0	0.000000000000000e+00	0.000000000000000e+00	0.000000000000000e+00
20	 5.773502691896258e-01 -5.773502691896258e-01  5.773502691896258e-01	0.000000000000000e+00 0.000000000000000e+00 0.000000000000000e+00	-7.597929542535472e+02  6.027536810339691e+02  3.059956426705008e+02	1	1	0.000000000000000e+00	0.000000000000000e+00	0.000000000000000e+00
0	0	1	0
6	0	1	0
5	5	0	0
6	5	0	0
0	6	0	0
5	0	6	0
1	1	2	0
6	1	2	0
0	1	7	0
1	7	1	0
2	2	3	0
6	2	3	0
1	2	8	0
2	8	2	0
3	3	4	0
6	3	4	0
2	3	9	0
3	9	3	0
4	4	5	0
6	4	5	0
3	4	10	0
4	10	4	0
4	5	11	0
5	11	5	0
5	6	66	0
0	67	6	0
0	7	42	0
1	68	7	0
2	69	8	0
1	8	70	0
2	9	71	0
3	72	9	0
3	10	38	0
4	73	10	0
5	74	11	0
4	11	75	0
7	12	13	0
13	12	13	0
12	17	12	0
13	17	12	0
7	18	12	0
12	12	18	0
8	13	14	0
13	13	14	0
7	13	19	0
8	19	13	0
9	14	15	0
13	14	15	0
8	14	20	0
9	20	14	0
10	15	16	0
13	15	16	0
9	15	21	0
10	21	15	0
11	16	17	0
13	16	17	0
10	16	22	0
11	22	16	0
11	17	23	0
12	23	17	0
7	76	18	0
12	18	110	0
7	19	78	0
8	79	19	0
8	20	80	0
9	111	20	0
10	83	21	0
9	21	112	0
10	22	84	0
11	85	22	0
11	23	87	0
12	113	23	0
14	24	25	0
20	24	25	0
19	29	24	0
20	29	24	0
14	30	24	0
19	24	30	0
15	25	26	0
20	25	26	0
14	25	31	0
15	31	25	0
16	26	27	0
20	26	27	0
15	26	32	0
16	32	26	0
17	27	28	0
20	27	28	0
16	27	33	0
17	33	27	0
18	28	29	0
20	28	29	0
17	28	34	0
18	34	28	0
18	29	35	0
19	35	29	0
14	88	30	0
19	30	89	0
14	31	90	0
15	91	31	0
16	40	32	0
15	32	92	0
17	93	33	0
16	33	94	0
17	34	95	0
18	96	34	0
19	36	35	0
18	35	97	0
19	98	36	0
15	36	99	0
15	100	36	0
1	38	101	0
1	102	38	0
3	38	103	0
16	104	40	0
18	40	105	0
18	106	40	0
0	42	107	0
4	42	108	0
4	109	42	0
5	66	44	0
5	44	74	0
0	45	67	0
0	107	45	0
1	46	68	0
1	101	46	0
2	47	69	0
2	71	47	0
1	70	48	0
1	48	102	0
3	49	72	0
3	103	49	0
4	50	73	0
4	108	50	0
4	75	51	0
4	51	109	0
7	52	76	0
7	78	52	0
12	114	53	0
12	53	115	0
8	54	79	0
8	80	54	0
9	55	116	0
9	117	55	0
10	56	83	0
10	84	56	0
11	57	85	0
11	87	57	0
14	58	88	0
14	90	58	0
19	89	59	0
19	59	98	0
15	60	91	0
15	99	60	0
15	92	61	0
15	61	100	0
17	62	93	0
17	95	62	0
16	94	63	0
16	63	104	0
18	64	96	0
18	105	64	0
18	97	65	0
18	65	106	0
12	110	77	0
12	77	114	0
9	81	111	0
9	116	81	0
9	112	82	0
9	82	117	0
12	86	113	0
12	115	86	0
