114
21
172
0	1.570392732195782e+03 3.025315410553647e+02 8.256108849411653e+02	0.000000000000000e+00 0.000000000000000e+00 0.000000000000000e+00	1.000000000000000e+00	0	0	0
1	 1.130451827073287e+03 -5.773502691896260e+02  1.265551790063660e+03	0.000000000000000e+00 0.000000000000000e+00 0.000000000000000e+00	1.000000000000000e+00	0	0	1
2	-1.974537920628516e+02 -1.241303078757696e+03  6.015989804955904e+02	0.000000000000000e+00 0.000000000000000e+00 0.000000000000000e+00	1.000000000000000e+00	0	0	2
3	 2.032272947547480e+02 -1.641984165575296e+03  1.402961154130791e+03	0.000000000000000e+00 0.000000000000000e+00 0.000000000000000e+00	1.000000000000000e+00	0	0	3
4	 6.431681998772439e+02 -7.621023553303065e+02  9.630202490082960e+02	0.000000000000000e+00 0.000000000000000e+00 0.000000000000000e+00	1.000000000000000e+00	0	0	4
5	 1.971073819013383e+03 -9.814954576223676e+01  1.626973058576365e+03	0.000000000000000e+00 0.000000000000000e+00 0.000000000000000e+00	1.000000000000000e+00	0	0	5
6	1.569926508925993e+03 3.029977643251533e+02 8.260771082109540e+02	-1.166063011623919e-04  1.199249454657547e-04  1.150547977886163e-04	1.000000000000000e+00	0	0	6
7	 1.129105546446368e+03 -5.760039885627070e+02  1.266898070690579e+03	-6.024725735187531e-04  6.024725735187531e-04  6.024725735187531e-04	1.000000000000000e+00	0	0	7
8	-1.969915562614184e+02 -1.241765314559129e+03  6.011367446941572e+02	 1.099854998756200e-04 -1.106241688830778e-04 -1.106142517528497e-04	1.000000000000000e+00	0	0	8
9	 2.032246981110252e+02 -1.641981568931573e+03  1.402963750774514e+03	 2.853639443856082e-06 -3.085080834352993e-06 -2.613904371173703e-06	1.000000000000000e+00	0	0	9
10	 6.440755798861251e+02 -7.630097353391877e+02  9.621128689994148e+02	 5.101934851457676e-04 -5.101934851457676e-04 -5.101934851457676e-04	1.000000000000000e+00	0	0	10
11	 1.971185211926841e+03 -9.826093867569483e+01  1.626861665662907e+03	 3.160636697430164e-05 -3.138934334856458e-05 -3.132481288048439e-05	1.000000000000000e+00	0	0	11
12	-2.170837012152994e+02  1.154700538379251e+02  5.877425740350395e+02	0.000000000000000e+00 0.000000000000000e+00 0.000000000000000e+00	1.000000000000000e+00	12	0	12
13	 1.408734656822689e+02 -6.004442799572098e+02  9.456997409326077e+02	0.000000000000000e+00 0.000000000000000e+00 0.000000000000000e+00	1.000000000000000e+00	12	0	13
14	 9.214510296266424e+02 -9.907330619293978e+02  5.554109589604201e+02	0.000000000000000e+00 0.000000000000000e+00 0.000000000000000e+00	1.000000000000000e+00	12	0	14
15	 1.853294364098699e+03 -5.888972745734176e+01 -1.308275709983692e+03	0.000000000000000e+00 0.000000000000000e+00 0.000000000000000e+00	1.000000000000000e+00	12	0	15
16	 1.495337197201131e+03  6.570246063377946e+02 -1.666232876881260e+03	0.000000000000000e+00 0.000000000000000e+00 0.000000000000000e+00	1.000000000000000e+00	12	0	16
17	 7.147596332567570e+02  1.047313388309982e+03 -1.275944094909073e+03	0.000000000000000e+00 0.000000000000000e+00 0.000000000000000e+00	1.000000000000000e+00	12	0	17
18	-2.181114311808816e+02  1.144423238723429e+02  5.867148440694574e+02	-2.413912297924981e-04 -2.413912297924981e-04 -2.413912297924981e-04	1.000000000000000e+00	12	0	18
19	 1.423582771133380e+02 -5.989594685261408e+02  9.471845523636767e+02	3.443825213859479e-04 3.443825213859479e-04 3.443825213859479e-04	1.000000000000000e+00	12	0	19
20	 9.217772953391307e+02 -9.904067962169095e+02  5.557372246729084e+02	9.152895654551685e-05 8.782360964687541e-05 8.852378960000351e-05	1.000000000000000e+00	12	0	20
21	 1.853803591590054e+03 -5.838049996598686e+01 -1.307766482492337e+03	1.216653326991946e-04 1.215010343003087e-04 1.216679665958509e-04	1.000000000000000e+00	12	0	21
22	 1.496718091740733e+03  6.584055008773962e+02 -1.664851982341658e+03	3.369654587004334e-04 3.369654587004334e-04 3.369654587004334e-04	1.000000000000000e+00	12	0	22
23	 7.204576956295477e+02  1.053011450682773e+03 -1.270246032536282e+03	1.337728463113308e-03 1.337728463113308e-03 1.337728463113308e-03	1.000000000000000e+00	12	0	23
24	-7.597929542535472e+02  6.027536810339691e+02  3.059956426705008e+02	0.000000000000000e+00 0.000000000000000e+00 0.000000000000000e+00	1.000000000000000e+00	24	0	24
25	-1.191650955607388e+03 -2.609623216737101e+02 -1.258623586833382e+02	0.000000000000000e+00 0.000000000000000e+00 0.000000000000000e+00	1.000000000000000e+00	24	0	25
26	 5.126870390403868e+02  5.912066756501777e+02 -9.780313560072266e+02	0.000000000000000e+00 0.000000000000000e+00 0.000000000000000e+00	1.000000000000000e+00	24	0	26
27	 9.572467463163994e+02  1.466469683741651e+02 -1.867150770559250e+03	0.000000000000000e+00 0.000000000000000e+00 0.000000000000000e+00	1.000000000000000e+00	24	0	27
28	 1.389104747670240e+03  1.010362971081845e+03 -1.435292769205410e+03	0.000000000000000e+00 0.000000000000000e+00 0.000000000000000e+00	1.000000000000000e+00	24	0	28
29	-3.152332469775362e+02  1.581939737579582e+02 -5.831237718815206e+02	0.000000000000000e+00 0.000000000000000e+00 0.000000000000000e+00	1.000000000000000e+00	24	0	29
30	-7.601026688681637e+02  6.030633956485857e+02  3.056859280558842e+02	-7.444107177434489e-05  7.453697617165744e-05 -7.291766814887524e-05	1.000000000000000e+00	24	0	30
31	-1.192258826894405e+03 -2.603544503866929e+02 -1.264702299703554e+02	-1.480999926570803e-04  1.468781119911000e-04 -1.480356440879405e-04	1.000000000000000e+00	24	0	31
32	 5.019923800805532e+02  6.019013346100112e+02 -9.887260149670601e+02	-2.725752322779347e-04  2.725752322779347e-04 -2.725752322779348e-04	1.000000000000000e+00	24	0	32
33	 9.548516668608630e+02  1.490420478297014e+02 -1.869545850014786e+03	-5.849727313034236e-04  5.849727313034236e-04 -5.849727313034236e-04	1.000000000000000e+00	24	0	33
34	 1.384552179227503e+03  1.014915539524582e+03 -1.439845337648146e+03	-1.117871414559583e-03  1.117871414559583e-03 -1.117871414559583e-03	1.000000000000000e+00	24	0	34
35	-3.053057676183499e+02  1.482664943987720e+02 -5.731962925223344e+02	 3.435311033778514e-04 -3.435311033778514e-04  3.435311033778514e-04	1.000000000000000e+00	24	0	35
36	-3.302501457978091e+02  1.732108725782311e+02 -5.600355529352788e+02	-4.503029231273104e-06 -1.671041354711633e-05  2.318667829968035e-04	1.000000000000000e+00	24	0	36
38	 6.030000957883578e+02 -8.397137061561045e+02  1.003188353097182e+03	-2.660866205890973e-04  2.660866205890973e-04  2.660866205890973e-04	1.000000000000000e+00	0	0	38
40	 5.281137687141376e+02  5.757799459764273e+02 -1.000709744099992e+03	-2.883158231270500e-05  4.802080002264120e-05 -1.822751946747303e-04	1.000000000000000e+00	24	0	40
42	 1.170014070549058e+03 -4.991330577507134e+02  1.225989546587889e+03	 1.354683918179944e-04 -1.163270135293715e-04 -1.239465491380543e-04	1.000000000000000e+00	0	0	42
44	1.770811031009911e+03 1.021132422412361e+02 1.226214337308013e+03	 2.040278559434228e-05 -2.040278559434228e-05 -2.034037424891721e-05	1.000000000000000e+00	0	0	44
45	 1.368877281623698e+03 -9.697643025675285e+01  1.027126335513249e+03	-2.943408908322453e-04  2.934592776000500e-04  2.943408908322453e-04	1.000000000000000e+00	0	0	45
46	 8.646847242697053e+02 -7.064938679058309e+02  1.136408191347455e+03	-1.118076848797500e-03  1.115696970373392e-03  1.115696970373392e-03	1.000000000000000e+00	0	0	46
47	 3.294202608220097e+00 -1.442051073428768e+03  1.001872741761691e+03	 9.809171024244279e-05 -9.809171024244279e-05 -9.803732973523438e-05	1.000000000000000e+00	0	0	47
48	 2.040367278860404e+02 -1.041770488189334e+03  8.011315710639517e+02	 1.856481540016830e-04 -1.849644031608477e-04 -1.849644031608477e-04	1.000000000000000e+00	0	0	48
49	 4.030333867811826e+02 -1.240770586988484e+03  1.203155062104357e+03	-1.280480646528304e-04  1.271154033020139e-04  1.280480646528304e-04	1.000000000000000e+00	0	0	49
50	 9.093572466920514e+02 -6.333672018223856e+02  1.091755402516217e+03	 1.218780176714063e-03 -1.206770190037787e-03 -1.206770190037787e-03	1.000000000000000e+00	0	0	50
51	 1.570846107854497e+03 -2.989429933326965e+02  1.426179611005906e+03	 1.207004097523168e-04 -1.204449945362285e-04 -1.204449945362285e-04	1.000000000000000e+00	0	0	51
52	-3.767080845528584e+01 -2.420525468282962e+02  7.671554667950528e+02	1.105934497900307e-04 1.107464922824875e-04 1.105934497900307e-04	1.000000000000000e+00	12	0	52
53	 2.489509395104137e+02  5.815046945636383e+02 -3.439877184086034e+02	1.299124141951324e-05 1.299124141951324e-05 1.302797954849666e-05	1.000000000000000e+00	12	0	53
54	 5.311269958624654e+02 -7.956151791963183e+02  7.505288416934999e+02	1.128515395976137e-05 1.544368387840223e-05 1.544368387840223e-05	1.000000000000000e+00	12	0	54
55	 1.387415996636553e+03 -5.247680949194882e+02 -3.763890465541845e+02	1.204606178362155e-05 1.204606178362155e-05 1.206104934681207e-05	1.000000000000000e+00	12	0	55
56	 1.675492305882090e+03  3.002422698995429e+02 -1.486077768200302e+03	2.704753133002669e-04 2.696820301935077e-04 2.704753133002669e-04	1.000000000000000e+00	12	0	56
57	 1.100401488642511e+03  8.473509629725183e+02 -1.475906520246537e+03	-9.164724033325911e-04 -9.931452805176377e-04 -9.931452805176377e-04	1.000000000000000e+00	12	0	57
58	-9.766095910593610e+02  1.717858028800703e+02  8.917900586468863e+01	-2.023028500843793e-04  2.034589560935274e-04 -2.023028500843793e-04	1.000000000000000e+00	24	0	58
59	-5.441786118703558e+02  3.871393386507775e+02 -1.261778483039576e+02	-6.725829734932631e-05  6.725829734932631e-05 -6.756994844181463e-05	1.000000000000000e+00	24	0	59
60	-7.605220541158833e+02 -4.430720978965417e+01 -3.425174705673953e+02	-1.883509976323694e-04  1.867462560767308e-04 -1.867462560767308e-04	1.000000000000000e+00	24	0	60
61	 8.425194703335242e+01  3.891022713733484e+02 -7.759269517303978e+02	 2.875262543966528e-05 -2.889984716603067e-05  2.889984716603067e-05	1.000000000000000e+00	24	0	61
62	 1.172243946711367e+03  5.794213888866584e+02 -1.652153570164283e+03	-3.224695392418653e-04  3.124793001916260e-04 -3.224695392418653e-04	1.000000000000000e+00	24	0	62
63	 7.371113545251708e+02  3.667823601653940e+02 -1.439495903016509e+03	-1.024817465804517e-03  1.024817465804517e-03 -1.023444696329534e-03	1.000000000000000e+00	24	0	63
64	 9.598874508053254e+02  7.918656155788012e+02 -1.216795413702366e+03	 5.956800305284560e-04 -5.624001496471465e-04  5.624001496471465e-04	1.000000000000000e+00	24	0	64
65	 1.133984243336351e+02  3.599662623992126e+02 -7.848960605227774e+02	 5.728128235205077e-05 -5.701598638552241e-05  5.701598638552241e-05	1.000000000000000e+00	24	0	65
66	1.670862038589357e+03 2.020622346617900e+02 1.025651291295630e+03	 7.646976882824674e-05 -7.646976882824674e-05 -7.706341420998797e-05	1.000000000000000e+00	0	0	66
67	1.468879925003808e+03 1.035374441463788e+02 9.271236921331390e+02	-3.364465665072203e-04  3.384443698450923e-04  3.364465665072203e-04	1.000000000000000e+00	0	0	67
68	 9.966826328549882e+02 -6.410214064091301e+02  1.201880652844156e+03	-9.618223411962390e-04  9.740283712744713e-04  9.740283712744713e-04	1.000000000000000e+00	0	0	68
69	-9.690307286652022e+01 -1.341853797954028e+03  8.015591304294303e+02	 8.931923366617411e-05 -8.931923366617411e-05 -8.929646719479933e-05	1.000000000000000e+00	0	0	69
70	 3.765191916282134e+00 -1.142012232093721e+03  7.008898271595649e+02	 2.049729664577171e-04 -2.054249634966254e-04 -2.054249634966254e-04	1.000000000000000e+00	0	0	70
71	 1.033543006122254e+02 -1.542111171432773e+03  1.202323783735124e+03	 7.594005728606135e-05 -7.594005728606135e-05 -7.571428432129323e-05	1.000000000000000e+00	0	0	71
72	 3.030891018248133e+02 -1.441335752596060e+03  1.303099347060726e+03	-7.304739847313613e-05  7.276123506017029e-05  7.304739847313613e-05	1.000000000000000e+00	0	0	72
73	 7.778916528031832e+02 -6.994074892847698e+02  1.025715115053833e+03	 1.186970155686140e-03 -1.212926115840673e-03 -1.212926115840673e-03	1.000000000000000e+00	0	0	73
74	1.870860467216025e+03 2.063806035121863e+00 1.426675635906323e+03	-1.092728598450776e-05  1.092728598450776e-05  1.095097650249954e-05	1.000000000000000e+00	0	0	74
75	 1.771089226455222e+03 -1.986753163582398e+02  1.526447287980363e+03	 9.622944344300777e-05 -9.598695032764226e-05 -9.598695032764226e-05	1.000000000000000e+00	0	0	75
76	-1.271887280992339e+02 -6.310018726300074e+01  6.776375471511047e+02	9.048148058354855e-05 9.172227873932570e-05 9.048148058354855e-05	1.000000000000000e+00	12	0	76
77	1.485402108303340e+01 3.474077761362580e+02 1.207899207326050e+02	-2.476690860930830e-04 -2.476690860930830e-04 -2.514201041776687e-04	1.000000000000000e+00	12	0	77
78	 5.195032551197968e+01 -4.208967290870548e+02  8.567766007623184e+02	1.472532167099416e-04 1.486291002947837e-04 1.472532167099416e-04	1.000000000000000e+00	12	0	78
79	 3.363402189273967e+02 -6.977004237731653e+02  8.484435971166529e+02	9.719230729388073e-05 9.414256783202291e-05 9.414256783202291e-05	1.000000000000000e+00	12	0	79
80	 7.279701851741108e+02 -8.914950332992568e+02  6.546489875905614e+02	3.804585721809417e-04 3.814331139437854e-04 3.814331139437854e-04	1.000000000000000e+00	12	0	80
81	 1.154337300698948e+03 -7.578467908570933e+02  8.941465262260252e+01	-1.687941403361037e-05 -1.687941403361037e-05 -1.691363104328047e-05	1.000000000000000e+00	12	0	81
82	 1.620669241808700e+03 -2.915148497473415e+02 -8.420179465307252e+02	8.145606989273801e-05 8.145606989273801e-05 8.163985330611467e-05	1.000000000000000e+00	12	0	82
83	 1.764522935252544e+03  1.208045227292663e+02 -1.397047138829848e+03	1.684073504293337e-04 1.673955557635054e-04 1.684073504293337e-04	1.000000000000000e+00	12	0	83
84	 1.585965299184477e+03  4.791843109546978e+02 -1.575604774897915e+03	2.699538599699736e-04 2.696489682421088e-04 2.699538599699736e-04	1.000000000000000e+00	12	0	84
85	 1.302599627046725e+03  7.569497770361982e+02 -1.566307706182857e+03	5.014271009713411e-04 4.747954662889242e-04 4.747954662889242e-04	1.000000000000000e+00	12	0	85
86	 4.820844226307756e+02  8.146381776840002e+02 -8.097312362384498e+02	7.593732152599841e-05 7.593732152599841e-05 7.880674820626155e-05	1.000000000000000e+00	12	0	86
87	 9.161871723260294e+02  9.558390729107073e+02 -1.367418410308348e+03	1.466964604333043e-03 1.382259419187903e-03 1.382259419187903e-03	1.000000000000000e+00	12	0	87
88	-8.679770708995977e+02  3.870455410575908e+02  1.978115260244520e+02	-4.493376036407426e-05  4.552237442112528e-05 -4.493376036407426e-05	1.000000000000000e+00	24	0	88
89	-6.528647125288267e+02  4.958254393092483e+02  8.903059133396155e+01	-2.434548223391175e-04  2.434548223391175e-04 -2.433428162476048e-04	1.000000000000000e+00	24	0	89
90	-1.084805509141028e+03 -4.391548995323188e+01 -1.901691221697795e+01	-2.615962876006961e-04  2.610383671708405e-04 -2.615962876006961e-04	1.000000000000000e+00	24	0	90
91	-9.760302004235572e+02 -1.526900184562884e+02 -2.341346619007610e+02	-8.225961937569082e-05  8.202107710530981e-05 -8.202107710530981e-05	1.000000000000000e+00	24	0	91
92	 2.931214294279820e+02  4.955112938861038e+02 -8.823359742431531e+02	-1.022093492792919e-04  1.003593788482249e-04 -1.003593788482249e-04	1.000000000000000e+00	24	0	92
93	 1.063710207873423e+03  3.640855147670152e+02 -1.760687309002227e+03	-3.611423599068075e-04  3.648707352112979e-04 -3.611423599068075e-04	1.000000000000000e+00	24	0	93
94	 8.453400379796084e+02  2.585536767109564e+02 -1.655187587524259e+03	-9.582822094671428e-04  9.582822094671428e-04 -9.698261856101453e-04	1.000000000000000e+00	24	0	94
95	 1.275438688420242e+03  8.000028438317929e+02 -1.548958828455408e+03	-1.301303738728166e-03  1.251750858500600e-03 -1.301303738728166e-03	1.000000000000000e+00	24	0	95
96	 1.170861029346696e+03  9.047077503364776e+02 -1.329637548460042e+03	-5.630853120237589e-04  5.593219539150596e-04 -5.593219539150596e-04	1.000000000000000e+00	24	0	96
97	-9.637283215041967e+01  2.544941447125150e+02 -6.794239428360797e+02	 1.060389113263227e-04 -1.031277206493542e-04  1.031277206493542e-04	1.000000000000000e+00	24	0	97
98	-4.343966934815206e+02  2.773574202619423e+02 -3.403228132647502e+02	 3.640684299170971e-04 -3.640684299170971e-04  3.504601190797985e-04	1.000000000000000e+00	24	0	98
99	-5.453444986012075e+02  6.439676540072671e+01 -4.512214457577761e+02	-3.944707277696580e-04  3.900701995007694e-04 -3.900701995007694e-04	1.000000000000000e+00	24	0	99
100	-1.262752538277292e+02  2.841714019601337e+02 -6.709960823171831e+02	 5.318809780874290e-05 -6.877149280626327e-05  6.877149280626327e-05	1.000000000000000e+00	24	0	100
101	 7.335742467263434e+02 -7.728496787066915e+02  1.070052380546595e+03	-9.206411777995527e-04  9.050788357853889e-04  9.050788357853889e-04	1.000000000000000e+00	0	0	101
102	 4.037961901445458e+02 -9.410186726287723e+02  9.018833866245138e+02	 4.923994129057974e-05 -4.831496698898263e-05 -4.831496698898263e-05	1.000000000000000e+00	0	0	102
103	 5.025414048080822e+02 -1.039765664878781e+03  1.103647044077457e+03	-2.825298870448023e-04  2.824796829372644e-04  2.825298870448023e-04	1.000000000000000e+00	0	0	103
104	 6.295774267187638e+02  4.743162879718009e+02 -1.223027548442237e+03	-9.517790749669075e-04  9.517790749669075e-04 -9.047969942912459e-04	1.000000000000000e+00	24	0	104
105	 7.427453614728340e+02  6.850662686773637e+02 -1.109996066800928e+03	 4.133182228542864e-04 -4.076811601407826e-04  4.076811601407826e-04	1.000000000000000e+00	24	0	105
106	 3.243740666912879e+02  4.645374575960585e+02 -8.894672557196232e+02	-2.557240077294409e-05  4.329950752435252e-05 -4.329950752435252e-05	1.000000000000000e+00	24	0	106
107	 1.268940178938576e+03 -2.975531990335941e+02  1.127063438198372e+03	-2.426926075713709e-04  2.400790690444410e-04  2.426926075713709e-04	1.000000000000000e+00	0	0	107
108	 1.040311229926774e+03 -5.668522509870561e+02  1.158270353351546e+03	 9.662479278631508e-04 -9.392889915034175e-04 -9.392889915034175e-04	1.000000000000000e+00	0	0	108
109	 1.370683277432715e+03 -3.992921469960827e+02  1.325830457342520e+03	 1.735077676130459e-04 -1.738378923619166e-04 -1.738378923619166e-04	1.000000000000000e+00	0	0	109
110	-1.028139490571375e+02  2.297398059960870e+02  3.525723252640140e+02	-5.217394209466875e-04 -5.217394209466875e-04 -5.210945382714272e-04	1.000000000000000e+00	12	0	110
111	 1.037658291139831e+03 -8.745258004162101e+02  3.221776368735477e+02	-5.854880510014482e-05 -5.854880510014482e-05 -5.823626270284876e-05	1.000000000000000e+00	12	0	111
112	 1.737320339534297e+03 -1.748637520217439e+02 -1.074808218227227e+03	1.210754999192432e-04 1.210754999192432e-04 1.212008137372322e-04	1.000000000000000e+00	12	0	112
113	 6.013270571089371e+02  9.338808121621615e+02 -1.039882253710291e+03	7.207071757875383e-04 7.207071757875383e-04 7.457745377905667e-04	1.000000000000000e+00	12	0	113
114	 1.324539824641258e+02  4.650077375173504e+02 -1.110437606530683e+02	1.244363102159696e-05 1.244363102159696e-05 1.226919539476512e-05	1.000000000000000e+00	12	0	114
115	 3.651807973096062e+02  6.977345523628308e+02 -5.771993245683213e+02	-5.247404624242336e-05 -5.247404624242336e-05 -5.256346048554406e-05	1.000000000000000e+00	12	0	115
116	 1.270880401819021e+03 -6.413036897370200e+02 -1.434834240253479e+02	-1.670916958573798e-06 -1.670916958573798e-06 -1.672346797931823e-06	1.000000000000000e+00	12	0	116
117	 1.504007135218621e+03 -4.081769563374198e+02 -6.092390270269240e+02	3.868358908221126e-05 3.868358908221126e-05 3.876197297358885e-05	1.000000000000000e+00	12	0	117
0	-5.773502691896258e-01  5.773502691896258e-01  5.773502691896258e-01	-7.071067811865476e-01  3.124842898819631e-18 -7.071067811865476e-01	 1.198001808568474e+03 -5.294203851356715e-15  1.198001808568474e+03	1	0	0.000000000000000e+00	0.000000000000000e+00	0.000000000000000e+00
1	-5.773502691896258e-01  5.773502691896258e-01  5.773502691896258e-01	 0.000000000000000e+00  7.071067811865476e-01 -7.071067811865476e-01	 0.000000000000000e+00 -9.214510296266430e+02  9.214510296266430e+02	1	0	0.000000000000000e+00	0.000000000000000e+00	0.000000000000000e+00
2	-5.773502691896258e-01  5.773502691896258e-01  5.773502691896258e-01	 7.071067811865476e-01  7.071067811865476e-01 -3.124842898819631e-18	-7.193784354102739e+02 -7.193784354102739e+02  3.179073734356852e-15	1	0	0.000000000000000e+00	0.000000000000000e+00	0.000000000000000e+00
3	-5.773502691896258e-01  5.773502691896258e-01  5.773502691896258e-01	 7.071067811865476e-01 -3.124842898819631e-18  7.071067811865476e-01	 8.030942244427697e+02 -3.549030148066116e-15  8.030942244427697e+02	1	0	0.000000000000000e+00	0.000000000000000e+00	0.000000000000000e+00
4	-5.773502691896258e-01  5.773502691896258e-01  5.773502691896258e-01	 0.000000000000000e+00  7.071067811865476e-01 -7.071067811865476e-01	 0.000000000000000e+00 -8.625613021693013e+02  8.625613021693013e+02	1	0	0.000000000000000e+00	0.000000000000000e+00	0.000000000000000e+00
5	-5.773502691896258e-01  5.773502691896258e-01  5.773502691896258e-01	-7.071067811865476e-01 -7.071067811865476e-01  3.124842898819631e-18	 9.364621366255734e+02  9.364621366255734e+02 -4.138408986458117e-15	1	0	0.000000000000000e+00	0.000000000000000e+00	0.000000000000000e+00
6	 5.773502691896258e-01 -5.773502691896258e-01 -5.773502691896258e-01	0.000000000000000e+00 0.000000000000000e+00 0.000000000000000e+00	1.570392732195782e+03 3.025315410553647e+02 8.256108849411653e+02	1	1	0.000000000000000e+00	0.000000000000000e+00	0.000000000000000e+00
7	-5.773502691896258e-01 -5.773502691896258e-01 -5.773502691896258e-01	-7.071067811865476e-01  0.000000000000000e+00  7.071067811865476e-01	-4.024131376251693e+02  0.000000000000000e+00  4.024131376251693e+02	1	0	0.000000000000000e+00	0.000000000000000e+00	0.000000000000000e+00
8	-5.773502691896258e-01 -5.773502691896258e-01 -5.773502691896258e-01	 0.000000000000000e+00 -7.071067811865476e-01  7.071067811865476e-01	 0.000000000000000e+00 -7.730720104449091e+02  7.730720104449091e+02	1	0	0.000000000000000e+00	0.000000000000000e+00	0.000000000000000e+00
9	-5.773502691896258e-01 -5.773502691896258e-01 -5.773502691896258e-01	 7.071067811865476e-01 -7.071067811865476e-01  0.000000000000000e+00	 9.560920457780206e+02 -9.560920457780206e+02  0.000000000000000e+00	1	0	0.000000000000000e+00	0.000000000000000e+00	0.000000000000000e+00
10	-5.773502691896258e-01 -5.773502691896258e-01 -5.773502691896258e-01	 7.071067811865476e-01  0.000000000000000e+00 -7.071067811865476e-01	 1.580785037041196e+03  0.000000000000000e+00 -1.580785037041196e+03	1	0	0.000000000000000e+00	0.000000000000000e+00	0.000000000000000e+00
11	-5.773502691896258e-01 -5.773502691896258e-01 -5.773502691896258e-01	 0.000000000000000e+00  7.071067811865476e-01 -7.071067811865476e-01	 0.000000000000000e+00  1.161628741609527e+03 -1.161628741609527e+03	1	0	0.000000000000000e+00	0.000000000000000e+00	0.000000000000000e+00
12	-5.773502691896258e-01 -5.773502691896258e-01 -5.773502691896258e-01	-7.071067811865476e-01  7.071067811865476e-01  0.000000000000000e+00	-1.662768775266123e+02  1.662768775266123e+02  0.000000000000000e+00	1	0	0.000000000000000e+00	0.000000000000000e+00	0.000000000000000e+00
13	5.773502691896258e-01 5.773502691896258e-01 5.773502691896258e-01	0.000000000000000e+00 0.000000000000000e+00 0.000000000000000e+00	-2.170837012152994e+02  1.154700538379251e+02  5.877425740350395e+02	1	1	0.000000000000000e+00	0.000000000000000e+00	0.000000000000000e+00
14	-5.773502691896258e-01  5.773502691896258e-01 -5.773502691896258e-01	 7.071067811865476e-01  0.000000000000000e+00 -7.071067811865476e-01	-5.328942984620248e+02  0.000000000000000e+00  5.328942984620248e+02	1	0	0.000000000000000e+00	0.000000000000000e+00	0.000000000000000e+00
15	-5.773502691896258e-01  5.773502691896258e-01 -5.773502691896258e-01	-3.124842898819631e-18  7.071067811865476e-01  7.071067811865476e-01	 8.547268868455420e-16 -1.934123401785247e+02 -1.934123401785247e+02	1	0	0.000000000000000e+00	0.000000000000000e+00	0.000000000000000e+00
16	-5.773502691896258e-01  5.773502691896258e-01 -5.773502691896258e-01	 7.071067811865476e-01  7.071067811865476e-01 -3.124842898819631e-18	 5.519468573452824e+02  5.519468573452824e+02 -2.439160906938323e-15	1	0	0.000000000000000e+00	0.000000000000000e+00	0.000000000000000e+00
17	-5.773502691896258e-01  5.773502691896258e-01 -5.773502691896258e-01	-7.071067811865476e-01  0.000000000000000e+00  7.071067811865476e-01	 1.412198758437825e+03  0.000000000000000e+00 -1.412198758437825e+03	1	0	0.000000000000000e+00	0.000000000000000e+00	0.000000000000000e+00
18	-5.773502691896258e-01  5.773502691896258e-01 -5.773502691896258e-01	-3.124842898819631e-18  7.071067811865476e-01  7.071067811865476e-01	 9.389238637586849e-16 -2.124648990617823e+02 -2.124648990617823e+02	1	0	0.000000000000000e+00	0.000000000000000e+00	0.000000000000000e+00
19	-5.773502691896258e-01  5.773502691896258e-01 -5.773502691896258e-01	-7.071067811865476e-01 -7.071067811865476e-01  3.124842898819631e-18	-7.851963660978913e+01 -7.851963660978913e+01  3.469936018238618e-16	1	0	0.000000000000000e+00	0.000000000000000e+00	0.000000000000000e+00
20	 5.773502691896258e-01 -5.773502691896258e-01  5.773502691896258e-01	0.000000000000000e+00 0.000000000000000e+00 0.000000000000000e+00	-7.597929542535472e+02  6.027536810339691e+02  3.059956426705008e+02	1	1	0.000000000000000e+00	0.000000000000000e+00	0.000000000000000e+00
0	0	1	0
6	0	1	0
5	5	0	0
6	5	0	0
0	6	0	0
5	0	6	0
1	1	2	0
6	1	2	0
0	1	7	0
1	7	1	0
2	2	3	0
6	2	3	0
1	2	8	0
2	8	2	0
3	3	4	0
6	3	4	0
2	3	9	0
3	9	3	0
4	4	5	0
6	4	5	0
3	4	10	0
4	10	4	0
4	5	11	0
5	11	5	0
5	6	66	0
0	67	6	0
0	7	42	0
1	68	7	0
2	69	8	0
1	8	70	0
2	9	71	0
3	72	9	0
3	10	38	0
4	73	10	0
5	74	11	0
4	11	75	0
7	12	13	0
13	12	13	0
12	17	12	0
13	17	12	0
7	18	12	0
12	12	18	0
8	13	14	0
13	13	14	0
7	13	19	0
8	19	13	0
9	14	15	0
13	14	15	0
8	14	20	0
9	20	14	0
10	15	16	0
13	15	16	0
9	15	21	0
10	21	15	0
11	16	17	0
13	16	17	0
10	16	22	0
11	22	16	0
11	17	23	0
12	23	17	0
7	76	18	0
12	18	110	0
7	19	78	0
8	79	19	0
8	20	80	0
9	111	20	0
10	83	21	0
9	21	112	0
10	22	84	0
11	85	22	0
11	23	87	0
12	113	23	0
14	24	25	0
20	24	25	0
19	29	24	0
20	29	24	0
14	30	24	0
19	24	30	0
15	25	26	0
20	25	26	0
14	25	31	0
15	31	25	0
16	26	27	0
20	26	27	0
15	26	32	0
16	32	26	0
17	27	28	0
20	27	28	0
16	27	33	0
17	33	27	0
18	28	29	0
20	28	29	0
17	28	34	0
18	34	28	0
18	29	35	0
19	35	29	0
14	88	30	0
19	30	89	0
14	31	90	0
15	91	31	0
16	40	32	0
15	32	92	0
17	93	33	0
16	33	94	0
17	34	95	0
18	96	34	0
19	36	35	0
18	35	97	0
19	98	36	0
15	36	99	0
15	100	36	0
1	38	101	0
1	102	38	0
3	38	103	0
16	104	40	0
18	40	105	0
18	106	40	0
0	42	107	0
4	42	108	0
4	109	42	0
5	66	44	0
5	44	74	0
0	45	67	0
0	107	45	0
1	46	68	0
1	101	46	0
2	47	69	0
2	71	47	0
1	70	48	0
1	48	102	0
3	49	72	0
3	103	49	0
4	50	73	0
4	108	50	0
4	75	51	0
4	51	109	0
7	52	76	0
7	78	52	0
12	114	53	0
12	53	115	0
8	54	79	0
8	80	54	0
9	55	116	0
9	117	55	0
10	56	83	0
10	84	56	0
11	57	85	0
11	87	57	0
14	58	88	0
14	90	58	0
19	89	59	0
19	59	98	0
15	60	91	0
15	99	60	0
15	92	61	0
15	61	100	0
17	62	93	0
17	95	62	0
16	94	63	0
16	63	104	0
18	64	96	0
18	105	64	0
18	97	65	0
18	65	106	0
12	110	77	0
12	77	114	0
9	81	111	0
9	116	81	0
9	112	82	0
9	82	117	0
12	86	113	0
12	115	86	0
