114
21
172
0	1.570392732195782e+03 3.025315410553647e+02 8.256108849411653e+02	0.000000000000000e+00 0.000000000000000e+00 0.000000000000000e+00	1.000000000000000e+00	0	0	0
1	 1.130451827073287e+03 -5.773502691896260e+02  1.265551790063660e+03	0.000000000000000e+00 0.000000000000000e+00 0.000000000000000e+00	1.000000000000000e+00	0	0	1
2	-1.974537920628516e+02 -1.241303078757696e+03  6.015989804955904e+02	0.000000000000000e+00 0.000000000000000e+00 0.000000000000000e+00	1.000000000000000e+00	0	0	2
3	 2.032272947547480e+02 -1.641984165575296e+03  1.402961154130791e+03	0.000000000000000e+00 0.000000000000000e+00 0.000000000000000e+00	1.000000000000000e+00	0	0	3
4	 6.431681998772439e+02 -7.621023553303065e+02  9.630202490082960e+02	0.000000000000000e+00 0.000000000000000e+00 0.000000000000000e+00	1.000000000000000e+00	0	0	4
5	 1.971073819013383e+03 -9.814954576223676e+01  1.626973058576365e+03	0.000000000000000e+00 0.000000000000000e+00 0.000000000000000e+00	1.000000000000000e+00	0	0	5
6	1.569514220102083e+03 3.034100531490639e+02 8.264893970348645e+02	-1.249345077667385e-04  1.330665108980611e-04  1.205209555337206e-04	1.000000000000000e+00	0	0	6
7	 1.125689029288399e+03 -5.725874714047378e+02  1.270314587848548e+03	-1.446525061813494e-03  1.446525061813493e-03  1.446525061813494e-03	1.000000000000000e+00	0	0	7
8	-1.966200741314123e+02 -1.242136796689135e+03  6.007652625641510e+02	 1.077983906725422e-04 -1.090625446522608e-04 -1.090813821065240e-04	1.000000000000000e+00	0	0	8
9	 2.032446198618022e+02 -1.642001490682350e+03  1.402943829023737e+03	 9.023250640893821e-06 -9.622825018595904e-06 -8.369596798729617e-06	1.000000000000000e+00	0	0	9
10	 6.472113995935704e+02 -7.661455550466331e+02  9.589770492919694e+02	 1.367461557189624e-03 -1.367461557189623e-03 -1.367461557189624e-03	1.000000000000000e+00	0	0	10
11	 1.971305100620152e+03 -9.838082736900557e+01  1.626741776969596e+03	 3.981615736847743e-05 -3.919791197404265e-05 -3.897979331668466e-05	1.000000000000000e+00	0	0	11
12	-2.170837012152994e+02  1.154700538379251e+02  5.877425740350395e+02	0.000000000000000e+00 0.000000000000000e+00 0.000000000000000e+00	1.000000000000000e+00	12	0	12
13	 1.408734656822689e+02 -6.004442799572098e+02  9.456997409326077e+02	0.000000000000000e+00 0.000000000000000e+00 0.000000000000000e+00	1.000000000000000e+00	12	0	13
14	 9.214510296266424e+02 -9.907330619293978e+02  5.554109589604201e+02	0.000000000000000e+00 0.000000000000000e+00 0.000000000000000e+00	1.000000000000000e+00	12	0	14
15	 1.853294364098699e+03 -5.888972745734176e+01 -1.308275709983692e+03	0.000000000000000e+00 0.000000000000000e+00 0.000000000000000e+00	1.000000000000000e+00	12	0	15
16	 1.495337197201131e+03  6.570246063377946e+02 -1.666232876881260e+03	0.000000000000000e+00 0.000000000000000e+00 0.000000000000000e+00	1.000000000000000e+00	12	0	16
17	 7.147596332567570e+02  1.047313388309982e+03 -1.275944094909073e+03	0.000000000000000e+00 0.000000000000000e+00 0.000000000000000e+00	1.000000000000000e+00	12	0	17
18	-2.189144094548468e+02  1.136393455983777e+02  5.859118657954922e+02	-2.326073881704360e-04 -2.326073881704360e-04 -2.326073881704360e-04	1.000000000000000e+00	12	0	18
19	 1.434977400014101e+02 -5.978200056380687e+02  9.483240152517488e+02	3.286396289089074e-04 3.286396289089074e-04 3.286396289089074e-04	1.000000000000000e+00	12	0	19
20	 9.221104780535276e+02 -9.900736135025127e+02  5.560704073873053e+02	1.115723498514853e-04 1.048772319336422e-04 1.061168077285402e-04	1.000000000000000e+00	12	0	20
21	 1.854211978453894e+03 -5.797211310214683e+01 -1.307358095628497e+03	1.193694042740390e-04 1.191021729027852e-04 1.193731877719983e-04	1.000000000000000e+00	12	0	21
22	 1.497864967974970e+03  6.595523771116332e+02 -1.663705106107421e+03	3.381346080762644e-04 3.381346080762644e-04 3.381346080762644e-04	1.000000000000000e+00	12	0	22
23	 7.249065882608214e+02  1.057460343314046e+03 -1.265797139905009e+03	1.286999671719968e-03 1.286999671719968e-03 1.286999671719968e-03	1.000000000000000e+00	12	0	23
24	-7.597929542535472e+02  6.027536810339691e+02  3.059956426705008e+02	0.000000000000000e+00 0.000000000000000e+00 0.000000000000000e+00	1.000000000000000e+00	24	0	24
25	-1.191650955607388e+03 -2.609623216737101e+02 -1.258623586833382e+02	0.000000000000000e+00 0.000000000000000e+00 0.000000000000000e+00	1.000000000000000e+00	24	0	25
26	 5.126870390403868e+02  5.912066756501777e+02 -9.780313560072266e+02	0.000000000000000e+00 0.000000000000000e+00 0.000000000000000e+00	1.000000000000000e+00	24	0	26
27	 9.572467463163994e+02  1.466469683741651e+02 -1.867150770559250e+03	0.000000000000000e+00 0.000000000000000e+00 0.000000000000000e+00	1.000000000000000e+00	24	0	27
28	 1.389104747670240e+03  1.010362971081845e+03 -1.435292769205410e+03	0.000000000000000e+00 0.000000000000000e+00 0.000000000000000e+00	1.000000000000000e+00	24	0	28
29	-3.152332469775362e+02  1.581939737579582e+02 -5.831237718815206e+02	0.000000000000000e+00 0.000000000000000e+00 0.000000000000000e+00	1.000000000000000e+00	24	0	29
30	-7.603522789517774e+02  6.033130057321993e+02  3.054363179722706e+02	-7.414415449602529e-05  7.445260416716337e-05 -7.089964492479339e-05	1.000000000000000e+00	24	0	30
31	-1.192763539367378e+03 -2.598497379137197e+02 -1.269749424433285e+02	-1.509735157014802e-04  1.485369575675577e-04 -1.507467823103070e-04	1.000000000000000e+00	24	0	31
32	 5.013811056586186e+02  6.025126090319459e+02 -9.893372893889948e+02	-1.504548708908260e-04  1.504548708908259e-04 -1.504548708908260e-04	1.000000000000000e+00	24	0	32
33	 9.528446593181419e+02  1.510490553724226e+02 -1.871552857557507e+03	-5.990598001517355e-04  5.990598001517355e-04 -5.990598001517355e-04	1.000000000000000e+00	24	0	33
34	 1.380731053163252e+03  1.018736665588833e+03 -1.443666463712397e+03	-1.132787399304410e-03  1.132787399304410e-03 -1.132787399304410e-03	1.000000000000000e+00	24	0	34
35	-3.046145900021377e+02  1.475753167825598e+02 -5.725051149061222e+02	 1.525638702635964e-04 -1.525638702635963e-04  1.525638702635963e-04	1.000000000000000e+00	24	0	35
36	-3.298415065754409e+02  1.728022333558629e+02 -5.596269137129106e+02	 6.483359175035730e-05 -6.547683733515441e-05  2.614651457406580e-04	1.000000000000000e+00	24	0	36
38	 6.018307810345123e+02 -8.385443914022590e+02  1.004357667851027e+03	-4.355555477862557e-04  4.355555477862557e-04  4.355555477862557e-04	1.000000000000000e+00	0	0	38
40	 5.277088725995374e+02  5.761848420910273e+02 -1.001114640214592e+03	-1.065586984623224e-04  9.933359251590446e-05 -1.885914534796029e-04	1.000000000000000e+00	24	0	40
42	 1.170716245545612e+03 -4.998352327472677e+02  1.225287371591335e+03	 3.012323237877960e-04 -3.012323237877960e-04 -3.012323237877960e-04	1.000000000000000e+00	0	0	42
44	1.770883833586842e+03 1.020404396643048e+02 1.226141856539299e+03	 2.236422369605862e-05 -2.236422369605862e-05 -2.223491901531816e-05	1.000000000000000e+00	0	0	44
45	 1.367844805547162e+03 -9.594828738631992e+01  1.028158811589786e+03	-3.150578122586012e-04  3.133697609882802e-04  3.150578122586012e-04	1.000000000000000e+00	0	0	45
46	 8.588256967061110e+02 -7.006564637408796e+02  1.142245595512406e+03	-2.228743862360716e-03  2.217303495854139e-03  2.217303495854139e-03	1.000000000000000e+00	0	0	46
47	 3.628416494942995e+00 -1.442385287315491e+03  1.001538749902466e+03	 9.932132525136694e-05 -9.932132525136694e-05 -9.924844925990328e-05	1.000000000000000e+00	0	0	47
48	 2.046382161971024e+02 -1.042368886859918e+03  8.005331723933684e+02	 1.685610914137214e-04 -1.674398081377149e-04 -1.674398081377149e-04	1.000000000000000e+00	0	0	48
49	 4.026016669228668e+02 -1.240343242481557e+03  1.203586781962673e+03	-1.265200844500214e-04  1.248805929208174e-04  1.265200844500214e-04	1.000000000000000e+00	0	0	49
50	 9.155835734520724e+02 -6.394981716132438e+02  1.085624432725359e+03	 2.350010909140110e-03 -2.304067369550467e-03 -2.304067369550467e-03	1.000000000000000e+00	0	0	50
51	 1.571293387850248e+03 -2.993887963461884e+02  1.425733807992414e+03	 1.441399654140696e-04 -1.434799778508022e-04 -1.434799778508022e-04	1.000000000000000e+00	0	0	51
52	-3.728059456772210e+01 -2.416614232731176e+02  7.675456806826165e+02	1.192032650578767e-04 1.196036100736819e-04 1.192032650578767e-04	1.000000000000000e+00	12	0	52
53	 2.489887615014181e+02  5.815425165546427e+02 -3.439497123868612e+02	9.403926924278494e-06 9.403926924278494e-06 9.476751984038856e-06	1.000000000000000e+00	12	0	53
54	 5.312049058421327e+02 -7.955181876804908e+02  7.506258332093274e+02	3.242586171836592e-05 3.936671055271290e-05 3.936671055271290e-05	1.000000000000000e+00	12	0	54
55	 1.387459322438231e+03 -5.247247691178100e+02 -3.763456450391269e+02	1.354980395262828e-05 1.354980395262828e-05 1.357996097794967e-05	1.000000000000000e+00	12	0	55
56	 1.676376705315856e+03  3.011230025686596e+02 -1.485193368766536e+03	2.516330569051206e-04 2.502724819350988e-04 2.516330569051206e-04	1.000000000000000e+00	12	0	56
57	 1.097765606545680e+03  8.443655612365280e+02 -1.478891921982527e+03	-6.469270447269082e-04 -7.750162621960044e-04 -7.750162621960044e-04	1.000000000000000e+00	12	0	57
58	-9.772673920279083e+02  1.724488674390752e+02  8.852120489614144e+01	-1.858790637925267e-04  1.878023758763447e-04 -1.858790637925267e-04	1.000000000000000e+00	24	0	58
59	-5.443835112509178e+02  3.873442380313395e+02 -1.263836624114753e+02	-5.369148493628018e-05  5.369148493628018e-05 -5.386172051657923e-05	1.000000000000000e+00	24	0	59
60	-7.611910321789237e+02 -4.364650812752678e+01 -3.431781722295227e+02	-2.063169522443786e-04  2.030013856710866e-04 -2.030013856710866e-04	1.000000000000000e+00	24	0	60
61	 8.437833298087449e+01  3.889760357501884e+02 -7.758007161072378e+02	 3.763550193980336e-05 -3.747621303773485e-05  3.747621303773485e-05	1.000000000000000e+00	24	0	61
62	 1.170962994064417e+03  5.806461403448416e+02 -1.653434522811233e+03	-4.293796664569527e-04  4.058957856614143e-04 -4.293796664569527e-04	1.000000000000000e+00	24	0	62
63	 7.335975070926058e+02  3.702962075979590e+02 -1.443004598536853e+03	-1.048491103574634e-03  1.048491103574634e-03 -1.046982826665044e-03	1.000000000000000e+00	24	0	63
64	 9.618070137610616e+02  7.900955323390335e+02 -1.215025330462598e+03	 5.385410622693598e-04 -4.844680952373892e-04  4.844680952373892e-04	1.000000000000000e+00	24	0	64
65	 1.135528982897274e+02  3.598129808310014e+02 -7.847427789545661e+02	 4.235688902554102e-05 -4.195630390313454e-05  4.195630390313454e-05	1.000000000000000e+00	24	0	65
66	1.671132661786430e+03 2.017916114647167e+02 1.025377403361016e+03	 8.300549961859360e-05 -8.300549961859360e-05 -8.438718941761181e-05	1.000000000000000e+00	0	0	66
67	1.467700601221508e+03 1.047270971443210e+02 9.283030159154393e+02	-3.594688314478844e-04  3.636569599620998e-04  3.594688314478844e-04	1.000000000000000e+00	0	0	67
68	 9.914884438331587e+02 -6.356852148117355e+02  1.207216844441551e+03	-2.052871044725180e-03  2.136783441528678e-03  2.136783441528678e-03	1.000000000000000e+00	0	0	68
69	-9.660486394643884e+01 -1.342152006874109e+03  8.012610078375674e+02	 8.684734348207712e-05 -8.684734348207712e-05 -8.682183397468179e-05	1.000000000000000e+00	0	0	69
70	 4.441503800488505e+00 -1.142690560097688e+03  7.002114991555977e+02	 1.937615452334285e-04 -1.944833347806707e-04 -1.944833347806707e-04	1.000000000000000e+00	0	0	70
71	 1.036251204397904e+02 -1.542381991260338e+03  1.202054105109846e+03	 8.404435357078910e-05 -8.404435357078910e-05 -8.358887134818360e-05	1.000000000000000e+00	0	0	71
72	 3.028448922605078e+02 -1.441092906398946e+03  1.303343556625032e+03	-7.100756192812696e-05  7.048963016131893e-05  7.100756192812696e-05	1.000000000000000e+00	0	0	72
73	 7.837357225923470e+02 -7.054868673894221e+02  1.019635736949180e+03	 2.183014526963234e-03 -2.310346812009811e-03 -2.310346812009811e-03	1.000000000000000e+00	0	0	73
74	1.870820799972994e+03 2.103473278152507e+00 1.426715448385808e+03	-1.265807713934919e-05  1.265807713934919e-05  1.272446115763159e-05	1.000000000000000e+00	0	0	74
75	 1.771447470913290e+03 -1.990322156816619e+02  1.526090388656941e+03	 1.155042918981053e-04 -1.149282470578328e-04 -1.149282470578328e-04	1.000000000000000e+00	0	0	75
76	-1.268971142495609e+02 -6.280284697904460e+01  6.779291610007778e+02	8.181285375030711e-05 8.393455209443346e-05 8.181285375030711e-05	1.000000000000000e+00	12	0	76
77	1.401241507377660e+01 3.465661701270012e+02 1.199306440776204e+02	-2.488785248715430e-04 -2.488785248715430e-04 -2.555334940552711e-04	1.000000000000000e+00	12	0	77
78	 5.247424393863356e+01 -4.203661870817211e+02  8.573005191889722e+02	1.609503815416247e-04 1.634769723750651e-04 1.609503815416247e-04	1.000000000000000e+00	12	0	78
79	 3.367293874083245e+02 -6.973258458121327e+02  8.488181750776855e+02	1.332888787146658e-04 1.277342526009306e-04 1.277342526009306e-04	1.000000000000000e+00	12	0	79
80	 7.292010243133689e+02 -8.902604699766063e+02  6.558835509132119e+02	3.445931070018560e-04 3.456949780229479e-04 3.456949780229479e-04	1.000000000000000e+00	12	0	80
81	 1.154284087174246e+03 -7.579000043817955e+02  8.936129701386315e+01	-1.415779297531117e-05 -1.415779297531117e-05 -1.420429089193931e-05	1.000000000000000e+00	12	0	81
82	 1.620945218974953e+03 -2.912388725810883e+02 -8.417411034940475e+02	8.136016549542546e-05 8.136016549542546e-05 8.168622298398986e-05	1.000000000000000e+00	12	0	82
83	 1.765080695366714e+03  1.213577262204256e+02 -1.396489378715677e+03	1.606240693945438e-04 1.589725143276155e-04 1.606240693945438e-04	1.000000000000000e+00	12	0	83
84	 1.586870754235729e+03  4.800879984628343e+02 -1.574699319846663e+03	2.643497427925467e-04 2.635866403579712e-04 2.643497427925467e-04	1.000000000000000e+00	12	0	84
85	 1.304105097664341e+03  7.583057697089885e+02 -1.564951713510066e+03	3.933140251319855e-04 3.317125956527889e-04 3.317125956527889e-04	1.000000000000000e+00	12	0	85
86	 4.823743145260535e+02  8.149280695792780e+02 -8.094267750925017e+02	9.474864054936916e-05 9.474864054936916e-05 1.005493395496160e-04	1.000000000000000e+00	12	0	86
87	 9.210525646787166e+02  9.603249555766693e+02 -1.362932527642386e+03	1.404694514349103e-03 1.267458545044065e-03 1.267458545044065e-03	1.000000000000000e+00	12	0	87
88	-8.681105467028767e+02  3.871817817684189e+02  1.976780502211730e+02	-3.387820834177546e-05  3.491846655379049e-05 -3.387820834177546e-05	1.000000000000000e+00	24	0	88
89	-6.536745816891639e+02  4.966353084695856e+02  8.822133035415746e+01	-2.343282249057665e-04  2.343282249057665e-04 -2.340730716241524e-04	1.000000000000000e+00	24	0	89
90	-1.085671988221314e+03 -4.305149585932901e+01 -1.988339129726480e+01	-2.495037042535841e-04  2.486126613803208e-04 -2.495037042535841e-04	1.000000000000000e+00	24	0	90
91	-9.763315995597230e+02 -1.523899088103619e+02 -2.344347715466876e+02	-9.573258284945041e-05  9.519496961729601e-05 -9.519496961729601e-05	1.000000000000000e+00	24	0	91
92	 2.928760199074790e+02  4.957515063117079e+02 -8.825761866687573e+02	-6.674876931356266e-05  6.520719034597278e-05 -6.520719034597278e-05	1.000000000000000e+00	24	0	92
93	 1.062481174796782e+03  3.653305678189279e+02 -1.761916342078868e+03	-3.645507094915956e-04  3.701217938214540e-04 -3.645507094915956e-04	1.000000000000000e+00	24	0	93
94	 8.420628561050552e+02  2.618308585855096e+02 -1.658521132550279e+03	-9.751581819728017e-04  9.751581819728017e-04 -9.970142273232341e-04	1.000000000000000e+00	24	0	94
95	 1.271424018636363e+03  8.038494796161647e+02 -1.552973498239287e+03	-1.087985816411674e-03  1.039358903653920e-03 -1.087985816411674e-03	1.000000000000000e+00	24	0	95
96	 1.168928586424551e+03  9.066161000443749e+02 -1.331545898167939e+03	-5.773261655122042e-04  5.664697964675725e-04 -5.664697964675725e-04	1.000000000000000e+00	24	0	96
97	-9.608257773173241e+01  2.542143731304953e+02 -6.791441712540600e+02	 8.754393638810143e-05 -8.416321361437440e-05  8.416321361437440e-05	1.000000000000000e+00	24	0	97
98	-4.331547528817708e+02  2.761154796621925e+02 -3.391323316287172e+02	 3.687555145006627e-04 -3.687555145006627e-04  3.519820456858724e-04	1.000000000000000e+00	24	0	98
99	-5.466965167964120e+02  6.574226299680481e+01 -4.525669433538542e+02	-4.023814399261028e-04  4.032173892483115e-04 -4.032173892483115e-04	1.000000000000000e+00	24	0	99
100	-1.259928331378961e+02  2.838456985811850e+02 -6.706703789382344e+02	 8.501330739818513e-05 -9.694209438748658e-05  9.694209438748658e-05	1.000000000000000e+00	24	0	100
101	 7.284217109195841e+02 -7.679124590690708e+02  1.074989600184215e+03	-2.109269844368100e-03  1.969280187040567e-03  1.969280187040567e-03	1.000000000000000e+00	0	0	101
102	 4.039218511332699e+02 -9.411404285118808e+02  9.017616307414053e+02	 2.049788963631727e-05 -1.928996425704099e-05 -1.928996425704099e-05	1.000000000000000e+00	0	0	102
103	 5.015992641464074e+02 -1.038825345978911e+03  1.104589184739132e+03	-2.731589484028518e-04  2.718497416935861e-04  2.731589484028518e-04	1.000000000000000e+00	0	0	103
104	 6.262292632697330e+02  4.776644514208318e+02 -1.226170216684629e+03	-1.023466465994716e-03  1.023466465994716e-03 -9.485462796874344e-04	1.000000000000000e+00	24	0	104
105	 7.442491548218870e+02  6.835653958869577e+02 -1.108495194010522e+03	 4.718223062809557e-04 -4.765004559885710e-04  4.765004559885710e-04	1.000000000000000e+00	24	0	105
106	 3.241751793359478e+02  4.647877598744006e+02 -8.897175579979653e+02	-6.381045386660844e-05  7.806924986653030e-05 -7.806924986653030e-05	1.000000000000000e+00	24	0	106
107	 1.268069233443750e+03 -2.966973636259419e+02  1.127934383693198e+03	-2.716778253670782e-04  2.649266971275210e-04  2.716778253670782e-04	1.000000000000000e+00	0	0	107
108	 1.045634038832221e+03 -5.718687979326676e+02  1.153253806405935e+03	 2.185456687584519e-03 -1.998346066102386e-03 -1.998346066102386e-03	1.000000000000000e+00	0	0	108
109	 1.371357345607564e+03 -3.999673146183165e+02  1.325155289720286e+03	 2.286536328028888e-04 -2.288112882524729e-04 -2.288112882524729e-04	1.000000000000000e+00	0	0	109
110	-1.045563947497322e+02  2.279973603034924e+02  3.508331990600830e+02	-5.065617733635008e-04 -5.065617733635008e-04 -5.052263732068241e-04	1.000000000000000e+00	12	0	110
111	 1.037483740292237e+03 -8.747003512638044e+02  3.220044831039881e+02	-4.365426502772607e-05 -4.365426502772607e-05 -4.316025297157466e-05	1.000000000000000e+00	12	0	111
112	 1.737727334071500e+03 -1.744567574845409e+02 -1.074400641045657e+03	1.190501570818014e-04 1.190501570818014e-04 1.192671479657292e-04	1.000000000000000e+00	12	0	112
113	 6.037318310683032e+02  9.362855861215277e+02 -1.037361153771047e+03	6.983778439462185e-04 6.983778439462185e-04 7.416299195028841e-04	1.000000000000000e+00	12	0	113
114	 1.324763028109289e+02  4.650300578641535e+02 -1.110224809592168e+02	8.443259389423474e-07 8.443259389423474e-07 3.863312940666219e-07	1.000000000000000e+00	12	0	114
115	 3.650175041337012e+02  6.975712591869258e+02 -5.773630669721340e+02	-4.371975592221133e-05 -4.371975592221133e-05 -4.389286914374679e-05	1.000000000000000e+00	12	0	115
116	 1.270876920219613e+03 -6.413071713364284e+02 -1.434869097725445e+02	-2.655189064171282e-07 -2.655189064171282e-07 -2.660952418409579e-07	1.000000000000000e+00	12	0	116
117	 1.504140446873728e+03 -4.080436446823130e+02 -6.091053377237255e+02	3.996917439508252e-05 3.996917439508252e-05 4.011397686554119e-05	1.000000000000000e+00	12	0	117
0	-5.773502691896258e-01  5.773502691896258e-01  5.773502691896258e-01	-7.071067811865476e-01  3.124842898819631e-18 -7.071067811865476e-01	 1.198001808568474e+03 -5.294203851356715e-15  1.198001808568474e+03	1	0	0.000000000000000e+00	0.000000000000000e+00	0.000000000000000e+00
1	-5.773502691896258e-01  5.773502691896258e-01  5.773502691896258e-01	 0.000000000000000e+00  7.071067811865476e-01 -7.071067811865476e-01	 0.000000000000000e+00 -9.214510296266430e+02  9.214510296266430e+02	1	0	0.000000000000000e+00	0.000000000000000e+00	0.000000000000000e+00
2	-5.773502691896258e-01  5.773502691896258e-01  5.773502691896258e-01	 7.071067811865476e-01  7.071067811865476e-01 -3.124842898819631e-18	-7.193784354102739e+02 -7.193784354102739e+02  3.179073734356852e-15	1	0	0.000000000000000e+00	0.000000000000000e+00	0.000000000000000e+00
3	-5.773502691896258e-01  5.773502691896258e-01  5.773502691896258e-01	 7.071067811865476e-01 -3.124842898819631e-18  7.071067811865476e-01	 8.030942244427697e+02 -3.549030148066116e-15  8.030942244427697e+02	1	0	0.000000000000000e+00	0.000000000000000e+00	0.000000000000000e+00
4	-5.773502691896258e-01  5.773502691896258e-01  5.773502691896258e-01	 0.000000000000000e+00  7.071067811865476e-01 -7.071067811865476e-01	 0.000000000000000e+00 -8.625613021693013e+02  8.625613021693013e+02	1	0	0.000000000000000e+00	0.000000000000000e+00	0.000000000000000e+00
5	-5.773502691896258e-01  5.773502691896258e-01  5.773502691896258e-01	-7.071067811865476e-01 -7.071067811865476e-01  3.124842898819631e-18	 9.364621366255734e+02  9.364621366255734e+02 -4.138408986458117e-15	1	0	0.000000000000000e+00	0.000000000000000e+00	0.000000000000000e+00
6	 5.773502691896258e-01 -5.773502691896258e-01 -5.773502691896258e-01	0.000000000000000e+00 0.000000000000000e+00 0.000000000000000e+00	1.570392732195782e+03 3.025315410553647e+02 8.256108849411653e+02	1	1	0.000000000000000e+00	0.000000000000000e+00	0.000000000000000e+00
7	-5.773502691896258e-01 -5.773502691896258e-01 -5.773502691896258e-01	-7.071067811865476e-01  0.000000000000000e+00  7.071067811865476e-01	-4.024131376251693e+02  0.000000000000000e+00  4.024131376251693e+02	1	0	0.000000000000000e+00	0.000000000000000e+00	0.000000000000000e+00
8	-5.773502691896258e-01 -5.773502691896258e-01 -5.773502691896258e-01	 0.000000000000000e+00 -7.071067811865476e-01  7.071067811865476e-01	 0.000000000000000e+00 -7.730720104449091e+02  7.730720104449091e+02	1	0	0.000000000000000e+00	0.000000000000000e+00	0.000000000000000e+00
9	-5.773502691896258e-01 -5.773502691896258e-01 -5.773502691896258e-01	 7.071067811865476e-01 -7.071067811865476e-01  0.000000000000000e+00	 9.560920457780206e+02 -9.560920457780206e+02  0.000000000000000e+00	1	0	0.000000000000000e+00	0.000000000000000e+00	0.000000000000000e+00
10	-5.773502691896258e-01 -5.773502691896258e-01 -5.773502691896258e-01	 7.071067811865476e-01  0.000000000000000e+00 -7.071067811865476e-01	 1.580785037041196e+03  0.000000000000000e+00 -1.580785037041196e+03	1	0	0.000000000000000e+00	0.000000000000000e+00	0.000000000000000e+00
11	-5.773502691896258e-01 -5.773502691896258e-01 -5.773502691896258e-01	 0.000000000000000e+00  7.071067811865476e-01 -7.071067811865476e-01	 0.000000000000000e+00  1.161628741609527e+03 -1.161628741609527e+03	1	0	0.000000000000000e+00	0.000000000000000e+00	0.000000000000000e+00
12	-5.773502691896258e-01 -5.773502691896258e-01 -5.773502691896258e-01	-7.071067811865476e-01  7.071067811865476e-01  0.000000000000000e+00	-1.662768775266123e+02  1.662768775266123e+02  0.000000000000000e+00	1	0	0.000000000000000e+00	0.000000000000000e+00	0.000000000000000e+00
13	5.773502691896258e-01 5.773502691896258e-01 5.773502691896258e-01	0.000000000000000e+00 0.000000000000000e+00 0.000000000000000e+00	-2.170837012152994e+02  1.154700538379251e+02  5.877425740350395e+02	1	1	0.000000000000000e+00	0.000000000000000e+00	0.000000000000000e+00
14	-5.773502691896258e-01  5.773502691896258e-01 -5.773502691896258e-01	 7.071067811865476e-01  0.000000000000000e+00 -7.071067811865476e-01	-5.328942984620248e+02  0.000000000000000e+00  5.328942984620248e+02	1	0	0.000000000000000e+00	0.000000000000000e+00	0.000000000000000e+00
15	-5.773502691896258e-01  5.773502691896258e-01 -5.773502691896258e-01	-3.124842898819631e-18  7.071067811865476e-01  7.071067811865476e-01	 8.547268868455420e-16 -1.934123401785247e+02 -1.934123401785247e+02	1	0	0.000000000000000e+00	0.000000000000000e+00	0.000000000000000e+00
16	-5.773502691896258e-01  5.773502691896258e-01 -5.773502691896258e-01	 7.071067811865476e-01  7.071067811865476e-01 -3.124842898819631e-18	 5.519468573452824e+02  5.519468573452824e+02 -2.439160906938323e-15	1	0	0.000000000000000e+00	0.000000000000000e+00	0.000000000000000e+00
17	-5.773502691896258e-01  5.773502691896258e-01 -5.773502691896258e-01	-7.071067811865476e-01  0.000000000000000e+00  7.071067811865476e-01	 1.412198758437825e+03  0.000000000000000e+00 -1.412198758437825e+03	1	0	0.000000000000000e+00	0.000000000000000e+00	0.000000000000000e+00
18	-5.773502691896258e-01  5.773502691896258e-01 -5.773502691896258e-01	-3.124842898819631e-18  7.071067811865476e-01  7.071067811865476e-01	 9.389238637586849e-16 -2.124648990617823e+02 -2.124648990617823e+02	1	0	0.000000000000000e+00	0.000000000000000e+00	0.000000000000000e+00
19	-5.773502691896258e-01  5.773502691896258e-01 -5.773502691896258e-01	-7.071067811865476e-01 -7.071067811865476e-01  3.124842898819631e-18	-7.851963660978913e+01 -7.851963660978913e+01  3.469936018238618e-16	1	0	0.000000000000000e+00	0.000000000000000e+00	0.000000000000000e+00
20	 5.773502691896258e-01 -5.773502691896258e-01  5.773502691896258e-01	0.000000000000000e+00 0.000000000000000e+00 0.000000000000000e+00	-7.597929542535472e+02  6.027536810339691e+02  3.059956426705008e+02	1	1	0.000000000000000e+00	0.000000000000000e+00	0.000000000000000e+00
0	0	1	0
6	0	1	0
5	5	0	0
6	5	0	0
0	6	0	0
5	0	6	0
1	1	2	0
6	1	2	0
0	1	7	0
1	7	1	0
2	2	3	0
6	2	3	0
1	2	8	0
2	8	2	0
3	3	4	0
6	3	4	0
2	3	9	0
3	9	3	0
4	4	5	0
6	4	5	0
3	4	10	0
4	10	4	0
4	5	11	0
5	11	5	0
5	6	66	0
0	67	6	0
0	7	42	0
1	68	7	0
2	69	8	0
1	8	70	0
2	9	71	0
3	72	9	0
3	10	38	0
4	73	10	0
5	74	11	0
4	11	75	0
7	12	13	0
13	12	13	0
12	17	12	0
13	17	12	0
7	18	12	0
12	12	18	0
8	13	14	0
13	13	14	0
7	13	19	0
8	19	13	0
9	14	15	0
13	14	15	0
8	14	20	0
9	20	14	0
10	15	16	0
13	15	16	0
9	15	21	0
10	21	15	0
11	16	17	0
13	16	17	0
10	16	22	0
11	22	16	0
11	17	23	0
12	23	17	0
7	76	18	0
12	18	110	0
7	19	78	0
8	79	19	0
8	20	80	0
9	111	20	0
10	83	21	0
9	21	112	0
10	22	84	0
11	85	22	0
11	23	87	0
12	113	23	0
14	24	25	0
20	24	25	0
19	29	24	0
20	29	24	0
14	30	24	0
19	24	30	0
15	25	26	0
20	25	26	0
14	25	31	0
15	31	25	0
16	26	27	0
20	26	27	0
15	26	32	0
16	32	26	0
17	27	28	0
20	27	28	0
16	27	33	0
17	33	27	0
18	28	29	0
20	28	29	0
17	28	34	0
18	34	28	0
18	29	35	0
19	35	29	0
14	88	30	0
19	30	89	0
14	31	90	0
15	91	31	0
16	40	32	0
15	32	92	0
17	93	33	0
16	33	94	0
17	34	95	0
18	96	34	0
19	36	35	0
18	35	97	0
19	98	36	0
15	36	99	0
15	100	36	0
1	38	101	0
1	102	38	0
3	38	103	0
16	104	40	0
18	40	105	0
18	106	40	0
0	42	107	0
4	42	108	0
4	109	42	0
5	66	44	0
5	44	74	0
0	45	67	0
0	107	45	0
1	46	68	0
1	101	46	0
2	47	69	0
2	71	47	0
1	70	48	0
1	48	102	0
3	49	72	0
3	103	49	0
4	50	73	0
4	108	50	0
4	75	51	0
4	51	109	0
7	52	76	0
7	78	52	0
12	114	53	0
12	53	115	0
8	54	79	0
8	80	54	0
9	55	116	0
9	117	55	0
10	56	83	0
10	84	56	0
11	57	85	0
11	87	57	0
14	58	88	0
14	90	58	0
19	89	59	0
19	59	98	0
15	60	91	0
15	99	60	0
15	92	61	0
15	61	100	0
17	62	93	0
17	95	62	0
16	94	63	0
16	63	104	0
18	64	96	0
18	105	64	0
18	97	65	0
18	65	106	0
12	110	77	0
12	77	114	0
9	81	111	0
9	116	81	0
9	112	82	0
9	82	117	0
12	86	113	0
12	115	86	0
