114
21
172
0	1.570392732195782e+03 3.025315410553647e+02 8.256108849411653e+02	0.000000000000000e+00 0.000000000000000e+00 0.000000000000000e+00	1.000000000000000e+00	0	0	0
1	 1.130451827073287e+03 -5.773502691896260e+02  1.265551790063660e+03	0.000000000000000e+00 0.000000000000000e+00 0.000000000000000e+00	1.000000000000000e+00	0	0	1
2	-1.974537920628515e+02 -1.241303078757696e+03  6.015989804955898e+02	0.000000000000000e+00 0.000000000000000e+00 0.000000000000000e+00	1.000000000000000e+00	0	0	2
3	 2.032272947547480e+02 -1.641984165575296e+03  1.402961154130791e+03	0.000000000000000e+00 0.000000000000000e+00 0.000000000000000e+00	1.000000000000000e+00	0	0	3
4	 6.431681998772440e+02 -7.621023553303055e+02  9.630202490082953e+02	0.000000000000000e+00 0.000000000000000e+00 0.000000000000000e+00	1.000000000000000e+00	0	0	4
5	 1.971073819013383e+03 -9.814954576223676e+01  1.626973058576365e+03	0.000000000000000e+00 0.000000000000000e+00 0.000000000000000e+00	1.000000000000000e+00	0	0	5
6	1.569312709936877e+03 3.036115633142695e+02 8.266909072000701e+02	-1.289413776248693e-04  1.400461042067036e-04  1.226300373673439e-04	1.000000000000000e+00	0	0	6
7	 1.123196812138676e+03 -5.700952542550147e+02  1.272806804998271e+03	-1.679172933412095e-03  1.679172933412095e-03  1.679172933412095e-03	1.000000000000000e+00	0	0	7
8	-1.964502848955285e+02 -1.242306585925019e+03  6.005954733282668e+02	 1.065639735315926e-04 -1.081332738976926e-04 -1.081760856322944e-04	1.000000000000000e+00	0	0	8
9	 2.032611064874566e+02 -1.642017977308004e+03  1.402927342398082e+03	 1.202998555527302e-05 -1.286219048779458e-05 -1.111065375880571e-05	1.000000000000000e+00	0	0	9
10	 6.495763572312612e+02 -7.685105126843227e+02  9.566120916542781e+02	 1.596447313204408e-03 -1.596447313204408e-03 -1.596447313204408e-03	1.000000000000000e+00	0	0	10
11	 1.971369771827097e+03 -9.844549857595024e+01  1.626677105762652e+03	 4.377367440611124e-05 -4.287436240701936e-05 -4.253830047673546e-05	1.000000000000000e+00	0	0	11
12	-2.170837012152994e+02  1.154700538379251e+02  5.877425740350395e+02	0.000000000000000e+00 0.000000000000000e+00 0.000000000000000e+00	1.000000000000000e+00	12	0	12
13	 1.408734656822689e+02 -6.004442799572098e+02  9.456997409326077e+02	0.000000000000000e+00 0.000000000000000e+00 0.000000000000000e+00	1.000000000000000e+00	12	0	13
14	 9.214510296266424e+02 -9.907330619293978e+02  5.554109589604201e+02	0.000000000000000e+00 0.000000000000000e+00 0.000000000000000e+00	1.000000000000000e+00	12	0	14
15	 1.853294364098699e+03 -5.888972745734211e+01 -1.308275709983692e+03	0.000000000000000e+00 0.000000000000000e+00 0.000000000000000e+00	1.000000000000000e+00	12	0	15
16	 1.495337197201131e+03  6.570246063377944e+02 -1.666232876881260e+03	0.000000000000000e+00 0.000000000000000e+00 0.000000000000000e+00	1.000000000000000e+00	12	0	16
17	 7.147596332567570e+02  1.047313388309982e+03 -1.275944094909073e+03	0.000000000000000e+00 0.000000000000000e+00 0.000000000000000e+00	1.000000000000000e+00	12	0	17
18	-2.192767403240003e+02  1.132770147292242e+02  5.855495349263387e+02	-2.289840097849568e-04 -2.289840097849568e-04 -2.289840097849568e-04	1.000000000000000e+00	12	0	18
19	 1.440090793877814e+02 -5.973086662516974e+02  9.488353546381201e+02	3.229087160434574e-04 3.229087160434574e-04 3.229087160434574e-04	1.000000000000000e+00	12	0	19
20	 9.222860318907998e+02 -9.898980596652403e+02  5.562459612245775e+02	1.208733738167211e-04 1.128956646425650e-04 1.143534536822699e-04	1.000000000000000e+00	12	0	20
21	 1.854398342432373e+03 -5.778574912366853e+01 -1.307171731650019e+03	1.182134365080856e-04 1.179077662527561e-04 1.182172636617906e-04	1.000000000000000e+00	12	0	21
22	 1.498394346217378e+03  6.600817553540408e+02 -1.663175727865014e+03	3.360015204331527e-04 3.360015204331527e-04 3.360015204331527e-04	1.000000000000000e+00	12	0	22
23	 7.269088325001671e+02  1.059462587553392e+03 -1.263794895665663e+03	1.263637328520417e-03 1.263637328520417e-03 1.263637328520417e-03	1.000000000000000e+00	12	0	23
24	-7.597929542535480e+02  6.027536810339697e+02  3.059956426705016e+02	0.000000000000000e+00 0.000000000000000e+00 0.000000000000000e+00	1.000000000000000e+00	24	0	24
25	-1.191650955607388e+03 -2.609623216737101e+02 -1.258623586833382e+02	0.000000000000000e+00 0.000000000000000e+00 0.000000000000000e+00	1.000000000000000e+00	24	0	25
26	 5.126870390403867e+02  5.912066756501773e+02 -9.780313560072267e+02	0.000000000000000e+00 0.000000000000000e+00 0.000000000000000e+00	1.000000000000000e+00	24	0	26
27	 9.572467463163994e+02  1.466469683741651e+02 -1.867150770559250e+03	0.000000000000000e+00 0.000000000000000e+00 0.000000000000000e+00	1.000000000000000e+00	24	0	27
28	 1.389104747670240e+03  1.010362971081845e+03 -1.435292769205410e+03	0.000000000000000e+00 0.000000000000000e+00 0.000000000000000e+00	1.000000000000000e+00	24	0	28
29	-3.152332469775350e+02  1.581939737579566e+02 -5.831237718815215e+02	0.000000000000000e+00 0.000000000000000e+00 0.000000000000000e+00	1.000000000000000e+00	24	0	29
30	-7.604666678454499e+02  6.034273946258716e+02  3.053219290785997e+02	-7.376118446700275e-05  7.422183261951432e-05 -6.958608719287440e-05	1.000000000000000e+00	24	0	30
31	-1.193000034709343e+03 -2.596132425717554e+02 -1.272114377852929e+02	-1.522876409580931e-04  1.492713490733877e-04 -1.519706711405888e-04	1.000000000000000e+00	24	0	31
32	 5.011475823607788e+02  6.027461323297852e+02 -9.895708126868345e+02	-1.478208578191698e-04  1.478208578191697e-04 -1.478208578191698e-04	1.000000000000000e+00	24	0	32
33	 9.518990591592425e+02  1.519946555313220e+02 -1.872498457716407e+03	-6.055279712503155e-04  6.055279712503155e-04 -6.055279712503155e-04	1.000000000000000e+00	24	0	33
34	 1.378951711868592e+03  1.020516006883493e+03 -1.445445805007058e+03	-1.133361598476768e-03  1.133361598476768e-03 -1.133361598476768e-03	1.000000000000000e+00	24	0	34
35	-3.043846616534129e+02  1.473453884338345e+02 -5.722751865573995e+02	 1.416220814765741e-04 -1.416220814765741e-04  1.416220814765742e-04	1.000000000000000e+00	24	0	35
36	-3.296383410934677e+02  1.725990678738895e+02 -5.594237482309391e+02	 6.887745985295624e-05 -6.107383524067700e-05  2.534559753257781e-04	1.000000000000000e+00	24	0	36
38	 6.010918069530572e+02 -8.378054173208027e+02  1.005096641932482e+03	-4.978246482399603e-04  4.978246482399603e-04  4.978246482399603e-04	1.000000000000000e+00	0	0	38
40	 5.275001873191686e+02  5.763935273713961e+02 -1.001323325494960e+03	-1.252977526746690e-04  1.040147908497602e-04 -1.728601346258074e-04	1.000000000000000e+00	24	0	40
42	 1.171249045722041e+03 -5.003680329236964e+02  1.224754571414906e+03	 3.702123164354513e-04 -3.702123164354513e-04 -3.702123164354513e-04	1.000000000000000e+00	0	0	42
44	1.770919456571901e+03 1.020048166792462e+02 1.226106463394163e+03	 2.300615597050637e-05 -2.300615597050637e-05 -2.284222500748001e-05	1.000000000000000e+00	0	0	44
45	 1.367342263846173e+03 -9.544870701207043e+01  1.028661353290775e+03	-3.251833550166339e-04  3.230961156077683e-04  3.251833550166339e-04	1.000000000000000e+00	0	0	45
46	 8.553052809187587e+02 -6.971565818002189e+02  1.145745477453067e+03	-2.171245869249105e-03  2.157277427613735e-03  2.157277427613735e-03	1.000000000000000e+00	0	0	46
47	 3.785087996697498e+00 -1.442541958817245e+03  1.001382194145183e+03	 1.002817371045239e-04 -1.002817371045239e-04 -1.002080025500618e-04	1.000000000000000e+00	0	0	47
48	 2.048957904368918e+02 -1.042624567327895e+03  8.002774919253914e+02	 1.594755449332297e-04 -1.581880060257390e-04 -1.581880060257390e-04	1.000000000000000e+00	0	0	48
49	 4.024037704054028e+02 -1.240148162536326e+03  1.203784678480137e+03	-1.255516253877431e-04  1.236052485182881e-04  1.255516253877431e-04	1.000000000000000e+00	0	0	49
50	 9.193021425051766e+02 -6.431384442280230e+02  1.081984160110580e+03	 2.300017746165395e-03 -2.249004319310188e-03 -2.249004319310188e-03	1.000000000000000e+00	0	0	50
51	 1.571529514196267e+03 -2.996236634757797e+02  1.425498940862823e+03	 1.568152511026710e-04 -1.558562944410369e-04 -1.558562944410369e-04	1.000000000000000e+00	0	0	51
52	-3.709083094617860e+01 -2.414709186524364e+02  7.677354443041601e+02	1.224968000315130e-04 1.230437337653711e-04 1.224968000315130e-04	1.000000000000000e+00	12	0	52
53	 2.490022870985645e+02  5.815560421517890e+02 -3.439360581524232e+02	7.841857950552367e-06 7.841857950552367e-06 7.932962034828961e-06	1.000000000000000e+00	12	0	53
54	 5.312606705056861e+02 -7.954507621778120e+02  7.506932587120062e+02	3.839562123175710e-05 4.627533780876547e-05 4.627533780876547e-05	1.000000000000000e+00	12	0	54
55	 1.387481185842320e+03 -5.247029057137215e+02 -3.763237280943231e+02	1.430465545126935e-05 1.430465545126935e-05 1.434280784451403e-05	1.000000000000000e+00	12	0	55
56	 1.676765382970833e+03  3.015093510499496e+02 -1.484804691111559e+03	2.435511996736750e-04 2.419463417027146e-04 2.435511996736750e-04	1.000000000000000e+00	12	0	56
57	 1.096837288470310e+03  8.432193857531699e+02 -1.480038097465885e+03	-5.370862199924886e-04 -6.862873560748994e-04 -6.862873560748994e-04	1.000000000000000e+00	12	0	57
58	-9.775533779009600e+02  1.727381144028634e+02  8.823521902308974e+01	-1.784402120392770e-04  1.806657237466425e-04 -1.784402120392770e-04	1.000000000000000e+00	24	0	58
59	-5.444629891511022e+02  3.874237159315239e+02 -1.264632753166894e+02	-4.757085116580129e-05  4.757085116580129e-05 -4.756074849865399e-05	1.000000000000000e+00	24	0	59
60	-7.615214824305494e+02 -4.332193670535656e+01 -3.435027436516929e+02	-2.146466431440786e-04  2.104650920955464e-04 -2.104650920955464e-04	1.000000000000000e+00	24	0	60
61	 8.443733372155717e+01  3.889173500370428e+02 -7.757420303940921e+02	 3.751159238163382e-05 -3.727149305632338e-05  3.727149305632338e-05	1.000000000000000e+00	24	0	61
62	 1.170255313432086e+03  5.813117778259843e+02 -1.654142203443564e+03	-4.714399401564151e-04  4.413573187775910e-04 -4.714399401564151e-04	1.000000000000000e+00	24	0	62
63	 7.319424864430609e+02  3.719512282475039e+02 -1.444657429992197e+03	-1.059854635968804e-03  1.059854635968804e-03 -1.058608759194613e-03	1.000000000000000e+00	24	0	63
64	 9.626341786533435e+02  7.893596933504120e+02 -1.214289491473977e+03	 5.154851824045181e-04 -4.533661413006485e-04  4.533661413006485e-04	1.000000000000000e+00	24	0	64
65	 1.136177401541252e+02  3.597487919008209e+02 -7.846785900243856e+02	 4.029530100524426e-05 -3.986491719842888e-05  3.986491719842888e-05	1.000000000000000e+00	24	0	65
66	1.671265143262031e+03 2.016591299891161e+02 1.025242393535561e+03	 8.575762331020087e-05 -8.575762331020087e-05 -8.760891796555370e-05	1.000000000000000e+00	0	0	66
67	1.467127671547942e+03 1.053075333913728e+02 9.288759455890058e+02	-3.704125701915473e-04  3.758094389922917e-04  3.704125701915473e-04	1.000000000000000e+00	0	0	67
68	 9.881480543705052e+02 -6.321845770906980e+02  1.210717482162588e+03	-2.125165425240993e-03  2.240638481453061e-03  2.240638481453061e-03	1.000000000000000e+00	0	0	68
69	-9.646910383823362e+01 -1.342287766982314e+03  8.011252848389067e+02	 8.612824603915215e-05 -8.612824603915215e-05 -8.610711665824056e-05	1.000000000000000e+00	0	0	69
70	 4.741281285787778e+00 -1.142991545657655e+03  6.999105135956313e+02	 1.880807685665786e-04 -1.888944243546575e-04 -1.888944243546575e-04	1.000000000000000e+00	0	0	70
71	 1.037602496240634e+02 -1.542517120444611e+03  1.201919786169148e+03	 8.810430153971538e-05 -8.810430153971538e-05 -8.752581925364211e-05	1.000000000000000e+00	0	0	71
72	 3.027341796387973e+02 -1.440983090648515e+03  1.303454269246742e+03	-7.002409984124824e-05  6.939952436368912e-05  7.002409984124824e-05	1.000000000000000e+00	0	0	72
73	 7.872171627937487e+02 -7.092066204340796e+02  1.015915983904523e+03	 2.177248010411859e-03 -2.347541041672230e-03 -2.347541041672230e-03	1.000000000000000e+00	0	0	73
74	1.870800074161058e+03 2.124199090088732e+00 1.426736300989685e+03	-1.376757427351549e-05  1.376757427351549e-05  1.386399435432395e-05	1.000000000000000e+00	0	0	74
75	 1.771636331811196e+03 -1.992200119287079e+02  1.525902592409895e+03	 1.251512003364041e-04 -1.243640872417018e-04 -1.243640872417018e-04	1.000000000000000e+00	0	0	75
76	-1.267714512912169e+02 -6.267355362472187e+01  6.780548239591218e+02	7.833151903469115e-05 8.083249849732965e-05 7.833151903469115e-05	1.000000000000000e+00	12	0	76
77	1.362122374981943e+01 3.461749788030440e+02 1.195279776613393e+02	-2.494446234777570e-04 -2.494446234777570e-04 -2.574040263425559e-04	1.000000000000000e+00	12	0	77
78	 5.273083787136590e+01 -4.201052180071181e+02  8.575571131217046e+02	1.658423716435209e-04 1.688885386101902e-04 1.658423716435209e-04	1.000000000000000e+00	12	0	78
79	 3.369526307968029e+02 -6.971122162949378e+02  8.490318045948804e+02	1.510615693405271e-04 1.443749497411773e-04 1.443749497411773e-04	1.000000000000000e+00	12	0	79
80	 7.297278457558120e+02 -8.897320440805025e+02  6.564119768093157e+02	3.265537670813501e-04 3.274744958616793e-04 3.274744958616793e-04	1.000000000000000e+00	12	0	80
81	 1.154263276542807e+03 -7.579208150132340e+02  8.934041336960607e+01	-1.232414160767803e-05 -1.232414160767803e-05 -1.237009109900100e-05	1.000000000000000e+00	12	0	81
82	 1.621072920440975e+03 -2.911111711150659e+02 -8.416128398979296e+02	8.131650974974036e-05 8.131650974974036e-05 8.170637011062354e-05	1.000000000000000e+00	12	0	82
83	 1.765330006718179e+03  1.216042465358536e+02 -1.396240067364213e+03	1.569584128446877e-04 1.550591841805726e-04 1.569584128446877e-04	1.000000000000000e+00	12	0	83
84	 1.587283846404155e+03  4.804996950867870e+02 -1.574286227678237e+03	2.618792932480574e-04 2.608609211165458e-04 2.618792932480574e-04	1.000000000000000e+00	12	0	84
85	 1.304693400783256e+03  7.587855722230076e+02 -1.564471910996047e+03	3.572806890588254e-04 2.809137222357094e-04 2.809137222357094e-04	1.000000000000000e+00	12	0	85
86	 4.825294057455551e+02  8.150831607987797e+02 -8.092614116683642e+02	1.027529142447747e-04 1.027529142447747e-04 1.100524605135433e-04	1.000000000000000e+00	12	0	86
87	 9.232370060682326e+02  9.622774472426267e+02 -1.360980035976428e+03	1.378173939883709e-03 1.220281468704343e-03 1.220281468704343e-03	1.000000000000000e+00	12	0	87
88	-8.681597900788468e+02  3.872328198349426e+02  1.976288068452029e+02	-2.885118738049641e-05  3.009709507750813e-05 -2.885118738049641e-05	1.000000000000000e+00	24	0	88
89	-6.540391500286646e+02  4.969998768090863e+02  8.785722718260504e+01	-2.300896303495392e-04  2.300896303495392e-04 -2.297500614076853e-04	1.000000000000000e+00	24	0	89
90	-1.086059167949722e+03 -4.266581173269021e+01 -2.027057102567278e+01	-2.436880167806521e-04  2.426773862680420e-04 -2.436880167806521e-04	1.000000000000000e+00	24	0	90
91	-9.764870401150191e+02 -1.522354430112293e+02 -2.345892373458202e+02	-1.023196673486382e-04  1.016120659187436e-04 -1.016120659187436e-04	1.000000000000000e+00	24	0	91
92	 2.927710285749239e+02  4.958540325432166e+02 -8.826787129002661e+02	-6.691290036542341e-05  6.531838153023273e-05 -6.531838153023273e-05	1.000000000000000e+00	24	0	92
93	 1.061906763707337e+03  3.659141810390063e+02 -1.762490753168313e+03	-3.673051251098514e-04  3.734255151357502e-04 -3.673051251098514e-04	1.000000000000000e+00	24	0	93
94	 8.405257569528920e+02  2.633679577376728e+02 -1.660096502232093e+03	-9.829242480918765e-04  9.829242480918765e-04 -1.009856117889285e-03	1.000000000000000e+00	24	0	94
95	 1.269770146292419e+03  8.054276368197859e+02 -1.554627370583231e+03	-1.021184143610299e-03  9.732396574690938e-04 -1.021184143610299e-03	1.000000000000000e+00	24	0	95
96	 1.168016790675338e+03  9.075078136137813e+02 -1.332437611737346e+03	-5.841857637278736e-04  5.694141727872193e-04 -5.694141727872193e-04	1.000000000000000e+00	24	0	96
97	-9.594255298981730e+01  2.540798015397579e+02 -6.790095996633227e+02	 9.043172030942515e-05 -8.688000525580719e-05  8.688000525580719e-05	1.000000000000000e+00	24	0	97
98	-4.325739643080258e+02  2.755346910884476e+02 -3.385791449016115e+02	 3.711182507686317e-04 -3.711182507686317e-04  3.527005610521883e-04	1.000000000000000e+00	24	0	98
99	-5.473305602360526e+02  6.637984422243481e+01 -4.532045245794843e+02	-4.052987205795944e-04  4.090103902854025e-04 -4.090103902854025e-04	1.000000000000000e+00	24	0	99
100	-1.258613837289869e+02  2.836956795773281e+02 -6.705203599343776e+02	 8.271953993244097e-05 -9.445169416721910e-05  9.445169416721910e-05	1.000000000000000e+00	24	0	100
101	 7.249029364450788e+02 -7.646844192192887e+02  1.078217640033997e+03	-2.295909216627479e-03  2.069133333861828e-03  2.069133333861828e-03	1.000000000000000e+00	0	0	101
102	 4.039380624489383e+02 -9.411549742048531e+02  9.017470850484330e+02	-2.602643291993445e-07  1.108219748857664e-06  1.108219748857664e-06	1.000000000000000e+00	0	0	102
103	 5.011739765558709e+02 -1.038402974136537e+03  1.105014472329668e+03	-2.685914514586329e-04  2.661425969563425e-04  2.685914514586329e-04	1.000000000000000e+00	0	0	103
104	 6.245966704594151e+02  4.792970442311496e+02 -1.227673993766533e+03	-1.056201639585197e-03  1.056201639585197e-03 -9.668483980931342e-04	1.000000000000000e+00	24	0	104
105	 7.450085630003935e+02  6.827938814538418e+02 -1.107723679577407e+03	 4.952292074449360e-04 -5.061202682554722e-04  5.061202682554722e-04	1.000000000000000e+00	24	0	105
106	 3.240766859496622e+02  4.649084160216215e+02 -8.898382141451862e+02	-6.171614222694188e-05  7.570156594738364e-05 -7.570156594738364e-05	1.000000000000000e+00	24	0	106
107	 1.267631414628546e+03 -2.962723800050654e+02  1.128372202508401e+03	-2.861584362108260e-04  2.764353703241795e-04  2.861584362108260e-04	1.000000000000000e+00	0	0	107
108	 1.049306116653556e+03 -5.751599868099763e+02  1.149962617528626e+03	 2.412655856460333e-03 -2.119275275617838e-03 -2.119275275617838e-03	1.000000000000000e+00	0	0	108
109	 1.371742113546900e+03 -4.003519657678671e+02  1.324770638570735e+03	 2.619715814944357e-04 -2.616112469695508e-04 -2.616112469695508e-04	1.000000000000000e+00	0	0	109
110	-1.053465771275842e+02  2.272071779256403e+02  3.500453933750081e+02	-5.000717937946320e-04 -5.000717937946320e-04 -4.983753315173090e-04	1.000000000000000e+00	12	0	110
111	 1.037421468414248e+03 -8.747626231417933e+02  3.219430251655026e+02	-3.566190571291372e-05 -3.566190571291372e-05 -3.512309558573179e-05	1.000000000000000e+00	12	0	111
112	 1.737913525431283e+03 -1.742705661247587e+02 -1.074214077810001e+03	1.181380212074146e-04 1.181380212074146e-04 1.183944623335265e-04	1.000000000000000e+00	12	0	112
113	 6.048206872320288e+02  9.373744422852535e+02 -1.036198220316488e+03	6.887702038511634e-04 6.887702038511634e-04 7.398267043754458e-04	1.000000000000000e+00	12	0	113
114	 1.324735838769014e+02  4.650273389301260e+02 -1.110260474499097e+02	-4.281613655621186e-06 -4.281613655621186e-06 -4.906976300844690e-06	1.000000000000000e+00	12	0	114
115	 3.649520745546057e+02  6.975058296078303e+02 -5.774287946323009e+02	-3.963783092331141e-05 -3.963783092331141e-05 -3.984370414400473e-05	1.000000000000000e+00	12	0	115
116	 1.270877164619885e+03 -6.413069269361565e+02 -1.434866652845067e+02	6.076603540350334e-07 6.076603540350334e-07 6.084790129534667e-07	1.000000000000000e+00	12	0	116
117	 1.504203671151635e+03 -4.079804204044062e+02 -6.090418614521947e+02	4.057107071275823e-05 4.057107071275823e-05 4.074736716574989e-05	1.000000000000000e+00	12	0	117
0	-5.773502691896258e-01  5.773502691896258e-01  5.773502691896258e-01	-7.071067811865476e-01  3.124842898819631e-18 -7.071067811865476e-01	 1.198001808568474e+03 -5.294203851356715e-15  1.198001808568474e+03	1	0	0.000000000000000e+00	0.000000000000000e+00	0.000000000000000e+00
1	-5.773502691896258e-01  5.773502691896258e-01  5.773502691896258e-01	 0.000000000000000e+00  7.071067811865476e-01 -7.071067811865476e-01	 0.000000000000000e+00 -9.214510296266430e+02  9.214510296266430e+02	1	0	0.000000000000000e+00	0.000000000000000e+00	0.000000000000000e+00
2	-5.773502691896258e-01  5.773502691896258e-01  5.773502691896258e-01	 7.071067811865476e-01  7.071067811865476e-01 -3.124842898819631e-18	-7.193784354102739e+02 -7.193784354102739e+02  3.179073734356852e-15	1	0	0.000000000000000e+00	0.000000000000000e+00	0.000000000000000e+00
3	-5.773502691896258e-01  5.773502691896258e-01  5.773502691896258e-01	 7.071067811865476e-01 -3.124842898819631e-18  7.071067811865476e-01	 8.030942244427697e+02 -3.549030148066116e-15  8.030942244427697e+02	1	0	0.000000000000000e+00	0.000000000000000e+00	0.000000000000000e+00
4	-5.773502691896258e-01  5.773502691896258e-01  5.773502691896258e-01	 0.000000000000000e+00  7.071067811865476e-01 -7.071067811865476e-01	 0.000000000000000e+00 -8.625613021693013e+02  8.625613021693013e+02	1	0	0.000000000000000e+00	0.000000000000000e+00	0.000000000000000e+00
5	-5.773502691896258e-01  5.773502691896258e-01  5.773502691896258e-01	-7.071067811865476e-01 -7.071067811865476e-01  3.124842898819631e-18	 9.364621366255734e+02  9.364621366255734e+02 -4.138408986458117e-15	1	0	0.000000000000000e+00	0.000000000000000e+00	0.000000000000000e+00
6	 5.773502691896258e-01 -5.773502691896258e-01 -5.773502691896258e-01	0.000000000000000e+00 0.000000000000000e+00 0.000000000000000e+00	1.570392732195782e+03 3.025315410553647e+02 8.256108849411653e+02	1	1	0.000000000000000e+00	0.000000000000000e+00	0.000000000000000e+00
7	-5.773502691896258e-01 -5.773502691896258e-01 -5.773502691896258e-01	-7.071067811865476e-01  0.000000000000000e+00  7.071067811865476e-01	-4.024131376251693e+02  0.000000000000000e+00  4.024131376251693e+02	1	0	0.000000000000000e+00	0.000000000000000e+00	0.000000000000000e+00
8	-5.773502691896258e-01 -5.773502691896258e-01 -5.773502691896258e-01	 0.000000000000000e+00 -7.071067811865476e-01  7.071067811865476e-01	 0.000000000000000e+00 -7.730720104449091e+02  7.730720104449091e+02	1	0	0.000000000000000e+00	0.000000000000000e+00	0.000000000000000e+00
9	-5.773502691896258e-01 -5.773502691896258e-01 -5.773502691896258e-01	 7.071067811865476e-01 -7.071067811865476e-01  0.000000000000000e+00	 9.560920457780206e+02 -9.560920457780206e+02  0.000000000000000e+00	1	0	0.000000000000000e+00	0.000000000000000e+00	0.000000000000000e+00
10	-5.773502691896258e-01 -5.773502691896258e-01 -5.773502691896258e-01	 7.071067811865476e-01  0.000000000000000e+00 -7.071067811865476e-01	 1.580785037041196e+03  0.000000000000000e+00 -1.580785037041196e+03	1	0	0.000000000000000e+00	0.000000000000000e+00	0.000000000000000e+00
11	-5.773502691896258e-01 -5.773502691896258e-01 -5.773502691896258e-01	 0.000000000000000e+00  7.071067811865476e-01 -7.071067811865476e-01	 0.000000000000000e+00  1.161628741609527e+03 -1.161628741609527e+03	1	0	0.000000000000000e+00	0.000000000000000e+00	0.000000000000000e+00
12	-5.773502691896258e-01 -5.773502691896258e-01 -5.773502691896258e-01	-7.071067811865476e-01  7.071067811865476e-01  0.000000000000000e+00	-1.662768775266123e+02  1.662768775266123e+02  0.000000000000000e+00	1	0	0.000000000000000e+00	0.000000000000000e+00	0.000000000000000e+00
13	5.773502691896258e-01 5.773502691896258e-01 5.773502691896258e-01	0.000000000000000e+00 0.000000000000000e+00 0.000000000000000e+00	-2.170837012152994e+02  1.154700538379251e+02  5.877425740350395e+02	1	1	0.000000000000000e+00	0.000000000000000e+00	0.000000000000000e+00
14	-5.773502691896258e-01  5.773502691896258e-01 -5.773502691896258e-01	 7.071067811865476e-01  0.000000000000000e+00 -7.071067811865476e-01	-5.328942984620248e+02  0.000000000000000e+00  5.328942984620248e+02	1	0	0.000000000000000e+00	0.000000000000000e+00	0.000000000000000e+00
15	-5.773502691896258e-01  5.773502691896258e-01 -5.773502691896258e-01	-3.124842898819631e-18  7.071067811865476e-01  7.071067811865476e-01	 8.547268868455420e-16 -1.934123401785247e+02 -1.934123401785247e+02	1	0	0.000000000000000e+00	0.000000000000000e+00	0.000000000000000e+00
16	-5.773502691896258e-01  5.773502691896258e-01 -5.773502691896258e-01	 7.071067811865476e-01  7.071067811865476e-01 -3.124842898819631e-18	 5.519468573452824e+02  5.519468573452824e+02 -2.439160906938323e-15	1	0	0.000000000000000e+00	0.000000000000000e+00	0.000000000000000e+00
17	-5.773502691896258e-01  5.773502691896258e-01 -5.773502691896258e-01	-7.071067811865476e-01  0.000000000000000e+00  7.071067811865476e-01	 1.412198758437825e+03  0.000000000000000e+00 -1.412198758437825e+03	1	0	0.000000000000000e+00	0.000000000000000e+00	0.000000000000000e+00
18	-5.773502691896258e-01  5.773502691896258e-01 -5.773502691896258e-01	-3.124842898819631e-18  7.071067811865476e-01  7.071067811865476e-01	 9.389238637586849e-16 -2.124648990617823e+02 -2.124648990617823e+02	1	0	0.000000000000000e+00	0.000000000000000e+00	0.000000000000000e+00
19	-5.773502691896258e-01  5.773502691896258e-01 -5.773502691896258e-01	-7.071067811865476e-01 -7.071067811865476e-01  3.124842898819631e-18	-7.851963660978913e+01 -7.851963660978913e+01  3.469936018238618e-16	1	0	0.000000000000000e+00	0.000000000000000e+00	0.000000000000000e+00
20	 5.773502691896258e-01 -5.773502691896258e-01  5.773502691896258e-01	0.000000000000000e+00 0.000000000000000e+00 0.000000000000000e+00	-7.597929542535480e+02  6.027536810339697e+02  3.059956426705016e+02	1	1	0.000000000000000e+00	0.000000000000000e+00	0.000000000000000e+00
0	0	1	0
6	0	1	0
5	5	0	0
6	5	0	0
0	6	0	0
5	0	6	0
1	1	2	0
6	1	2	0
0	1	7	0
1	7	1	0
2	2	3	0
6	2	3	0
1	2	8	0
2	8	2	0
3	3	4	0
6	3	4	0
2	3	9	0
3	9	3	0
4	4	5	0
6	4	5	0
3	4	10	0
4	10	4	0
4	5	11	0
5	11	5	0
5	6	66	0
0	67	6	0
0	7	42	0
1	68	7	0
2	69	8	0
1	8	70	0
2	9	71	0
3	72	9	0
3	10	38	0
4	73	10	0
5	74	11	0
4	11	75	0
7	12	13	0
13	12	13	0
12	17	12	0
13	17	12	0
7	18	12	0
12	12	18	0
8	13	14	0
13	13	14	0
7	13	19	0
8	19	13	0
9	14	15	0
13	14	15	0
8	14	20	0
9	20	14	0
10	15	16	0
13	15	16	0
9	15	21	0
10	21	15	0
11	16	17	0
13	16	17	0
10	16	22	0
11	22	16	0
11	17	23	0
12	23	17	0
7	76	18	0
12	18	110	0
7	19	78	0
8	79	19	0
8	20	80	0
9	111	20	0
10	83	21	0
9	21	112	0
10	22	84	0
11	85	22	0
11	23	87	0
12	113	23	0
14	24	25	0
20	24	25	0
19	29	24	0
20	29	24	0
14	30	24	0
19	24	30	0
15	25	26	0
20	25	26	0
14	25	31	0
15	31	25	0
16	26	27	0
20	26	27	0
15	26	32	0
16	32	26	0
17	27	28	0
20	27	28	0
16	27	33	0
17	33	27	0
18	28	29	0
20	28	29	0
17	28	34	0
18	34	28	0
18	29	35	0
19	35	29	0
14	88	30	0
19	30	89	0
14	31	90	0
15	91	31	0
16	40	32	0
15	32	92	0
17	93	33	0
16	33	94	0
17	34	95	0
18	96	34	0
19	36	35	0
18	35	97	0
19	98	36	0
15	36	99	0
15	100	36	0
1	38	101	0
1	102	38	0
3	38	103	0
16	104	40	0
18	40	105	0
18	106	40	0
0	42	107	0
4	42	108	0
4	109	42	0
5	66	44	0
5	44	74	0
0	45	67	0
0	107	45	0
1	46	68	0
1	101	46	0
2	47	69	0
2	71	47	0
1	70	48	0
1	48	102	0
3	49	72	0
3	103	49	0
4	50	73	0
4	108	50	0
4	75	51	0
4	51	109	0
7	52	76	0
7	78	52	0
12	114	53	0
12	53	115	0
8	54	79	0
8	80	54	0
9	55	116	0
9	117	55	0
10	56	83	0
10	84	56	0
11	57	85	0
11	87	57	0
14	58	88	0
14	90	58	0
19	89	59	0
19	59	98	0
15	60	91	0
15	99	60	0
15	92	61	0
15	61	100	0
17	62	93	0
17	95	62	0
16	94	63	0
16	63	104	0
18	64	96	0
18	105	64	0
18	97	65	0
18	65	106	0
12	110	77	0
12	77	114	0
9	81	111	0
9	116	81	0
9	112	82	0
9	82	117	0
12	86	113	0
12	115	86	0
