114
21
172
0	1.570392732195782e+03 3.025315410553647e+02 8.256108849411653e+02	0.000000000000000e+00 0.000000000000000e+00 0.000000000000000e+00	1.000000000000000e+00	0	0	0
1	 1.130451827073287e+03 -5.773502691896260e+02  1.265551790063660e+03	0.000000000000000e+00 0.000000000000000e+00 0.000000000000000e+00	1.000000000000000e+00	0	0	1
2	-1.974537920628516e+02 -1.241303078757696e+03  6.015989804955904e+02	0.000000000000000e+00 0.000000000000000e+00 0.000000000000000e+00	1.000000000000000e+00	0	0	2
3	 2.032272947547480e+02 -1.641984165575296e+03  1.402961154130791e+03	0.000000000000000e+00 0.000000000000000e+00 0.000000000000000e+00	1.000000000000000e+00	0	0	3
4	 6.431681998772439e+02 -7.621023553303065e+02  9.630202490082960e+02	0.000000000000000e+00 0.000000000000000e+00 0.000000000000000e+00	1.000000000000000e+00	0	0	4
5	 1.971073819013383e+03 -9.814954576223676e+01  1.626973058576365e+03	0.000000000000000e+00 0.000000000000000e+00 0.000000000000000e+00	1.000000000000000e+00	0	0	5
6	1.570192793470696e+03 3.027314797804504e+02 8.258108236662511e+02	-1.111893725465052e-04  1.123315960285254e-04  1.107443022192456e-04	1.000000000000000e+00	0	0	6
7	 1.130083573536225e+03 -5.769820156525635e+02  1.265920043600722e+03	-2.746532457725455e-04  2.746532457725455e-04  2.746532457725455e-04	1.000000000000000e+00	0	0	7
8	-1.972498323369755e+02 -1.241507038483572e+03  6.013950207697143e+02	 1.110540688387118e-04 -1.113124235416763e-04 -1.113022080971859e-04	1.000000000000000e+00	0	0	8
9	 2.032226598509936e+02 -1.641979530671541e+03  1.402965789034545e+03	-1.065000446942577e-06  9.908847005135613e-07  1.136338028118189e-06	1.000000000000000e+00	0	0	9
10	 6.433311870735293e+02 -7.622653425265920e+02  9.628572618120105e+02	 1.635588123463094e-04 -1.664700976107270e-04 -1.712016091914847e-04	1.000000000000000e+00	0	0	10
11	 1.971118141291162e+03 -9.819386804001559e+01  1.626928736298587e+03	 2.620923623908311e-05 -2.614338700368535e-05 -2.612729440443218e-05	1.000000000000000e+00	0	0	11
12	-2.170837012152994e+02  1.154700538379251e+02  5.877425740350395e+02	0.000000000000000e+00 0.000000000000000e+00 0.000000000000000e+00	1.000000000000000e+00	12	0	12
13	 1.408734656822689e+02 -6.004442799572098e+02  9.456997409326077e+02	0.000000000000000e+00 0.000000000000000e+00 0.000000000000000e+00	1.000000000000000e+00	12	0	13
14	 9.214510296266424e+02 -9.907330619293978e+02  5.554109589604201e+02	0.000000000000000e+00 0.000000000000000e+00 0.000000000000000e+00	1.000000000000000e+00	12	0	14
15	 1.853294364098699e+03 -5.888972745734176e+01 -1.308275709983692e+03	0.000000000000000e+00 0.000000000000000e+00 0.000000000000000e+00	1.000000000000000e+00	12	0	15
16	 1.495337197201131e+03  6.570246063377946e+02 -1.666232876881260e+03	0.000000000000000e+00 0.000000000000000e+00 0.000000000000000e+00	1.000000000000000e+00	12	0	16
17	 7.147596332567570e+02  1.047313388309982e+03 -1.275944094909073e+03	0.000000000000000e+00 0.000000000000000e+00 0.000000000000000e+00	1.000000000000000e+00	12	0	17
18	-2.175411838189816e+02  1.150125712342430e+02  5.872850914313575e+02	-2.480454762311031e-04 -2.480454762311031e-04 -2.480454762311031e-04	1.000000000000000e+00	12	0	18
19	 1.415403460971170e+02 -5.997773995423618e+02  9.463666213474559e+02	3.581667260732502e-04 3.581667260732502e-04 3.581667260732502e-04	1.000000000000000e+00	12	0	19
20	 9.215831960361716e+02 -9.906008955198686e+02  5.555431253699493e+02	7.825915236026049e-05 7.665485463803634e-05 7.695935346418992e-05	1.000000000000000e+00	12	0	20
21	 1.853518643158538e+03 -5.866544839750334e+01 -1.308051430923854e+03	1.228669279953465e-04 1.227896282216534e-04 1.228683540830389e-04	1.000000000000000e+00	12	0	21
22	 1.495938993761963e+03  6.576264028986266e+02 -1.665631080320428e+03	3.317579879270246e-04 3.317579879270245e-04 3.317579879270245e-04	1.000000000000000e+00	12	0	22
23	 7.172998782914449e+02  1.049853633344670e+03 -1.273403849874385e+03	1.373121902967493e-03 1.373121902967493e-03 1.373121902967493e-03	1.000000000000000e+00	12	0	23
24	-7.597929542535472e+02  6.027536810339691e+02  3.059956426705008e+02	0.000000000000000e+00 0.000000000000000e+00 0.000000000000000e+00	1.000000000000000e+00	24	0	24
25	-1.191650955607388e+03 -2.609623216737101e+02 -1.258623586833382e+02	0.000000000000000e+00 0.000000000000000e+00 0.000000000000000e+00	1.000000000000000e+00	24	0	25
26	 5.126870390403868e+02  5.912066756501777e+02 -9.780313560072266e+02	0.000000000000000e+00 0.000000000000000e+00 0.000000000000000e+00	1.000000000000000e+00	24	0	26
27	 9.572467463163994e+02  1.466469683741651e+02 -1.867150770559250e+03	0.000000000000000e+00 0.000000000000000e+00 0.000000000000000e+00	1.000000000000000e+00	24	0	27
28	 1.389104747670240e+03  1.010362971081845e+03 -1.435292769205410e+03	0.000000000000000e+00 0.000000000000000e+00 0.000000000000000e+00	1.000000000000000e+00	24	0	28
29	-3.152332469775362e+02  1.581939737579582e+02 -5.831237718815206e+02	0.000000000000000e+00 0.000000000000000e+00 0.000000000000000e+00	1.000000000000000e+00	24	0	29
30	-7.599300467577220e+02  6.028907735381439e+02  3.058585501663260e+02	-7.444766379194334e-05  7.447188545484096e-05 -7.386249490082264e-05	1.000000000000000e+00	24	0	30
31	-1.191916735635509e+03 -2.606965416455891e+02 -1.261281387114591e+02	-1.461082429159433e-04  1.456240715924650e-04 -1.461047941120341e-04	1.000000000000000e+00	24	0	31
32	 5.039745319841040e+02  5.999191827064606e+02 -9.867438630635095e+02	-2.402093959972262e-03  2.402093959972262e-03 -2.402093959972262e-03	1.000000000000000e+00	24	0	32
33	 9.562030923215241e+02  1.476906223690403e+02 -1.868194424554125e+03	-5.749081416676441e-04  5.749081416676441e-04 -5.749081416676441e-04	1.000000000000000e+00	24	0	33
34	 1.387129415697577e+03  1.012338303054508e+03 -1.437268101178073e+03	-1.092047624600430e-03  1.092047624600430e-03 -1.092047624600430e-03	1.000000000000000e+00	24	0	34
35	-3.080540269506270e+02  1.510147537310490e+02 -5.759445518546115e+02	 3.449117066338658e-03 -3.449117066338658e-03  3.449117066338658e-03	1.000000000000000e+00	24	0	35
36	-3.298374197941554e+02  1.727981465745774e+02 -5.596228269316250e+02	-8.490307955071330e-04  8.490307955071330e-04 -8.490307955071330e-04	1.000000000000000e+00	24	0	36
38	 6.035446814837297e+02 -8.402582918514764e+02  1.002643767401810e+03	-2.093619987135753e-04  2.093619987135753e-04  2.093619987135753e-04	1.000000000000000e+00	0	0	38
40	 5.278778083209181e+02  5.760159063696466e+02 -1.000945704493211e+03	 5.937026677808415e-04 -5.937026677808414e-04  5.937026677808414e-04	1.000000000000000e+00	24	0	40
42	 1.169803263844761e+03 -4.989222510464162e+02  1.226200353292186e+03	 6.424143066396937e-05 -6.266116542974487e-05 -6.304473208729178e-05	1.000000000000000e+00	0	0	42
44	1.770765624683215e+03 1.021586485679313e+02 1.226259644091041e+03	 1.852168861660175e-05 -1.852168861660175e-05 -1.849737236625515e-05	1.000000000000000e+00	0	0	44
45	 1.369547397155848e+03 -9.764509169395393e+01  1.026456219981100e+03	-2.809892757795751e-04  2.806162519846112e-04  2.809892757795751e-04	1.000000000000000e+00	0	0	45
46	 8.665086436097421e+02 -7.083149860936305e+02  1.134587073159656e+03	-5.093021318316460e-04  5.088701145723462e-04  5.088701145723462e-04	1.000000000000000e+00	0	0	46
47	 3.065884465791898e+00 -1.441822755286340e+03  1.002100961304132e+03	 9.795226651476696e-05 -9.795226651476696e-05 -9.792385390028358e-05	1.000000000000000e+00	0	0	47
48	 2.035923316959280e+02 -1.041327272829459e+03  8.015747864238272e+02	 1.956839550985023e-04 -1.953623432200402e-04 -1.953623432200402e-04	1.000000000000000e+00	0	0	48
49	 4.033324912544597e+02 -1.241068114737386e+03  1.202855957631080e+03	-1.286204205825925e-04  1.282029406866059e-04  1.286204205825925e-04	1.000000000000000e+00	0	0	49
50	 9.072986682415276e+02 -6.313233863371838e+02  1.093799218001419e+03	 6.108129746280611e-04 -6.083654006943107e-04 -6.083654006943107e-04	1.000000000000000e+00	0	0	50
51	 1.570580716441367e+03 -2.986779937428428e+02  1.426444610595760e+03	 1.074115934898145e-04 -1.073200037353672e-04 -1.073200037353672e-04	1.000000000000000e+00	0	0	51
52	-3.792028215348295e+01 -2.423022410814032e+02  7.669059930968557e+02	1.034997767419554e-04 1.035451641655527e-04 1.034997767419554e-04	1.000000000000000e+00	12	0	52
53	 2.489150541245185e+02  5.814688091777431e+02 -3.440236626731910e+02	2.041265724983532e-05 2.041265724983532e-05 2.042605592578184e-05	1.000000000000000e+00	12	0	53
54	 5.311251117797386e+02 -7.956241059107139e+02  7.505199149791042e+02	-1.049712500389433e-05 -8.636105121695437e-06 -8.636105121695437e-06	1.000000000000000e+00	12	0	54
55	 1.387389229615643e+03 -5.247948619403987e+02 -3.764158378054290e+02	1.074209285434335e-05 1.074209285434335e-05 1.074803458323004e-05	1.000000000000000e+00	12	0	55
56	 1.674845833611897e+03  2.995971541367103e+02 -1.486724240470495e+03	2.845130802597851e-04 2.841478562913835e-04 2.845130802597851e-04	1.000000000000000e+00	12	0	56
57	 1.102802264307230e+03  8.498856270132990e+02 -1.473371856205756e+03	-1.158407190814614e-03 -1.196771394461393e-03 -1.196771394461393e-03	1.000000000000000e+00	12	0	57
58	-9.761245034098717e+02  1.712987278642115e+02  8.966409351417791e+01	-2.143133169738576e-04  2.148511994164437e-04 -2.143133169738576e-04	1.000000000000000e+00	24	0	58
59	-5.440108940422024e+02  3.869716208226241e+02 -1.260094978178291e+02	-7.664882286917418e-05  7.664882286917418e-05 -7.685121090617031e-05	1.000000000000000e+00	24	0	59
60	-7.600983242072307e+02 -4.472843040865280e+01 -3.420962499483966e+02	-1.747285132296383e-04  1.741521555231884e-04 -1.741521555231884e-04	1.000000000000000e+00	24	0	60
61	 8.482638611936937e+01  3.885321431970147e+02 -7.753568235540641e+02	-1.263128477148712e-03  1.254256698302925e-03 -1.254256698302925e-03	1.000000000000000e+00	24	0	61
62	 1.172891508001087e+03  5.787879604314298e+02 -1.651506008874564e+03	-2.268180105602369e-04  2.243415656266734e-04 -2.268180105602369e-04	1.000000000000000e+00	24	0	62
63	 7.394812026614952e+02  3.644125120290696e+02 -1.437128601785492e+03	-1.009585335850716e-03  1.009585335850716e-03 -1.008840510621667e-03	1.000000000000000e+00	24	0	63
64	 9.584479362362022e+02  7.932474427236848e+02 -1.218177240847250e+03	 6.403581355698407e-04 -6.245952099561691e-04  6.245952099561691e-04	1.000000000000000e+00	24	0	64
65	 1.126337631986505e+02  3.607330558623626e+02 -7.856628539859273e+02	 1.318071503192186e-03 -1.324620912782848e-03  1.324620912782848e-03	1.000000000000000e+00	24	0	65
66	1.670689670124802e+03 2.022346031263449e+02 1.025824576747079e+03	 7.143842958612368e-05 -7.143842958612368e-05 -7.165283022914082e-05	1.000000000000000e+00	0	0	66
67	1.469645902990664e+03 1.027682601128178e+02 9.263577141462836e+02	-3.211219154763967e-04  3.219147038180381e-04  3.211219154763967e-04	1.000000000000000e+00	0	0	67
68	 9.982430027438618e+02 -6.425942877037483e+02  1.200307771549538e+03	-4.339278675615788e-04  4.353798285592347e-04  4.353798285592347e-04	1.000000000000000e+00	0	0	68
69	-9.711391226733029e+01 -1.341642958553218e+03  8.017699276861476e+02	 9.172190766548738e-05 -9.172190766548738e-05 -9.170954581350088e-05	1.000000000000000e+00	0	0	69
70	 3.279423164633414e+00 -1.141525678963297e+03  7.013763802899889e+02	 2.119388518622145e-04 -2.121535508194938e-04 -2.121535508194938e-04	1.000000000000000e+00	0	0	70
71	 1.031832180761685e+02 -1.541940088896716e+03  1.202494498814549e+03	 7.095876208040863e-05 -7.095876208040863e-05 -7.086612458806485e-05	1.000000000000000e+00	0	0	71
72	 3.032608546156755e+02 -1.441507025274623e+03  1.302927594269864e+03	-7.435328006977215e-05  7.422737689921632e-05  7.435328006977215e-05	1.000000000000000e+00	0	0	72
73	 7.757981158966568e+02 -6.972825426247568e+02  1.027840061713846e+03	 6.641253130510449e-04 -6.693647592328489e-04 -6.693647592328489e-04	1.000000000000000e+00	0	0	73
74	1.870885103831688e+03 2.039169419458414e+00 1.426650964785142e+03	-1.027815778797958e-05  1.027815778797958e-05  1.028555197990499e-05	1.000000000000000e+00	0	0	74
75	 1.770879245270398e+03 -1.984657103692808e+02  1.526656893969322e+03	 8.416604396188632e-05 -8.407780114794150e-05 -8.407780114794150e-05	1.000000000000000e+00	0	0	75
76	-1.274077311528488e+02 -6.332131484949092e+01  6.774185440974899e+02	9.788520401343703e-05 9.845944441622123e-05 9.788520401343703e-05	1.000000000000000e+00	12	0	76
77	1.542998587697464e+01 3.479837409301992e+02 1.213722236749532e+02	-2.465103461872786e-04 -2.465103461872786e-04 -2.481885603629053e-04	1.000000000000000e+00	12	0	77
78	 5.162131954878159e+01 -4.212280179958814e+02  8.564475947991202e+02	1.348199002677575e-04 1.354084670310840e-04 1.348199002677575e-04	1.000000000000000e+00	12	0	78
79	 3.361399266181454e+02 -6.978956173251772e+02  8.482484035646410e+02	7.498027116525918e-05 7.364996417891234e-05 7.364996417891234e-05	1.000000000000000e+00	12	0	79
80	 7.270579959001614e+02 -8.924090128397776e+02  6.537350080500406e+02	4.023959336336702e-04 4.029165429528803e-04 4.029165429528803e-04	1.000000000000000e+00	12	0	80
81	 1.154377749283265e+03 -7.578063422727760e+02  8.945516173251534e+01	-1.783151310519315e-05 -1.783151310519315e-05 -1.784840424079448e-05	1.000000000000000e+00	12	0	81
82	 1.620479574045017e+03 -2.917045175110247e+02 -8.422079246111194e+02	8.115537639241666e-05 8.115537639241666e-05 8.123732550302520e-05	1.000000000000000e+00	12	0	82
83	 1.764124560090329e+03  1.204078992395137e+02 -1.397445513992062e+03	1.734025863697752e-04 1.729244249872863e-04 1.734025863697752e-04	1.000000000000000e+00	12	0	83
84	 1.585331287937078e+03  4.785507458269065e+02 -1.576238786145314e+03	2.743164659477770e-04 2.742219076026231e-04 2.743164659477770e-04	1.000000000000000e+00	12	0	84
85	 1.301406418140711e+03  7.558005435769360e+02 -1.567456939642119e+03	4.836519947275519e-04 4.694897797890007e-04 4.694897797890007e-04	1.000000000000000e+00	12	0	85
86	 4.819227367578580e+02  8.144764918110826e+02 -8.098975301189810e+02	6.386268069036305e-05 6.386268069036305e-05 6.498736911453307e-05	1.000000000000000e+00	12	0	86
87	 9.127142822927592e+02  9.525136527899763e+02 -1.370743830429079e+03	1.515107112936676e-03 1.474540098570287e-03 1.474540098570287e-03	1.000000000000000e+00	12	0	87
88	-8.678630517646827e+02  3.869305238685431e+02  1.979255451593670e+02	-5.318944022292271e-05  5.345557292457670e-05 -5.318944022292271e-05	1.000000000000000e+00	24	0	88
89	-6.522901517902360e+02  4.952508785706577e+02  8.960497864345226e+01	-2.497622044757009e-04  2.497622044757009e-04 -2.497219538781792e-04	1.000000000000000e+00	24	0	89
90	-1.084186528688929e+03 -4.453349844542623e+01 -1.839793176487979e+01	-2.697687305044383e-04  2.695008006412536e-04 -2.697687305044383e-04	1.000000000000000e+00	24	0	90
91	-9.758488886870190e+02 -1.528709607663088e+02 -2.339537195907407e+02	-7.329686195589602e-05  7.321104203583673e-05 -7.321104203583673e-05	1.000000000000000e+00	24	0	91
92	 2.941693657063701e+02  4.944750862764903e+02 -8.812997666335397e+02	-1.543762627989054e-03  1.532505615614355e-03 -1.532505615614355e-03	1.000000000000000e+00	24	0	92
93	 1.064551019953351e+03  3.632380408150564e+02 -1.759846496922298e+03	-3.607904654927552e-04  3.626994439400733e-04 -3.607904654927552e-04	1.000000000000000e+00	24	0	93
94	 8.475593278226596e+02  2.563343868679052e+02 -1.652949169852964e+03	-9.466544725000858e-04  9.466544725000858e-04 -9.515939163975418e-04	1.000000000000000e+00	24	0	94
95	 1.278725836604734e+03  7.968193718004147e+02 -1.545671680270916e+03	-1.506649306975305e-03  1.472853939048946e-03 -1.506649306975305e-03	1.000000000000000e+00	24	0	95
96	 1.172164010452969e+03  9.034096787044905e+02 -1.328339476828055e+03	-5.560027202591300e-04  5.552098155021667e-04 -5.552098155021667e-04	1.000000000000000e+00	24	0	96
97	-9.765407275617613e+01  2.557692947969611e+02 -6.806990929205258e+02	 2.027071779593825e-03 -2.033959375694394e-03  2.033959375694394e-03	1.000000000000000e+00	24	0	97
98	-4.352415420520218e+02  2.782022688324435e+02 -3.411399235276778e+02	 3.610774001572281e-04 -3.610774001572281e-04  3.520980535540730e-04	1.000000000000000e+00	24	0	98
99	-5.444462639750457e+02  6.351058788072098e+01 -4.503352682377704e+02	-3.659961221273988e-04  3.613181179389358e-04 -3.613181179389358e-04	1.000000000000000e+00	24	0	99
100	-1.252451906408037e+02  2.832339307960823e+02 -6.700586111531317e+02	-2.050769282504916e-03  1.941900700330734e-03 -1.941900700330734e-03	1.000000000000000e+00	24	0	100
101	 7.350407947034063e+02 -7.743014647684986e+02  1.068600594484788e+03	-3.955096763093024e-04  3.940954629797488e-04  3.940954629797488e-04	1.000000000000000e+00	0	0	101
102	 4.036720452718953e+02 -9.408960969036928e+02  9.020059623495933e+02	 5.606291597359814e-05 -5.565126048168167e-05 -5.565126048168167e-05	1.000000000000000e+00	0	0	102
103	 5.032066834616091e+02 -1.040431035650908e+03  1.102981765423930e+03	-2.884506830014288e-04  2.885196299757808e-04  2.884506830014288e-04	1.000000000000000e+00	0	0	103
104	 6.317376624575530e+02  4.721560522330117e+02 -1.220954969853329e+03	-9.025167673826218e-04  9.025167673826218e-04 -8.753247675485909e-04	1.000000000000000e+00	24	0	104
105	 7.418445884318255e+02  6.859495841378291e+02 -1.110879382261394e+03	 3.518360899761319e-04 -3.438767744228244e-04  3.438767744228244e-04	1.000000000000000e+00	24	0	105
106	 3.235610272374582e+02  4.652696396474998e+02 -8.901994377710645e+02	 1.509006717242301e-03 -1.428625313565135e-03  1.428625313565135e-03	1.000000000000000e+00	24	0	106
107	 1.269484113949658e+03 -2.980931129015290e+02  1.126519503187289e+03	-2.244001079816371e-04  2.234540734207258e-04  2.244001079816371e-04	1.000000000000000e+00	0	0	107
108	 1.038715515487835e+03 -5.652856183457804e+02  1.159836985992822e+03	 4.617266240529716e-04 -4.578859370667487e-04 -4.578859370667487e-04	1.000000000000000e+00	0	0	108
109	 1.370309516992372e+03 -3.989178198285488e+02  1.326204784510054e+03	 1.485924294684082e-04 -1.487393456045538e-04 -1.487393456045538e-04	1.000000000000000e+00	0	0	109
110	-1.015851425199108e+02  2.309686125333138e+02  3.538001020202913e+02	-5.330691346898675e-04 -5.330691346898675e-04 -5.328179104253650e-04	1.000000000000000e+00	12	0	110
111	 1.037804174024326e+03 -8.743799175317149e+02  3.223229847844518e+02	-6.649755232501775e-05 -6.649755232501775e-05 -6.635429599555209e-05	1.000000000000000e+00	12	0	111
112	 1.737036716502855e+03 -1.751473750531863e+02 -1.075092054615285e+03	1.222363644046709e-04 1.222363644046709e-04 1.222934370161965e-04	1.000000000000000e+00	12	0	112
113	 5.996295705752119e+02  9.321833256284364e+02 -1.041622422495210e+03	7.357814465649426e-04 7.357814465649426e-04 7.471858407370746e-04	1.000000000000000e+00	12	0	113
114	 1.324145685962983e+02  4.649683236495229e+02 -1.110829302828203e+02	2.217463588749524e-05 2.217463588749524e-05 2.213082916568965e-05	1.000000000000000e+00	12	0	114
115	 3.653042068957935e+02  6.978579619490181e+02 -5.770757818529080e+02	-4.801784962182865e-05 -4.801784962182865e-05 -4.804211494047195e-05	1.000000000000000e+00	12	0	115
116	 1.270885240138873e+03 -6.412988514171686e+02 -1.434785828748048e+02	-2.601645746835857e-06 -2.601645746835857e-06 -2.602569338705507e-06	1.000000000000000e+00	12	0	116
117	 1.503918239448544e+03 -4.082658521074970e+02 -6.093280533232024e+02	3.740937245311216e-05 3.740937245311216e-05 3.744309287867509e-05	1.000000000000000e+00	12	0	117
0	-5.773502691896258e-01  5.773502691896258e-01  5.773502691896258e-01	-7.071067811865476e-01  3.124842898819631e-18 -7.071067811865476e-01	 1.198001808568474e+03 -5.294203851356715e-15  1.198001808568474e+03	1	0	0.000000000000000e+00	0.000000000000000e+00	0.000000000000000e+00
1	-5.773502691896258e-01  5.773502691896258e-01  5.773502691896258e-01	 0.000000000000000e+00  7.071067811865476e-01 -7.071067811865476e-01	 0.000000000000000e+00 -9.214510296266430e+02  9.214510296266430e+02	1	0	0.000000000000000e+00	0.000000000000000e+00	0.000000000000000e+00
2	-5.773502691896258e-01  5.773502691896258e-01  5.773502691896258e-01	 7.071067811865476e-01  7.071067811865476e-01 -3.124842898819631e-18	-7.193784354102739e+02 -7.193784354102739e+02  3.179073734356852e-15	1	0	0.000000000000000e+00	0.000000000000000e+00	0.000000000000000e+00
3	-5.773502691896258e-01  5.773502691896258e-01  5.773502691896258e-01	 7.071067811865476e-01 -3.124842898819631e-18  7.071067811865476e-01	 8.030942244427697e+02 -3.549030148066116e-15  8.030942244427697e+02	1	0	0.000000000000000e+00	0.000000000000000e+00	0.000000000000000e+00
4	-5.773502691896258e-01  5.773502691896258e-01  5.773502691896258e-01	 0.000000000000000e+00  7.071067811865476e-01 -7.071067811865476e-01	 0.000000000000000e+00 -8.625613021693013e+02  8.625613021693013e+02	1	0	0.000000000000000e+00	0.000000000000000e+00	0.000000000000000e+00
5	-5.773502691896258e-01  5.773502691896258e-01  5.773502691896258e-01	-7.071067811865476e-01 -7.071067811865476e-01  3.124842898819631e-18	 9.364621366255734e+02  9.364621366255734e+02 -4.138408986458117e-15	1	0	0.000000000000000e+00	0.000000000000000e+00	0.000000000000000e+00
6	 5.773502691896258e-01 -5.773502691896258e-01 -5.773502691896258e-01	0.000000000000000e+00 0.000000000000000e+00 0.000000000000000e+00	1.570392732195782e+03 3.025315410553647e+02 8.256108849411653e+02	1	1	0.000000000000000e+00	0.000000000000000e+00	0.000000000000000e+00
7	-5.773502691896258e-01 -5.773502691896258e-01 -5.773502691896258e-01	-7.071067811865476e-01  0.000000000000000e+00  7.071067811865476e-01	-4.024131376251693e+02  0.000000000000000e+00  4.024131376251693e+02	1	0	0.000000000000000e+00	0.000000000000000e+00	0.000000000000000e+00
8	-5.773502691896258e-01 -5.773502691896258e-01 -5.773502691896258e-01	 0.000000000000000e+00 -7.071067811865476e-01  7.071067811865476e-01	 0.000000000000000e+00 -7.730720104449091e+02  7.730720104449091e+02	1	0	0.000000000000000e+00	0.000000000000000e+00	0.000000000000000e+00
9	-5.773502691896258e-01 -5.773502691896258e-01 -5.773502691896258e-01	 7.071067811865476e-01 -7.071067811865476e-01  0.000000000000000e+00	 9.560920457780206e+02 -9.560920457780206e+02  0.000000000000000e+00	1	0	0.000000000000000e+00	0.000000000000000e+00	0.000000000000000e+00
10	-5.773502691896258e-01 -5.773502691896258e-01 -5.773502691896258e-01	 7.071067811865476e-01  0.000000000000000e+00 -7.071067811865476e-01	 1.580785037041196e+03  0.000000000000000e+00 -1.580785037041196e+03	1	0	0.000000000000000e+00	0.000000000000000e+00	0.000000000000000e+00
11	-5.773502691896258e-01 -5.773502691896258e-01 -5.773502691896258e-01	 0.000000000000000e+00  7.071067811865476e-01 -7.071067811865476e-01	 0.000000000000000e+00  1.161628741609527e+03 -1.161628741609527e+03	1	0	0.000000000000000e+00	0.000000000000000e+00	0.000000000000000e+00
12	-5.773502691896258e-01 -5.773502691896258e-01 -5.773502691896258e-01	-7.071067811865476e-01  7.071067811865476e-01  0.000000000000000e+00	-1.662768775266123e+02  1.662768775266123e+02  0.000000000000000e+00	1	0	0.000000000000000e+00	0.000000000000000e+00	0.000000000000000e+00
13	5.773502691896258e-01 5.773502691896258e-01 5.773502691896258e-01	0.000000000000000e+00 0.000000000000000e+00 0.000000000000000e+00	-2.170837012152994e+02  1.154700538379251e+02  5.877425740350395e+02	1	1	0.000000000000000e+00	0.000000000000000e+00	0.000000000000000e+00
14	-5.773502691896258e-01  5.773502691896258e-01 -5.773502691896258e-01	 7.071067811865476e-01  0.000000000000000e+00 -7.071067811865476e-01	-5.328942984620248e+02  0.000000000000000e+00  5.328942984620248e+02	1	0	0.000000000000000e+00	0.000000000000000e+00	0.000000000000000e+00
15	-5.773502691896258e-01  5.773502691896258e-01 -5.773502691896258e-01	-3.124842898819631e-18  7.071067811865476e-01  7.071067811865476e-01	 8.547268868455420e-16 -1.934123401785247e+02 -1.934123401785247e+02	1	0	0.000000000000000e+00	0.000000000000000e+00	0.000000000000000e+00
16	-5.773502691896258e-01  5.773502691896258e-01 -5.773502691896258e-01	 7.071067811865476e-01  7.071067811865476e-01 -3.124842898819631e-18	 5.519468573452824e+02  5.519468573452824e+02 -2.439160906938323e-15	1	0	0.000000000000000e+00	0.000000000000000e+00	0.000000000000000e+00
17	-5.773502691896258e-01  5.773502691896258e-01 -5.773502691896258e-01	-7.071067811865476e-01  0.000000000000000e+00  7.071067811865476e-01	 1.412198758437825e+03  0.000000000000000e+00 -1.412198758437825e+03	1	0	0.000000000000000e+00	0.000000000000000e+00	0.000000000000000e+00
18	-5.773502691896258e-01  5.773502691896258e-01 -5.773502691896258e-01	-3.124842898819631e-18  7.071067811865476e-01  7.071067811865476e-01	 9.389238637586849e-16 -2.124648990617823e+02 -2.124648990617823e+02	1	0	0.000000000000000e+00	0.000000000000000e+00	0.000000000000000e+00
19	-5.773502691896258e-01  5.773502691896258e-01 -5.773502691896258e-01	-7.071067811865476e-01 -7.071067811865476e-01  3.124842898819631e-18	-7.851963660978913e+01 -7.851963660978913e+01  3.469936018238618e-16	1	0	0.000000000000000e+00	0.000000000000000e+00	0.000000000000000e+00
20	 5.773502691896258e-01 -5.773502691896258e-01  5.773502691896258e-01	0.000000000000000e+00 0.000000000000000e+00 0.000000000000000e+00	-7.597929542535472e+02  6.027536810339691e+02  3.059956426705008e+02	1	1	0.000000000000000e+00	0.000000000000000e+00	0.000000000000000e+00
0	0	1	0
6	0	1	0
5	5	0	0
6	5	0	0
0	6	0	0
5	0	6	0
1	1	2	0
6	1	2	0
0	1	7	0
1	7	1	0
2	2	3	0
6	2	3	0
1	2	8	0
2	8	2	0
3	3	4	0
6	3	4	0
2	3	9	0
3	9	3	0
4	4	5	0
6	4	5	0
3	4	10	0
4	10	4	0
4	5	11	0
5	11	5	0
5	6	66	0
0	67	6	0
0	7	42	0
1	68	7	0
2	69	8	0
1	8	70	0
2	9	71	0
3	72	9	0
3	10	38	0
4	73	10	0
5	74	11	0
4	11	75	0
7	12	13	0
13	12	13	0
12	17	12	0
13	17	12	0
7	18	12	0
12	12	18	0
8	13	14	0
13	13	14	0
7	13	19	0
8	19	13	0
9	14	15	0
13	14	15	0
8	14	20	0
9	20	14	0
10	15	16	0
13	15	16	0
9	15	21	0
10	21	15	0
11	16	17	0
13	16	17	0
10	16	22	0
11	22	16	0
11	17	23	0
12	23	17	0
7	76	18	0
12	18	110	0
7	19	78	0
8	79	19	0
8	20	80	0
9	111	20	0
10	83	21	0
9	21	112	0
10	22	84	0
11	85	22	0
11	23	87	0
12	113	23	0
14	24	25	0
20	24	25	0
19	29	24	0
20	29	24	0
14	30	24	0
19	24	30	0
15	25	26	0
20	25	26	0
14	25	31	0
15	31	25	0
16	26	27	0
20	26	27	0
15	26	32	0
16	32	26	0
17	27	28	0
20	27	28	0
16	27	33	0
17	33	27	0
18	28	29	0
20	28	29	0
17	28	34	0
18	34	28	0
18	29	35	0
19	35	29	0
14	88	30	0
19	30	89	0
14	31	90	0
15	91	31	0
16	40	32	0
15	32	92	0
17	93	33	0
16	33	94	0
17	34	95	0
18	96	34	0
19	36	35	0
18	35	97	0
19	98	36	0
15	36	99	0
15	100	36	0
1	38	101	0
1	102	38	0
3	38	103	0
16	104	40	0
18	40	105	0
18	106	40	0
0	42	107	0
4	42	108	0
4	109	42	0
5	66	44	0
5	44	74	0
0	45	67	0
0	107	45	0
1	46	68	0
1	101	46	0
2	47	69	0
2	71	47	0
1	70	48	0
1	48	102	0
3	49	72	0
3	103	49	0
4	50	73	0
4	108	50	0
4	75	51	0
4	51	109	0
7	52	76	0
7	78	52	0
12	114	53	0
12	53	115	0
8	54	79	0
8	80	54	0
9	55	116	0
9	117	55	0
10	56	83	0
10	84	56	0
11	57	85	0
11	87	57	0
14	58	88	0
14	90	58	0
19	89	59	0
19	59	98	0
15	60	91	0
15	99	60	0
15	92	61	0
15	61	100	0
17	62	93	0
17	95	62	0
16	94	63	0
16	63	104	0
18	64	96	0
18	105	64	0
18	97	65	0
18	65	106	0
12	110	77	0
12	77	114	0
9	81	111	0
9	116	81	0
9	112	82	0
9	82	117	0
12	86	113	0
12	115	86	0
