114
21
172
0	1.570392732195782e+03 3.025315410553647e+02 8.256108849411653e+02	0.000000000000000e+00 0.000000000000000e+00 0.000000000000000e+00	1.000000000000000e+00	0	0	0
1	 1.130451827073287e+03 -5.773502691896260e+02  1.265551790063660e+03	0.000000000000000e+00 0.000000000000000e+00 0.000000000000000e+00	1.000000000000000e+00	0	0	1
2	-1.974537920628516e+02 -1.241303078757696e+03  6.015989804955904e+02	0.000000000000000e+00 0.000000000000000e+00 0.000000000000000e+00	1.000000000000000e+00	0	0	2
3	 2.032272947547480e+02 -1.641984165575296e+03  1.402961154130791e+03	0.000000000000000e+00 0.000000000000000e+00 0.000000000000000e+00	1.000000000000000e+00	0	0	3
4	 6.431681998772439e+02 -7.621023553303065e+02  9.630202490082960e+02	0.000000000000000e+00 0.000000000000000e+00 0.000000000000000e+00	1.000000000000000e+00	0	0	4
5	 1.971073819013383e+03 -9.814954576223676e+01  1.626973058576365e+03	0.000000000000000e+00 0.000000000000000e+00 0.000000000000000e+00	1.000000000000000e+00	0	0	5
6	1.570146907032636e+03 3.027773662185103e+02 8.258567101043110e+02	-1.121283567044884e-04  1.135925922426395e-04  1.115344857680611e-04	1.000000000000000e+00	0	0	6
7	 1.129962504923032e+03 -5.768609470393712e+02  1.266041112213915e+03	-3.169391517682622e-04  3.169391517682622e-04  3.169391517682622e-04	1.000000000000000e+00	0	0	7
8	-1.972042510225085e+02 -1.241552619798039e+03  6.013494394552473e+02	 1.109018048737198e-04 -1.112232203013264e-04 -1.112119280151092e-04	1.000000000000000e+00	0	0	8
9	 2.032223609470915e+02 -1.641979231767639e+03  1.402966087938447e+03	-3.916254343039327e-07  2.950652628896933e-07  4.861715865445149e-07	1.000000000000000e+00	0	0	9
10	 6.434086287336737e+02 -7.623427841867364e+02  9.627798201518661e+02	 2.117322825749094e-04 -2.117322825749094e-04 -2.117322825749094e-04	1.000000000000000e+00	0	0	10
11	 1.971129053733885e+03 -9.820478048273884e+01  1.626917823855863e+03	 2.714042602747213e-05 -2.705394217628054e-05 -2.703187601582613e-05	1.000000000000000e+00	0	0	11
12	-2.170837012152994e+02  1.154700538379251e+02  5.877425740350395e+02	0.000000000000000e+00 0.000000000000000e+00 0.000000000000000e+00	1.000000000000000e+00	12	0	12
13	 1.408734656822689e+02 -6.004442799572098e+02  9.456997409326077e+02	0.000000000000000e+00 0.000000000000000e+00 0.000000000000000e+00	1.000000000000000e+00	12	0	13
14	 9.214510296266424e+02 -9.907330619293978e+02  5.554109589604201e+02	0.000000000000000e+00 0.000000000000000e+00 0.000000000000000e+00	1.000000000000000e+00	12	0	14
15	 1.853294364098699e+03 -5.888972745734176e+01 -1.308275709983692e+03	0.000000000000000e+00 0.000000000000000e+00 0.000000000000000e+00	1.000000000000000e+00	12	0	15
16	 1.495337197201131e+03  6.570246063377946e+02 -1.666232876881260e+03	0.000000000000000e+00 0.000000000000000e+00 0.000000000000000e+00	1.000000000000000e+00	12	0	16
17	 7.147596332567570e+02  1.047313388309982e+03 -1.275944094909073e+03	0.000000000000000e+00 0.000000000000000e+00 0.000000000000000e+00	1.000000000000000e+00	12	0	17
18	-2.176426555796322e+02  1.149110994735923e+02  5.871836196707068e+02	-2.469228056725115e-04 -2.469228056725115e-04 -2.469228056725115e-04	1.000000000000000e+00	12	0	18
19	 1.416866508309773e+02 -5.996310948085015e+02  9.465129260813160e+02	3.555268340278417e-04 3.555268340278417e-04 3.555268340278417e-04	1.000000000000000e+00	12	0	19
20	 9.216153241201605e+02 -9.905687674358796e+02  5.555752534539382e+02	8.062021515797824e-05 7.864888902986422e-05 7.902272045612335e-05	1.000000000000000e+00	12	0	20
21	 1.853568983044512e+03 -5.861510851152947e+01 -1.308001091037880e+03	1.227363973157480e-04 1.226427993969992e-04 1.227380562340841e-04	1.000000000000000e+00	12	0	21
22	 1.496075178342106e+03  6.577625874787692e+02 -1.665494895740286e+03	3.325811024600019e-04 3.325811024600019e-04 3.325811024600019e-04	1.000000000000000e+00	12	0	22
23	 7.178615397260144e+02  1.050415294779239e+03 -1.272842188439816e+03	1.366707806785901e-03 1.366707806785901e-03 1.366707806785901e-03	1.000000000000000e+00	12	0	23
24	-7.597929542535472e+02  6.027536810339691e+02  3.059956426705008e+02	0.000000000000000e+00 0.000000000000000e+00 0.000000000000000e+00	1.000000000000000e+00	24	0	24
25	-1.191650955607388e+03 -2.609623216737101e+02 -1.258623586833382e+02	0.000000000000000e+00 0.000000000000000e+00 0.000000000000000e+00	1.000000000000000e+00	24	0	25
26	 5.126870390403868e+02  5.912066756501777e+02 -9.780313560072266e+02	0.000000000000000e+00 0.000000000000000e+00 0.000000000000000e+00	1.000000000000000e+00	24	0	26
27	 9.572467463163994e+02  1.466469683741651e+02 -1.867150770559250e+03	0.000000000000000e+00 0.000000000000000e+00 0.000000000000000e+00	1.000000000000000e+00	24	0	27
28	 1.389104747670240e+03  1.010362971081845e+03 -1.435292769205410e+03	0.000000000000000e+00 0.000000000000000e+00 0.000000000000000e+00	1.000000000000000e+00	24	0	28
29	-3.152332469775362e+02  1.581939737579582e+02 -5.831237718815206e+02	0.000000000000000e+00 0.000000000000000e+00 0.000000000000000e+00	1.000000000000000e+00	24	0	29
30	-7.599604714826556e+02  6.029211982630776e+02  3.058281254413924e+02	-7.439740875270218e-05  7.443063805112615e-05 -7.366239151451737e-05	1.000000000000000e+00	24	0	30
31	-1.191976638657952e+03 -2.606366386231455e+02 -1.261880417339028e+02	-1.464679371565580e-04  1.458626793464646e-04 -1.464578963350505e-04	1.000000000000000e+00	24	0	31
32	 5.032045167320139e+02  6.006891979585506e+02 -9.875138783155995e+02	-1.439071105172237e-03  1.439071105172237e-03 -1.439071105172237e-03	1.000000000000000e+00	24	0	32
33	 9.559669986404090e+02  1.479267160501555e+02 -1.868430518235240e+03	-5.767610855400562e-04  5.767610855400562e-04 -5.767610855400562e-04	1.000000000000000e+00	24	0	33
34	 1.386680544620815e+03  1.012787174131269e+03 -1.437716972254834e+03	-1.097535869727532e-03  1.097535869727532e-03 -1.097535869727532e-03	1.000000000000000e+00	24	0	34
35	-3.069697559078401e+02  1.499304826882621e+02 -5.748602808118246e+02	 2.033788089950880e-03 -2.033788089950880e-03  2.033788089950880e-03	1.000000000000000e+00	24	0	35
36	-3.300970967164378e+02  1.730578234968598e+02 -5.598825038539076e+02	-4.409079313821470e-04  4.409079313821470e-04 -4.409079313821470e-04	1.000000000000000e+00	24	0	36
38	 6.034575102069758e+02 -8.401711205747225e+02  1.002730938678564e+03	-2.160732547054067e-04  2.160732547054067e-04  2.160732547054067e-04	1.000000000000000e+00	0	0	38
40	 5.280516966217928e+02  5.758420180687719e+02 -1.000771816192336e+03	 2.891584566289869e-04 -2.891584566289869e-04  2.891584566289870e-04	1.000000000000000e+00	24	0	40
42	 1.169830781081559e+03 -4.989497682832140e+02  1.226172836055388e+03	 7.266521424753591e-05 -6.994124851189554e-05 -7.073713641148061e-05	1.000000000000000e+00	0	0	42
44	1.770773290965639e+03 1.021509822855082e+02 1.226251989026578e+03	 1.887420694401953e-05 -1.887420694401953e-05 -1.884374432847835e-05	1.000000000000000e+00	0	0	44
45	 1.369431722412914e+03 -9.752958759958352e+01  1.026571894724034e+03	-2.832871396094561e-04  2.828273281920701e-04  2.832871396094561e-04	1.000000000000000e+00	0	0	45
46	 8.662835896349073e+02 -7.080901457978966e+02  1.134811913455389e+03	-5.903694545850158e-04  5.897511146031320e-04  5.897511146031320e-04	1.000000000000000e+00	0	0	46
47	 3.106045238313514e+00 -1.441862916058861e+03  1.002060813292178e+03	 9.795423102332279e-05 -9.795423102332279e-05 -9.792044147616252e-05	1.000000000000000e+00	0	0	47
48	 2.036722092736064e+02 -1.041407004707934e+03  8.014950545453519e+02	 1.939585054060444e-04 -1.935695036081597e-04 -1.935695036081597e-04	1.000000000000000e+00	0	0	48
49	 4.032797697278113e+02 -1.241015583241667e+03  1.202908679157728e+03	-1.285542093683034e-04  1.280445867450908e-04  1.285542093683034e-04	1.000000000000000e+00	0	0	49
50	 9.075652583455003e+02 -6.315887794670830e+02  1.093533824871520e+03	 6.914777331985533e-04 -6.880480796098709e-04 -6.880480796098709e-04	1.000000000000000e+00	0	0	50
51	 1.570625205198125e+03 -2.987224400021214e+02  1.426400164336481e+03	 1.096213018172421e-04 -1.095052648452111e-04 -1.095052648452111e-04	1.000000000000000e+00	0	0	51
52	-3.787759374097845e+01 -2.422595310587807e+02  7.669486815093602e+02	1.047468831529841e-04 1.048072372213937e-04 1.047468831529841e-04	1.000000000000000e+00	12	0	52
53	 2.489227642764749e+02  5.814765193296995e+02 -3.440159461329620e+02	1.747791247908026e-05 1.747791247908026e-05 1.749566763464827e-05	1.000000000000000e+00	12	0	53
54	 5.311216688090011e+02 -7.956267010557609e+02  7.505173198340572e+02	-6.310759999905713e-06 -4.035453457618132e-06 -4.035453457618132e-06	1.000000000000000e+00	12	0	54
55	 1.387393709768962e+03 -5.247903817870792e+02 -3.764113549004160e+02	1.109167351387441e-05 1.109167351387441e-05 1.109916047425941e-05	1.000000000000000e+00	12	0	55
56	 1.674961976216601e+03  2.997131309920729e+02 -1.486608097865791e+03	2.820251102093607e-04 2.815818297676742e-04 2.820251102093607e-04	1.000000000000000e+00	12	0	56
57	 1.102337191701703e+03  8.494034379178363e+02 -1.473854045301219e+03	-1.110018580220640e-03 -1.155126607045531e-03 -1.155126607045531e-03	1.000000000000000e+00	12	0	57
58	-9.762119073906395e+02  1.713863757722440e+02  8.957668953341019e+01	-2.120629505952820e-04  2.127148618455976e-04 -2.120629505952820e-04	1.000000000000000e+00	24	0	58
59	-5.440419909910806e+02  3.870027177715024e+02 -1.260406844732985e+02	-7.503336382796988e-05  7.503336382796988e-05 -7.526772242272273e-05	1.000000000000000e+00	24	0	59
60	-7.601705464879979e+02 -4.465647846498484e+01 -3.421682018920646e+02	-1.775175333023071e-04  1.767733629094437e-04 -1.767733629094437e-04	1.000000000000000e+00	24	0	60
61	 8.447302919534496e+01  3.888831448780762e+02 -7.757078252351256e+02	-5.532451323233545e-04  5.496738594956696e-04 -5.496738594956696e-04	1.000000000000000e+00	24	0	61
62	 1.172794218219215e+03  5.788839996913234e+02 -1.651603298656436e+03	-2.473370113875717e-04  2.436942450003698e-04 -2.473370113875717e-04	1.000000000000000e+00	24	0	62
63	 7.390667449999298e+02  3.648269696906350e+02 -1.437542725040553e+03	-1.012174878269434e-03  1.012174878269434e-03 -1.011290005408227e-03	1.000000000000000e+00	24	0	63
64	 9.587088573972419e+02  7.929936612103156e+02 -1.217923459333880e+03	 6.323899142444134e-04 -6.133326678536832e-04  6.133326678536832e-04	1.000000000000000e+00	24	0	64
65	 1.130144982393510e+02  3.603507127678577e+02 -7.852805108914224e+02	 6.286915740929544e-04 -6.308234296739101e-04  6.308234296739101e-04	1.000000000000000e+00	24	0	65
66	1.670719145389417e+03 2.022051278617298e+02 1.025795001884136e+03	 7.234424265334383e-05 -7.234424265334383e-05 -7.261644350364804e-05	1.000000000000000e+00	0	0	66
67	1.469513698414298e+03 1.029008295080272e+02 9.264899187226499e+02	-3.237873897887766e-04  3.247758140787482e-04  3.237873897887766e-04	1.000000000000000e+00	0	0	67
68	 9.980512092003714e+02 -6.424017429203118e+02  1.200500316332974e+03	-5.032782210037112e-04  5.055386573076248e-04  5.055386573076248e-04	1.000000000000000e+00	0	0	68
69	-9.707639716218181e+01 -1.341680473658366e+03  8.017324181230379e+02	 9.127670637099072e-05 -9.127670637099072e-05 -9.126205986831337e-05	1.000000000000000e+00	0	0	69
70	 3.366070708034755e+00 -1.141612423707933e+03  7.012896355453527e+02	 2.107298932969570e-04 -2.109892520820722e-04 -2.109892520820722e-04	1.000000000000000e+00	0	0	70
71	 1.032124873505363e+02 -1.541969358171084e+03  1.202465272038482e+03	 7.182021363405511e-05 -7.182021363405511e-05 -7.170540629886091e-05	1.000000000000000e+00	0	0	71
72	 3.032304131986295e+02 -1.441476641255700e+03  1.302958035686910e+03	-7.413854473270476e-05  7.398439629469067e-05  7.413854473270476e-05	1.000000000000000e+00	0	0	72
73	 7.760842671427081e+02 -6.975712423699574e+02  1.027551361968645e+03	 7.333456305786967e-04 -7.406180957332253e-04 -7.406180957332253e-04	1.000000000000000e+00	0	0	73
74	1.870880871787549e+03 2.043401463597319e+00 1.426655200313548e+03	-1.036788307828829e-05  1.036788307828829e-05  1.037753008858999e-05	1.000000000000000e+00	0	0	74
75	 1.770914172487506e+03 -1.985005966529862e+02  1.526622007685616e+03	 8.622156747151166e-05 -8.610983786638826e-05 -8.610983786638826e-05	1.000000000000000e+00	0	0	75
76	-1.273679127639587e+02 -6.328123618485585e+01  6.774583624863800e+02	9.637496987124905e-05 9.707037679618225e-05 9.637496987124905e-05	1.000000000000000e+00	12	0	76
77	1.532884280001697e+01 3.478825978532415e+02 1.212703167180230e+02	-2.468476013746113e-04 -2.468476013746113e-04 -2.488960453774780e-04	1.000000000000000e+00	12	0	77
78	 5.167707160148882e+01 -4.211719968122395e+02  8.565033468518275e+02	1.371418184135109e-04 1.378666493110359e-04 1.371418184135109e-04	1.000000000000000e+00	12	0	78
79	 3.361714469225610e+02 -6.978647040110500e+02  8.482793168787682e+02	7.879259646870196e-05 7.716109394095838e-05 7.716109394095838e-05	1.000000000000000e+00	12	0	79
80	 7.272221970268572e+02 -8.922445780482059e+02  6.538994428416123e+02	3.985757648479193e-04 3.991940175183117e-04 3.991940175183117e-04	1.000000000000000e+00	12	0	80
81	 1.154370478695733e+03 -7.578136128603078e+02  8.944788352201365e+01	-1.764356056810357e-05 -1.764356056810357e-05 -1.766384229995310e-05	1.000000000000000e+00	12	0	81
82	 1.620512887251843e+03 -2.916712043041985e+02 -8.421745740698849e+02	8.132797665894032e-05 8.132797665894032e-05 8.142815931933001e-05	1.000000000000000e+00	12	0	82
83	 1.764195494991285e+03  1.204786175464454e+02 -1.397374579091107e+03	1.726063055684790e-04 1.720281143207103e-04 1.726063055684790e-04	1.000000000000000e+00	12	0	83
84	 1.585443598545927e+03  4.786630116674576e+02 -1.576126475536465e+03	2.735349698923528e-04 2.734105510171503e-04 2.735349698923528e-04	1.000000000000000e+00	12	0	84
85	 1.301607999096329e+03  7.559960202311836e+02 -1.567261462987871e+03	5.013553309254348e-04 4.858845786657184e-04 4.858845786657184e-04	1.000000000000000e+00	12	0	85
86	 4.819491913034956e+02  8.145029463567201e+02 -8.098705552903800e+02	6.531480175908655e-05 6.531480175908655e-05 6.672995368717238e-05	1.000000000000000e+00	12	0	86
87	 9.133336194020260e+02  9.531146356612321e+02 -1.370142847557823e+03	1.506088767200708e-03 1.457150559872389e-03 1.457150559872389e-03	1.000000000000000e+00	12	0	87
88	-8.678845256066791e+02  3.869521186319273e+02  1.979040713173706e+02	-5.158317799214274e-05  5.190697993384674e-05 -5.158317799214274e-05	1.000000000000000e+00	24	0	88
89	-6.523923221375012e+02  4.953530489179229e+02  8.950282706012504e+01	-2.486307057552040e-04  2.486307057552040e-04 -2.485793083906174e-04	1.000000000000000e+00	24	0	89
90	-1.084296829343533e+03 -4.442331891211740e+01 -1.850823241948341e+01	-2.682885678950697e-04  2.679658355191350e-04 -2.682885678950697e-04	1.000000000000000e+00	24	0	90
91	-9.758792789966400e+02 -1.528406104465586e+02 -2.339840699104908e+02	-7.493812881875783e-05  7.482858200091869e-05 -7.482858200091869e-05	1.000000000000000e+00	24	0	91
92	 2.937024493128232e+02  4.949379651478502e+02 -8.817626455048995e+02	-8.188235224224627e-04  8.104658918455243e-04 -8.104658918455243e-04	1.000000000000000e+00	24	0	92
93	 1.064403097626017e+03  3.633868194727473e+02 -1.759994419249633e+03	-3.607805701903999e-04  3.630466526374221e-04 -3.607805701903999e-04	1.000000000000000e+00	24	0	93
94	 8.471707755786055e+02  2.567229391119594e+02 -1.653339979133529e+03	-9.487238712608814e-04  9.487238712608814e-04 -9.547989466227591e-04	1.000000000000000e+00	24	0	94
95	 1.278112099304929e+03  7.974180347502804e+02 -1.546285417570721e+03	-1.483910833485425e-03  1.444442314095795e-03 -1.483910833485425e-03	1.000000000000000e+00	24	0	95
96	 1.171935857036723e+03  9.036374340854013e+02 -1.328567232208966e+03	-5.569605273194611e-04  5.557989352382720e-04 -5.557989352382720e-04	1.000000000000000e+00	24	0	96
97	-9.705023381404604e+01  2.551650106882283e+02 -6.800948088117930e+02	 1.034765853546560e-03 -1.032352331094444e-03  1.032352331094444e-03	1.000000000000000e+00	24	0	97
98	-4.350933876441657e+02  2.780541144245875e+02 -3.409957883023754e+02	 3.616228059399873e-04 -3.616228059399873e-04  3.511016257107258e-04	1.000000000000000e+00	24	0	98
99	-5.445988277202307e+02  6.366107440732433e+01 -4.504857547643737e+02	-3.772768250200897e-04  3.719207306858152e-04 -3.719207306858152e-04	1.000000000000000e+00	24	0	99
100	-1.258410129658965e+02  2.837948967831793e+02 -6.706195771402287e+02	-9.787913877516985e-04  9.135408326983452e-04 -9.135408326983452e-04	1.000000000000000e+00	24	0	100
101	 7.348648756145220e+02 -7.741263015249215e+02  1.068775757728365e+03	-4.642301355488598e-04  4.618937091436237e-04  4.618937091436237e-04	1.000000000000000e+00	0	0	101
102	 4.036948946319287e+02 -9.409187583375208e+02  9.019833009157653e+02	 5.536791650229134e-05 -5.486264853971079e-05 -5.486264853971079e-05	1.000000000000000e+00	0	0	102
103	 5.030886246862904e+02 -1.040312947856625e+03  1.103099824199249e+03	-2.874406927730888e-04  2.875121717806906e-04  2.874406927730888e-04	1.000000000000000e+00	0	0	103
104	 6.313658528562349e+02  4.725278618343298e+02 -1.221314755728285e+03	-9.112089755944908e-04  9.112089755944908e-04 -8.798560011200607e-04	1.000000000000000e+00	24	0	104
105	 7.419921565616435e+02  6.858053722052780e+02 -1.110735170328843e+03	 3.673329483717680e-04 -3.590236010495573e-04  3.590236010495573e-04	1.000000000000000e+00	24	0	105
106	 3.240050745007578e+02  4.648522356896351e+02 -8.897820338131997e+02	 7.450667326338589e-04 -6.929041119292378e-04  6.929041119292378e-04	1.000000000000000e+00	24	0	106
107	 1.269391469164288e+03 -2.980009064807738e+02  1.126612147972660e+03	-2.275388542329893e-04  2.263432834297419e-04  2.275388542329893e-04	1.000000000000000e+00	0	0	107
108	 1.038917791659195e+03 -5.654859525808458e+02  1.159636651757757e+03	 5.265686195343733e-04 -5.208372022025287e-04 -5.208372022025287e-04	1.000000000000000e+00	0	0	108
109	 1.370371224723504e+03 -3.989795949610968e+02  1.326143009377506e+03	 1.524609833722934e-04 -1.526429696241394e-04 -1.526429696241394e-04	1.000000000000000e+00	0	0	109
110	-1.018032940933518e+02  2.307504609598728e+02  3.535820664479082e+02	-5.310741253197193e-04 -5.310741253197193e-04 -5.307589308358729e-04	1.000000000000000e+00	12	0	110
111	 1.037777185710044e+03 -8.744069058459977e+02  3.222960615885272e+02	-6.515191489597782e-05 -6.515191489597782e-05 -6.497750291600823e-05	1.000000000000000e+00	12	0	111
112	 1.737086812817415e+03 -1.750972787386258e+02 -1.075041932365894e+03	1.221202983288094e-04 1.221202983288094e-04 1.221897255163640e-04	1.000000000000000e+00	12	0	112
113	 5.999307869297473e+02  9.324845419829718e+02 -1.041316022011969e+03	7.334969122894108e-04 7.334969122894108e-04 7.473813020624220e-04	1.000000000000000e+00	12	0	113
114	 1.324231936086187e+02  4.649769486618433e+02 -1.110743271302578e+02	1.997686376853380e-05 1.997686376853380e-05 1.991373756027315e-05	1.000000000000000e+00	12	0	114
115	 3.652835502880104e+02  6.978373053412349e+02 -5.770964507639935e+02	-5.217303623794578e-05 -5.217303623794578e-05 -5.220887760515325e-05	1.000000000000000e+00	12	0	115
116	 1.270884228399948e+03 -6.412998631560934e+02 -1.434795950154795e+02	-2.352290493945475e-06 -2.352290493945475e-06 -2.353327772652847e-06	1.000000000000000e+00	12	0	116
117	 1.503933654846661e+03 -4.082504367093804e+02 -6.093126224927361e+02	3.776574885705486e-05 3.776574885705486e-05 3.780732367886230e-05	1.000000000000000e+00	12	0	117
0	-5.773502691896258e-01  5.773502691896258e-01  5.773502691896258e-01	-7.071067811865476e-01  3.124842898819631e-18 -7.071067811865476e-01	 1.198001808568474e+03 -5.294203851356715e-15  1.198001808568474e+03	1	0	0.000000000000000e+00	0.000000000000000e+00	0.000000000000000e+00
1	-5.773502691896258e-01  5.773502691896258e-01  5.773502691896258e-01	 0.000000000000000e+00  7.071067811865476e-01 -7.071067811865476e-01	 0.000000000000000e+00 -9.214510296266430e+02  9.214510296266430e+02	1	0	0.000000000000000e+00	0.000000000000000e+00	0.000000000000000e+00
2	-5.773502691896258e-01  5.773502691896258e-01  5.773502691896258e-01	 7.071067811865476e-01  7.071067811865476e-01 -3.124842898819631e-18	-7.193784354102739e+02 -7.193784354102739e+02  3.179073734356852e-15	1	0	0.000000000000000e+00	0.000000000000000e+00	0.000000000000000e+00
3	-5.773502691896258e-01  5.773502691896258e-01  5.773502691896258e-01	 7.071067811865476e-01 -3.124842898819631e-18  7.071067811865476e-01	 8.030942244427697e+02 -3.549030148066116e-15  8.030942244427697e+02	1	0	0.000000000000000e+00	0.000000000000000e+00	0.000000000000000e+00
4	-5.773502691896258e-01  5.773502691896258e-01  5.773502691896258e-01	 0.000000000000000e+00  7.071067811865476e-01 -7.071067811865476e-01	 0.000000000000000e+00 -8.625613021693013e+02  8.625613021693013e+02	1	0	0.000000000000000e+00	0.000000000000000e+00	0.000000000000000e+00
5	-5.773502691896258e-01  5.773502691896258e-01  5.773502691896258e-01	-7.071067811865476e-01 -7.071067811865476e-01  3.124842898819631e-18	 9.364621366255734e+02  9.364621366255734e+02 -4.138408986458117e-15	1	0	0.000000000000000e+00	0.000000000000000e+00	0.000000000000000e+00
6	 5.773502691896258e-01 -5.773502691896258e-01 -5.773502691896258e-01	0.000000000000000e+00 0.000000000000000e+00 0.000000000000000e+00	1.570392732195782e+03 3.025315410553647e+02 8.256108849411653e+02	1	1	0.000000000000000e+00	0.000000000000000e+00	0.000000000000000e+00
7	-5.773502691896258e-01 -5.773502691896258e-01 -5.773502691896258e-01	-7.071067811865476e-01  0.000000000000000e+00  7.071067811865476e-01	-4.024131376251693e+02  0.000000000000000e+00  4.024131376251693e+02	1	0	0.000000000000000e+00	0.000000000000000e+00	0.000000000000000e+00
8	-5.773502691896258e-01 -5.773502691896258e-01 -5.773502691896258e-01	 0.000000000000000e+00 -7.071067811865476e-01  7.071067811865476e-01	 0.000000000000000e+00 -7.730720104449091e+02  7.730720104449091e+02	1	0	0.000000000000000e+00	0.000000000000000e+00	0.000000000000000e+00
9	-5.773502691896258e-01 -5.773502691896258e-01 -5.773502691896258e-01	 7.071067811865476e-01 -7.071067811865476e-01  0.000000000000000e+00	 9.560920457780206e+02 -9.560920457780206e+02  0.000000000000000e+00	1	0	0.000000000000000e+00	0.000000000000000e+00	0.000000000000000e+00
10	-5.773502691896258e-01 -5.773502691896258e-01 -5.773502691896258e-01	 7.071067811865476e-01  0.000000000000000e+00 -7.071067811865476e-01	 1.580785037041196e+03  0.000000000000000e+00 -1.580785037041196e+03	1	0	0.000000000000000e+00	0.000000000000000e+00	0.000000000000000e+00
11	-5.773502691896258e-01 -5.773502691896258e-01 -5.773502691896258e-01	 0.000000000000000e+00  7.071067811865476e-01 -7.071067811865476e-01	 0.000000000000000e+00  1.161628741609527e+03 -1.161628741609527e+03	1	0	0.000000000000000e+00	0.000000000000000e+00	0.000000000000000e+00
12	-5.773502691896258e-01 -5.773502691896258e-01 -5.773502691896258e-01	-7.071067811865476e-01  7.071067811865476e-01  0.000000000000000e+00	-1.662768775266123e+02  1.662768775266123e+02  0.000000000000000e+00	1	0	0.000000000000000e+00	0.000000000000000e+00	0.000000000000000e+00
13	5.773502691896258e-01 5.773502691896258e-01 5.773502691896258e-01	0.000000000000000e+00 0.000000000000000e+00 0.000000000000000e+00	-2.170837012152994e+02  1.154700538379251e+02  5.877425740350395e+02	1	1	0.000000000000000e+00	0.000000000000000e+00	0.000000000000000e+00
14	-5.773502691896258e-01  5.773502691896258e-01 -5.773502691896258e-01	 7.071067811865476e-01  0.000000000000000e+00 -7.071067811865476e-01	-5.328942984620248e+02  0.000000000000000e+00  5.328942984620248e+02	1	0	0.000000000000000e+00	0.000000000000000e+00	0.000000000000000e+00
15	-5.773502691896258e-01  5.773502691896258e-01 -5.773502691896258e-01	-3.124842898819631e-18  7.071067811865476e-01  7.071067811865476e-01	 8.547268868455420e-16 -1.934123401785247e+02 -1.934123401785247e+02	1	0	0.000000000000000e+00	0.000000000000000e+00	0.000000000000000e+00
16	-5.773502691896258e-01  5.773502691896258e-01 -5.773502691896258e-01	 7.071067811865476e-01  7.071067811865476e-01 -3.124842898819631e-18	 5.519468573452824e+02  5.519468573452824e+02 -2.439160906938323e-15	1	0	0.000000000000000e+00	0.000000000000000e+00	0.000000000000000e+00
17	-5.773502691896258e-01  5.773502691896258e-01 -5.773502691896258e-01	-7.071067811865476e-01  0.000000000000000e+00  7.071067811865476e-01	 1.412198758437825e+03  0.000000000000000e+00 -1.412198758437825e+03	1	0	0.000000000000000e+00	0.000000000000000e+00	0.000000000000000e+00
18	-5.773502691896258e-01  5.773502691896258e-01 -5.773502691896258e-01	-3.124842898819631e-18  7.071067811865476e-01  7.071067811865476e-01	 9.389238637586849e-16 -2.124648990617823e+02 -2.124648990617823e+02	1	0	0.000000000000000e+00	0.000000000000000e+00	0.000000000000000e+00
19	-5.773502691896258e-01  5.773502691896258e-01 -5.773502691896258e-01	-7.071067811865476e-01 -7.071067811865476e-01  3.124842898819631e-18	-7.851963660978913e+01 -7.851963660978913e+01  3.469936018238618e-16	1	0	0.000000000000000e+00	0.000000000000000e+00	0.000000000000000e+00
20	 5.773502691896258e-01 -5.773502691896258e-01  5.773502691896258e-01	0.000000000000000e+00 0.000000000000000e+00 0.000000000000000e+00	-7.597929542535472e+02  6.027536810339691e+02  3.059956426705008e+02	1	1	0.000000000000000e+00	0.000000000000000e+00	0.000000000000000e+00
0	0	1	0
6	0	1	0
5	5	0	0
6	5	0	0
0	6	0	0
5	0	6	0
1	1	2	0
6	1	2	0
0	1	7	0
1	7	1	0
2	2	3	0
6	2	3	0
1	2	8	0
2	8	2	0
3	3	4	0
6	3	4	0
2	3	9	0
3	9	3	0
4	4	5	0
6	4	5	0
3	4	10	0
4	10	4	0
4	5	11	0
5	11	5	0
5	6	66	0
0	67	6	0
0	7	42	0
1	68	7	0
2	69	8	0
1	8	70	0
2	9	71	0
3	72	9	0
3	10	38	0
4	73	10	0
5	74	11	0
4	11	75	0
7	12	13	0
13	12	13	0
12	17	12	0
13	17	12	0
7	18	12	0
12	12	18	0
8	13	14	0
13	13	14	0
7	13	19	0
8	19	13	0
9	14	15	0
13	14	15	0
8	14	20	0
9	20	14	0
10	15	16	0
13	15	16	0
9	15	21	0
10	21	15	0
11	16	17	0
13	16	17	0
10	16	22	0
11	22	16	0
11	17	23	0
12	23	17	0
7	76	18	0
12	18	110	0
7	19	78	0
8	79	19	0
8	20	80	0
9	111	20	0
10	83	21	0
9	21	112	0
10	22	84	0
11	85	22	0
11	23	87	0
12	113	23	0
14	24	25	0
20	24	25	0
19	29	24	0
20	29	24	0
14	30	24	0
19	24	30	0
15	25	26	0
20	25	26	0
14	25	31	0
15	31	25	0
16	26	27	0
20	26	27	0
15	26	32	0
16	32	26	0
17	27	28	0
20	27	28	0
16	27	33	0
17	33	27	0
18	28	29	0
20	28	29	0
17	28	34	0
18	34	28	0
18	29	35	0
19	35	29	0
14	88	30	0
19	30	89	0
14	31	90	0
15	91	31	0
16	40	32	0
15	32	92	0
17	93	33	0
16	33	94	0
17	34	95	0
18	96	34	0
19	36	35	0
18	35	97	0
19	98	36	0
15	36	99	0
15	100	36	0
1	38	101	0
1	102	38	0
3	38	103	0
16	104	40	0
18	40	105	0
18	106	40	0
0	42	107	0
4	42	108	0
4	109	42	0
5	66	44	0
5	44	74	0
0	45	67	0
0	107	45	0
1	46	68	0
1	101	46	0
2	47	69	0
2	71	47	0
1	70	48	0
1	48	102	0
3	49	72	0
3	103	49	0
4	50	73	0
4	108	50	0
4	75	51	0
4	51	109	0
7	52	76	0
7	78	52	0
12	114	53	0
12	53	115	0
8	54	79	0
8	80	54	0
9	55	116	0
9	117	55	0
10	56	83	0
10	84	56	0
11	57	85	0
11	87	57	0
14	58	88	0
14	90	58	0
19	89	59	0
19	59	98	0
15	60	91	0
15	99	60	0
15	92	61	0
15	61	100	0
17	62	93	0
17	95	62	0
16	94	63	0
16	63	104	0
18	64	96	0
18	105	64	0
18	97	65	0
18	65	106	0
12	110	77	0
12	77	114	0
9	81	111	0
9	116	81	0
9	112	82	0
9	82	117	0
12	86	113	0
12	115	86	0
