114
21
172
0	1.570392732195782e+03 3.025315410553647e+02 8.256108849411653e+02	0.000000000000000e+00 0.000000000000000e+00 0.000000000000000e+00	1.000000000000000e+00	0	0	0
1	 1.130451827073287e+03 -5.773502691896260e+02  1.265551790063660e+03	0.000000000000000e+00 0.000000000000000e+00 0.000000000000000e+00	1.000000000000000e+00	0	0	1
2	-1.974537920628516e+02 -1.241303078757696e+03  6.015989804955904e+02	0.000000000000000e+00 0.000000000000000e+00 0.000000000000000e+00	1.000000000000000e+00	0	0	2
3	 2.032272947547480e+02 -1.641984165575296e+03  1.402961154130791e+03	0.000000000000000e+00 0.000000000000000e+00 0.000000000000000e+00	1.000000000000000e+00	0	0	3
4	 6.431681998772439e+02 -7.621023553303065e+02  9.630202490082960e+02	0.000000000000000e+00 0.000000000000000e+00 0.000000000000000e+00	1.000000000000000e+00	0	0	4
5	 1.971073819013383e+03 -9.814954576223676e+01  1.626973058576365e+03	0.000000000000000e+00 0.000000000000000e+00 0.000000000000000e+00	1.000000000000000e+00	0	0	5
6	1.569751459882400e+03 3.031728133687464e+02 8.262521572545471e+02	-1.201417908305302e-04  1.252926595043391e-04  1.175441866507754e-04	1.000000000000000e+00	0	0	6
7	 1.127985744152125e+03 -5.748841862684645e+02  1.268017872984822e+03	-9.381790878251195e-04  9.381790878251195e-04  9.381790878251195e-04	1.000000000000000e+00	0	0	7
8	-1.968297437298410e+02 -1.241927127090707e+03  6.009749321625798e+02	 1.091232115868479e-04 -1.100251392927021e-04 -1.100236113416031e-04	1.000000000000000e+00	0	0	8
9	 2.032307797049400e+02 -1.641987650525488e+03  1.402957669180599e+03	 5.451928700495046e-06 -5.821614195156144e-06 -5.058515853306744e-06	1.000000000000000e+00	0	0	9
10	 6.450673138990061e+02 -7.640014693520687e+02  9.611211349865338e+02	 8.557536445247631e-04 -8.557536445247630e-04 -8.557536445247631e-04	1.000000000000000e+00	0	0	10
11	 1.971233916438944e+03 -9.830964318779763e+01  1.626812961150805e+03	 3.511310569592752e-05 -3.475240373518318e-05 -3.463569373707287e-05	1.000000000000000e+00	0	0	11
12	-2.170837012152994e+02  1.154700538379251e+02  5.877425740350395e+02	0.000000000000000e+00 0.000000000000000e+00 0.000000000000000e+00	1.000000000000000e+00	12	0	12
13	 1.408734656822689e+02 -6.004442799572098e+02  9.456997409326077e+02	0.000000000000000e+00 0.000000000000000e+00 0.000000000000000e+00	1.000000000000000e+00	12	0	13
14	 9.214510296266424e+02 -9.907330619293978e+02  5.554109589604201e+02	0.000000000000000e+00 0.000000000000000e+00 0.000000000000000e+00	1.000000000000000e+00	12	0	14
15	 1.853294364098699e+03 -5.888972745734176e+01 -1.308275709983692e+03	0.000000000000000e+00 0.000000000000000e+00 0.000000000000000e+00	1.000000000000000e+00	12	0	15
16	 1.495337197201131e+03  6.570246063377946e+02 -1.666232876881260e+03	0.000000000000000e+00 0.000000000000000e+00 0.000000000000000e+00	1.000000000000000e+00	12	0	16
17	 7.147596332567570e+02  1.047313388309982e+03 -1.275944094909073e+03	0.000000000000000e+00 0.000000000000000e+00 0.000000000000000e+00	1.000000000000000e+00	12	0	17
18	-2.184632954506884e+02  1.140904596025361e+02  5.863629797996506e+02	-2.373829338466749e-04 -2.373829338466749e-04 -2.373829338466749e-04	1.000000000000000e+00	12	0	18
19	 1.428589728844879e+02 -5.984587727549909e+02  9.476852481348267e+02	3.369827560770015e-04 3.369827560770015e-04 3.369827560770015e-04	1.000000000000000e+00	12	0	19
20	 9.219141896846950e+02 -9.902699018713452e+02  5.558741190184727e+02	1.000476913759485e-04 9.502115426585078e-05 9.596542804501951e-05	1.000000000000000e+00	12	0	20
21	 1.853981648267544e+03 -5.820244328849771e+01 -1.307588425814848e+03	1.207020468427800e-04 1.204897416755557e-04 1.207053137477487e-04	1.000000000000000e+00	12	0	21
22	 1.497214872775764e+03  6.589022819124274e+02 -1.664355201306627e+03	3.386144526302814e-04 3.386144526302814e-04 3.386144526302814e-04	1.000000000000000e+00	12	0	22
23	 7.224079851244693e+02  1.054961740177694e+03 -1.268295743041361e+03	1.315712734746436e-03 1.315712734746436e-03 1.315712734746436e-03	1.000000000000000e+00	12	0	23
24	-7.597929542535472e+02  6.027536810339691e+02  3.059956426705008e+02	0.000000000000000e+00 0.000000000000000e+00 0.000000000000000e+00	1.000000000000000e+00	24	0	24
25	-1.191650955607388e+03 -2.609623216737101e+02 -1.258623586833382e+02	0.000000000000000e+00 0.000000000000000e+00 0.000000000000000e+00	1.000000000000000e+00	24	0	25
26	 5.126870390403868e+02  5.912066756501777e+02 -9.780313560072266e+02	0.000000000000000e+00 0.000000000000000e+00 0.000000000000000e+00	1.000000000000000e+00	24	0	26
27	 9.572467463163994e+02  1.466469683741651e+02 -1.867150770559250e+03	0.000000000000000e+00 0.000000000000000e+00 0.000000000000000e+00	1.000000000000000e+00	24	0	27
28	 1.389104747670240e+03  1.010362971081845e+03 -1.435292769205410e+03	0.000000000000000e+00 0.000000000000000e+00 0.000000000000000e+00	1.000000000000000e+00	24	0	28
29	-3.152332469775362e+02  1.581939737579582e+02 -5.831237718815206e+02	0.000000000000000e+00 0.000000000000000e+00 0.000000000000000e+00	1.000000000000000e+00	24	0	29
30	-7.602112319888506e+02  6.031719587692726e+02  3.055773649351974e+02	-7.439863111358136e-05  7.456895400537178e-05 -7.217881648102775e-05	1.000000000000000e+00	24	0	30
31	-1.192476678955176e+03 -2.601365983259217e+02 -1.266880820311265e+02	-1.493444724474102e-04  1.476088218623772e-04 -1.492175942985341e-04	1.000000000000000e+00	24	0	31
32	 5.016846057048815e+02  6.022091089856830e+02 -9.890337893427319e+02	-1.726266636978834e-04  1.726266636978834e-04 -1.726266636978836e-04	1.000000000000000e+00	24	0	32
33	 9.539872358073317e+02  1.499064788832328e+02 -1.870410281068318e+03	-5.911176170532902e-04  5.911176170532902e-04 -5.911176170532901e-04	1.000000000000000e+00	24	0	33
34	 1.382901536814996e+03  1.016566181937089e+03 -1.441495980060653e+03	-1.127093099057674e-03  1.127093099057674e-03 -1.127093099057674e-03	1.000000000000000e+00	24	0	34
35	-3.049378941393014e+02  1.478986209197234e+02 -5.728284190432859e+02	 1.942624803632498e-04 -1.942624803632498e-04  1.942624803632498e-04	1.000000000000000e+00	24	0	35
36	-3.300897441701815e+02  1.730504709506035e+02 -5.598751513076512e+02	 5.004668491892517e-05 -6.077555372030474e-05  2.631007519084960e-04	1.000000000000000e+00	24	0	36
38	 6.025648878538541e+02 -8.392784982216008e+02  1.003623561031686e+03	-3.299437230452895e-04  3.299437230452895e-04  3.299437230452895e-04	1.000000000000000e+00	0	0	38
40	 5.279542841922618e+02  5.759394304983030e+02 -1.000869228621867e+03	-7.932313747005537e-05  8.681759209139273e-05 -1.991565077332780e-04	1.000000000000000e+00	24	0	40
42	 1.170244114017830e+03 -4.993631012194857e+02  1.225759503119117e+03	 2.233260311186314e-04 -1.627636374905705e-04 -1.888306287582964e-04	1.000000000000000e+00	0	0	42
44	1.770841772576208e+03 1.020825006749387e+02 1.226183707487538e+03	 2.139131902367808e-05 -2.139131902367808e-05 -2.130126813426614e-05	1.000000000000000e+00	0	0	44
45	 1.368438179442959e+03 -9.653887205610596e+01  1.027565437693988e+03	-3.031312953680754e-04  3.019095456693321e-04  3.031312953680754e-04	1.000000000000000e+00	0	0	45
46	 8.626455606049070e+02 -7.044602127276798e+02  1.138441846525606e+03	-1.668229349888861e-03  1.662799622863531e-03  1.662799622863531e-03	1.000000000000000e+00	0	0	46
47	 3.438627935382124e+00 -1.442195498755930e+03  1.001728404804971e+03	 9.844914166023955e-05 -9.844914166023955e-05 -9.838399273576215e-05	1.000000000000000e+00	0	0	47
48	 2.043046189541538e+02 -1.042037222699602e+03  8.008648365536844e+02	 1.787160726962611e-04 -1.778294245013967e-04 -1.778294245013967e-04	1.000000000000000e+00	0	0	48
49	 4.028455521273829e+02 -1.240584354723457e+03  1.203342896758156e+03	-1.274839305551723e-04  1.262378791579977e-04  1.274839305551723e-04	1.000000000000000e+00	0	0	49
50	 9.115470879505074e+02 -6.355305636334647e+02  1.089592040705138e+03	 1.773675088770688e-03 -1.748618204146624e-03 -1.748618204146624e-03	1.000000000000000e+00	0	0	50
51	 1.571030366744595e+03 -2.991267760214096e+02  1.425995828317193e+03	 1.301629527006298e-04 -1.297638664254919e-04 -1.297638664254919e-04	1.000000000000000e+00	0	0	51
52	-3.750520570172852e+01 -2.418866518217205e+02  7.673210695486101e+02	1.146399954450317e-04 1.148879600805230e-04 1.146399954450317e-04	1.000000000000000e+00	12	0	52
53	 2.489688231902433e+02  5.815225782434678e+02 -3.439697699141960e+02	1.137325580202742e-05 1.137325580202742e-05 1.142491601058282e-05	1.000000000000000e+00	12	0	53
54	 5.311518589998196e+02 -7.955832143439710e+02  7.505608065458472e+02	2.212991967098787e-05 2.761081304925028e-05 2.761081304925028e-05	1.000000000000000e+00	12	0	54
55	 1.387434160700901e+03 -5.247499308551405e+02 -3.763708559422949e+02	1.267329753318336e-05 1.267329753318336e-05 1.269451695407042e-05	1.000000000000000e+00	12	0	55
56	 1.675883666742699e+03  3.006322773122443e+02 -1.485686407339693e+03	2.620497252792120e-04 2.610033261589706e-04 2.620497252792120e-04	1.000000000000000e+00	12	0	56
57	 1.099146028820611e+03  8.459654237590901e+02 -1.477292059459965e+03	-7.934219320304692e-04 -8.934818906709552e-04 -8.934818906709552e-04	1.000000000000000e+00	12	0	57
58	-9.769016719650861e+02  1.720798454183106e+02  8.888692495896362e+01	-1.951039448613301e-04  1.966120180441067e-04 -1.951039448613301e-04	1.000000000000000e+00	24	0	58
59	-5.442731151546859e+02  3.872338419351076e+02 -1.262728040737908e+02	-6.132473208708689e-05  6.132473208708689e-05 -6.161765486467630e-05	1.000000000000000e+00	24	0	59
60	-7.608046694339773e+02 -4.402747305874379e+01 -3.427972072983056e+02	-1.961528178071603e-04  1.938334753504023e-04 -1.938334753504023e-04	1.000000000000000e+00	24	0	60
61	 8.430549988082080e+01  3.890486711067508e+02 -7.758733514638002e+02	 3.842317164526321e-05 -3.838117117993534e-05  3.838117117993534e-05	1.000000000000000e+00	24	0	61
62	 1.171733179484270e+03  5.799134121865432e+02 -1.652664337391380e+03	-3.717164800036699e-04  3.561133635230362e-04 -3.717164800036699e-04	1.000000000000000e+00	24	0	62
63	 7.355974980122107e+02  3.682962166783541e+02 -1.441007591080943e+03	-1.034908229485154e-03  1.034908229485154e-03 -1.033360022120178e-03	1.000000000000000e+00	24	0	63
64	 9.607437048632842e+02  7.910654884392534e+02 -1.215995286562818e+03	 5.696079460904002e-04 -5.266879452392459e-04  5.266879452392459e-04	1.000000000000000e+00	24	0	64
65	 1.134692280548777e+02  3.598959254683223e+02 -7.848257235918870e+02	 4.473272565519437e-05 -4.438121686689556e-05  4.438121686689556e-05	1.000000000000000e+00	24	0	65
66	1.670976657718658e+03 2.019476155324890e+02 1.025535581497627e+03	 7.944296521600336e-05 -7.944296521600336e-05 -8.034233178477734e-05	1.000000000000000e+00	0	0	66
67	1.468378112734974e+03 1.040428294139271e+02 9.276255044019733e+02	-3.463246684987098e-04  3.492051619105041e-04  3.463246684987098e-04	1.000000000000000e+00	0	0	67
68	 9.949136834945180e+02 -6.392208188964610e+02  1.203681240356825e+03	-1.460949191823602e-03  1.494557131081820e-03  1.494557131081820e-03	1.000000000000000e+00	0	0	68
69	-9.677271876269877e+01 -1.341984152057849e+03  8.014288124425966e+02	 8.807498670648783e-05 -8.807498670648783e-05 -8.804908429738134e-05	1.000000000000000e+00	0	0	69
70	 4.063110164432516e+00 -1.142310911281499e+03  7.005911479717874e+02	 2.003082336159423e-04 -2.008887822739780e-04 -2.008887822739780e-04	1.000000000000000e+00	0	0	70
71	 1.034683726871790e+02 -1.542225243507727e+03  1.202210111429666e+03	 7.930022547952831e-05 -7.930022547952831e-05 -7.898065086919814e-05	1.000000000000000e+00	0	0	71
72	 3.029823578035705e+02 -1.441229503267510e+03  1.303206091081969e+03	-7.217825623229146e-05  7.179135718615726e-05  7.217825623229146e-05	1.000000000000000e+00	0	0	72
73	 7.799796988088774e+02 -7.015550534634517e+02  1.023567550875151e+03	 1.665834686718881e-03 -1.724324189126492e-03 -1.724324189126492e-03	1.000000000000000e+00	0	0	73
74	1.870843975008626e+03 2.080298242520947e+00 1.426692173651885e+03	-1.154255824076245e-05  1.154255824076245e-05  1.158156919700559e-05	1.000000000000000e+00	0	0	74
75	 1.771236571218212e+03 -1.988222148265195e+02  1.526300389512083e+03	 1.043114316416904e-04 -1.039424532791600e-04 -1.039424532791600e-04	1.000000000000000e+00	0	0	75
76	-1.270586583876463e+02 -6.296800178896262e+01  6.777676168626923e+02	8.653602708363906e-05 8.817081834422424e-05 8.653602708363906e-05	1.000000000000000e+00	12	0	76
77	1.448957827925285e+01 3.470433333324774e+02 1.204190252462800e+02	-2.481745032127947e-04 -2.481745032127947e-04 -2.531995414756238e-04	1.000000000000000e+00	12	0	77
78	 5.217177116708068e+01 -4.206728912119340e+02  8.569980464174193e+02	1.538613287266344e-04 1.557401847094297e-04 1.538613287266344e-04	1.000000000000000e+00	12	0	78
79	 3.364939854804672e+02 -6.975519402137488e+02  8.485920806760694e+02	1.121888053603470e-04 1.080500660464168e-04 1.080500660464168e-04	1.000000000000000e+00	12	0	79
80	 7.285187770230975e+02 -8.909448878521190e+02  6.551991330376992e+02	3.657268243841827e-04 3.668453719001263e-04 3.668453719001263e-04	1.000000000000000e+00	12	0	80
81	 1.154313111142612e+03 -7.578709804134292e+02  8.939040678717291e+01	-1.596493530087173e-05 -1.596493530087173e-05 -1.600676841917448e-05	1.000000000000000e+00	12	0	81
82	 1.620788954741848e+03 -2.913951368141929e+02 -8.418979174083821e+02	8.141603029798716e-05 8.141603029798716e-05 8.166227780748159e-05	1.000000000000000e+00	12	0	82
83	 1.764768036120289e+03  1.210479152144602e+02 -1.396802037962102e+03	1.650531048653647e-04 1.637453242437914e-04 1.650531048653647e-04	1.000000000000000e+00	12	0	83
84	 1.586360261453824e+03  4.795786967748070e+02 -1.575209812628568e+03	2.674407151062042e-04 2.669557579793036e-04 2.674407151062042e-04	1.000000000000000e+00	12	0	84
85	 1.303298340192380e+03  7.575984309520195e+02 -1.565659052267035e+03	4.494742897804826e-04 4.077147168572992e-04 4.077147168572992e-04	1.000000000000000e+00	12	0	85
86	 4.822022733979186e+02  8.147560284511432e+02 -8.096082846070738e+02	8.435124618699774e-05 8.435124618699774e-05 8.843712566886097e-05	1.000000000000000e+00	12	0	86
87	 9.183229270599579e+02  9.578322063180262e+02 -1.365425276901029e+03	1.439066953025758e-03 1.330115599557757e-03 1.330115599557757e-03	1.000000000000000e+00	12	0	87
88	-8.680395529036916e+02  3.871090339900168e+02  1.977490440203581e+02	-4.008856194559485e-05  4.087488923687488e-05 -4.008856194559485e-05	1.000000000000000e+00	24	0	88
89	-6.532196931154908e+02  4.961804198959125e+02  8.867581544028499e+01	-2.395072951912880e-04  2.395072951912880e-04 -2.393393078818917e-04	1.000000000000000e+00	24	0	89
90	-1.085186266383265e+03 -4.353567066574993e+01 -1.939766945921543e+01	-2.564211026765406e-04  2.557060506660491e-04 -2.564211026765406e-04	1.000000000000000e+00	24	0	90
91	-9.761552975289241e+02 -1.525653568913087e+02 -2.342593234657408e+02	-8.797478949418291e-05  8.761783101363108e-05 -8.761783101363108e-05	1.000000000000000e+00	24	0	91
92	 2.930047490918408e+02  4.956256582514742e+02 -8.824503386085236e+02	-6.878717977087945e-05  6.731493340339512e-05 -6.731493340339512e-05	1.000000000000000e+00	24	0	92
93	 1.063178653849106e+03  3.646232403960674e+02 -1.761218863026545e+03	-3.621776413638145e-04  3.668174904305488e-04 -3.621776413638145e-04	1.000000000000000e+00	24	0	93
94	 8.439259864316126e+02  2.599677282589522e+02 -1.656621795647039e+03	-9.656033944338560e-04  9.656033944338560e-04 -9.815128287300467e-04	1.000000000000000e+00	24	0	94
95	 1.273609058825898e+03  8.017590717790988e+02 -1.550788458049752e+03	-1.193223986774683e-03  1.143328729085624e-03 -1.193223986774683e-03	1.000000000000000e+00	24	0	95
96	 1.170029016938225e+03  9.055322620029688e+02 -1.330462060126533e+03	-5.690134712494910e-04  5.624763434752822e-04 -5.624763434752822e-04	1.000000000000000e+00	24	0	96
97	-9.624472902540143e+01  2.543703429099972e+02 -6.793001410335619e+02	 8.152481314027682e-05 -7.849012763472274e-05  7.849012763472274e-05	1.000000000000000e+00	24	0	97
98	-4.338601001795421e+02  2.768208269599639e+02 -3.398072378629741e+02	 3.660156507976353e-04 -3.660156507976353e-04  3.510485985316336e-04	1.000000000000000e+00	24	0	98
99	-5.459275743960063e+02  6.497483104896523e+01 -4.517995114060146e+02	-3.985036746598780e-04  3.961650945711881e-04 -3.961650945711881e-04	1.000000000000000e+00	24	0	99
100	-1.261598676794439e+02  2.840360500552184e+02 -6.708607304122678e+02	 8.806500409264117e-05 -1.005830999929458e-04  1.005830999929458e-04	1.000000000000000e+00	24	0	100
101	 7.318592589104036e+02 -7.711779156049242e+02  1.071724143648362e+03	-1.433231867849827e-03  1.385148847475648e-03  1.385148847475648e-03	1.000000000000000e+00	0	0	101
102	 4.038623846935122e+02 -9.410833139110875e+02  9.018187453421986e+02	 4.003248250228353e-05 -3.886313788825646e-05 -3.886313788825646e-05	1.000000000000000e+00	0	0	102
103	 5.021289702072938e+02 -1.039353518149306e+03  1.104059478678246e+03	-2.785737742669880e-04  2.781864022836089e-04  2.785737742669880e-04	1.000000000000000e+00	0	0	103
104	 6.281554350267810e+02  4.757382796637838e+02 -1.224372000886992e+03	-9.829268092289567e-04  9.829268092289567e-04 -9.243121021427214e-04	1.000000000000000e+00	24	0	104
105	 7.433730709416025e+02  6.844440941854907e+02 -1.109373892309055e+03	 4.402187769301236e-04 -4.384922503959388e-04  4.384922503959388e-04	1.000000000000000e+00	24	0	105
106	 3.242987763446988e+02  4.646362444849136e+02 -8.895660426084783e+02	-6.306016439339146e-05  7.804049528203905e-05 -7.804049528203905e-05	1.000000000000000e+00	24	0	106
107	 1.268574542854463e+03 -2.971924329760287e+02  1.127429074282484e+03	-2.548720513004810e-04  2.507905010133982e-04  2.548720513004810e-04	1.000000000000000e+00	0	0	107
108	 1.042089319083905e+03 -5.685624308496806e+02  1.156560173488922e+03	 1.476311823353171e-03 -1.405040500685573e-03 -1.405040500685573e-03	1.000000000000000e+00	0	0	108
109	 1.370952895261852e+03 -3.995622929771605e+02  1.325560311361442e+03	 1.941149239428341e-04 -1.944850082509220e-04 -1.944850082509220e-04	1.000000000000000e+00	0	0	109
110	-1.035758569253994e+02  2.289778981278251e+02  3.518115703714696e+02	-5.149245262145996e-04 -5.149245262145996e-04 -5.139962304383516e-04	1.000000000000000e+00	12	0	110
111	 1.037576432907607e+03 -8.746076586484346e+02  3.220963073421403e+02	-5.267063534120098e-05 -5.267063534120098e-05 -5.226648136158474e-05	1.000000000000000e+00	12	0	111
112	 1.737497668712098e+03 -1.746864228439431e+02 -1.074630674640372e+03	1.201887425850146e-04 1.201887425850146e-04 1.203548890771344e-04	1.000000000000000e+00	12	0	112
113	 6.023791585602586e+02  9.349329136134830e+02 -1.038787295538460e+03	7.107696728780866e-04 7.107696728780866e-04 7.439549081027508e-04	1.000000000000000e+00	12	0	113
114	 1.324684918363525e+02  4.650222468895771e+02 -1.110295854550019e+02	7.323535555769922e-06 7.323535555769922e-06 7.039720912871417e-06	1.000000000000000e+00	12	0	114
115	 3.651063059204376e+02  6.976600609736622e+02 -5.772739757231636e+02	-4.878471372649074e-05 -4.878471372649074e-05 -4.891226126346737e-05	1.000000000000000e+00	12	0	115
116	 1.270878310573436e+03 -6.413057809826053e+02 -1.434855173921241e+02	-1.145378746514325e-06 -1.145378746514325e-06 -1.146757995229564e-06	1.000000000000000e+00	12	0	116
117	 1.504064409615258e+03 -4.081196819407830e+02 -6.091816164984663e+02	3.923916665371507e-05 3.923916665371507e-05 3.934608321287669e-05	1.000000000000000e+00	12	0	117
0	-5.773502691896258e-01  5.773502691896258e-01  5.773502691896258e-01	-7.071067811865476e-01  3.124842898819631e-18 -7.071067811865476e-01	 1.198001808568474e+03 -5.294203851356715e-15  1.198001808568474e+03	1	0	0.000000000000000e+00	0.000000000000000e+00	0.000000000000000e+00
1	-5.773502691896258e-01  5.773502691896258e-01  5.773502691896258e-01	 0.000000000000000e+00  7.071067811865476e-01 -7.071067811865476e-01	 0.000000000000000e+00 -9.214510296266430e+02  9.214510296266430e+02	1	0	0.000000000000000e+00	0.000000000000000e+00	0.000000000000000e+00
2	-5.773502691896258e-01  5.773502691896258e-01  5.773502691896258e-01	 7.071067811865476e-01  7.071067811865476e-01 -3.124842898819631e-18	-7.193784354102739e+02 -7.193784354102739e+02  3.179073734356852e-15	1	0	0.000000000000000e+00	0.000000000000000e+00	0.000000000000000e+00
3	-5.773502691896258e-01  5.773502691896258e-01  5.773502691896258e-01	 7.071067811865476e-01 -3.124842898819631e-18  7.071067811865476e-01	 8.030942244427697e+02 -3.549030148066116e-15  8.030942244427697e+02	1	0	0.000000000000000e+00	0.000000000000000e+00	0.000000000000000e+00
4	-5.773502691896258e-01  5.773502691896258e-01  5.773502691896258e-01	 0.000000000000000e+00  7.071067811865476e-01 -7.071067811865476e-01	 0.000000000000000e+00 -8.625613021693013e+02  8.625613021693013e+02	1	0	0.000000000000000e+00	0.000000000000000e+00	0.000000000000000e+00
5	-5.773502691896258e-01  5.773502691896258e-01  5.773502691896258e-01	-7.071067811865476e-01 -7.071067811865476e-01  3.124842898819631e-18	 9.364621366255734e+02  9.364621366255734e+02 -4.138408986458117e-15	1	0	0.000000000000000e+00	0.000000000000000e+00	0.000000000000000e+00
6	 5.773502691896258e-01 -5.773502691896258e-01 -5.773502691896258e-01	0.000000000000000e+00 0.000000000000000e+00 0.000000000000000e+00	1.570392732195782e+03 3.025315410553647e+02 8.256108849411653e+02	1	1	0.000000000000000e+00	0.000000000000000e+00	0.000000000000000e+00
7	-5.773502691896258e-01 -5.773502691896258e-01 -5.773502691896258e-01	-7.071067811865476e-01  0.000000000000000e+00  7.071067811865476e-01	-4.024131376251693e+02  0.000000000000000e+00  4.024131376251693e+02	1	0	0.000000000000000e+00	0.000000000000000e+00	0.000000000000000e+00
8	-5.773502691896258e-01 -5.773502691896258e-01 -5.773502691896258e-01	 0.000000000000000e+00 -7.071067811865476e-01  7.071067811865476e-01	 0.000000000000000e+00 -7.730720104449091e+02  7.730720104449091e+02	1	0	0.000000000000000e+00	0.000000000000000e+00	0.000000000000000e+00
9	-5.773502691896258e-01 -5.773502691896258e-01 -5.773502691896258e-01	 7.071067811865476e-01 -7.071067811865476e-01  0.000000000000000e+00	 9.560920457780206e+02 -9.560920457780206e+02  0.000000000000000e+00	1	0	0.000000000000000e+00	0.000000000000000e+00	0.000000000000000e+00
10	-5.773502691896258e-01 -5.773502691896258e-01 -5.773502691896258e-01	 7.071067811865476e-01  0.000000000000000e+00 -7.071067811865476e-01	 1.580785037041196e+03  0.000000000000000e+00 -1.580785037041196e+03	1	0	0.000000000000000e+00	0.000000000000000e+00	0.000000000000000e+00
11	-5.773502691896258e-01 -5.773502691896258e-01 -5.773502691896258e-01	 0.000000000000000e+00  7.071067811865476e-01 -7.071067811865476e-01	 0.000000000000000e+00  1.161628741609527e+03 -1.161628741609527e+03	1	0	0.000000000000000e+00	0.000000000000000e+00	0.000000000000000e+00
12	-5.773502691896258e-01 -5.773502691896258e-01 -5.773502691896258e-01	-7.071067811865476e-01  7.071067811865476e-01  0.000000000000000e+00	-1.662768775266123e+02  1.662768775266123e+02  0.000000000000000e+00	1	0	0.000000000000000e+00	0.000000000000000e+00	0.000000000000000e+00
13	5.773502691896258e-01 5.773502691896258e-01 5.773502691896258e-01	0.000000000000000e+00 0.000000000000000e+00 0.000000000000000e+00	-2.170837012152994e+02  1.154700538379251e+02  5.877425740350395e+02	1	1	0.000000000000000e+00	0.000000000000000e+00	0.000000000000000e+00
14	-5.773502691896258e-01  5.773502691896258e-01 -5.773502691896258e-01	 7.071067811865476e-01  0.000000000000000e+00 -7.071067811865476e-01	-5.328942984620248e+02  0.000000000000000e+00  5.328942984620248e+02	1	0	0.000000000000000e+00	0.000000000000000e+00	0.000000000000000e+00
15	-5.773502691896258e-01  5.773502691896258e-01 -5.773502691896258e-01	-3.124842898819631e-18  7.071067811865476e-01  7.071067811865476e-01	 8.547268868455420e-16 -1.934123401785247e+02 -1.934123401785247e+02	1	0	0.000000000000000e+00	0.000000000000000e+00	0.000000000000000e+00
16	-5.773502691896258e-01  5.773502691896258e-01 -5.773502691896258e-01	 7.071067811865476e-01  7.071067811865476e-01 -3.124842898819631e-18	 5.519468573452824e+02  5.519468573452824e+02 -2.439160906938323e-15	1	0	0.000000000000000e+00	0.000000000000000e+00	0.000000000000000e+00
17	-5.773502691896258e-01  5.773502691896258e-01 -5.773502691896258e-01	-7.071067811865476e-01  0.000000000000000e+00  7.071067811865476e-01	 1.412198758437825e+03  0.000000000000000e+00 -1.412198758437825e+03	1	0	0.000000000000000e+00	0.000000000000000e+00	0.000000000000000e+00
18	-5.773502691896258e-01  5.773502691896258e-01 -5.773502691896258e-01	-3.124842898819631e-18  7.071067811865476e-01  7.071067811865476e-01	 9.389238637586849e-16 -2.124648990617823e+02 -2.124648990617823e+02	1	0	0.000000000000000e+00	0.000000000000000e+00	0.000000000000000e+00
19	-5.773502691896258e-01  5.773502691896258e-01 -5.773502691896258e-01	-7.071067811865476e-01 -7.071067811865476e-01  3.124842898819631e-18	-7.851963660978913e+01 -7.851963660978913e+01  3.469936018238618e-16	1	0	0.000000000000000e+00	0.000000000000000e+00	0.000000000000000e+00
20	 5.773502691896258e-01 -5.773502691896258e-01  5.773502691896258e-01	0.000000000000000e+00 0.000000000000000e+00 0.000000000000000e+00	-7.597929542535472e+02  6.027536810339691e+02  3.059956426705008e+02	1	1	0.000000000000000e+00	0.000000000000000e+00	0.000000000000000e+00
0	0	1	0
6	0	1	0
5	5	0	0
6	5	0	0
0	6	0	0
5	0	6	0
1	1	2	0
6	1	2	0
0	1	7	0
1	7	1	0
2	2	3	0
6	2	3	0
1	2	8	0
2	8	2	0
3	3	4	0
6	3	4	0
2	3	9	0
3	9	3	0
4	4	5	0
6	4	5	0
3	4	10	0
4	10	4	0
4	5	11	0
5	11	5	0
5	6	66	0
0	67	6	0
0	7	42	0
1	68	7	0
2	69	8	0
1	8	70	0
2	9	71	0
3	72	9	0
3	10	38	0
4	73	10	0
5	74	11	0
4	11	75	0
7	12	13	0
13	12	13	0
12	17	12	0
13	17	12	0
7	18	12	0
12	12	18	0
8	13	14	0
13	13	14	0
7	13	19	0
8	19	13	0
9	14	15	0
13	14	15	0
8	14	20	0
9	20	14	0
10	15	16	0
13	15	16	0
9	15	21	0
10	21	15	0
11	16	17	0
13	16	17	0
10	16	22	0
11	22	16	0
11	17	23	0
12	23	17	0
7	76	18	0
12	18	110	0
7	19	78	0
8	79	19	0
8	20	80	0
9	111	20	0
10	83	21	0
9	21	112	0
10	22	84	0
11	85	22	0
11	23	87	0
12	113	23	0
14	24	25	0
20	24	25	0
19	29	24	0
20	29	24	0
14	30	24	0
19	24	30	0
15	25	26	0
20	25	26	0
14	25	31	0
15	31	25	0
16	26	27	0
20	26	27	0
15	26	32	0
16	32	26	0
17	27	28	0
20	27	28	0
16	27	33	0
17	33	27	0
18	28	29	0
20	28	29	0
17	28	34	0
18	34	28	0
18	29	35	0
19	35	29	0
14	88	30	0
19	30	89	0
14	31	90	0
15	91	31	0
16	40	32	0
15	32	92	0
17	93	33	0
16	33	94	0
17	34	95	0
18	96	34	0
19	36	35	0
18	35	97	0
19	98	36	0
15	36	99	0
15	100	36	0
1	38	101	0
1	102	38	0
3	38	103	0
16	104	40	0
18	40	105	0
18	106	40	0
0	42	107	0
4	42	108	0
4	109	42	0
5	66	44	0
5	44	74	0
0	45	67	0
0	107	45	0
1	46	68	0
1	101	46	0
2	47	69	0
2	71	47	0
1	70	48	0
1	48	102	0
3	49	72	0
3	103	49	0
4	50	73	0
4	108	50	0
4	75	51	0
4	51	109	0
7	52	76	0
7	78	52	0
12	114	53	0
12	53	115	0
8	54	79	0
8	80	54	0
9	55	116	0
9	117	55	0
10	56	83	0
10	84	56	0
11	57	85	0
11	87	57	0
14	58	88	0
14	90	58	0
19	89	59	0
19	59	98	0
15	60	91	0
15	99	60	0
15	92	61	0
15	61	100	0
17	62	93	0
17	95	62	0
16	94	63	0
16	63	104	0
18	64	96	0
18	105	64	0
18	97	65	0
18	65	106	0
12	110	77	0
12	77	114	0
9	81	111	0
9	116	81	0
9	112	82	0
9	82	117	0
12	86	113	0
12	115	86	0
