114
21
172
0	1.570392732195782e+03 3.025315410553647e+02 8.256108849411653e+02	0.000000000000000e+00 0.000000000000000e+00 0.000000000000000e+00	1.000000000000000e+00	0	0	0
1	 1.130451827073287e+03 -5.773502691896260e+02  1.265551790063660e+03	0.000000000000000e+00 0.000000000000000e+00 0.000000000000000e+00	1.000000000000000e+00	0	0	1
2	-1.974537920628516e+02 -1.241303078757696e+03  6.015989804955904e+02	0.000000000000000e+00 0.000000000000000e+00 0.000000000000000e+00	1.000000000000000e+00	0	0	2
3	 2.032272947547480e+02 -1.641984165575296e+03  1.402961154130791e+03	0.000000000000000e+00 0.000000000000000e+00 0.000000000000000e+00	1.000000000000000e+00	0	0	3
4	 6.431681998772439e+02 -7.621023553303065e+02  9.630202490082960e+02	0.000000000000000e+00 0.000000000000000e+00 0.000000000000000e+00	1.000000000000000e+00	0	0	4
5	 1.971073819013383e+03 -9.814954576223676e+01  1.626973058576365e+03	0.000000000000000e+00 0.000000000000000e+00 0.000000000000000e+00	1.000000000000000e+00	0	0	5
6	1.569900664730264e+03 3.030236085208821e+02 8.261029524066828e+02	-1.171285111922771e-04  1.206977758556604e-04  1.154384081019089e-04	1.000000000000000e+00	0	0	6
7	 1.128968272168883e+03 -5.758667142852217e+02  1.267035344968064e+03	-6.460776397337517e-04  6.460776397337517e-04  6.460776397337517e-04	1.000000000000000e+00	0	0	7
8	-1.969672768002832e+02 -1.241789594020265e+03  6.011124652330219e+02	 1.098651409847662e-04 -1.105422197724693e-04 -1.105331539292820e-04	1.000000000000000e+00	0	0	8
9	 2.032253669923144e+02 -1.641982237812862e+03  1.402963081893224e+03	 3.235362328268820e-06 -3.485504748823587e-06 -2.975038114527706e-06	1.000000000000000e+00	0	0	9
10	 6.441927279143504e+02 -7.631268833674130e+02  9.619957209711895e+02	 5.553986411541700e-04 -5.553986411541700e-04 -5.553986411541700e-04	1.000000000000000e+00	0	0	10
11	 1.971192184072334e+03 -9.826791082118726e+01  1.626854693517415e+03	 3.212640149286017e-05 -3.189048584317788e-05 -3.181934880558401e-05	1.000000000000000e+00	0	0	11
12	-2.170837012152994e+02  1.154700538379251e+02  5.877425740350395e+02	0.000000000000000e+00 0.000000000000000e+00 0.000000000000000e+00	1.000000000000000e+00	12	0	12
13	 1.408734656822689e+02 -6.004442799572098e+02  9.456997409326077e+02	0.000000000000000e+00 0.000000000000000e+00 0.000000000000000e+00	1.000000000000000e+00	12	0	13
14	 9.214510296266424e+02 -9.907330619293978e+02  5.554109589604201e+02	0.000000000000000e+00 0.000000000000000e+00 0.000000000000000e+00	1.000000000000000e+00	12	0	14
15	 1.853294364098699e+03 -5.888972745734176e+01 -1.308275709983692e+03	0.000000000000000e+00 0.000000000000000e+00 0.000000000000000e+00	1.000000000000000e+00	12	0	15
16	 1.495337197201131e+03  6.570246063377946e+02 -1.666232876881260e+03	0.000000000000000e+00 0.000000000000000e+00 0.000000000000000e+00	1.000000000000000e+00	12	0	16
17	 7.147596332567570e+02  1.047313388309982e+03 -1.275944094909073e+03	0.000000000000000e+00 0.000000000000000e+00 0.000000000000000e+00	1.000000000000000e+00	12	0	17
18	-2.181644694219695e+02  1.143892856312550e+02  5.866618058283696e+02	-2.407727636940157e-04 -2.407727636940157e-04 -2.407727636940156e-04	1.000000000000000e+00	12	0	18
19	 1.424339132093845e+02 -5.988838324300942e+02  9.472601884597233e+02	3.432165831327438e-04 3.432165831327438e-04 3.432165831327438e-04	1.000000000000000e+00	12	0	19
20	 9.217970641689509e+02 -9.903870273870892e+02  5.557569935027286e+02	9.278747165808454e-05 8.888325100997463e-05 8.962055289885029e-05	1.000000000000000e+00	12	0	20
21	 1.853830330522684e+03 -5.835376103335756e+01 -1.307739743559708e+03	1.215251904795878e-04 1.213533760164864e-04 1.215279262396507e-04	1.000000000000000e+00	12	0	21
22	 1.496792265374394e+03  6.584796745110567e+02 -1.664777808707998e+03	3.373347475038220e-04 3.373347475038220e-04 3.373347475038220e-04	1.000000000000000e+00	12	0	22
23	 7.207516351172545e+02  1.053305390170479e+03 -1.269952093048576e+03	1.334433405039211e-03 1.334433405039211e-03 1.334433405039211e-03	1.000000000000000e+00	12	0	23
24	-7.597929542535472e+02  6.027536810339691e+02  3.059956426705008e+02	0.000000000000000e+00 0.000000000000000e+00 0.000000000000000e+00	1.000000000000000e+00	24	0	24
25	-1.191650955607388e+03 -2.609623216737101e+02 -1.258623586833382e+02	0.000000000000000e+00 0.000000000000000e+00 0.000000000000000e+00	1.000000000000000e+00	24	0	25
26	 5.126870390403868e+02  5.912066756501777e+02 -9.780313560072266e+02	0.000000000000000e+00 0.000000000000000e+00 0.000000000000000e+00	1.000000000000000e+00	24	0	26
27	 9.572467463163994e+02  1.466469683741651e+02 -1.867150770559250e+03	0.000000000000000e+00 0.000000000000000e+00 0.000000000000000e+00	1.000000000000000e+00	24	0	27
28	 1.389104747670240e+03  1.010362971081845e+03 -1.435292769205410e+03	0.000000000000000e+00 0.000000000000000e+00 0.000000000000000e+00	1.000000000000000e+00	24	0	28
29	-3.152332469775362e+02  1.581939737579582e+02 -5.831237718815206e+02	0.000000000000000e+00 0.000000000000000e+00 0.000000000000000e+00	1.000000000000000e+00	24	0	29
30	-7.601189381680870e+02  6.030796649485088e+02  3.056696587559611e+02	-7.444258517352864e-05  7.454805745510384e-05 -7.281996659003198e-05	1.000000000000000e+00	24	0	30
31	-1.192291332131482e+03 -2.603219451496161e+02 -1.265027352074321e+02	-1.482864608988166e-04  1.469895505579188e-04 -1.482137449784204e-04	1.000000000000000e+00	24	0	31
32	 5.019355352143036e+02  6.019581794762609e+02 -9.887828598333098e+02	-2.452488697599620e-04  2.452488697599619e-04 -2.452488697599621e-04	1.000000000000000e+00	24	0	32
33	 9.547228716435067e+02  1.491708430470578e+02 -1.869674645232143e+03	-5.858967197127640e-04  5.858967197127640e-04 -5.858967197127640e-04	1.000000000000000e+00	24	0	33
34	 1.384306059076139e+03  1.015161659675946e+03 -1.440091457799510e+03	-1.119571893165509e-03  1.119571893165509e-03 -1.119571893165509e-03	1.000000000000000e+00	24	0	34
35	-3.052347329156307e+02  1.481954596960528e+02 -5.731252578196152e+02	 3.037296798235427e-04 -3.037296798235427e-04  3.037296798235427e-04	1.000000000000000e+00	24	0	35
36	-3.302308524395038e+02  1.731915792199259e+02 -5.600162595769735e+02	 1.007107039185939e-05 -2.923420288425405e-05  2.413397160125896e-04	1.000000000000000e+00	24	0	36
38	 6.029406835671367e+02 -8.396542939348834e+02  1.003247765318403e+03	-2.741494002596785e-04  2.741494002596786e-04  2.741494002596785e-04	1.000000000000000e+00	0	0	38
40	 5.280936913354690e+02  5.758000233550958e+02 -1.000729821478660e+03	-4.096819247934036e-05  5.814129690406844e-05 -1.882843498606235e-04	1.000000000000000e+00	24	0	40
42	 1.170042540833595e+03 -4.991615280352499e+02  1.225961076303352e+03	 1.459646009607241e-04 -1.229014305863529e-04 -1.322259340668097e-04	1.000000000000000e+00	0	0	42
44	1.770815537180237e+03 1.021087360709103e+02 1.226209845302422e+03	 2.056250013993122e-05 -2.056250013993122e-05 -2.049611248367000e-05	1.000000000000000e+00	0	0	44
45	 1.368812384698607e+03 -9.691173274875115e+01  1.027191232438340e+03	-2.956381067633629e-04  2.947065513581038e-04  2.956381067633629e-04	1.000000000000000e+00	0	0	45
46	 8.644304132075425e+02 -7.062401170002036e+02  1.136661942253083e+03	-1.194687443785369e-03  1.191967399790883e-03  1.191967399790883e-03	1.000000000000000e+00	0	0	46
47	 3.315786766379447e+00 -1.442072657586927e+03  1.001851169774863e+03	 9.812896314542741e-05 -9.812896314542741e-05 -9.807269816519693e-05	1.000000000000000e+00	0	0	47
48	 2.040774614578305e+02 -1.041811067866370e+03  8.010909913869161e+02	 1.846504601417109e-04 -1.839350879890844e-04 -1.839350879890844e-04	1.000000000000000e+00	0	0	48
49	 4.030052243500797e+02 -1.240742634948535e+03  1.203183224535460e+03	-1.279731368413195e-04  1.269929780391976e-04  1.279731368413195e-04	1.000000000000000e+00	0	0	49
50	 9.096337435986998e+02 -6.336408890746948e+02  1.091481715263908e+03	 1.295693800784647e-03 -1.282131182961166e-03 -1.282131182961166e-03	1.000000000000000e+00	0	0	50
51	 1.570872809961733e+03 -2.989696371683958e+02  1.426152967170207e+03	 1.220554840983823e-04 -1.217809476656839e-04 -1.217809476656839e-04	1.000000000000000e+00	0	0	51
52	-3.764640816296492e+01 -2.420281114603007e+02  7.671798670873737e+02	1.112286554416642e-04 1.113946273108013e-04 1.112286554416642e-04	1.000000000000000e+00	12	0	52
53	 2.489537690660522e+02  5.815075241192768e+02 -3.439848805350501e+02	1.273287944059120e-05 1.273287944059120e-05 1.277177216252312e-05	1.000000000000000e+00	12	0	53
54	 5.311296745426981e+02 -7.956115629877348e+02  7.505324579020834e+02	1.306578087678645e-05 1.743075154081453e-05 1.743075154081453e-05	1.000000000000000e+00	12	0	54
55	 1.387418656827304e+03 -5.247654347287371e+02 -3.763863829676012e+02	1.213787345477613e-05 1.213787345477613e-05 1.215376232721610e-05	1.000000000000000e+00	12	0	55
56	 1.675551669410216e+03  3.003014546737173e+02 -1.486018404672176e+03	2.691887784749269e-04 2.683568745851517e-04 2.691887784749269e-04	1.000000000000000e+00	12	0	56
57	 1.100201969692029e+03  8.471341815772637e+02 -1.476123301641791e+03	-8.973017102107406e-04 -9.775714715942740e-04 -9.775714715942740e-04	1.000000000000000e+00	12	0	57
58	-9.766539786537503e+02  1.718304508058511e+02  8.913461827029937e+01	-2.012164040934294e-04  2.024270797846839e-04 -2.012164040934294e-04	1.000000000000000e+00	24	0	58
59	-5.441933109957636e+02  3.871540377761853e+02 -1.261926161762582e+02	-6.636625039391220e-05  6.636625039391220e-05 -6.667932757409289e-05	1.000000000000000e+00	24	0	59
60	-7.605636199289056e+02 -4.426600841015477e+01 -3.425586719468947e+02	-1.895247114589438e-04  1.878157781902701e-04 -1.878157781902701e-04	1.000000000000000e+00	24	0	60
61	 8.425881042973438e+01  3.890953811928641e+02 -7.759200615499135e+02	 3.327706872369163e-05 -3.337539601488970e-05  3.337539601488970e-05	1.000000000000000e+00	24	0	61
62	 1.172172161610719e+03  5.794908882990062e+02 -1.652225355264931e+03	-3.301383985672146e-04  3.193436423316598e-04 -3.301383985672146e-04	1.000000000000000e+00	24	0	62
63	 7.368857316074125e+02  3.670079830831523e+02 -1.439721219750213e+03	-1.026308047585189e-03  1.026308047585189e-03 -1.024897792376578e-03	1.000000000000000e+00	24	0	63
64	 9.600180586010524e+02  7.917424949677334e+02 -1.216672293091298e+03	 5.916525260545313e-04 -5.568642518483102e-04  5.568642518483102e-04	1.000000000000000e+00	24	0	64
65	 1.134104441271490e+02  3.599543035342804e+02 -7.848841016578451e+02	 5.234650598140433e-05 -5.205891648074612e-05  5.205891648074612e-05	1.000000000000000e+00	24	0	65
66	1.670878912090933e+03 2.020453611602141e+02 1.025634282573300e+03	 7.692712824791670e-05 -7.692712824791670e-05 -7.756314880680293e-05	1.000000000000000e+00	0	0	66
67	1.468805746063541e+03 1.036120763492069e+02 9.271978710734063e+02	-3.379147092346102e-04  3.400383866392076e-04  3.379147092346102e-04	1.000000000000000e+00	0	0	67
68	 9.964636610557441e+02 -6.407995138215224e+02  1.202102545431764e+03	-1.029645791277289e-03  1.044052420184016e-03  1.044052420184016e-03	1.000000000000000e+00	0	0	68
69	-9.688344486885397e+01 -1.341873425951694e+03  8.015395075124416e+02	 8.911707118386403e-05 -8.911707118386403e-05 -8.909365715226158e-05	1.000000000000000e+00	0	0	69
70	 3.810211513286418e+00 -1.142057353361319e+03  7.008447058919669e+02	 2.042920823441818e-04 -2.047643938567489e-04 -2.047643938567489e-04	1.000000000000000e+00	0	0	70
71	 1.033710608767269e+02 -1.542127931697275e+03  1.202307074618451e+03	 7.642894343007356e-05 -7.642894343007356e-05 -7.618965173605829e-05	1.000000000000000e+00	0	0	71
72	 3.030730454772840e+02 -1.441319760858132e+03  1.303115403408255e+03	-7.291873043868691e-05  7.261746941367164e-05  7.291873043868691e-05	1.000000000000000e+00	0	0	72
73	 7.781599863676956e+02 -6.996819201196909e+02  1.025440684218912e+03	 1.253173919394612e-03 -1.282729674130678e-03 -1.282729674130678e-03	1.000000000000000e+00	0	0	73
74	1.870858054465923e+03 2.066218785223843e+00 1.426678054087693e+03	-1.100780355045572e-05  1.100780355045572e-05  1.103351223719073e-05	1.000000000000000e+00	0	0	74
75	 1.771110526511305e+03 -1.986965611741689e+02  1.526426043164434e+03	 9.741418762132525e-05 -9.715433407109231e-05 -9.715433407109231e-05	1.000000000000000e+00	0	0	75
76	-1.271688893847493e+02 -6.308006897005577e+01  6.776573858655894e+02	8.986915781861171e-05 9.117017907556146e-05 8.986915781861171e-05	1.000000000000000e+00	12	0	76
77	1.479952564974617e+01 3.473532807029707e+02 1.207345790158948e+02	-2.477442030794919e-04 -2.477442030794919e-04 -2.516874519642442e-04	1.000000000000000e+00	12	0	77
78	 5.198283726432586e+01 -4.208639063913195e+02  8.568091125146645e+02	1.483091473346576e-04 1.497603516327217e-04 1.483091473346576e-04	1.000000000000000e+00	12	0	78
79	 3.363618399894460e+02 -6.976794914953989e+02  8.484645293944193e+02	9.937592403730378e-05 9.616323950467631e-05 9.616323950467631e-05	1.000000000000000e+00	12	0	79
80	 7.280536523741309e+02 -8.914113484420496e+02  6.547326724477686e+02	3.783210413530469e-04 3.793248906731606e-04 3.793248906731606e-04	1.000000000000000e+00	12	0	80
81	 1.154333599392270e+03 -7.578504921637709e+02  8.941094364103563e+01	-1.676701867836528e-05 -1.676701867836528e-05 -1.680256900726818e-05	1.000000000000000e+00	12	0	81
82	 1.620687161657991e+03 -2.914969298980500e+02 -8.419999852160860e+02	8.145146421156824e-05 8.145146421156824e-05 8.164467726601288e-05	1.000000000000000e+00	12	0	82
83	 1.764559930299331e+03  1.208412901089672e+02 -1.397010143783061e+03	1.679087290540338e-04 1.668507175054401e-04 1.679087290540338e-04	1.000000000000000e+00	12	0	83
84	 1.586024646431512e+03  4.792435884188678e+02 -1.575545427650879e+03	2.695655566640198e-04 2.692358393687755e-04 2.695655566640198e-04	1.000000000000000e+00	12	0	84
85	 1.302709107393336e+03  7.570531675005245e+02 -1.566204315718530e+03	4.937570774927735e-04 4.650013288483024e-04 4.650013288483024e-04	1.000000000000000e+00	12	0	85
86	 4.821012690697110e+02  8.146550241229355e+02 -8.097137392382381e+02	7.721711881458759e-05 7.721711881458759e-05 8.026301657082513e-05	1.000000000000000e+00	12	0	86
87	 9.165094357555529e+02  9.561422856225277e+02 -1.367115197596527e+03	1.462689368054271e-03 1.374198705889285e-03 1.374198705889285e-03	1.000000000000000e+00	12	0	87
88	-8.679868761560076e+02  3.870554790774715e+02  1.978017207680421e+02	-4.420207915245555e-05  4.482052463572472e-05 -4.420207915245555e-05	1.000000000000000e+00	24	0	88
89	-6.529182079678289e+02  4.958789347482506e+02  8.897712138960915e+01	-2.428646548651159e-04  2.428646548651159e-04 -2.427448198432103e-04	1.000000000000000e+00	24	0	89
90	-1.084862976207158e+03 -4.385814834833087e+01 -1.907437928310786e+01	-2.608277718536556e-04  2.602450840640813e-04 -2.608277718536556e-04	1.000000000000000e+00	24	0	90
91	-9.760483899011386e+02 -1.526718832725357e+02 -2.341527970845138e+02	-8.310370321851224e-05  8.284852810902521e-05 -8.284852810902521e-05	1.000000000000000e+00	24	0	91
92	 2.931002179397441e+02  4.955321146125115e+02 -8.823567949695608e+02	-9.120218601310626e-05  8.949195762397721e-05 -8.949195762397721e-05	1.000000000000000e+00	24	0	92
93	 1.063630744757297e+03  3.641658143582243e+02 -1.760766772118353e+03	-3.612527216318995e-04  3.651286824606359e-04 -3.612527216318995e-04	1.000000000000000e+00	24	0	93
94	 8.451290959675251e+02  2.587646187230397e+02 -1.655401139586658e+03	-9.593774448148906e-04  9.593774448148906e-04 -9.715646738186479e-04	1.000000000000000e+00	24	0	94
95	 1.275154425192292e+03  8.002761776881632e+02 -1.549243091683358e+03	-1.282970537431538e-03  1.233180286362767e-03 -1.282970537431538e-03	1.000000000000000e+00	24	0	95
96	 1.170737058668096e+03  9.048308519475172e+02 -1.329760650071082e+03	-5.639280425384641e-04  5.597866838797927e-04 -5.597866838797927e-04	1.000000000000000e+00	24	0	96
97	-9.635072787402456e+01  2.544726771343906e+02 -6.794024752579553e+02	 9.561827755533159e-05 -9.273633622797206e-05  9.273633622797206e-05	1.000000000000000e+00	24	0	97
98	-4.343165675737353e+02  2.772772943541570e+02 -3.402457048989464e+02	 3.643507079686970e-04 -3.643507079686970e-04  3.505272616166621e-04	1.000000000000000e+00	24	0	98
99	-5.454313664885888e+02  6.448269513387478e+01 -4.513073754909242e+02	-3.952264960389584e-04  3.911021631211042e-04 -3.911021631211042e-04	1.000000000000000e+00	24	0	99
100	-1.262620223218601e+02  2.841548469167670e+02 -6.709795272738164e+02	 6.629597919527441e-05 -8.096839155768976e-05  8.096839155768976e-05	1.000000000000000e+00	24	0	100
101	 7.333642838721815e+02 -7.726434759224876e+02  1.070258583330799e+03	-9.889854118227959e-04  9.702700772322714e-04  9.702700772322714e-04	1.000000000000000e+00	0	0	101
102	 4.038069054932719e+02 -9.410291797290595e+02  9.018728795242266e+02	 4.815181455342099e-05 -4.718370109912939e-05 -4.718370109912939e-05	1.000000000000000e+00	0	0	102
103	 5.024793117791671e+02 -1.039703586500123e+03  1.103709137106372e+03	-2.819489163812250e-04  2.818649227265269e-04  2.819489163812250e-04	1.000000000000000e+00	0	0	103
104	 6.293675251400977e+02  4.745261895504671e+02 -1.223226926878960e+03	-9.564385982230306e-04  9.564385982230306e-04 -9.077469585463405e-04	1.000000000000000e+00	24	0	104
105	 7.428367575269997e+02  6.849760563849184e+02 -1.109905854508483e+03	 4.175580397713929e-04 -4.124404513277113e-04  4.124404513277113e-04	1.000000000000000e+00	24	0	105
106	 3.243670144262948e+02  4.645483226987042e+02 -8.894781208222689e+02	-3.790075425058603e-05  5.486656664288603e-05 -5.486656664288603e-05	1.000000000000000e+00	24	0	106
107	 1.268886590968164e+03 -2.975002072216658e+02  1.127117026168783e+03	-2.444808196742088e-04  2.416725328657776e-04  2.444808196742088e-04	1.000000000000000e+00	0	0	107
108	 1.040531075399085e+03 -5.670656784366909e+02  1.158056925901912e+03	 1.033251406624913e-03 -1.001743366941810e-03 -1.001743366941810e-03	1.000000000000000e+00	0	0	108
109	 1.370721753487664e+03 -3.993306970556121e+02  1.325791907282990e+03	 1.763026957632974e-04 -1.766451168805361e-04 -1.766451168805361e-04	1.000000000000000e+00	0	0	109
110	-1.029286174766640e+02  2.296251375765606e+02  3.524578031663817e+02	-5.206972709856927e-04 -5.206972709856927e-04 -5.200116429477930e-04	1.000000000000000e+00	12	0	110
111	 1.037645500370576e+03 -8.745385911854651e+02  3.221649164768964e+02	-5.772420627181418e-05 -5.772420627181418e-05 -5.739697735407390e-05	1.000000000000000e+00	12	0	111
112	 1.737346961622771e+03 -1.748371299332707e+02 -1.074781567887309e+03	1.209428228321485e-04 1.209428228321485e-04 1.210743575938977e-04	1.000000000000000e+00	12	0	112
113	 6.014854477669716e+02  9.340392028201960e+02 -1.039718212458124e+03	7.192016928456724e-04 7.192016928456724e-04 7.455075974576175e-04	1.000000000000000e+00	12	0	113
114	 1.324566346434765e+02  4.650103896967011e+02 -1.110411484860721e+02	1.166457877843641e-05 1.166457877843641e-05 1.147511829913128e-05	1.000000000000000e+00	12	0	114
115	 3.651693081625477e+02  6.977230632157723e+02 -5.772108340306538e+02	-5.196562779019587e-05 -5.196562779019587e-05 -5.206091373111121e-05	1.000000000000000e+00	12	0	115
116	 1.270880041541086e+03 -6.413040500149552e+02 -1.434837846203079e+02	-1.603738724043069e-06 -1.603738724043069e-06 -1.605189709152910e-06	1.000000000000000e+00	12	0	116
117	 1.504015654861448e+03 -4.081684366945935e+02 -6.092304896749444e+02	3.876793198287487e-05 3.876793198287487e-05 3.885056139552034e-05	1.000000000000000e+00	12	0	117
0	-5.773502691896258e-01  5.773502691896258e-01  5.773502691896258e-01	-7.071067811865476e-01  3.124842898819631e-18 -7.071067811865476e-01	 1.198001808568474e+03 -5.294203851356715e-15  1.198001808568474e+03	1	0	0.000000000000000e+00	0.000000000000000e+00	0.000000000000000e+00
1	-5.773502691896258e-01  5.773502691896258e-01  5.773502691896258e-01	 0.000000000000000e+00  7.071067811865476e-01 -7.071067811865476e-01	 0.000000000000000e+00 -9.214510296266430e+02  9.214510296266430e+02	1	0	0.000000000000000e+00	0.000000000000000e+00	0.000000000000000e+00
2	-5.773502691896258e-01  5.773502691896258e-01  5.773502691896258e-01	 7.071067811865476e-01  7.071067811865476e-01 -3.124842898819631e-18	-7.193784354102739e+02 -7.193784354102739e+02  3.179073734356852e-15	1	0	0.000000000000000e+00	0.000000000000000e+00	0.000000000000000e+00
3	-5.773502691896258e-01  5.773502691896258e-01  5.773502691896258e-01	 7.071067811865476e-01 -3.124842898819631e-18  7.071067811865476e-01	 8.030942244427697e+02 -3.549030148066116e-15  8.030942244427697e+02	1	0	0.000000000000000e+00	0.000000000000000e+00	0.000000000000000e+00
4	-5.773502691896258e-01  5.773502691896258e-01  5.773502691896258e-01	 0.000000000000000e+00  7.071067811865476e-01 -7.071067811865476e-01	 0.000000000000000e+00 -8.625613021693013e+02  8.625613021693013e+02	1	0	0.000000000000000e+00	0.000000000000000e+00	0.000000000000000e+00
5	-5.773502691896258e-01  5.773502691896258e-01  5.773502691896258e-01	-7.071067811865476e-01 -7.071067811865476e-01  3.124842898819631e-18	 9.364621366255734e+02  9.364621366255734e+02 -4.138408986458117e-15	1	0	0.000000000000000e+00	0.000000000000000e+00	0.000000000000000e+00
6	 5.773502691896258e-01 -5.773502691896258e-01 -5.773502691896258e-01	0.000000000000000e+00 0.000000000000000e+00 0.000000000000000e+00	1.570392732195782e+03 3.025315410553647e+02 8.256108849411653e+02	1	1	0.000000000000000e+00	0.000000000000000e+00	0.000000000000000e+00
7	-5.773502691896258e-01 -5.773502691896258e-01 -5.773502691896258e-01	-7.071067811865476e-01  0.000000000000000e+00  7.071067811865476e-01	-4.024131376251693e+02  0.000000000000000e+00  4.024131376251693e+02	1	0	0.000000000000000e+00	0.000000000000000e+00	0.000000000000000e+00
8	-5.773502691896258e-01 -5.773502691896258e-01 -5.773502691896258e-01	 0.000000000000000e+00 -7.071067811865476e-01  7.071067811865476e-01	 0.000000000000000e+00 -7.730720104449091e+02  7.730720104449091e+02	1	0	0.000000000000000e+00	0.000000000000000e+00	0.000000000000000e+00
9	-5.773502691896258e-01 -5.773502691896258e-01 -5.773502691896258e-01	 7.071067811865476e-01 -7.071067811865476e-01  0.000000000000000e+00	 9.560920457780206e+02 -9.560920457780206e+02  0.000000000000000e+00	1	0	0.000000000000000e+00	0.000000000000000e+00	0.000000000000000e+00
10	-5.773502691896258e-01 -5.773502691896258e-01 -5.773502691896258e-01	 7.071067811865476e-01  0.000000000000000e+00 -7.071067811865476e-01	 1.580785037041196e+03  0.000000000000000e+00 -1.580785037041196e+03	1	0	0.000000000000000e+00	0.000000000000000e+00	0.000000000000000e+00
11	-5.773502691896258e-01 -5.773502691896258e-01 -5.773502691896258e-01	 0.000000000000000e+00  7.071067811865476e-01 -7.071067811865476e-01	 0.000000000000000e+00  1.161628741609527e+03 -1.161628741609527e+03	1	0	0.000000000000000e+00	0.000000000000000e+00	0.000000000000000e+00
12	-5.773502691896258e-01 -5.773502691896258e-01 -5.773502691896258e-01	-7.071067811865476e-01  7.071067811865476e-01  0.000000000000000e+00	-1.662768775266123e+02  1.662768775266123e+02  0.000000000000000e+00	1	0	0.000000000000000e+00	0.000000000000000e+00	0.000000000000000e+00
13	5.773502691896258e-01 5.773502691896258e-01 5.773502691896258e-01	0.000000000000000e+00 0.000000000000000e+00 0.000000000000000e+00	-2.170837012152994e+02  1.154700538379251e+02  5.877425740350395e+02	1	1	0.000000000000000e+00	0.000000000000000e+00	0.000000000000000e+00
14	-5.773502691896258e-01  5.773502691896258e-01 -5.773502691896258e-01	 7.071067811865476e-01  0.000000000000000e+00 -7.071067811865476e-01	-5.328942984620248e+02  0.000000000000000e+00  5.328942984620248e+02	1	0	0.000000000000000e+00	0.000000000000000e+00	0.000000000000000e+00
15	-5.773502691896258e-01  5.773502691896258e-01 -5.773502691896258e-01	-3.124842898819631e-18  7.071067811865476e-01  7.071067811865476e-01	 8.547268868455420e-16 -1.934123401785247e+02 -1.934123401785247e+02	1	0	0.000000000000000e+00	0.000000000000000e+00	0.000000000000000e+00
16	-5.773502691896258e-01  5.773502691896258e-01 -5.773502691896258e-01	 7.071067811865476e-01  7.071067811865476e-01 -3.124842898819631e-18	 5.519468573452824e+02  5.519468573452824e+02 -2.439160906938323e-15	1	0	0.000000000000000e+00	0.000000000000000e+00	0.000000000000000e+00
17	-5.773502691896258e-01  5.773502691896258e-01 -5.773502691896258e-01	-7.071067811865476e-01  0.000000000000000e+00  7.071067811865476e-01	 1.412198758437825e+03  0.000000000000000e+00 -1.412198758437825e+03	1	0	0.000000000000000e+00	0.000000000000000e+00	0.000000000000000e+00
18	-5.773502691896258e-01  5.773502691896258e-01 -5.773502691896258e-01	-3.124842898819631e-18  7.071067811865476e-01  7.071067811865476e-01	 9.389238637586849e-16 -2.124648990617823e+02 -2.124648990617823e+02	1	0	0.000000000000000e+00	0.000000000000000e+00	0.000000000000000e+00
19	-5.773502691896258e-01  5.773502691896258e-01 -5.773502691896258e-01	-7.071067811865476e-01 -7.071067811865476e-01  3.124842898819631e-18	-7.851963660978913e+01 -7.851963660978913e+01  3.469936018238618e-16	1	0	0.000000000000000e+00	0.000000000000000e+00	0.000000000000000e+00
20	 5.773502691896258e-01 -5.773502691896258e-01  5.773502691896258e-01	0.000000000000000e+00 0.000000000000000e+00 0.000000000000000e+00	-7.597929542535472e+02  6.027536810339691e+02  3.059956426705008e+02	1	1	0.000000000000000e+00	0.000000000000000e+00	0.000000000000000e+00
0	0	1	0
6	0	1	0
5	5	0	0
6	5	0	0
0	6	0	0
5	0	6	0
1	1	2	0
6	1	2	0
0	1	7	0
1	7	1	0
2	2	3	0
6	2	3	0
1	2	8	0
2	8	2	0
3	3	4	0
6	3	4	0
2	3	9	0
3	9	3	0
4	4	5	0
6	4	5	0
3	4	10	0
4	10	4	0
4	5	11	0
5	11	5	0
5	6	66	0
0	67	6	0
0	7	42	0
1	68	7	0
2	69	8	0
1	8	70	0
2	9	71	0
3	72	9	0
3	10	38	0
4	73	10	0
5	74	11	0
4	11	75	0
7	12	13	0
13	12	13	0
12	17	12	0
13	17	12	0
7	18	12	0
12	12	18	0
8	13	14	0
13	13	14	0
7	13	19	0
8	19	13	0
9	14	15	0
13	14	15	0
8	14	20	0
9	20	14	0
10	15	16	0
13	15	16	0
9	15	21	0
10	21	15	0
11	16	17	0
13	16	17	0
10	16	22	0
11	22	16	0
11	17	23	0
12	23	17	0
7	76	18	0
12	18	110	0
7	19	78	0
8	79	19	0
8	20	80	0
9	111	20	0
10	83	21	0
9	21	112	0
10	22	84	0
11	85	22	0
11	23	87	0
12	113	23	0
14	24	25	0
20	24	25	0
19	29	24	0
20	29	24	0
14	30	24	0
19	24	30	0
15	25	26	0
20	25	26	0
14	25	31	0
15	31	25	0
16	26	27	0
20	26	27	0
15	26	32	0
16	32	26	0
17	27	28	0
20	27	28	0
16	27	33	0
17	33	27	0
18	28	29	0
20	28	29	0
17	28	34	0
18	34	28	0
18	29	35	0
19	35	29	0
14	88	30	0
19	30	89	0
14	31	90	0
15	91	31	0
16	40	32	0
15	32	92	0
17	93	33	0
16	33	94	0
17	34	95	0
18	96	34	0
19	36	35	0
18	35	97	0
19	98	36	0
15	36	99	0
15	100	36	0
1	38	101	0
1	102	38	0
3	38	103	0
16	104	40	0
18	40	105	0
18	106	40	0
0	42	107	0
4	42	108	0
4	109	42	0
5	66	44	0
5	44	74	0
0	45	67	0
0	107	45	0
1	46	68	0
1	101	46	0
2	47	69	0
2	71	47	0
1	70	48	0
1	48	102	0
3	49	72	0
3	103	49	0
4	50	73	0
4	108	50	0
4	75	51	0
4	51	109	0
7	52	76	0
7	78	52	0
12	114	53	0
12	53	115	0
8	54	79	0
8	80	54	0
9	55	116	0
9	117	55	0
10	56	83	0
10	84	56	0
11	57	85	0
11	87	57	0
14	58	88	0
14	90	58	0
19	89	59	0
19	59	98	0
15	60	91	0
15	99	60	0
15	92	61	0
15	61	100	0
17	62	93	0
17	95	62	0
16	94	63	0
16	63	104	0
18	64	96	0
18	105	64	0
18	97	65	0
18	65	106	0
12	110	77	0
12	77	114	0
9	81	111	0
9	116	81	0
9	112	82	0
9	82	117	0
12	86	113	0
12	115	86	0
