114
21
172
0	1.570392732195782e+03 3.025315410553647e+02 8.256108849411653e+02	0.000000000000000e+00 0.000000000000000e+00 0.000000000000000e+00	1.000000000000000e+00	0	0	0
1	 1.130451827073287e+03 -5.773502691896260e+02  1.265551790063660e+03	0.000000000000000e+00 0.000000000000000e+00 0.000000000000000e+00	1.000000000000000e+00	0	0	1
2	-1.974537920628516e+02 -1.241303078757696e+03  6.015989804955904e+02	0.000000000000000e+00 0.000000000000000e+00 0.000000000000000e+00	1.000000000000000e+00	0	0	2
3	 2.032272947547480e+02 -1.641984165575296e+03  1.402961154130791e+03	0.000000000000000e+00 0.000000000000000e+00 0.000000000000000e+00	1.000000000000000e+00	0	0	3
4	 6.431681998772439e+02 -7.621023553303065e+02  9.630202490082960e+02	0.000000000000000e+00 0.000000000000000e+00 0.000000000000000e+00	1.000000000000000e+00	0	0	4
5	 1.971073819013383e+03 -9.814954576223676e+01  1.626973058576365e+03	0.000000000000000e+00 0.000000000000000e+00 0.000000000000000e+00	1.000000000000000e+00	0	0	5
6	1.569617999164962e+03 3.033062740861844e+02 8.263856179719850e+02	-1.228403998538852e-04  1.295986148761585e-04  1.192771669593640e-04	1.000000000000000e+00	0	0	6
7	 1.126803478291770e+03 -5.737019204081088e+02  1.269200138845177e+03	-1.233663215922813e-03  1.233663215922813e-03  1.233663215922813e-03	1.000000000000000e+00	0	0	7
8	-1.967104577513468e+02 -1.242046413069201e+03  6.008556461840856e+02	 1.083977113012224e-04 -1.095032930606976e-04 -1.095120605896227e-04	1.000000000000000e+00	0	0	8
9	 2.032377964097224e+02 -1.641994667230270e+03  1.402950652475816e+03	 7.456587809429038e-06 -7.949663995532319e-06 -6.923977707629092e-06	1.000000000000000e+00	0	0	9
10	 6.461622151343265e+02 -7.650963705873893e+02  9.600262337512132e+02	 1.155023152629534e-03 -1.155023152629534e-03 -1.155023152629534e-03	1.000000000000000e+00	0	0	10
11	 1.971273268269508e+03 -9.834899501836156e+01  1.626773609320240e+03	 3.776502126129344e-05 -3.726877548615448e-05 -3.709969314513728e-05	1.000000000000000e+00	0	0	11
12	-2.170837012152994e+02  1.154700538379251e+02  5.877425740350395e+02	0.000000000000000e+00 0.000000000000000e+00 0.000000000000000e+00	1.000000000000000e+00	12	0	12
13	 1.408734656822689e+02 -6.004442799572098e+02  9.456997409326077e+02	0.000000000000000e+00 0.000000000000000e+00 0.000000000000000e+00	1.000000000000000e+00	12	0	13
14	 9.214510296266424e+02 -9.907330619293978e+02  5.554109589604201e+02	0.000000000000000e+00 0.000000000000000e+00 0.000000000000000e+00	1.000000000000000e+00	12	0	14
15	 1.853294364098699e+03 -5.888972745734176e+01 -1.308275709983692e+03	0.000000000000000e+00 0.000000000000000e+00 0.000000000000000e+00	1.000000000000000e+00	12	0	15
16	 1.495337197201131e+03  6.570246063377946e+02 -1.666232876881260e+03	0.000000000000000e+00 0.000000000000000e+00 0.000000000000000e+00	1.000000000000000e+00	12	0	16
17	 7.147596332567570e+02  1.047313388309982e+03 -1.275944094909073e+03	0.000000000000000e+00 0.000000000000000e+00 0.000000000000000e+00	1.000000000000000e+00	12	0	17
18	-2.187205183034081e+02  1.138332367498164e+02  5.861057569469309e+02	-2.346114633837715e-04 -2.346114633837715e-04 -2.346114633837715e-04	1.000000000000000e+00	12	0	18
19	 1.432235641385545e+02 -5.980941815009243e+02  9.480498393888932e+02	3.320665467375268e-04 3.320665467375269e-04 3.320665467375269e-04	1.000000000000000e+00	12	0	19
20	 9.220231425477747e+02 -9.901609490082654e+02  5.559830718815524e+02	1.065527831087820e-04 1.005677549983375e-04 1.016837559291162e-04	1.000000000000000e+00	12	0	20
21	 1.854112727236660e+03 -5.807136431938124e+01 -1.307457346845732e+03	1.199551843455993e-04 1.197106321342289e-04 1.199588004965335e-04	1.000000000000000e+00	12	0	21
22	 1.497584065983111e+03  6.592714751197747e+02 -1.663986008099280e+03	3.386608732398599e-04 3.386608732398599e-04 3.386608732398599e-04	1.000000000000000e+00	12	0	22
23	 7.238332275756851e+02  1.056386982628910e+03 -1.266870500590145e+03	1.299400270606081e-03 1.299400270606081e-03 1.299400270606081e-03	1.000000000000000e+00	12	0	23
24	-7.597929542535472e+02  6.027536810339691e+02  3.059956426705008e+02	0.000000000000000e+00 0.000000000000000e+00 0.000000000000000e+00	1.000000000000000e+00	24	0	24
25	-1.191650955607388e+03 -2.609623216737101e+02 -1.258623586833382e+02	0.000000000000000e+00 0.000000000000000e+00 0.000000000000000e+00	1.000000000000000e+00	24	0	25
26	 5.126870390403868e+02  5.912066756501777e+02 -9.780313560072266e+02	0.000000000000000e+00 0.000000000000000e+00 0.000000000000000e+00	1.000000000000000e+00	24	0	26
27	 9.572467463163994e+02  1.466469683741651e+02 -1.867150770559250e+03	0.000000000000000e+00 0.000000000000000e+00 0.000000000000000e+00	1.000000000000000e+00	24	0	27
28	 1.389104747670240e+03  1.010362971081845e+03 -1.435292769205410e+03	0.000000000000000e+00 0.000000000000000e+00 0.000000000000000e+00	1.000000000000000e+00	24	0	28
29	-3.152332469775362e+02  1.581939737579582e+02 -5.831237718815206e+02	0.000000000000000e+00 0.000000000000000e+00 0.000000000000000e+00	1.000000000000000e+00	24	0	29
30	-7.602914364383862e+02  6.032521632188081e+02  3.054971604856618e+02	-7.428242679452524e-05  7.452506542904302e-05 -7.149649900384247e-05	1.000000000000000e+00	24	0	30
31	-1.192639211643562e+03 -2.599740656375361e+02 -1.268506147195122e+02	-1.502702216384932e-04  1.481392246205360e-04 -1.500886137364432e-04	1.000000000000000e+00	24	0	31
32	 5.015076863333333e+02  6.023860283572312e+02 -9.892107087142801e+02	-1.552293445759764e-04  1.552293445759763e-04 -1.552293445759764e-04	1.000000000000000e+00	24	0	32
33	 9.533404560951100e+02  1.505532585954545e+02 -1.871057060780539e+03	-5.956340658788880e-04  5.956340658788880e-04 -5.956340658788880e-04	1.000000000000000e+00	24	0	33
34	 1.381670634601327e+03  1.017797084150758e+03 -1.442726882274322e+03	-1.131087968436380e-03  1.131087968436380e-03 -1.131087968436380e-03	1.000000000000000e+00	24	0	34
35	-3.047453800893088e+02  1.477061068697308e+02 -5.726359049932933e+02	 1.635955801854531e-04 -1.635955801854531e-04  1.635955801854531e-04	1.000000000000000e+00	24	0	35
36	-3.299499357234471e+02  1.729106625038692e+02 -5.597353428609168e+02	 6.097918958403170e-05 -6.591543206013739e-05  2.641446480993181e-04	1.000000000000000e+00	24	0	36
38	 6.021733882262666e+02 -8.388869985940133e+02  1.004015060659273e+03	-3.895141514173399e-04  3.895141514173398e-04  3.895141514173399e-04	1.000000000000000e+00	0	0	38
40	 5.278170494884284e+02  5.760766652021363e+02 -1.001006463325701e+03	-9.625136590329930e-05  9.564110223436728e-05 -1.949279831023887e-04	1.000000000000000e+00	24	0	40
42	 1.170485969552322e+03 -4.996049567539776e+02  1.225517647584625e+03	 2.533052659903963e-04 -2.533052659903963e-04 -2.533052659903963e-04	1.000000000000000e+00	0	0	42
44	1.770865425122370e+03 1.020588481287764e+02 1.226160164931277e+03	 2.198553011112381e-05 -2.198553011112381e-05 -2.187357858929317e-05	1.000000000000000e+00	0	0	44
45	 1.368104128680230e+03 -9.620629477074914e+01  1.027899488456717e+03	-3.098394081462175e-04  3.083559568040073e-04  3.098394081462175e-04	1.000000000000000e+00	0	0	45
46	 8.606102167277508e+02 -7.024325614702161e+02  1.140469497783070e+03	-2.049481030553579e-03  2.040681894868612e-03  2.040681894868612e-03	1.000000000000000e+00	0	0	46
47	 3.546163949857171e+00 -1.442303034770405e+03  1.001620942886359e+03	 9.889032662613317e-05 -9.889032662613317e-05 -9.881990990834311e-05	1.000000000000000e+00	0	0	47
48	 2.044964052060578e+02 -1.042227966624870e+03  8.006740926284162e+02	 1.731090451357886e-04 -1.720848958939314e-04 -1.720848958939314e-04	1.000000000000000e+00	0	0	48
49	 4.027068679592596e+02 -1.240447152182390e+03  1.203481580926280e+03	-1.269680651603267e-04  1.254963135579601e-04  1.269680651603267e-04	1.000000000000000e+00	0	0	49
50	 9.137015264407883e+02 -6.376509433080623e+02  1.087471661030540e+03	 2.163177588954568e-03 -2.125628758221865e-03 -2.125628758221865e-03	1.000000000000000e+00	0	0	50
51	 1.571176382316637e+03 -2.992722852384022e+02  1.425850319100200e+03	 1.378655433654785e-04 -1.373305713059381e-04 -1.373305713059381e-04	1.000000000000000e+00	0	0	51
52	-3.737876177922337e+01 -2.417598934642251e+02  7.674475134711153e+02	1.173251293948852e-04 1.176558653241955e-04 1.173251293948852e-04	1.000000000000000e+00	12	0	52
53	 2.489806057712735e+02  5.815343608244981e+02 -3.439579246518686e+02	1.024880293698516e-05 1.024880293698516e-05 1.031226565828547e-05	1.000000000000000e+00	12	0	53
54	 5.311795765102962e+02 -7.955490382179613e+02  7.505949826718569e+02	2.849363409040961e-05 3.484633271000348e-05 3.484633271000348e-05	1.000000000000000e+00	12	0	54
55	 1.387448238094624e+03 -5.247358534614177e+02 -3.763567527471978e+02	1.316179168497911e-05 1.316179168497911e-05 1.318796967098024e-05	1.000000000000000e+00	12	0	55
56	 1.676166019186105e+03  3.009133903829712e+02 -1.485404054896287e+03	2.560580323915929e-04 2.548311313148588e-04 2.560580323915929e-04	1.000000000000000e+00	12	0	56
57	 1.098327935236168e+03  8.450293346157002e+02 -1.478228148603355e+03	-7.084027747623622e-04 -8.247045916505158e-04 -8.247045916505158e-04	1.000000000000000e+00	12	0	57
58	-9.771114664285158e+02  1.722914168644358e+02  8.867713049553387e+01	-1.898453920148313e-04  1.915953616844490e-04 -1.898453920148313e-04	1.000000000000000e+00	24	0	58
59	-5.443375857099772e+02  3.872983124903990e+02 -1.263375665484360e+02	-5.697334199794568e-05  5.697334199794568e-05 -5.721006164094433e-05	1.000000000000000e+00	24	0	59
60	-7.610216162077468e+02 -4.381335558361332e+01 -3.430113247734361e+02	-2.019204985117540e-04  1.990441669477150e-04 -1.990441669477150e-04	1.000000000000000e+00	24	0	60
61	 8.434703616031280e+01  3.890072198498503e+02 -7.758319002068997e+02	 3.781745181186125e-05 -3.770562034333125e-05  3.770562034333125e-05	1.000000000000000e+00	24	0	61
62	 1.171309481974875e+03  5.803177059421946e+02 -1.653088034900775e+03	-4.053413867950439e-04  3.853106463793665e-04 -4.053413867950439e-04	1.000000000000000e+00	24	0	62
63	 7.344652892927104e+02  3.694284253978544e+02 -1.442138095048930e+03	-1.042569056153297e-03  1.042569056153297e-03 -1.041005714796484e-03	1.000000000000000e+00	24	0	63
64	 9.613546548976869e+02  7.905049170358361e+02 -1.215434715159401e+03	 5.515653756447136e-04 -5.021263496018946e-04  5.021263496018946e-04	1.000000000000000e+00	24	0	64
65	 1.135172786251067e+02  3.598482755275299e+02 -7.847780736510947e+02	 4.345157140051015e-05 -4.306954360799864e-05  4.306954360799864e-05	1.000000000000000e+00	24	0	65
66	1.671064385855415e+03 2.018598873957315e+02 1.025446733230608e+03	 8.150762732839212e-05 -8.150762732839212e-05 -8.266889926744625e-05	1.000000000000000e+00	0	0	66
67	1.467996582035567e+03 1.044278867143436e+02 9.280070351013808e+02	-3.537532465998083e-04  3.573537978809327e-04  3.537532465998083e-04	1.000000000000000e+00	0	0	67
68	 9.931103070116019e+02 -6.373669683920775e+02  1.205535090861209e+03	-1.839097356423736e-03  1.899499213322997e-03  1.899499213322997e-03	1.000000000000000e+00	0	0	68
69	-9.667713967747476e+01 -1.342079731143073e+03  8.013332619794255e+02	 8.732351125217974e-05 -8.732351125217974e-05 -8.729717956157401e-05	1.000000000000000e+00	0	0	69
70	 4.279472931761489e+00 -1.142527953502430e+03  7.003741057508564e+02	 1.966555137187243e-04 -1.973200851352885e-04 -1.973200851352885e-04	1.000000000000000e+00	0	0	70
71	 1.035562390684263e+02 -1.542313109888974e+03  1.202122633866979e+03	 8.194726979127154e-05 -8.194726979127154e-05 -8.155249815899879e-05	1.000000000000000e+00	0	0	71
72	 3.029040414167378e+02 -1.441151649167579e+03  1.303284407468802e+03	-7.151868339860812e-05  7.105732220225036e-05  7.151868339860812e-05	1.000000000000000e+00	0	0	72
73	 7.819889517913243e+02 -7.036474889018705e+02  1.021475115436732e+03	 2.008530544117093e-03 -2.104266081005335e-03 -2.104266081005335e-03	1.000000000000000e+00	0	0	73
74	1.870831084153281e+03 2.093189097866136e+00 1.426705114622183e+03	-1.213321684190305e-05  1.213321684190305e-05  1.218663419422228e-05	1.000000000000000e+00	0	0	74
75	 1.771353659538957e+03 -1.989388418725575e+02  1.526183762466045e+03	 1.105753544834442e-04 -1.100952067645267e-04 -1.100952067645267e-04	1.000000000000000e+00	0	0	75
76	-1.269658378641795e+02 -6.287324598446173e+01  6.778604373861591e+02	8.379860082641244e-05 8.571339276386425e-05 8.379860082641244e-05	1.000000000000000e+00	12	0	76
77	1.421885525705245e+01 3.467726103102770e+02 1.201423174966117e+02	-2.485686563886702e-04 -2.485686563886702e-04 -2.545235911384225e-04	1.000000000000000e+00	12	0	77
78	 5.234182881987535e+01 -4.205005839293642e+02  8.571681040702140e+02	1.580817479407415e-04 1.603302371222526e-04 1.580817479407415e-04	1.000000000000000e+00	12	0	78
79	 3.366226402019367e+02 -6.974282358097244e+02  8.487157850800938e+02	1.239806442754343e-04 1.190360344480723e-04 1.190360344480723e-04	1.000000000000000e+00	12	0	79
80	 7.289110905891855e+02 -8.905513368250369e+02  6.555926840647813e+02	3.539802273735404e-04 3.551192639861256e-04 3.551192639861256e-04	1.000000000000000e+00	12	0	80
81	 1.154296203421917e+03 -7.578878881341248e+02  8.937345141993072e+01	-1.501933456893312e-05 -1.501933456893312e-05 -1.506459284428274e-05	1.000000000000000e+00	12	0	81
82	 1.620877680385546e+03 -2.913064111704948e+02 -8.418088984985831e+02	8.138357225107029e-05 8.138357225107029e-05 8.167535997927189e-05	1.000000000000000e+00	12	0	82
83	 1.764946579035745e+03  1.212249218870914e+02 -1.396623495046647e+03	1.625440054340288e-04 1.610353647265583e-04 1.625440054340288e-04	1.000000000000000e+00	12	0	83
84	 1.586650798294940e+03  4.798686232514381e+02 -1.574919275787452e+03	2.656661672517657e-04 2.650285605341196e-04 2.656661672517657e-04	1.000000000000000e+00	12	0	84
85	 1.303769464827953e+03  7.580177892006964e+02 -1.565239694018358e+03	4.158117808401585e-04 3.626285761129111e-04 3.626285761129111e-04	1.000000000000000e+00	12	0	85
86	 4.822974967675193e+02  8.148512518207439e+02 -8.095080907566614e+02	9.033856622409075e-05 9.033856622409075e-05 9.538122685626149e-05	1.000000000000000e+00	12	0	86
87	 9.198806534208154e+02  9.592620905815734e+02 -1.363995392637481e+03	1.419249107129872e-03 1.293811830691993e-03 1.293811830691993e-03	1.000000000000000e+00	12	0	87
88	-8.680813189288322e+02  3.871517359689662e+02  1.977072779952175e+02	-3.654969259514473e-05  3.748061863007024e-05 -3.654969259514473e-05	1.000000000000000e+00	24	0	88
89	-6.534791575948334e+02  4.964398843752551e+02  8.841655941148193e+01	-2.365700347581878e-04  2.365700347581878e-04 -2.363546227570623e-04	1.000000000000000e+00	24	0	89
90	-1.085463645273608e+03 -4.325912875023147e+01 -1.967504834955867e+01	-2.525175514165312e-04  2.516985405236483e-04 -2.525175514165312e-04	1.000000000000000e+00	24	0	90
91	-9.762535563806385e+02 -1.524675401185424e+02 -2.343571402385070e+02	-9.233778837369755e-05  9.188192052533850e-05 -9.188192052533850e-05	1.000000000000000e+00	24	0	91
92	 2.929313691634346e+02  4.956974212346666e+02 -8.825221015917160e+02	-6.668398418696597e-05  6.517991278087720e-05 -6.517991278087720e-05	1.000000000000000e+00	24	0	92
93	 1.062783254545697e+03  3.650240128703079e+02 -1.761614262329953e+03	-3.633878950495273e-04  3.685919218696654e-04 -3.633878950495273e-04	1.000000000000000e+00	24	0	93
94	 8.428705230272179e+02  2.610231916633469e+02 -1.657696411376779e+03	-9.710306185297668e-04  9.710306185297668e-04 -9.902812307700515e-04	1.000000000000000e+00	24	0	94
95	 1.272344032315089e+03  8.029700615500440e+02 -1.552053484560561e+03	-1.129710697568953e-03  1.080505782738328e-03 -1.129710697568953e-03	1.000000000000000e+00	24	0	95
96	 1.169406256419538e+03  9.061466253296599e+02 -1.331076423453224e+03	-5.736950552091002e-04  5.647840443998575e-04 -5.647840443998575e-04	1.000000000000000e+00	24	0	96
97	-9.615420451925743e+01  2.542832461702040e+02 -6.792130442937687e+02	 8.492967754136771e-05 -8.168011117959395e-05  8.168011117959395e-05	1.000000000000000e+00	24	0	97
98	-4.334603155226603e+02  2.764210423030821e+02 -3.394243090881365e+02	 3.675470070447773e-04 -3.675470070447773e-04  3.515772114042193e-04	1.000000000000000e+00	24	0	98
99	-5.463632036390957e+02  6.540885202483194e+01 -4.522335323818814e+02	-4.007739480584860e-04  4.001872148364782e-04 -4.001872148364782e-04	1.000000000000000e+00	24	0	99
100	-1.260641485830257e+02  2.839269713935561e+02 -6.707516517506054e+02	 8.687263471074402e-05 -9.894890536088496e-05  9.894890536088496e-05	1.000000000000000e+00	24	0	100
101	 7.300691975748585e+02 -7.694633917206893e+02  1.073438667532597e+03	-1.847361912950873e-03  1.753498450852931e-03  1.753498450852931e-03	1.000000000000000e+00	0	0	101
102	 4.039008019600885e+02 -9.411204041620424e+02  9.017816550912437e+02	 2.997352203237824e-05 -2.872801087505650e-05 -2.872801087505650e-05	1.000000000000000e+00	0	0	102
103	 5.018269740075887e+02 -1.039052172442301e+03  1.104361474877951e+03	-2.755300956778228e-04  2.746919635683298e-04  2.755300956778228e-04	1.000000000000000e+00	0	0	103
104	 6.270714827576134e+02  4.768222319329514e+02 -1.225387159662895e+03	-1.005984493531287e-03  1.005984493531287e-03 -9.382896823808551e-04	1.000000000000000e+00	24	0	104
105	 7.438630055716833e+02  6.839541919768151e+02 -1.108883990100380e+03	 4.585724964272231e-04 -4.603168345056474e-04  4.603168345056474e-04	1.000000000000000e+00	24	0	105
106	 3.242285658651642e+02  4.647224593762210e+02 -8.896522574997857e+02	-6.473061512224376e-05  7.919330528238788e-05 -7.919330528238788e-05	1.000000000000000e+00	24	0	106
107	 1.268291639374876e+03 -2.969147100561451e+02  1.127711977762071e+03	-2.642821928020567e-04  2.588071511127055e-04  2.642821928020567e-04	1.000000000000000e+00	0	0	107
108	 1.043932070280258e+03 -5.702977597010647e+02  1.154824844637538e+03	 1.903610886074603e-03 -1.773893600329757e-03 -1.773893600329757e-03	1.000000000000000e+00	0	0	108
109	 1.371174312650221e+03 -3.997840857720264e+02  1.325338518566576e+03	 2.126581384800375e-04 -2.129578497260809e-04 -2.129578497260809e-04	1.000000000000000e+00	0	0	109
110	-1.041344827854810e+02  2.284192722677436e+02  3.512540783162379e+02	-5.101057467982173e-04 -5.101057467982173e-04 -5.089512560516596e-04	1.000000000000000e+00	12	0	110
111	 1.037521673586713e+03 -8.746624179693285e+02  3.220420200000003e+02	-4.771735257236287e-05 -4.771735257236287e-05 -4.725742110167630e-05	1.000000000000000e+00	12	0	111
112	 1.737628319743486e+03 -1.745557718125551e+02 -1.074499826522246e+03	1.195388540509157e-04 1.195388540509157e-04 1.197342135128565e-04	1.000000000000000e+00	12	0	112
113	 6.031499977316845e+02  9.357037527849089e+02 -1.037977115714509e+03	7.036461611278355e-04 7.036461611278355e-04 7.426187512464821e-04	1.000000000000000e+00	12	0	113
114	 1.324744516739013e+02  4.650282067271258e+02 -1.110239854613329e+02	3.619643621277646e-06 3.619643621277646e-06 3.241213335059001e-06	1.000000000000000e+00	12	0	114
115	 3.650546981550420e+02  6.976084532082666e+02 -5.773257371037823e+02	-4.590446769725531e-05 -4.590446769725531e-05 -4.605853973771445e-05	1.000000000000000e+00	12	0	115
116	 1.270877311413186e+03 -6.413067801428556e+02 -1.434865178976240e+02	-6.750105967512354e-07 -6.750105967512354e-07 -6.760513997505768e-07	1.000000000000000e+00	12	0	116
117	 1.504107404507439e+03 -4.080766870486020e+02 -6.091384934262711e+02	3.965175710618496e-05 3.965175710618496e-05 3.978009408456273e-05	1.000000000000000e+00	12	0	117
0	-5.773502691896258e-01  5.773502691896258e-01  5.773502691896258e-01	-7.071067811865476e-01  3.124842898819631e-18 -7.071067811865476e-01	 1.198001808568474e+03 -5.294203851356715e-15  1.198001808568474e+03	1	0	0.000000000000000e+00	0.000000000000000e+00	0.000000000000000e+00
1	-5.773502691896258e-01  5.773502691896258e-01  5.773502691896258e-01	 0.000000000000000e+00  7.071067811865476e-01 -7.071067811865476e-01	 0.000000000000000e+00 -9.214510296266430e+02  9.214510296266430e+02	1	0	0.000000000000000e+00	0.000000000000000e+00	0.000000000000000e+00
2	-5.773502691896258e-01  5.773502691896258e-01  5.773502691896258e-01	 7.071067811865476e-01  7.071067811865476e-01 -3.124842898819631e-18	-7.193784354102739e+02 -7.193784354102739e+02  3.179073734356852e-15	1	0	0.000000000000000e+00	0.000000000000000e+00	0.000000000000000e+00
3	-5.773502691896258e-01  5.773502691896258e-01  5.773502691896258e-01	 7.071067811865476e-01 -3.124842898819631e-18  7.071067811865476e-01	 8.030942244427697e+02 -3.549030148066116e-15  8.030942244427697e+02	1	0	0.000000000000000e+00	0.000000000000000e+00	0.000000000000000e+00
4	-5.773502691896258e-01  5.773502691896258e-01  5.773502691896258e-01	 0.000000000000000e+00  7.071067811865476e-01 -7.071067811865476e-01	 0.000000000000000e+00 -8.625613021693013e+02  8.625613021693013e+02	1	0	0.000000000000000e+00	0.000000000000000e+00	0.000000000000000e+00
5	-5.773502691896258e-01  5.773502691896258e-01  5.773502691896258e-01	-7.071067811865476e-01 -7.071067811865476e-01  3.124842898819631e-18	 9.364621366255734e+02  9.364621366255734e+02 -4.138408986458117e-15	1	0	0.000000000000000e+00	0.000000000000000e+00	0.000000000000000e+00
6	 5.773502691896258e-01 -5.773502691896258e-01 -5.773502691896258e-01	0.000000000000000e+00 0.000000000000000e+00 0.000000000000000e+00	1.570392732195782e+03 3.025315410553647e+02 8.256108849411653e+02	1	1	0.000000000000000e+00	0.000000000000000e+00	0.000000000000000e+00
7	-5.773502691896258e-01 -5.773502691896258e-01 -5.773502691896258e-01	-7.071067811865476e-01  0.000000000000000e+00  7.071067811865476e-01	-4.024131376251693e+02  0.000000000000000e+00  4.024131376251693e+02	1	0	0.000000000000000e+00	0.000000000000000e+00	0.000000000000000e+00
8	-5.773502691896258e-01 -5.773502691896258e-01 -5.773502691896258e-01	 0.000000000000000e+00 -7.071067811865476e-01  7.071067811865476e-01	 0.000000000000000e+00 -7.730720104449091e+02  7.730720104449091e+02	1	0	0.000000000000000e+00	0.000000000000000e+00	0.000000000000000e+00
9	-5.773502691896258e-01 -5.773502691896258e-01 -5.773502691896258e-01	 7.071067811865476e-01 -7.071067811865476e-01  0.000000000000000e+00	 9.560920457780206e+02 -9.560920457780206e+02  0.000000000000000e+00	1	0	0.000000000000000e+00	0.000000000000000e+00	0.000000000000000e+00
10	-5.773502691896258e-01 -5.773502691896258e-01 -5.773502691896258e-01	 7.071067811865476e-01  0.000000000000000e+00 -7.071067811865476e-01	 1.580785037041196e+03  0.000000000000000e+00 -1.580785037041196e+03	1	0	0.000000000000000e+00	0.000000000000000e+00	0.000000000000000e+00
11	-5.773502691896258e-01 -5.773502691896258e-01 -5.773502691896258e-01	 0.000000000000000e+00  7.071067811865476e-01 -7.071067811865476e-01	 0.000000000000000e+00  1.161628741609527e+03 -1.161628741609527e+03	1	0	0.000000000000000e+00	0.000000000000000e+00	0.000000000000000e+00
12	-5.773502691896258e-01 -5.773502691896258e-01 -5.773502691896258e-01	-7.071067811865476e-01  7.071067811865476e-01  0.000000000000000e+00	-1.662768775266123e+02  1.662768775266123e+02  0.000000000000000e+00	1	0	0.000000000000000e+00	0.000000000000000e+00	0.000000000000000e+00
13	5.773502691896258e-01 5.773502691896258e-01 5.773502691896258e-01	0.000000000000000e+00 0.000000000000000e+00 0.000000000000000e+00	-2.170837012152994e+02  1.154700538379251e+02  5.877425740350395e+02	1	1	0.000000000000000e+00	0.000000000000000e+00	0.000000000000000e+00
14	-5.773502691896258e-01  5.773502691896258e-01 -5.773502691896258e-01	 7.071067811865476e-01  0.000000000000000e+00 -7.071067811865476e-01	-5.328942984620248e+02  0.000000000000000e+00  5.328942984620248e+02	1	0	0.000000000000000e+00	0.000000000000000e+00	0.000000000000000e+00
15	-5.773502691896258e-01  5.773502691896258e-01 -5.773502691896258e-01	-3.124842898819631e-18  7.071067811865476e-01  7.071067811865476e-01	 8.547268868455420e-16 -1.934123401785247e+02 -1.934123401785247e+02	1	0	0.000000000000000e+00	0.000000000000000e+00	0.000000000000000e+00
16	-5.773502691896258e-01  5.773502691896258e-01 -5.773502691896258e-01	 7.071067811865476e-01  7.071067811865476e-01 -3.124842898819631e-18	 5.519468573452824e+02  5.519468573452824e+02 -2.439160906938323e-15	1	0	0.000000000000000e+00	0.000000000000000e+00	0.000000000000000e+00
17	-5.773502691896258e-01  5.773502691896258e-01 -5.773502691896258e-01	-7.071067811865476e-01  0.000000000000000e+00  7.071067811865476e-01	 1.412198758437825e+03  0.000000000000000e+00 -1.412198758437825e+03	1	0	0.000000000000000e+00	0.000000000000000e+00	0.000000000000000e+00
18	-5.773502691896258e-01  5.773502691896258e-01 -5.773502691896258e-01	-3.124842898819631e-18  7.071067811865476e-01  7.071067811865476e-01	 9.389238637586849e-16 -2.124648990617823e+02 -2.124648990617823e+02	1	0	0.000000000000000e+00	0.000000000000000e+00	0.000000000000000e+00
19	-5.773502691896258e-01  5.773502691896258e-01 -5.773502691896258e-01	-7.071067811865476e-01 -7.071067811865476e-01  3.124842898819631e-18	-7.851963660978913e+01 -7.851963660978913e+01  3.469936018238618e-16	1	0	0.000000000000000e+00	0.000000000000000e+00	0.000000000000000e+00
20	 5.773502691896258e-01 -5.773502691896258e-01  5.773502691896258e-01	0.000000000000000e+00 0.000000000000000e+00 0.000000000000000e+00	-7.597929542535472e+02  6.027536810339691e+02  3.059956426705008e+02	1	1	0.000000000000000e+00	0.000000000000000e+00	0.000000000000000e+00
0	0	1	0
6	0	1	0
5	5	0	0
6	5	0	0
0	6	0	0
5	0	6	0
1	1	2	0
6	1	2	0
0	1	7	0
1	7	1	0
2	2	3	0
6	2	3	0
1	2	8	0
2	8	2	0
3	3	4	0
6	3	4	0
2	3	9	0
3	9	3	0
4	4	5	0
6	4	5	0
3	4	10	0
4	10	4	0
4	5	11	0
5	11	5	0
5	6	66	0
0	67	6	0
0	7	42	0
1	68	7	0
2	69	8	0
1	8	70	0
2	9	71	0
3	72	9	0
3	10	38	0
4	73	10	0
5	74	11	0
4	11	75	0
7	12	13	0
13	12	13	0
12	17	12	0
13	17	12	0
7	18	12	0
12	12	18	0
8	13	14	0
13	13	14	0
7	13	19	0
8	19	13	0
9	14	15	0
13	14	15	0
8	14	20	0
9	20	14	0
10	15	16	0
13	15	16	0
9	15	21	0
10	21	15	0
11	16	17	0
13	16	17	0
10	16	22	0
11	22	16	0
11	17	23	0
12	23	17	0
7	76	18	0
12	18	110	0
7	19	78	0
8	79	19	0
8	20	80	0
9	111	20	0
10	83	21	0
9	21	112	0
10	22	84	0
11	85	22	0
11	23	87	0
12	113	23	0
14	24	25	0
20	24	25	0
19	29	24	0
20	29	24	0
14	30	24	0
19	24	30	0
15	25	26	0
20	25	26	0
14	25	31	0
15	31	25	0
16	26	27	0
20	26	27	0
15	26	32	0
16	32	26	0
17	27	28	0
20	27	28	0
16	27	33	0
17	33	27	0
18	28	29	0
20	28	29	0
17	28	34	0
18	34	28	0
18	29	35	0
19	35	29	0
14	88	30	0
19	30	89	0
14	31	90	0
15	91	31	0
16	40	32	0
15	32	92	0
17	93	33	0
16	33	94	0
17	34	95	0
18	96	34	0
19	36	35	0
18	35	97	0
19	98	36	0
15	36	99	0
15	100	36	0
1	38	101	0
1	102	38	0
3	38	103	0
16	104	40	0
18	40	105	0
18	106	40	0
0	42	107	0
4	42	108	0
4	109	42	0
5	66	44	0
5	44	74	0
0	45	67	0
0	107	45	0
1	46	68	0
1	101	46	0
2	47	69	0
2	71	47	0
1	70	48	0
1	48	102	0
3	49	72	0
3	103	49	0
4	50	73	0
4	108	50	0
4	75	51	0
4	51	109	0
7	52	76	0
7	78	52	0
12	114	53	0
12	53	115	0
8	54	79	0
8	80	54	0
9	55	116	0
9	117	55	0
10	56	83	0
10	84	56	0
11	57	85	0
11	87	57	0
14	58	88	0
14	90	58	0
19	89	59	0
19	59	98	0
15	60	91	0
15	99	60	0
15	92	61	0
15	61	100	0
17	62	93	0
17	95	62	0
16	94	63	0
16	63	104	0
18	64	96	0
18	105	64	0
18	97	65	0
18	65	106	0
12	110	77	0
12	77	114	0
9	81	111	0
9	116	81	0
9	112	82	0
9	82	117	0
12	86	113	0
12	115	86	0
