114
21
172
0	1.570392732195782e+03 3.025315410553647e+02 8.256108849411653e+02	0.000000000000000e+00 0.000000000000000e+00 0.000000000000000e+00	1.000000000000000e+00	0	0	0
1	 1.130451827073287e+03 -5.773502691896260e+02  1.265551790063660e+03	0.000000000000000e+00 0.000000000000000e+00 0.000000000000000e+00	1.000000000000000e+00	0	0	1
2	-1.974537920628515e+02 -1.241303078757696e+03  6.015989804955898e+02	0.000000000000000e+00 0.000000000000000e+00 0.000000000000000e+00	1.000000000000000e+00	0	0	2
3	 2.032272947547480e+02 -1.641984165575296e+03  1.402961154130791e+03	0.000000000000000e+00 0.000000000000000e+00 0.000000000000000e+00	1.000000000000000e+00	0	0	3
4	 6.431681998772440e+02 -7.621023553303055e+02  9.630202490082953e+02	0.000000000000000e+00 0.000000000000000e+00 0.000000000000000e+00	1.000000000000000e+00	0	0	4
5	 1.971073819013383e+03 -9.814954576223676e+01  1.626973058576365e+03	0.000000000000000e+00 0.000000000000000e+00 0.000000000000000e+00	1.000000000000000e+00	0	0	5
6	1.569400830298799e+03 3.035234429523475e+02 8.266027868381482e+02	-1.272038207389414e-04  1.369593228446320e-04  1.217624012497254e-04	1.000000000000000e+00	0	0	6
7	 1.124320426694342e+03 -5.712188688106814e+02  1.271683190442605e+03	-1.615257739710311e-03  1.615257739710311e-03  1.615257739710311e-03	1.000000000000000e+00	0	0	7
8	-1.965236263403436e+02 -1.242233244480204e+03  6.006688147730819e+02	 1.071137521648780e-04 -1.085502735804766e-04 -1.085819458239712e-04	1.000000000000000e+00	0	0	8
9	 2.032533878439981e+02 -1.642010258664546e+03  1.402935061041541e+03	 1.072616123565240e-05 -1.145248097600415e-05 -9.927859537128825e-06	1.000000000000000e+00	0	0	9
10	 6.485086360226334e+02 -7.674427914756949e+02  9.576798128629059e+02	 1.533821690827608e-03 -1.533821690827608e-03 -1.533821690827608e-03	1.000000000000000e+00	0	0	10
11	 1.971341042069115e+03 -9.841676881796860e+01  1.626705835520633e+03	 4.204707511235029e-05 -4.127805368625559e-05 -4.099740908714011e-05	1.000000000000000e+00	0	0	11
12	-2.170837012152994e+02  1.154700538379251e+02  5.877425740350395e+02	0.000000000000000e+00 0.000000000000000e+00 0.000000000000000e+00	1.000000000000000e+00	12	0	12
13	 1.408734656822689e+02 -6.004442799572098e+02  9.456997409326077e+02	0.000000000000000e+00 0.000000000000000e+00 0.000000000000000e+00	1.000000000000000e+00	12	0	13
14	 9.214510296266424e+02 -9.907330619293978e+02  5.554109589604201e+02	0.000000000000000e+00 0.000000000000000e+00 0.000000000000000e+00	1.000000000000000e+00	12	0	14
15	 1.853294364098699e+03 -5.888972745734211e+01 -1.308275709983692e+03	0.000000000000000e+00 0.000000000000000e+00 0.000000000000000e+00	1.000000000000000e+00	12	0	15
16	 1.495337197201131e+03  6.570246063377944e+02 -1.666232876881260e+03	0.000000000000000e+00 0.000000000000000e+00 0.000000000000000e+00	1.000000000000000e+00	12	0	16
17	 7.147596332567570e+02  1.047313388309982e+03 -1.275944094909073e+03	0.000000000000000e+00 0.000000000000000e+00 0.000000000000000e+00	1.000000000000000e+00	12	0	17
18	-2.191205041494364e+02  1.134332509037881e+02  5.857057711009026e+02	-2.305349723125497e-04 -2.305349723125497e-04 -2.305349723125497e-04	1.000000000000000e+00	12	0	18
19	 1.437887079343662e+02 -5.975290377051126e+02  9.486149831847050e+02	3.252699001071354e-04 3.252699001071354e-04 3.252699001071354e-04	1.000000000000000e+00	12	0	19
20	 9.222083528763544e+02 -9.899757386796857e+02  5.561682822101321e+02	1.169107927125879e-04 1.094781327992678e-04 1.108434807974845e-04	1.000000000000000e+00	12	0	20
21	 1.854317849746441e+03 -5.786624180960097e+01 -1.307252224335951e+03	1.187226880574599e-04 1.184329521493055e-04 1.187265443149954e-04	1.000000000000000e+00	12	0	21
22	 1.498165479432272e+03  6.598528885689353e+02 -1.663404594650119e+03	3.370937580863635e-04 3.370937580863635e-04 3.370937580863635e-04	1.000000000000000e+00	12	0	22
23	 7.260461209535111e+02  1.058599876006736e+03 -1.264657607212319e+03	1.273738647190233e-03 1.273738647190233e-03 1.273738647190233e-03	1.000000000000000e+00	12	0	23
24	-7.597929542535480e+02  6.027536810339697e+02  3.059956426705016e+02	0.000000000000000e+00 0.000000000000000e+00 0.000000000000000e+00	1.000000000000000e+00	24	0	24
25	-1.191650955607388e+03 -2.609623216737101e+02 -1.258623586833382e+02	0.000000000000000e+00 0.000000000000000e+00 0.000000000000000e+00	1.000000000000000e+00	24	0	25
26	 5.126870390403867e+02  5.912066756501773e+02 -9.780313560072267e+02	0.000000000000000e+00 0.000000000000000e+00 0.000000000000000e+00	1.000000000000000e+00	24	0	26
27	 9.572467463163994e+02  1.466469683741651e+02 -1.867150770559250e+03	0.000000000000000e+00 0.000000000000000e+00 0.000000000000000e+00	1.000000000000000e+00	24	0	27
28	 1.389104747670240e+03  1.010362971081845e+03 -1.435292769205410e+03	0.000000000000000e+00 0.000000000000000e+00 0.000000000000000e+00	1.000000000000000e+00	24	0	28
29	-3.152332469775350e+02  1.581939737579566e+02 -5.831237718815215e+02	0.000000000000000e+00 0.000000000000000e+00 0.000000000000000e+00	1.000000000000000e+00	24	0	29
30	-7.604172481536909e+02  6.033779749341126e+02  3.053713487703587e+02	-7.394696149276569e-05  7.433704740833491e-05 -7.018492760835215e-05	1.000000000000000e+00	24	0	30
31	-1.192897393323459e+03 -2.597158839576391e+02 -1.271087963994091e+02	-1.517235068604350e-04  1.489579153712839e-04 -1.514461764600128e-04	1.000000000000000e+00	24	0	31
32	 5.012482647291777e+02  6.026454499613864e+02 -9.894701303184357e+02	-1.483988210869332e-04  1.483988210869331e-04 -1.483988210869333e-04	1.000000000000000e+00	24	0	32
33	 9.523098651615397e+02  1.515838495290247e+02 -1.872087651714110e+03	-6.027290364727378e-04  6.027290364727378e-04 -6.027290364727378e-04	1.000000000000000e+00	24	0	33
34	 1.379722476219252e+03  1.019745242532833e+03 -1.444675040656398e+03	-1.133499744658669e-03  1.133499744658669e-03 -1.133499744658669e-03	1.000000000000000e+00	24	0	34
35	-3.044822112874793e+02  1.474429380679009e+02 -5.723727361914658e+02	 1.454447337891906e-04 -1.454447337891906e-04  1.454447337891907e-04	1.000000000000000e+00	24	0	35
36	-3.297257749294097e+02  1.726865017098314e+02 -5.595111820668810e+02	 6.738495721947402e-05 -6.331421172944829e-05  2.572114754002541e-04	1.000000000000000e+00	24	0	36
38	 6.014238210436508e+02 -8.381374314113963e+02  1.004764627841888e+03	-4.768968404581149e-04  4.768968404581150e-04  4.768968404581149e-04	1.000000000000000e+00	0	0	38
40	 5.275910510112416e+02  5.763026636793231e+02 -1.001232461802887e+03	-1.171165204141289e-04  1.021902426145971e-04 -1.801542384782806e-04	1.000000000000000e+00	24	0	40
42	 1.171005026572623e+03 -5.001240137742782e+02  1.224998590564324e+03	 3.458520028895388e-04 -3.458520028895388e-04 -3.458520028895388e-04	1.000000000000000e+00	0	0	42
44	1.770903904791730e+03 1.020203684594167e+02 1.226121908945056e+03	 2.273468271596357e-05 -2.273468271596357e-05 -2.258606400573626e-05	1.000000000000000e+00	0	0	44
45	 1.367561878290648e+03 -9.566696182977836e+01  1.028441738846300e+03	-3.207579138688743e-04  3.188455011695623e-04  3.207579138688743e-04	1.000000000000000e+00	0	0	45
46	 8.568160128698595e+02 -6.986579439600671e+02  1.144244115293219e+03	-2.258172957226634e-03  2.244736999273300e-03  2.244736999273300e-03	1.000000000000000e+00	0	0	46
47	 3.717043851411551e+00 -1.442473914671959e+03  1.001450188014366e+03	 9.985089855035767e-05 -9.985089855035767e-05 -9.977692388929427e-05	1.000000000000000e+00	0	0	47
48	 2.047859848779818e+02 -1.042515613942674e+03  8.003864453106123e+02	 1.634664222365245e-04 -1.622481504455209e-04 -1.622481504455209e-04	1.000000000000000e+00	0	0	48
49	 4.024892961639237e+02 -1.240232409284366e+03  1.203699152721616e+03	-1.259895507246256e-04  1.241743739228696e-04  1.259895507246256e-04	1.000000000000000e+00	0	0	49
50	 9.177041593309177e+02 -6.415752821072654e+02  1.083547322231337e+03	 2.385498024523258e-03 -2.334611490368843e-03 -2.334611490368843e-03	1.000000000000000e+00	0	0	50
51	 1.571424793983399e+03 -2.995195465875868e+02  1.425603057751016e+03	 1.512167800683528e-04 -1.503981620771810e-04 -1.503981620771810e-04	1.000000000000000e+00	0	0	51
52	-3.717365411409012e+01 -2.415540910979057e+02  7.676526211362485e+02	1.210982445627451e-04 1.215793017763644e-04 1.210982445627451e-04	1.000000000000000e+00	12	0	52
53	 2.489967296582822e+02  5.815504847115068e+02 -3.439416748351685e+02	8.504058314429130e-06 8.504058314429130e-06 8.587224328948651e-06	1.000000000000000e+00	12	0	53
54	 5.312353803185362e+02 -7.954812826704527e+02  7.506627382193655e+02	3.596697206376120e-05 4.346534842625260e-05 4.346534842625260e-05	1.000000000000000e+00	12	0	54
55	 1.387471570673759e+03 -5.247125208822827e+02 -3.763333679963062e+02	1.397580854245462e-05 1.397580854245462e-05 1.401042482029879e-05	1.000000000000000e+00	12	0	55
56	 1.676598594405795e+03  3.013436183387162e+02 -1.484971479676597e+03	2.470086328685284e-04 2.455082430969924e-04 2.470086328685284e-04	1.000000000000000e+00	12	0	56
57	 1.097218222533713e+03  8.436987385702257e+02 -1.479558744648829e+03	-5.835379124619067e-04 -7.237758254632354e-04 -7.237758254632354e-04	1.000000000000000e+00	12	0	57
58	-9.774309446668519e+02  1.726142106208874e+02  8.835765225719773e+01	-1.816543372115120e-04  1.837531017372385e-04 -1.816543372115120e-04	1.000000000000000e+00	24	0	58
59	-5.444297448693387e+02  3.873904716497605e+02 -1.264300076297201e+02	-5.020665048505180e-05  5.020665048505180e-05 -5.028329178458080e-05	1.000000000000000e+00	24	0	59
60	-7.613767519194280e+02 -4.346395386278475e+01 -3.433607264942647e+02	-2.110370260197669e-04  2.072361530736089e-04 -2.072361530736089e-04	1.000000000000000e+00	24	0	60
61	 8.441180067596966e+01  3.889427311140837e+02 -7.757674114711331e+02	 3.757747617783025e-05 -3.737092265510000e-05  3.737092265510000e-05	1.000000000000000e+00	24	0	61
62	 1.170569911079898e+03  5.810166625321367e+02 -1.653827605795752e+03	-4.537450149655342e-04  4.265230090823025e-04 -4.537450149655342e-04	1.000000000000000e+00	24	0	62
63	 7.326615019859444e+02  3.712322127046205e+02 -1.443939311191765e+03	-1.054909545928240e-03  1.054909545928240e-03 -1.053524669259787e-03	1.000000000000000e+00	24	0	63
64	 9.622803498816634e+02  7.896724202727453e+02 -1.214602218396310e+03	 5.252305418252945e-04 -4.664848383981735e-04  4.664848383981735e-04	1.000000000000000e+00	24	0	64
65	 1.135900540423507e+02  3.597761895082231e+02 -7.847059876317878e+02	 4.114744297112338e-05 -4.072938099852763e-05  4.072938099852763e-05	1.000000000000000e+00	24	0	65
66	1.671207233368555e+03 2.017170398825920e+02 1.025301489294062e+03	 8.456852810923010e-05 -8.456852810923010e-05 -8.620767766842619e-05	1.000000000000000e+00	0	0	66
67	1.467377929514487e+03 1.050537906805982e+02 9.286256876224606e+02	-3.656522603705525e-04  3.705095732584596e-04  3.656522603705525e-04	1.000000000000000e+00	0	0	67
68	 9.896065827413345e+02 -6.337185729910011e+02  1.209183486262285e+03	-2.150887623429298e-03  2.256300998851657e-03  2.256300998851657e-03	1.000000000000000e+00	0	0	68
69	-9.652776711080898e+01 -1.342229103709739e+03  8.011839328999504e+02	 8.641555177746341e-05 -8.641555177746341e-05 -8.639205771032721e-05	1.000000000000000e+00	0	0	69
70	 4.612537849702136e+00 -1.142862261366520e+03  7.000397978867666e+02	 1.905674580484629e-04 -1.913439336931333e-04 -1.913439336931333e-04	1.000000000000000e+00	0	0	70
71	 1.037009386780755e+02 -1.542457809498623e+03  1.201978722425881e+03	 8.634138794150203e-05 -8.634138794150203e-05 -8.581745350966230e-05	1.000000000000000e+00	0	0	71
72	 3.027819419212665e+02 -1.441030443922951e+03  1.303406506964273e+03	-7.045215170364827e-05  6.987371307332069e-05  7.045215170364827e-05	1.000000000000000e+00	0	0	72
73	 7.857127426057259e+02 -7.075907365782319e+02  1.017531867760371e+03	 2.234692219644785e-03 -2.390898065641522e-03 -2.390898065641522e-03	1.000000000000000e+00	0	0	73
74	1.870809265808064e+03 2.115007443083172e+00 1.426727048610372e+03	-1.327065820078133e-05  1.327065820078133e-05  1.335313208983280e-05	1.000000000000000e+00	0	0	74
75	 1.771552670632145e+03 -1.991368527057782e+02  1.525985751632824e+03	 1.209275287692435e-04 -1.202368366648443e-04 -1.202368366648443e-04	1.000000000000000e+00	0	0	75
76	-1.268252087795515e+02 -6.272895653035845e+01  6.780010664707871e+02	7.979012298164889e-05 8.212847751565278e-05 7.979012298164889e-05	1.000000000000000e+00	12	0	76
77	1.379076619876384e+01 3.463445212519884e+02 1.197027415334528e+02	-2.492071653250605e-04 -2.492071653250605e-04 -2.566048642620444e-04	1.000000000000000e+00	12	0	77
78	 5.261876330658729e+01 -4.202192876165407e+02  8.574450385569260e+02	1.637819077586755e-04 1.666037569520995e-04 1.637819077586755e-04	1.000000000000000e+00	12	0	78
79	 3.368525089241577e+02 -6.972079560586772e+02  8.489360648311410e+02	1.434029836673290e-04 1.372018159599975e-04 1.372018159599975e-04	1.000000000000000e+00	12	0	79
80	 7.295031522928027e+02 -8.899573967527514e+02  6.561866241370668e+02	3.343257994856685e-04 3.353404172230512e-04 3.353404172230512e-04	1.000000000000000e+00	12	0	80
81	 1.154271934788970e+03 -7.579121567670713e+02  8.934910311354204e+01	-1.313782013312448e-05 -1.313782013312448e-05 -1.318441809416981e-05	1.000000000000000e+00	12	0	81
82	 1.621017618640700e+03 -2.911664729153415e+02 -8.416683974601934e+02	8.133568189805374e-05 8.133568189805374e-05 8.169806096702814e-05	1.000000000000000e+00	12	0	82
83	 1.765222731342446e+03  1.214982276248250e+02 -1.396347342739945e+03	1.585530117154121e-04 1.567574945511296e-04 1.585530117154121e-04	1.000000000000000e+00	12	0	83
84	 1.587105403310167e+03  4.803219057423638e+02 -1.574464670772225e+03	2.629506343510002e-04 2.620454179123044e-04 2.629506343510002e-04	1.000000000000000e+00	12	0	84
85	 1.304445496162948e+03  7.585875011699015e+02 -1.564669982049153e+03	3.720225940924138e-04 3.018601564690471e-04 3.018601564690471e-04	1.000000000000000e+00	12	0	85
86	 4.824606923758486e+02  8.150144474290731e+02 -8.093348634032834e+02	9.933470573741943e-05 9.933470573741943e-05 1.059749556588940e-04	1.000000000000000e+00	12	0	86
87	 9.222959792731592e+02  9.614408556305448e+02 -1.361816627588510e+03	1.389548880979419e-03 1.240336103364825e-03 1.240336103364825e-03	1.000000000000000e+00	12	0	87
88	-8.681394303343779e+02  3.872116431439410e+02  1.976491665896718e+02	-3.102706250501797e-05  3.218403799110092e-05 -3.102706250501797e-05	1.000000000000000e+00	24	0	88
89	-6.538820648387632e+02  4.968427916191849e+02  8.801409458151457e+01	-2.319236809853464e-04  2.319236809853464e-04 -2.316222089575604e-04	1.000000000000000e+00	24	0	89
90	-1.085892593716438e+03 -4.283171523436847e+01 -2.010399679238845e+01	-2.462270203977823e-04  2.452655171509832e-04 -2.462270203977823e-04	1.000000000000000e+00	24	0	90
91	-9.764184449467656e+02 -1.523035831451973e+02 -2.345210972118522e+02	-9.944142220774665e-05  9.880994184641168e-05 -9.880994184641168e-05	1.000000000000000e+00	24	0	91
92	 2.928165340039235e+02  4.958096048511341e+02 -8.826342852081835e+02	-6.690728332614526e-05  6.533262057928368e-05 -6.533262057928368e-05	1.000000000000000e+00	24	0	92
93	 1.062156087200585e+03  3.656607668519499e+02 -1.762241429675065e+03	-3.660236252471805e-04  3.719291416928172e-04 -3.660236252471805e-04	1.000000000000000e+00	24	0	93
94	 8.411930036335988e+02  2.627007110569660e+02 -1.659411700647517e+03	-9.795685764402151e-04  9.795685764402151e-04 -1.004278194159269e-03	1.000000000000000e+00	24	0	94
95	 1.270473674281518e+03  8.047567727578678e+02 -1.553923842594133e+03	-1.048384816385806e-03  1.000234042294323e-03 -1.048384816385806e-03	1.000000000000000e+00	24	0	95
96	 1.168413031053486e+03  9.071210274931868e+02 -1.332050825616751e+03	-5.812269519083202e-04  5.681824404746294e-04 -5.681824404746294e-04	1.000000000000000e+00	24	0	96
97	-9.600374147663675e+01  2.541385957379373e+02 -6.790683938615020e+02	 8.947317837737501e-05 -8.598507702117786e-05  8.598507702117786e-05	1.000000000000000e+00	24	0	97
98	-4.328259719773876e+02  2.757866987578093e+02 -3.388188800653307e+02	 3.700845700222999e-04 -3.700845700222999e-04  3.524000931065530e-04	1.000000000000000e+00	24	0	98
99	-5.470553811938046e+02  6.610257757989034e+01 -4.529272579369398e+02	-4.040499334223568e-04  4.064873501192778e-04 -4.064873501192778e-04	1.000000000000000e+00	24	0	99
100	-1.259178850739828e+02  2.837601864900922e+02 -6.705848668471416e+02	 8.350585267180577e-05 -9.531953401165083e-05  9.531953401165083e-05	1.000000000000000e+00	24	0	100
101	 7.264611901100678e+02 -7.660998763124455e+02  1.076802182940841e+03	-2.272526267915964e-03  2.080466365441680e-03  2.080466365441680e-03	1.000000000000000e+00	0	0	101
102	 4.039350688588036e+02 -9.411526309756248e+02  9.017494282776613e+02	 9.014317583933007e-06 -7.961957635416184e-06 -7.961957635416184e-06	1.000000000000000e+00	0	0	102
103	 5.013572967180776e+02 -1.038584809701729e+03  1.104831152167462e+03	-2.705801161937416e-04  2.686559455469251e-04  2.705801161937416e-04	1.000000000000000e+00	0	0	103
104	 6.253100886386068e+02  4.785836260519580e+02 -1.227019154419474e+03	-1.042089890688658e-03  1.042089890688658e-03 -9.591114940121770e-04	1.000000000000000e+00	24	0	104
105	 7.446751448913467e+02  6.831337442262800e+02 -1.108063542349845e+03	 4.853582067880780e-04 -4.934528260491788e-04  4.934528260491788e-04	1.000000000000000e+00	24	0	105
106	 3.241189395688604e+02  4.648566151421899e+02 -8.897864132657546e+02	-6.257585482671857e-05  7.667161844437942e-05 -7.667161844437942e-05	1.000000000000000e+00	24	0	106
107	 1.267823837460850e+03 -2.964586675053206e+02  1.128179779676097e+03	-2.798163914121687e-04  2.714701695367694e-04  2.798163914121687e-04	1.000000000000000e+00	0	0	107
108	 1.047673509553490e+03 -5.737130003028176e+02  1.151409604035785e+03	 2.373615046963096e-03 -2.122517209500074e-03 -2.122517209500074e-03	1.000000000000000e+00	0	0	108
109	 1.371569012412913e+03 -4.001790167294503e+02  1.324943587609152e+03	 2.472177729941905e-04 -2.471211773809046e-04 -2.471211773809046e-04	1.000000000000000e+00	0	0	109
110	-1.050055817292924e+02  2.275481733239322e+02  3.503852896756993e+02	-5.028567975386977e-04 -5.028567975386977e-04 -5.013196496292949e-04	1.000000000000000e+00	12	0	110
111	 1.037446896117808e+03 -8.747371954382331e+02  3.219680918320914e+02	-3.912668762495741e-05 -3.912668762495741e-05 -3.860430297208950e-05	1.000000000000000e+00	12	0	111
112	 1.737833057759210e+03 -1.743510337968314e+02 -1.074294714145778e+03	1.185314031317830e-04 1.185314031317830e-04 1.187709931400605e-04	1.000000000000000e+00	12	0	112
113	 6.043509304082972e+02  9.369046854615219e+02 -1.036701564129668e+03	6.928754155524075e-04 6.928754155524075e-04 7.405975484289229e-04	1.000000000000000e+00	12	0	113
114	 1.324757489140026e+02  4.650295039672271e+02 -1.110234829604112e+02	-2.083391791529721e-06 -2.083391791529721e-06 -2.633647000038764e-06	1.000000000000000e+00	12	0	114
115	 3.649796271833317e+02  6.975333822365562e+02 -5.774011065976363e+02	-4.139954762649722e-05 -4.139954762649722e-05 -4.159180389251560e-05	1.000000000000000e+00	12	0	115
116	 1.270876890169781e+03 -6.413072013862600e+02 -1.434869400438309e+02	2.004851751280512e-07 2.004851751280512e-07 2.005934192084169e-07	1.000000000000000e+00	12	0	116
117	 1.504176171326229e+03 -4.080079202298125e+02 -6.090694764931537e+02	4.031088246847503e-05 4.031088246847503e-05 4.047348920721561e-05	1.000000000000000e+00	12	0	117
0	-5.773502691896258e-01  5.773502691896258e-01  5.773502691896258e-01	-7.071067811865476e-01  3.124842898819631e-18 -7.071067811865476e-01	 1.198001808568474e+03 -5.294203851356715e-15  1.198001808568474e+03	1	0	0.000000000000000e+00	0.000000000000000e+00	0.000000000000000e+00
1	-5.773502691896258e-01  5.773502691896258e-01  5.773502691896258e-01	 0.000000000000000e+00  7.071067811865476e-01 -7.071067811865476e-01	 0.000000000000000e+00 -9.214510296266430e+02  9.214510296266430e+02	1	0	0.000000000000000e+00	0.000000000000000e+00	0.000000000000000e+00
2	-5.773502691896258e-01  5.773502691896258e-01  5.773502691896258e-01	 7.071067811865476e-01  7.071067811865476e-01 -3.124842898819631e-18	-7.193784354102739e+02 -7.193784354102739e+02  3.179073734356852e-15	1	0	0.000000000000000e+00	0.000000000000000e+00	0.000000000000000e+00
3	-5.773502691896258e-01  5.773502691896258e-01  5.773502691896258e-01	 7.071067811865476e-01 -3.124842898819631e-18  7.071067811865476e-01	 8.030942244427697e+02 -3.549030148066116e-15  8.030942244427697e+02	1	0	0.000000000000000e+00	0.000000000000000e+00	0.000000000000000e+00
4	-5.773502691896258e-01  5.773502691896258e-01  5.773502691896258e-01	 0.000000000000000e+00  7.071067811865476e-01 -7.071067811865476e-01	 0.000000000000000e+00 -8.625613021693013e+02  8.625613021693013e+02	1	0	0.000000000000000e+00	0.000000000000000e+00	0.000000000000000e+00
5	-5.773502691896258e-01  5.773502691896258e-01  5.773502691896258e-01	-7.071067811865476e-01 -7.071067811865476e-01  3.124842898819631e-18	 9.364621366255734e+02  9.364621366255734e+02 -4.138408986458117e-15	1	0	0.000000000000000e+00	0.000000000000000e+00	0.000000000000000e+00
6	 5.773502691896258e-01 -5.773502691896258e-01 -5.773502691896258e-01	0.000000000000000e+00 0.000000000000000e+00 0.000000000000000e+00	1.570392732195782e+03 3.025315410553647e+02 8.256108849411653e+02	1	1	0.000000000000000e+00	0.000000000000000e+00	0.000000000000000e+00
7	-5.773502691896258e-01 -5.773502691896258e-01 -5.773502691896258e-01	-7.071067811865476e-01  0.000000000000000e+00  7.071067811865476e-01	-4.024131376251693e+02  0.000000000000000e+00  4.024131376251693e+02	1	0	0.000000000000000e+00	0.000000000000000e+00	0.000000000000000e+00
8	-5.773502691896258e-01 -5.773502691896258e-01 -5.773502691896258e-01	 0.000000000000000e+00 -7.071067811865476e-01  7.071067811865476e-01	 0.000000000000000e+00 -7.730720104449091e+02  7.730720104449091e+02	1	0	0.000000000000000e+00	0.000000000000000e+00	0.000000000000000e+00
9	-5.773502691896258e-01 -5.773502691896258e-01 -5.773502691896258e-01	 7.071067811865476e-01 -7.071067811865476e-01  0.000000000000000e+00	 9.560920457780206e+02 -9.560920457780206e+02  0.000000000000000e+00	1	0	0.000000000000000e+00	0.000000000000000e+00	0.000000000000000e+00
10	-5.773502691896258e-01 -5.773502691896258e-01 -5.773502691896258e-01	 7.071067811865476e-01  0.000000000000000e+00 -7.071067811865476e-01	 1.580785037041196e+03  0.000000000000000e+00 -1.580785037041196e+03	1	0	0.000000000000000e+00	0.000000000000000e+00	0.000000000000000e+00
11	-5.773502691896258e-01 -5.773502691896258e-01 -5.773502691896258e-01	 0.000000000000000e+00  7.071067811865476e-01 -7.071067811865476e-01	 0.000000000000000e+00  1.161628741609527e+03 -1.161628741609527e+03	1	0	0.000000000000000e+00	0.000000000000000e+00	0.000000000000000e+00
12	-5.773502691896258e-01 -5.773502691896258e-01 -5.773502691896258e-01	-7.071067811865476e-01  7.071067811865476e-01  0.000000000000000e+00	-1.662768775266123e+02  1.662768775266123e+02  0.000000000000000e+00	1	0	0.000000000000000e+00	0.000000000000000e+00	0.000000000000000e+00
13	5.773502691896258e-01 5.773502691896258e-01 5.773502691896258e-01	0.000000000000000e+00 0.000000000000000e+00 0.000000000000000e+00	-2.170837012152994e+02  1.154700538379251e+02  5.877425740350395e+02	1	1	0.000000000000000e+00	0.000000000000000e+00	0.000000000000000e+00
14	-5.773502691896258e-01  5.773502691896258e-01 -5.773502691896258e-01	 7.071067811865476e-01  0.000000000000000e+00 -7.071067811865476e-01	-5.328942984620248e+02  0.000000000000000e+00  5.328942984620248e+02	1	0	0.000000000000000e+00	0.000000000000000e+00	0.000000000000000e+00
15	-5.773502691896258e-01  5.773502691896258e-01 -5.773502691896258e-01	-3.124842898819631e-18  7.071067811865476e-01  7.071067811865476e-01	 8.547268868455420e-16 -1.934123401785247e+02 -1.934123401785247e+02	1	0	0.000000000000000e+00	0.000000000000000e+00	0.000000000000000e+00
16	-5.773502691896258e-01  5.773502691896258e-01 -5.773502691896258e-01	 7.071067811865476e-01  7.071067811865476e-01 -3.124842898819631e-18	 5.519468573452824e+02  5.519468573452824e+02 -2.439160906938323e-15	1	0	0.000000000000000e+00	0.000000000000000e+00	0.000000000000000e+00
17	-5.773502691896258e-01  5.773502691896258e-01 -5.773502691896258e-01	-7.071067811865476e-01  0.000000000000000e+00  7.071067811865476e-01	 1.412198758437825e+03  0.000000000000000e+00 -1.412198758437825e+03	1	0	0.000000000000000e+00	0.000000000000000e+00	0.000000000000000e+00
18	-5.773502691896258e-01  5.773502691896258e-01 -5.773502691896258e-01	-3.124842898819631e-18  7.071067811865476e-01  7.071067811865476e-01	 9.389238637586849e-16 -2.124648990617823e+02 -2.124648990617823e+02	1	0	0.000000000000000e+00	0.000000000000000e+00	0.000000000000000e+00
19	-5.773502691896258e-01  5.773502691896258e-01 -5.773502691896258e-01	-7.071067811865476e-01 -7.071067811865476e-01  3.124842898819631e-18	-7.851963660978913e+01 -7.851963660978913e+01  3.469936018238618e-16	1	0	0.000000000000000e+00	0.000000000000000e+00	0.000000000000000e+00
20	 5.773502691896258e-01 -5.773502691896258e-01  5.773502691896258e-01	0.000000000000000e+00 0.000000000000000e+00 0.000000000000000e+00	-7.597929542535480e+02  6.027536810339697e+02  3.059956426705016e+02	1	1	0.000000000000000e+00	0.000000000000000e+00	0.000000000000000e+00
0	0	1	0
6	0	1	0
5	5	0	0
6	5	0	0
0	6	0	0
5	0	6	0
1	1	2	0
6	1	2	0
0	1	7	0
1	7	1	0
2	2	3	0
6	2	3	0
1	2	8	0
2	8	2	0
3	3	4	0
6	3	4	0
2	3	9	0
3	9	3	0
4	4	5	0
6	4	5	0
3	4	10	0
4	10	4	0
4	5	11	0
5	11	5	0
5	6	66	0
0	67	6	0
0	7	42	0
1	68	7	0
2	69	8	0
1	8	70	0
2	9	71	0
3	72	9	0
3	10	38	0
4	73	10	0
5	74	11	0
4	11	75	0
7	12	13	0
13	12	13	0
12	17	12	0
13	17	12	0
7	18	12	0
12	12	18	0
8	13	14	0
13	13	14	0
7	13	19	0
8	19	13	0
9	14	15	0
13	14	15	0
8	14	20	0
9	20	14	0
10	15	16	0
13	15	16	0
9	15	21	0
10	21	15	0
11	16	17	0
13	16	17	0
10	16	22	0
11	22	16	0
11	17	23	0
12	23	17	0
7	76	18	0
12	18	110	0
7	19	78	0
8	79	19	0
8	20	80	0
9	111	20	0
10	83	21	0
9	21	112	0
10	22	84	0
11	85	22	0
11	23	87	0
12	113	23	0
14	24	25	0
20	24	25	0
19	29	24	0
20	29	24	0
14	30	24	0
19	24	30	0
15	25	26	0
20	25	26	0
14	25	31	0
15	31	25	0
16	26	27	0
20	26	27	0
15	26	32	0
16	32	26	0
17	27	28	0
20	27	28	0
16	27	33	0
17	33	27	0
18	28	29	0
20	28	29	0
17	28	34	0
18	34	28	0
18	29	35	0
19	35	29	0
14	88	30	0
19	30	89	0
14	31	90	0
15	91	31	0
16	40	32	0
15	32	92	0
17	93	33	0
16	33	94	0
17	34	95	0
18	96	34	0
19	36	35	0
18	35	97	0
19	98	36	0
15	36	99	0
15	100	36	0
1	38	101	0
1	102	38	0
3	38	103	0
16	104	40	0
18	40	105	0
18	106	40	0
0	42	107	0
4	42	108	0
4	109	42	0
5	66	44	0
5	44	74	0
0	45	67	0
0	107	45	0
1	46	68	0
1	101	46	0
2	47	69	0
2	71	47	0
1	70	48	0
1	48	102	0
3	49	72	0
3	103	49	0
4	50	73	0
4	108	50	0
4	75	51	0
4	51	109	0
7	52	76	0
7	78	52	0
12	114	53	0
12	53	115	0
8	54	79	0
8	80	54	0
9	55	116	0
9	117	55	0
10	56	83	0
10	84	56	0
11	57	85	0
11	87	57	0
14	58	88	0
14	90	58	0
19	89	59	0
19	59	98	0
15	60	91	0
15	99	60	0
15	92	61	0
15	61	100	0
17	62	93	0
17	95	62	0
16	94	63	0
16	63	104	0
18	64	96	0
18	105	64	0
18	97	65	0
18	65	106	0
12	110	77	0
12	77	114	0
9	81	111	0
9	116	81	0
9	112	82	0
9	82	117	0
12	86	113	0
12	115	86	0
