114
21
172
0	1.570392732195782e+03 3.025315410553647e+02 8.256108849411653e+02	0.000000000000000e+00 0.000000000000000e+00 0.000000000000000e+00	1.000000000000000e+00	0	0	0
1	 1.130451827073287e+03 -5.773502691896260e+02  1.265551790063660e+03	0.000000000000000e+00 0.000000000000000e+00 0.000000000000000e+00	1.000000000000000e+00	0	0	1
2	-1.974537920628516e+02 -1.241303078757696e+03  6.015989804955904e+02	0.000000000000000e+00 0.000000000000000e+00 0.000000000000000e+00	1.000000000000000e+00	0	0	2
3	 2.032272947547480e+02 -1.641984165575296e+03  1.402961154130791e+03	0.000000000000000e+00 0.000000000000000e+00 0.000000000000000e+00	1.000000000000000e+00	0	0	3
4	 6.431681998772439e+02 -7.621023553303065e+02  9.630202490082960e+02	0.000000000000000e+00 0.000000000000000e+00 0.000000000000000e+00	1.000000000000000e+00	0	0	4
5	 1.971073819013383e+03 -9.814954576223676e+01  1.626973058576365e+03	0.000000000000000e+00 0.000000000000000e+00 0.000000000000000e+00	1.000000000000000e+00	0	0	5
6	1.569955728314544e+03 3.029685449366024e+02 8.260478888224030e+02	-1.160154570243321e-04  1.190591065096669e-04  1.146140202763490e-04	1.000000000000000e+00	0	0	6
7	 1.129250248837687e+03 -5.761486909540263e+02  1.266753368299260e+03	-5.558482371270657e-04  5.558482371270657e-04  5.558482371270657e-04	1.000000000000000e+00	0	0	7
8	-1.970191713785066e+02 -1.241737699442041e+03  6.011643598112454e+02	 1.101184752769768e-04 -1.107139614759944e-04 -1.107032585423440e-04	1.000000000000000e+00	0	0	8
9	 2.032240394645903e+02 -1.641980910285138e+03  1.402964409420949e+03	 2.422582838335074e-06 -2.633602434798377e-06 -2.205238388341968e-06	1.000000000000000e+00	0	0	9
10	 6.439541742067263e+02 -7.628883296597890e+02  9.622342746788136e+02	 4.617638575534026e-04 -4.617638575534026e-04 -4.617638575534026e-04	1.000000000000000e+00	0	0	10
11	 1.971177423822153e+03 -9.825315057100657e+01  1.626869453767596e+03	 3.101739275734872e-05 -3.082078910665587e-05 -3.076329448958859e-05	1.000000000000000e+00	0	0	11
12	-2.170837012152994e+02  1.154700538379251e+02  5.877425740350395e+02	0.000000000000000e+00 0.000000000000000e+00 0.000000000000000e+00	1.000000000000000e+00	12	0	12
13	 1.408734656822689e+02 -6.004442799572098e+02  9.456997409326077e+02	0.000000000000000e+00 0.000000000000000e+00 0.000000000000000e+00	1.000000000000000e+00	12	0	13
14	 9.214510296266424e+02 -9.907330619293978e+02  5.554109589604201e+02	0.000000000000000e+00 0.000000000000000e+00 0.000000000000000e+00	1.000000000000000e+00	12	0	14
15	 1.853294364098699e+03 -5.888972745734176e+01 -1.308275709983692e+03	0.000000000000000e+00 0.000000000000000e+00 0.000000000000000e+00	1.000000000000000e+00	12	0	15
16	 1.495337197201131e+03  6.570246063377946e+02 -1.666232876881260e+03	0.000000000000000e+00 0.000000000000000e+00 0.000000000000000e+00	1.000000000000000e+00	12	0	16
17	 7.147596332567570e+02  1.047313388309982e+03 -1.275944094909073e+03	0.000000000000000e+00 0.000000000000000e+00 0.000000000000000e+00	1.000000000000000e+00	12	0	17
18	-2.180509944445464e+02  1.145027606086781e+02  5.867752808057926e+02	-2.421009412501007e-04 -2.421009412501007e-04 -2.421009412501007e-04	1.000000000000000e+00	12	0	18
19	 1.422720125174635e+02 -5.990457331220153e+02  9.470982877678023e+02	3.457334920919190e-04 3.457334920919190e-04 3.457334920919190e-04	1.000000000000000e+00	12	0	19
20	 9.217551341199018e+02 -9.904289574361384e+02  5.557150634536795e+02	9.010377834783867e-05 8.662462641950697e-05 8.728246029932052e-05	1.000000000000000e+00	12	0	20
21	 1.853773168615439e+03 -5.841092294060178e+01 -1.307796905466952e+03	1.218222751049325e-04 1.216666714753956e-04 1.218247925862670e-04	1.000000000000000e+00	12	0	21
22	 1.496633908407298e+03  6.583213175439613e+02 -1.664936165675093e+03	3.364941609712939e-04 3.364941609712939e-04 3.364941609712939e-04	1.000000000000000e+00	12	0	22
23	 7.201227933314447e+02  1.052676548384670e+03 -1.270580934834386e+03	1.341474630559484e-03 1.341474630559484e-03 1.341474630559484e-03	1.000000000000000e+00	12	0	23
24	-7.597929542535472e+02  6.027536810339691e+02  3.059956426705008e+02	0.000000000000000e+00 0.000000000000000e+00 0.000000000000000e+00	1.000000000000000e+00	24	0	24
25	-1.191650955607388e+03 -2.609623216737101e+02 -1.258623586833382e+02	0.000000000000000e+00 0.000000000000000e+00 0.000000000000000e+00	1.000000000000000e+00	24	0	25
26	 5.126870390403868e+02  5.912066756501777e+02 -9.780313560072266e+02	0.000000000000000e+00 0.000000000000000e+00 0.000000000000000e+00	1.000000000000000e+00	24	0	26
27	 9.572467463163994e+02  1.466469683741651e+02 -1.867150770559250e+03	0.000000000000000e+00 0.000000000000000e+00 0.000000000000000e+00	1.000000000000000e+00	24	0	27
28	 1.389104747670240e+03  1.010362971081845e+03 -1.435292769205410e+03	0.000000000000000e+00 0.000000000000000e+00 0.000000000000000e+00	1.000000000000000e+00	24	0	28
29	-3.152332469775362e+02  1.581939737579582e+02 -5.831237718815206e+02	0.000000000000000e+00 0.000000000000000e+00 0.000000000000000e+00	1.000000000000000e+00	24	0	29
30	-7.600841738689210e+02  6.030449006493429e+02  3.057044230551270e+02	-7.443645154125988e-05  7.452211866620928e-05 -7.302361336769536e-05	1.000000000000000e+00	24	0	30
31	-1.192221931046604e+03 -2.603913462344938e+02 -1.264333341225545e+02	-1.478872291045263e-04  1.467496476834640e-04 -1.478319027228281e-04	1.000000000000000e+00	24	0	31
32	 5.020654231814012e+02  6.018282915091634e+02 -9.886529718662123e+02	-3.136507972764473e-04  3.136507972764471e-04 -3.136507972764473e-04	1.000000000000000e+00	24	0	32
33	 9.549977780048896e+02  1.488959366856748e+02 -1.869399738870760e+03	-5.839201039634645e-04  5.839201039634645e-04 -5.839201039634645e-04	1.000000000000000e+00	24	0	33
34	 1.384831389041455e+03  1.014636329710630e+03 -1.439566127834194e+03	-1.115788239985704e-03  1.115788239985704e-03 -1.115788239985704e-03	1.000000000000000e+00	24	0	34
35	-3.053987542336245e+02  1.483594810140465e+02 -5.732892791376089e+02	 4.030490381410345e-04 -4.030490381410345e-04  4.030490381410346e-04	1.000000000000000e+00	24	0	35
36	-3.302682842699602e+02  1.732290110503822e+02 -5.600536914074298e+02	-2.625469824124593e-05  2.306110900462954e-06  2.172011008951813e-04	1.000000000000000e+00	24	0	36
38	 6.030655333782669e+02 -8.397791437460136e+02  1.003122915507273e+03	-2.575592176678280e-04  2.575592176678280e-04  2.575592176678280e-04	1.000000000000000e+00	0	0	38
40	 5.281336867870345e+02  5.757600279035302e+02 -1.000689826027094e+03	-1.131516728491988e-05  3.305223071947694e-05 -1.726775954011828e-04	1.000000000000000e+00	24	0	40
42	 1.169983899883167e+03 -4.991028870848219e+02  1.226019717253780e+03	 1.245167368324474e-04 -1.091354206437245e-04 -1.151358374045230e-04	1.000000000000000e+00	0	0	42
44	1.770805953551611e+03 1.021183196995357e+02 1.226219399722911e+03	 2.021686304942705e-05 -2.021686304942705e-05 -2.015889549511485e-05	1.000000000000000e+00	0	0	44
45	 1.368950682640085e+03 -9.704961795559581e+01  1.027052934496862e+03	-2.928744652308524e-04  2.920492261182517e-04  2.928744652308524e-04	1.000000000000000e+00	0	0	45
46	 8.649537058769869e+02 -7.067622985750409e+02  1.136139760678245e+03	-1.034804969094694e-03  1.032768748700619e-03  1.032768748700619e-03	1.000000000000000e+00	0	0	46
47	 3.269684341928981e+00 -1.442026555162477e+03  1.001897246713896e+03	 9.805565059650689e-05 -9.805565059650689e-05 -9.800352563615888e-05	1.000000000000000e+00	0	0	47
48	 2.039901750535692e+02 -1.041724101729172e+03  8.011779575241142e+02	 1.867675891844556e-04 -1.861203054431826e-04 -1.861203054431826e-04	1.000000000000000e+00	0	0	48
49	 4.030654090637074e+02 -1.240802382909332e+03  1.203123039821832e+03	-1.281291624763981e-04  1.272507506655529e-04  1.281291624763981e-04	1.000000000000000e+00	0	0	49
50	 9.090631191260100e+02 -6.330758725513419e+02  1.092046731787261e+03	 1.135291066020727e-03 -1.124879694543779e-03 -1.124879694543779e-03	1.000000000000000e+00	0	0	50
51	 1.570816123560344e+03 -2.989130702594912e+02  1.426209534079111e+03	 1.191840856336057e-04 -1.189495014841668e-04 -1.189495014841668e-04	1.000000000000000e+00	0	0	51
52	-3.769836503926241e+01 -2.420801398864300e+02  7.671279102110763e+02	1.098601860576309e-04 1.099990913644433e-04 1.098601860576309e-04	1.000000000000000e+00	12	0	52
53	 2.489476530395600e+02  5.815014080927846e+02 -3.439910137587765e+02	1.330313989456045e-05 1.330313989456045e-05 1.333744967269013e-05	1.000000000000000e+00	12	0	53
54	 5.311244350582621e+02 -7.956187498843836e+02  7.505252710054345e+02	9.198598490911536e-06 1.311959294980625e-05 1.311959294980625e-05	1.000000000000000e+00	12	0	54
55	 1.387412998722252e+03 -5.247710928337892e+02 -3.763920480879324e+02	1.193917978525860e-05 1.193917978525860e-05 1.195315508084605e-05	1.000000000000000e+00	12	0	55
56	 1.675424502471393e+03  3.001746592592604e+02 -1.486145571610999e+03	2.719479671213776e-04 2.711989509407431e-04 2.719479671213776e-04	1.000000000000000e+00	12	0	56
57	 1.100633385025325e+03  8.476015113422352e+02 -1.475655971876820e+03	-9.386978927068412e-04 -1.011252868920565e-03 -1.011252868920565e-03	1.000000000000000e+00	12	0	57
58	-9.765588599248329e+02  1.717347905823128e+02  8.922973699921684e+01	-2.035421493928879e-04  2.046354638878256e-04 -2.035421493928879e-04	1.000000000000000e+00	24	0	58
59	-5.441616699479591e+02  3.871223967283809e+02 -1.261608288608965e+02	-6.827321340097114e-05  6.827321340097114e-05 -6.858141568955034e-05	1.000000000000000e+00	24	0	59
60	-7.604751343289736e+02 -4.435374312391230e+01 -3.424709372331371e+02	-1.870114501798525e-04  1.855238806456327e-04 -1.855238806456327e-04	1.000000000000000e+00	24	0	60
61	 8.424575711051025e+01  3.891085070963410e+02 -7.759331874533905e+02	 2.001339453272521e-05 -2.023661363637075e-05  2.023661363637075e-05	1.000000000000000e+00	24	0	61
62	 1.172323455827727e+03  5.793442644398242e+02 -1.652074061047923e+03	-3.136123996227980e-04  3.045184712391347e-04 -3.136123996227980e-04	1.000000000000000e+00	24	0	62
63	 7.373673472532234e+02  3.665263674373414e+02 -1.439240247660525e+03	-1.023132819682360e-03  1.023132819682360e-03 -1.021807198412716e-03	1.000000000000000e+00	24	0	63
64	 9.597379509841398e+02  7.920070135434762e+02 -1.216936811667041e+03	 6.003091693855822e-04 -5.687724915333092e-04  5.687724915333092e-04	1.000000000000000e+00	24	0	64
65	 1.133830533968110e+02  3.599815712081372e+02 -7.849113693317020e+02	 6.642276275670156e-05 -6.619317719014362e-05  6.619317719014362e-05	1.000000000000000e+00	24	0	65
66	1.670842986845526e+03 2.020812864056213e+02 1.025670485553927e+03	 7.594549970235676e-05 -7.594549970235676e-05 -7.649240433238447e-05	1.000000000000000e+00	0	0	66
67	1.468963827710754e+03 1.034530596605325e+02 9.270397894261939e+02	-3.347825258970261e-04  3.366399614606053e-04  3.347825258970261e-04	1.000000000000000e+00	0	0	67
68	 9.969138049795524e+02 -6.412553523066777e+02  1.201646706946608e+03	-8.885306306183338e-04  8.985814056359231e-04  8.985814056359231e-04	1.000000000000000e+00	0	0	68
69	-9.692543216119155e+01 -1.341831438659356e+03  8.015814841323900e+02	 8.955528028309345e-05 -8.955528028309345e-05 -8.953332144301385e-05	1.000000000000000e+00	0	0	69
70	 3.713852246430548e+00 -1.141960782366949e+03  7.009412768863372e+02	 2.057402016362175e-04 -2.061686827801168e-04 -2.061686827801168e-04	1.000000000000000e+00	0	0	70
71	 1.033353847784001e+02 -1.542092255598948e+03  1.202342645030976e+03	 7.538970385212451e-05 -7.538970385212451e-05 -7.517907943110913e-05	1.000000000000000e+00	0	0	71
72	 3.031073819611904e+02 -1.441353963344722e+03  1.303081066924349e+03	-7.319299766095355e-05  7.292399823199958e-05  7.319299766095355e-05	1.000000000000000e+00	0	0	72
73	 7.776040047712295e+02 -6.991138180341936e+02  1.026008786304409e+03	 1.115119783207774e-03 -1.137441489845514e-03 -1.137441489845514e-03	1.000000000000000e+00	0	0	73
74	1.870863188021862e+03 2.061085229284619e+00 1.426672909454352e+03	-1.084029008779908e-05  1.084029008779908e-05  1.086179690901190e-05	1.000000000000000e+00	0	0	74
75	 1.771065337032157e+03 -1.986514851475658e+02  1.526471119191037e+03	 9.489301010034978e-05 -9.466961637372151e-05 -9.466961637372151e-05	1.000000000000000e+00	0	0	75
76	-1.272114369374210e+02 -6.312319765527388e+01  6.776148383129176e+02	9.118847083300352e-05 9.236028563464060e-05 9.118847083300352e-05	1.000000000000000e+00	12	0	76
77	1.491592755479457e+01 3.474696826080191e+02 1.208527374841438e+02	-2.475828223396093e-04 -2.475828223396093e-04 -2.511147758923471e-04	1.000000000000000e+00	12	0	77
78	 5.191366566180827e+01 -4.209337221748044e+02  8.567399409121469e+02	1.460256462451071e-04 1.473160227760673e-04 1.460256462451071e-04	1.000000000000000e+00	12	0	78
79	 3.363162299297675e+02 -6.977236735700626e+02  8.484203473197556e+02	9.473335376242176e-05 9.186872921418399e-05 9.186872921418399e-05	1.000000000000000e+00	12	0	79
80	 7.278747680629883e+02 -8.915906895536147e+02  6.545533313362035e+02	3.828650224022567e-04 3.838032134808600e-04 3.838032134808600e-04	1.000000000000000e+00	12	0	80
81	 1.154341535629212e+03 -7.578425559268294e+02  8.941889590881991e+01	-1.699800304777455e-05 -1.699800304777455e-05 -1.703062662272714e-05	1.000000000000000e+00	12	0	81
82	 1.620648877278926e+03 -2.915352142771148e+02 -8.420383556588882e+02	8.145983883878216e-05 8.145983883878216e-05 8.163288293872029e-05	1.000000000000000e+00	12	0	82
83	 1.764480762525383e+03  1.207625962745572e+02 -1.397089311557008e+03	1.689717901172116e-04 1.680133427726105e-04 1.689717901172116e-04	1.000000000000000e+00	12	0	83
84	 1.585897754756864e+03  4.791168393147170e+02 -1.575672319325528e+03	2.704007783904672e-04 2.701230987440795e-04 2.704007783904672e-04	1.000000000000000e+00	12	0	84
85	 1.302473233473890e+03  7.568297513386265e+02 -1.566427731880428e+03	5.095486994832754e-04 4.852017445955426e-04 4.852017445955426e-04	1.000000000000000e+00	12	0	85
86	 4.820656213183258e+02  8.146193763715504e+02 -8.097507299924862e+02	7.447848474839702e-05 7.447848474839702e-05 7.714981620665640e-05	1.000000000000000e+00	12	0	86
87	 9.158198169659620e+02  9.554923466205241e+02 -1.367765136598531e+03	1.471866387873888e-03 1.391534460708499e-03 1.391534460708499e-03	1.000000000000000e+00	12	0	87
88	-8.679657327344260e+02  3.870340600052898e+02  1.978228641896237e+02	-4.576893843477592e-05  4.632353738998063e-05 -4.576893843477592e-05	1.000000000000000e+00	24	0	88
89	-6.528037646604648e+02  4.957644914408865e+02  8.909151229392583e+01	-2.441254619043320e-04  2.441254619043320e-04 -2.440221142023802e-04	1.000000000000000e+00	24	0	89
90	-1.084740000688813e+03 -4.398086251407454e+01 -1.895140376476292e+01	-2.624674525577575e-04  2.619382285047323e-04 -2.624674525577575e-04	1.000000000000000e+00	24	0	90
91	-9.760097552938104e+02 -1.527104062759365e+02 -2.341142740811130e+02	-8.130422793328762e-05  8.108412293950096e-05 -8.108412293950096e-05	1.000000000000000e+00	24	0	91
92	 2.931491020213401e+02  4.954841109620955e+02 -8.823087913191449e+02	-1.202603380079381e-04  1.181790066766553e-04 -1.181790066766553e-04	1.000000000000000e+00	24	0	92
93	 1.063800479672026e+03  3.639943324176782e+02 -1.760597037203624e+03	-3.610357816796750e-04  3.645916585810483e-04 -3.610357816796750e-04	1.000000000000000e+00	24	0	93
94	 8.455794523602389e+02  2.583142623303260e+02 -1.654945378446679e+03	-9.570378460921347e-04  9.570378460921347e-04 -9.678550995886326e-04	1.000000000000000e+00	24	0	94
95	 1.275766741328424e+03  7.996871323691555e+02 -1.548630775547226e+03	-1.323228701949120e-03  1.274073612876236e-03 -1.323228701949120e-03	1.000000000000000e+00	24	0	95
96	 1.171001683138126e+03  9.045679852904645e+02 -1.329497783414029e+03	-5.621537566184998e-04  5.588022177107632e-04 -5.588022177107632e-04	1.000000000000000e+00	24	0	96
97	-9.640150011446818e+01  2.545220763811578e+02 -6.794518745047226e+02	 1.246767205884680e-04 -1.216891905642115e-04  1.216891905642115e-04	1.000000000000000e+00	24	0	97
98	-4.344876707277534e+02  2.774483975081751e+02 -3.404104203467006e+02	 3.637514309957623e-04 -3.637514309957623e-04  3.504000487737358e-04	1.000000000000000e+00	24	0	98
99	-5.452460008278906e+02  6.429940504346290e+01 -4.511240854005123e+02	-3.934907435905188e-04  3.887971979565918e-04 -3.887971979565918e-04	1.000000000000000e+00	24	0	99
100	-1.262859210702282e+02  2.841861347734144e+02 -6.710108151304638e+02	 3.062179166590795e-05 -4.763984543387778e-05  4.763984543387778e-05	1.000000000000000e+00	24	0	100
101	 7.337950870571611e+02 -7.730670202358970e+02  1.069835039017389e+03	-8.471128530800343e-04  8.345808601006866e-04  8.345808601006866e-04	1.000000000000000e+00	0	0	101
102	 4.037837364413833e+02 -9.410064438204756e+02  9.018956154328105e+02	 5.036613947595470e-05 -4.949205322191119e-05 -4.949205322191119e-05	1.000000000000000e+00	0	0	102
103	 5.026121196555289e+02 -1.039836371371682e+03  1.103576329230011e+03	-2.831854508258402e-04  2.831676683854312e-04  2.831854508258402e-04	1.000000000000000e+00	0	0	103
104	 6.298147072165569e+02  4.740790074740078e+02 -1.222801770198384e+03	-9.464866016060114e-04  9.464866016060114e-04 -9.014424867928028e-04	1.000000000000000e+00	24	0	104
105	 7.426426497621335e+02  6.851675005586064e+02 -1.110097298682171e+03	 4.083699604962021e-04 -4.021770728286356e-04  4.021770728286356e-04	1.000000000000000e+00	24	0	105
106	 3.243780969884353e+02  4.645288576160445e+02 -8.894586557396092e+02	-5.480630079546245e-06  2.436672730254941e-05 -2.436672730254941e-05	1.000000000000000e+00	24	0	106
107	 1.269000598493194e+03 -2.976129920236773e+02  1.127003018643753e+03	-2.406743151368573e-04  2.382728998782113e-04  2.406743151368573e-04	1.000000000000000e+00	0	0	107
108	 1.040078770931585e+03 -5.666259553458401e+02  1.158496648992762e+03	 8.944880682975054e-04 -8.720064652152359e-04 -8.720064652152359e-04	1.000000000000000e+00	0	0	108
109	 1.370640287721423e+03 -3.992490766923700e+02  1.325873527646233e+03	 1.704410533420742e-04 -1.707554329186678e-04 -1.707554329186678e-04	1.000000000000000e+00	0	0	109
110	-1.026833646708438e+02  2.298703903823808e+02  3.527027541764813e+02	-5.229324451647699e-04 -5.229324451647699e-04 -5.223331972956657e-04	1.000000000000000e+00	12	0	110
111	 1.037673043764504e+03 -8.745110477915373e+02  3.221923134932871e+02	-5.946493547526188e-05 -5.946493547526188e-05 -5.916942609474063e-05	1.000000000000000e+00	12	0	111
112	 1.737290051802713e+03 -1.748940397533283e+02 -1.074838536397620e+03	1.212255956488661e-04 1.212255956488661e-04 1.213438081322238e-04	1.000000000000000e+00	12	0	112
113	 6.011466652336668e+02  9.337004202868912e+02 -1.040068734729598e+03	7.224213331937790e-04 7.224213331937790e-04 7.460709311999381e-04	1.000000000000000e+00	12	0	113
114	 1.324507596000828e+02  4.650045146533074e+02 -1.110469419919351e+02	1.333739237452392e-05 1.333739237452392e-05 1.317945861956105e-05	1.000000000000000e+00	12	0	114
115	 3.651939841068112e+02  6.977477391600357e+02 -5.771861162623052e+02	-5.300923658069223e-05 -5.300923658069223e-05 -5.309190964908339e-05	1.000000000000000e+00	12	0	115
116	 1.270880831747275e+03 -6.413032598087659e+02 -1.434829937415499e+02	-1.757785071276885e-06 -1.757785071276885e-06 -1.759190922712150e-06	1.000000000000000e+00	12	0	116
117	 1.503997476496073e+03 -4.081866150599687e+02 -6.092487047409919e+02	3.858625859720632e-05 3.858625859720632e-05 3.865982944262214e-05	1.000000000000000e+00	12	0	117
0	-5.773502691896258e-01  5.773502691896258e-01  5.773502691896258e-01	-7.071067811865476e-01  3.124842898819631e-18 -7.071067811865476e-01	 1.198001808568474e+03 -5.294203851356715e-15  1.198001808568474e+03	1	0	0.000000000000000e+00	0.000000000000000e+00	0.000000000000000e+00
1	-5.773502691896258e-01  5.773502691896258e-01  5.773502691896258e-01	 0.000000000000000e+00  7.071067811865476e-01 -7.071067811865476e-01	 0.000000000000000e+00 -9.214510296266430e+02  9.214510296266430e+02	1	0	0.000000000000000e+00	0.000000000000000e+00	0.000000000000000e+00
2	-5.773502691896258e-01  5.773502691896258e-01  5.773502691896258e-01	 7.071067811865476e-01  7.071067811865476e-01 -3.124842898819631e-18	-7.193784354102739e+02 -7.193784354102739e+02  3.179073734356852e-15	1	0	0.000000000000000e+00	0.000000000000000e+00	0.000000000000000e+00
3	-5.773502691896258e-01  5.773502691896258e-01  5.773502691896258e-01	 7.071067811865476e-01 -3.124842898819631e-18  7.071067811865476e-01	 8.030942244427697e+02 -3.549030148066116e-15  8.030942244427697e+02	1	0	0.000000000000000e+00	0.000000000000000e+00	0.000000000000000e+00
4	-5.773502691896258e-01  5.773502691896258e-01  5.773502691896258e-01	 0.000000000000000e+00  7.071067811865476e-01 -7.071067811865476e-01	 0.000000000000000e+00 -8.625613021693013e+02  8.625613021693013e+02	1	0	0.000000000000000e+00	0.000000000000000e+00	0.000000000000000e+00
5	-5.773502691896258e-01  5.773502691896258e-01  5.773502691896258e-01	-7.071067811865476e-01 -7.071067811865476e-01  3.124842898819631e-18	 9.364621366255734e+02  9.364621366255734e+02 -4.138408986458117e-15	1	0	0.000000000000000e+00	0.000000000000000e+00	0.000000000000000e+00
6	 5.773502691896258e-01 -5.773502691896258e-01 -5.773502691896258e-01	0.000000000000000e+00 0.000000000000000e+00 0.000000000000000e+00	1.570392732195782e+03 3.025315410553647e+02 8.256108849411653e+02	1	1	0.000000000000000e+00	0.000000000000000e+00	0.000000000000000e+00
7	-5.773502691896258e-01 -5.773502691896258e-01 -5.773502691896258e-01	-7.071067811865476e-01  0.000000000000000e+00  7.071067811865476e-01	-4.024131376251693e+02  0.000000000000000e+00  4.024131376251693e+02	1	0	0.000000000000000e+00	0.000000000000000e+00	0.000000000000000e+00
8	-5.773502691896258e-01 -5.773502691896258e-01 -5.773502691896258e-01	 0.000000000000000e+00 -7.071067811865476e-01  7.071067811865476e-01	 0.000000000000000e+00 -7.730720104449091e+02  7.730720104449091e+02	1	0	0.000000000000000e+00	0.000000000000000e+00	0.000000000000000e+00
9	-5.773502691896258e-01 -5.773502691896258e-01 -5.773502691896258e-01	 7.071067811865476e-01 -7.071067811865476e-01  0.000000000000000e+00	 9.560920457780206e+02 -9.560920457780206e+02  0.000000000000000e+00	1	0	0.000000000000000e+00	0.000000000000000e+00	0.000000000000000e+00
10	-5.773502691896258e-01 -5.773502691896258e-01 -5.773502691896258e-01	 7.071067811865476e-01  0.000000000000000e+00 -7.071067811865476e-01	 1.580785037041196e+03  0.000000000000000e+00 -1.580785037041196e+03	1	0	0.000000000000000e+00	0.000000000000000e+00	0.000000000000000e+00
11	-5.773502691896258e-01 -5.773502691896258e-01 -5.773502691896258e-01	 0.000000000000000e+00  7.071067811865476e-01 -7.071067811865476e-01	 0.000000000000000e+00  1.161628741609527e+03 -1.161628741609527e+03	1	0	0.000000000000000e+00	0.000000000000000e+00	0.000000000000000e+00
12	-5.773502691896258e-01 -5.773502691896258e-01 -5.773502691896258e-01	-7.071067811865476e-01  7.071067811865476e-01  0.000000000000000e+00	-1.662768775266123e+02  1.662768775266123e+02  0.000000000000000e+00	1	0	0.000000000000000e+00	0.000000000000000e+00	0.000000000000000e+00
13	5.773502691896258e-01 5.773502691896258e-01 5.773502691896258e-01	0.000000000000000e+00 0.000000000000000e+00 0.000000000000000e+00	-2.170837012152994e+02  1.154700538379251e+02  5.877425740350395e+02	1	1	0.000000000000000e+00	0.000000000000000e+00	0.000000000000000e+00
14	-5.773502691896258e-01  5.773502691896258e-01 -5.773502691896258e-01	 7.071067811865476e-01  0.000000000000000e+00 -7.071067811865476e-01	-5.328942984620248e+02  0.000000000000000e+00  5.328942984620248e+02	1	0	0.000000000000000e+00	0.000000000000000e+00	0.000000000000000e+00
15	-5.773502691896258e-01  5.773502691896258e-01 -5.773502691896258e-01	-3.124842898819631e-18  7.071067811865476e-01  7.071067811865476e-01	 8.547268868455420e-16 -1.934123401785247e+02 -1.934123401785247e+02	1	0	0.000000000000000e+00	0.000000000000000e+00	0.000000000000000e+00
16	-5.773502691896258e-01  5.773502691896258e-01 -5.773502691896258e-01	 7.071067811865476e-01  7.071067811865476e-01 -3.124842898819631e-18	 5.519468573452824e+02  5.519468573452824e+02 -2.439160906938323e-15	1	0	0.000000000000000e+00	0.000000000000000e+00	0.000000000000000e+00
17	-5.773502691896258e-01  5.773502691896258e-01 -5.773502691896258e-01	-7.071067811865476e-01  0.000000000000000e+00  7.071067811865476e-01	 1.412198758437825e+03  0.000000000000000e+00 -1.412198758437825e+03	1	0	0.000000000000000e+00	0.000000000000000e+00	0.000000000000000e+00
18	-5.773502691896258e-01  5.773502691896258e-01 -5.773502691896258e-01	-3.124842898819631e-18  7.071067811865476e-01  7.071067811865476e-01	 9.389238637586849e-16 -2.124648990617823e+02 -2.124648990617823e+02	1	0	0.000000000000000e+00	0.000000000000000e+00	0.000000000000000e+00
19	-5.773502691896258e-01  5.773502691896258e-01 -5.773502691896258e-01	-7.071067811865476e-01 -7.071067811865476e-01  3.124842898819631e-18	-7.851963660978913e+01 -7.851963660978913e+01  3.469936018238618e-16	1	0	0.000000000000000e+00	0.000000000000000e+00	0.000000000000000e+00
20	 5.773502691896258e-01 -5.773502691896258e-01  5.773502691896258e-01	0.000000000000000e+00 0.000000000000000e+00 0.000000000000000e+00	-7.597929542535472e+02  6.027536810339691e+02  3.059956426705008e+02	1	1	0.000000000000000e+00	0.000000000000000e+00	0.000000000000000e+00
0	0	1	0
6	0	1	0
5	5	0	0
6	5	0	0
0	6	0	0
5	0	6	0
1	1	2	0
6	1	2	0
0	1	7	0
1	7	1	0
2	2	3	0
6	2	3	0
1	2	8	0
2	8	2	0
3	3	4	0
6	3	4	0
2	3	9	0
3	9	3	0
4	4	5	0
6	4	5	0
3	4	10	0
4	10	4	0
4	5	11	0
5	11	5	0
5	6	66	0
0	67	6	0
0	7	42	0
1	68	7	0
2	69	8	0
1	8	70	0
2	9	71	0
3	72	9	0
3	10	38	0
4	73	10	0
5	74	11	0
4	11	75	0
7	12	13	0
13	12	13	0
12	17	12	0
13	17	12	0
7	18	12	0
12	12	18	0
8	13	14	0
13	13	14	0
7	13	19	0
8	19	13	0
9	14	15	0
13	14	15	0
8	14	20	0
9	20	14	0
10	15	16	0
13	15	16	0
9	15	21	0
10	21	15	0
11	16	17	0
13	16	17	0
10	16	22	0
11	22	16	0
11	17	23	0
12	23	17	0
7	76	18	0
12	18	110	0
7	19	78	0
8	79	19	0
8	20	80	0
9	111	20	0
10	83	21	0
9	21	112	0
10	22	84	0
11	85	22	0
11	23	87	0
12	113	23	0
14	24	25	0
20	24	25	0
19	29	24	0
20	29	24	0
14	30	24	0
19	24	30	0
15	25	26	0
20	25	26	0
14	25	31	0
15	31	25	0
16	26	27	0
20	26	27	0
15	26	32	0
16	32	26	0
17	27	28	0
20	27	28	0
16	27	33	0
17	33	27	0
18	28	29	0
20	28	29	0
17	28	34	0
18	34	28	0
18	29	35	0
19	35	29	0
14	88	30	0
19	30	89	0
14	31	90	0
15	91	31	0
16	40	32	0
15	32	92	0
17	93	33	0
16	33	94	0
17	34	95	0
18	96	34	0
19	36	35	0
18	35	97	0
19	98	36	0
15	36	99	0
15	100	36	0
1	38	101	0
1	102	38	0
3	38	103	0
16	104	40	0
18	40	105	0
18	106	40	0
0	42	107	0
4	42	108	0
4	109	42	0
5	66	44	0
5	44	74	0
0	45	67	0
0	107	45	0
1	46	68	0
1	101	46	0
2	47	69	0
2	71	47	0
1	70	48	0
1	48	102	0
3	49	72	0
3	103	49	0
4	50	73	0
4	108	50	0
4	75	51	0
4	51	109	0
7	52	76	0
7	78	52	0
12	114	53	0
12	53	115	0
8	54	79	0
8	80	54	0
9	55	116	0
9	117	55	0
10	56	83	0
10	84	56	0
11	57	85	0
11	87	57	0
14	58	88	0
14	90	58	0
19	89	59	0
19	59	98	0
15	60	91	0
15	99	60	0
15	92	61	0
15	61	100	0
17	62	93	0
17	95	62	0
16	94	63	0
16	63	104	0
18	64	96	0
18	105	64	0
18	97	65	0
18	65	106	0
12	110	77	0
12	77	114	0
9	81	111	0
9	116	81	0
9	112	82	0
9	82	117	0
12	86	113	0
12	115	86	0
