114
21
172
0	1.570392732195782e+03 3.025315410553647e+02 8.256108849411653e+02	0.000000000000000e+00 0.000000000000000e+00 0.000000000000000e+00	1.000000000000000e+00	0	0	0
1	 1.130451827073287e+03 -5.773502691896260e+02  1.265551790063660e+03	0.000000000000000e+00 0.000000000000000e+00 0.000000000000000e+00	1.000000000000000e+00	0	0	1
2	-1.974537920628516e+02 -1.241303078757696e+03  6.015989804955904e+02	0.000000000000000e+00 0.000000000000000e+00 0.000000000000000e+00	1.000000000000000e+00	0	0	2
3	 2.032272947547480e+02 -1.641984165575296e+03  1.402961154130791e+03	0.000000000000000e+00 0.000000000000000e+00 0.000000000000000e+00	1.000000000000000e+00	0	0	3
4	 6.431681998772439e+02 -7.621023553303065e+02  9.630202490082960e+02	0.000000000000000e+00 0.000000000000000e+00 0.000000000000000e+00	1.000000000000000e+00	0	0	4
5	 1.971073819013383e+03 -9.814954576223676e+01  1.626973058576365e+03	0.000000000000000e+00 0.000000000000000e+00 0.000000000000000e+00	1.000000000000000e+00	0	0	5
6	1.569759922843658e+03 3.031643504074884e+02 8.262436942932891e+02	-1.199707839987241e-04  1.250258210347965e-04  1.174295321106911e-04	1.000000000000000e+00	0	0	6
7	 1.128050771683650e+03 -5.749492137999889e+02  1.267952845453297e+03	-9.200375449533263e-04  9.200375449533263e-04  9.200375449533263e-04	1.000000000000000e+00	0	0	7
8	-1.968374256692884e+02 -1.241919445151259e+03  6.009826141020271e+02	 1.091673984774388e-04 -1.100564622902311e-04 -1.100543886423111e-04	1.000000000000000e+00	0	0	8
9	 2.032304031027981e+02 -1.641987273923346e+03  1.402958045782741e+03	 5.325508936948609e-06 -5.687890734407119e-06 -4.940286999044474e-06	1.000000000000000e+00	0	0	9
10	 6.450080697535988e+02 -7.639422252066614e+02  9.611803791319411e+02	 8.372272908066709e-04 -8.372272908066710e-04 -8.372272908066709e-04	1.000000000000000e+00	0	0	10
11	 1.971231483848926e+03 -9.830721059777910e+01  1.626815393740823e+03	 3.494435441098176e-05 -3.459146682871506e-05 -3.447769631748088e-05	1.000000000000000e+00	0	0	11
12	-2.170837012152994e+02  1.154700538379251e+02  5.877425740350395e+02	0.000000000000000e+00 0.000000000000000e+00 0.000000000000000e+00	1.000000000000000e+00	12	0	12
13	 1.408734656822689e+02 -6.004442799572098e+02  9.456997409326077e+02	0.000000000000000e+00 0.000000000000000e+00 0.000000000000000e+00	1.000000000000000e+00	12	0	13
14	 9.214510296266424e+02 -9.907330619293978e+02  5.554109589604201e+02	0.000000000000000e+00 0.000000000000000e+00 0.000000000000000e+00	1.000000000000000e+00	12	0	14
15	 1.853294364098699e+03 -5.888972745734176e+01 -1.308275709983692e+03	0.000000000000000e+00 0.000000000000000e+00 0.000000000000000e+00	1.000000000000000e+00	12	0	15
16	 1.495337197201131e+03  6.570246063377946e+02 -1.666232876881260e+03	0.000000000000000e+00 0.000000000000000e+00 0.000000000000000e+00	1.000000000000000e+00	12	0	16
17	 7.147596332567570e+02  1.047313388309982e+03 -1.275944094909073e+03	0.000000000000000e+00 0.000000000000000e+00 0.000000000000000e+00	1.000000000000000e+00	12	0	17
18	-2.184466721199031e+02  1.141070829333214e+02  5.863796031304358e+02	-2.375668700551614e-04 -2.375668700551614e-04 -2.375668700551614e-04	1.000000000000000e+00	12	0	18
19	 1.428353723171446e+02 -5.984823733223342e+02  9.476616475674834e+02	3.373147531722983e-04 3.373147531722983e-04 3.373147531722983e-04	1.000000000000000e+00	12	0	19
20	 9.219074121848474e+02 -9.902766793711927e+02  5.558673415186252e+02	9.963535558199510e-05 9.467115887673572e-05 9.560407488606870e-05	1.000000000000000e+00	12	0	20
21	 1.853973202303974e+03 -5.821088925206750e+01 -1.307596871778418e+03	1.207491441164166e-04 1.205390071845613e-04 1.207523819175549e-04	1.000000000000000e+00	12	0	21
22	 1.497191171087954e+03  6.588785802246167e+02 -1.664378902994438e+03	3.385764624302586e-04 3.385764624302586e-04 3.385764624302586e-04	1.000000000000000e+00	12	0	22
23	 7.223158480383386e+02  1.054869603091563e+03 -1.268387880127491e+03	1.316760783083737e-03 1.316760783083737e-03 1.316760783083737e-03	1.000000000000000e+00	12	0	23
24	-7.597929542535472e+02  6.027536810339691e+02  3.059956426705008e+02	0.000000000000000e+00 0.000000000000000e+00 0.000000000000000e+00	1.000000000000000e+00	24	0	24
25	-1.191650955607388e+03 -2.609623216737101e+02 -1.258623586833382e+02	0.000000000000000e+00 0.000000000000000e+00 0.000000000000000e+00	1.000000000000000e+00	24	0	25
26	 5.126870390403868e+02  5.912066756501777e+02 -9.780313560072266e+02	0.000000000000000e+00 0.000000000000000e+00 0.000000000000000e+00	1.000000000000000e+00	24	0	26
27	 9.572467463163994e+02  1.466469683741651e+02 -1.867150770559250e+03	0.000000000000000e+00 0.000000000000000e+00 0.000000000000000e+00	1.000000000000000e+00	24	0	27
28	 1.389104747670240e+03  1.010362971081845e+03 -1.435292769205410e+03	0.000000000000000e+00 0.000000000000000e+00 0.000000000000000e+00	1.000000000000000e+00	24	0	28
29	-3.152332469775362e+02  1.581939737579582e+02 -5.831237718815206e+02	0.000000000000000e+00 0.000000000000000e+00 0.000000000000000e+00	1.000000000000000e+00	24	0	29
30	-7.602060713637532e+02  6.031667981441750e+02  3.055825255602949e+02	-7.440358604071662e-05  7.456978346453980e-05 -7.221869600471109e-05	1.000000000000000e+00	24	0	30
31	-1.192466270206916e+03 -2.601470070741819e+02 -1.266776732828664e+02	-1.492808223702013e-04  1.475702010793611e-04 -1.491572329541668e-04	1.000000000000000e+00	24	0	31
32	 5.016967581571419e+02  6.021969565334226e+02 -9.890216368904715e+02	-1.745828582594792e-04  1.745828582594792e-04 -1.745828582594792e-04	1.000000000000000e+00	24	0	32
33	 9.540286037122167e+02  1.498651109783477e+02 -1.870368913163433e+03	-5.908265981512765e-04  5.908265981512765e-04 -5.908265981512765e-04	1.000000000000000e+00	24	0	33
34	 1.382980421579143e+03  1.016487297172942e+03 -1.441417095296506e+03	-1.126760422873000e-03  1.126760422873000e-03 -1.126760422873000e-03	1.000000000000000e+00	24	0	34
35	-3.049516035286204e+02  1.479123303090423e+02 -5.728421284326048e+02	 1.974238548427820e-04 -1.974238548427820e-04  1.974238548427820e-04	1.000000000000000e+00	24	0	35
36	-3.300984423705634e+02  1.730591691509854e+02 -5.598838495080331e+02	 4.890463605988771e-05 -6.002893132972531e-05  2.627016510814428e-04	1.000000000000000e+00	24	0	36
38	 6.025878576182703e+02 -8.393014679860170e+02  1.003600591267269e+03	-3.263936184036235e-04  3.263936184036235e-04  3.263936184036235e-04	1.000000000000000e+00	0	0	38
40	 5.279627816184509e+02  5.759309330721138e+02 -1.000860731195678e+03	-7.794733392074704e-05  8.595324470661581e-05 -1.991600001929328e-04	1.000000000000000e+00	24	0	40
42	 1.170230829777792e+03 -4.993498169794472e+02  1.225772787359155e+03	 2.181289164582267e-04 -1.605272700544447e-04 -1.852529530879110e-04	1.000000000000000e+00	0	0	42
44	1.770840276693039e+03 1.020839965581076e+02 1.226185197115724e+03	 2.134872920578346e-05 -2.134872920578346e-05 -2.126004619640298e-05	1.000000000000000e+00	0	0	44
45	 1.368459383535703e+03 -9.655999121354040e+01  1.027544233601245e+03	-3.027060884051025e-04  3.015008987858891e-04  3.027060884051025e-04	1.000000000000000e+00	0	0	45
46	 8.627613773130955e+02 -7.045756560715586e+02  1.138326403181728e+03	-1.641188631765544e-03  1.635947381146252e-03  1.635947381146252e-03	1.000000000000000e+00	0	0	46
47	 3.431737319140654e+00 -1.442188608139689e+03  1.001735290875259e+03	 9.842604049481452e-05 -9.842604049481452e-05 -9.836130629992113e-05	1.000000000000000e+00	0	0	47
48	 2.042920965497224e+02 -1.042024762033533e+03  8.008772972197528e+02	 1.790616952348500e-04 -1.781842584023252e-04 -1.781842584023252e-04	1.000000000000000e+00	0	0	48
49	 4.028544770788251e+02 -1.240593192973599e+03  1.203333971806714e+03	-1.275141985388473e-04  1.262828591279685e-04  1.275141985388473e-04	1.000000000000000e+00	0	0	49
50	 9.114239040570019e+02 -6.354091068692919e+02  1.089713497469311e+03	 1.746242516674101e-03 -1.721940352581441e-03 -1.721940352581441e-03	1.000000000000000e+00	0	0	50
51	 1.571021272169975e+03 -2.991177091064592e+02  1.426004895232143e+03	 1.296892151003703e-04 -1.292978995479643e-04 -1.292978995479643e-04	1.000000000000000e+00	0	0	51
52	-3.751322405767611e+01 -2.418946873588088e+02  7.673130511926626e+02	1.144583002314903e-04 1.147012953879312e-04 1.144583002314903e-04	1.000000000000000e+00	12	0	52
53	 2.489680244661818e+02  5.815217795194063e+02 -3.439705722283005e+02	1.144641464634333e-05 1.144641464634333e-05 1.149733816419030e-05	1.000000000000000e+00	12	0	53
54	 5.311503261384825e+02 -7.955851287573131e+02  7.505588921325051e+02	2.167166530853137e-05 2.709304135350976e-05 2.709304135350976e-05	1.000000000000000e+00	12	0	54
55	 1.387433274722740e+03 -5.247508168333015e+02 -3.763717433948196e+02	1.264090587937972e-05 1.264090587937972e-05 1.266181607206818e-05	1.000000000000000e+00	12	0	55
56	 1.675865309347708e+03  3.006139927456312e+02 -1.485704764734683e+03	2.624418411869556e-04 2.614072291180491e-04 2.624418411869556e-04	1.000000000000000e+00	12	0	56
57	 1.099201768042706e+03  8.460281290121081e+02 -1.477229354206947e+03	-7.990504382178187e-04 -8.980346610769629e-04 -8.980346610769629e-04	1.000000000000000e+00	12	0	57
58	-9.768880026256263e+02  1.720660710844688e+02  8.890059429842336e+01	-1.954438048414886e-04  1.969357836060226e-04 -1.954438048414886e-04	1.000000000000000e+00	24	0	58
59	-5.442688124509104e+02  3.872295392313322e+02 -1.262684807797610e+02	-6.160567863844335e-05  6.160567863844335e-05 -6.190098793013021e-05	1.000000000000000e+00	24	0	59
60	-7.607909518851429e+02 -4.404102949652895e+01 -3.427836508605205e+02	-1.957824279088527e-04  1.934980828082189e-04 -1.934980828082189e-04	1.000000000000000e+00	24	0	60
61	 8.430280929273673e+01  3.890513589359882e+02 -7.758760392930376e+02	 3.844904495053925e-05 -3.841217403532937e-05  3.841217403532937e-05	1.000000000000000e+00	24	0	61
62	 1.171759120105629e+03  5.798885539009284e+02 -1.652638396770021e+03	-3.694744955282658e-04  3.541496116667986e-04 -3.694744955282658e-04	1.000000000000000e+00	24	0	62
63	 7.356699242925667e+02  3.682237903979981e+02 -1.440935273024112e+03	-1.034421147778630e-03  1.034421147778630e-03 -1.032877247780561e-03	1.000000000000000e+00	24	0	63
64	 9.607037898777476e+02  7.911024145023803e+02 -1.216032212625945e+03	 5.708038806915283e-04 -5.283202044665813e-04  5.283202044665813e-04	1.000000000000000e+00	24	0	64
65	 1.134660930761900e+02  3.598990359249046e+02 -7.848288340484694e+02	 4.483816155698150e-05 -4.448901381692849e-05  4.448901381692849e-05	1.000000000000000e+00	24	0	65
66	1.670971101564811e+03 2.019531716863355e+02 1.025541200046310e+03	 7.930615538498387e-05 -7.930615538498387e-05 -8.018974767765030e-05	1.000000000000000e+00	0	0	66
67	1.468402338632304e+03 1.040184034560222e+02 9.276012785046430e+02	-3.458506544120610e-04  3.486868517939001e-04  3.458506544120610e-04	1.000000000000000e+00	0	0	67
68	 9.950150482607655e+02 -6.393244858708090e+02  1.203577573382477e+03	-1.435554237104952e-03  1.467750873416662e-03  1.467750873416662e-03	1.000000000000000e+00	0	0	68
69	-9.677888590214205e+01 -1.341977984918406e+03  8.014349777717453e+02	 8.812833402771503e-05 -8.812833402771503e-05 -8.810251165414229e-05	1.000000000000000e+00	0	0	69
70	 4.049080465491357e+00 -1.142296841147383e+03  7.006052181059026e+02	 2.005369315156713e-04 -2.011117467191070e-04 -2.011117467191070e-04	1.000000000000000e+00	0	0	70
71	 1.034628275444757e+02 -1.542219698365024e+03  1.202215634367703e+03	 7.913487934274599e-05 -7.913487934274599e-05 -7.881996134528890e-05	1.000000000000000e+00	0	0	71
72	 3.029874117693601e+02 -1.441234530320311e+03  1.303201037116179e+03	-7.222015847219154e-05  7.183804700616747e-05  7.222015847219154e-05	1.000000000000000e+00	0	0	72
73	 7.798639350918957e+02 -7.014352679356366e+02  1.023687336402966e+03	 1.642031827941537e-03 -1.698488602414727e-03 -1.698488602414727e-03	1.000000000000000e+00	0	0	73
74	1.870844781790785e+03 2.079491460361882e+00 1.426691364168572e+03	-1.150891694123857e-05  1.150891694123857e-05  1.154709570982959e-05	1.000000000000000e+00	0	0	74
75	 1.771229283414182e+03 -1.988149526162815e+02  1.526307651722321e+03	 1.039173293975182e-04 -1.035549576045014e-04 -1.035549576045014e-04	1.000000000000000e+00	0	0	75
76	-1.270647223255762e+02 -6.297417951246495e+01  6.777615529247624e+02	8.671687101013958e-05 8.833334140945226e-05 8.671687101013958e-05	1.000000000000000e+00	12	0	76
77	1.450694961970391e+01 3.470607046729285e+02 1.204367462049345e+02	-2.481498813722283e-04 -2.481498813722283e-04 -2.531147911213338e-04	1.000000000000000e+00	12	0	77
78	 5.216101117362438e+01 -4.206837818780093e+02  8.569872864239630e+02	1.535707997391000e-04 1.554257760290056e-04 1.535707997391000e-04	1.000000000000000e+00	12	0	78
79	 3.364861584543671e+02 -6.975594793682740e+02  8.485845415215442e+02	1.114514525397681e-04 1.073645544238389e-04 1.073645544238389e-04	1.000000000000000e+00	12	0	79
80	 7.284931502530515e+02 -8.909705927803853e+02  6.551734281094328e+02	3.664556716103107e-04 3.675702610053122e-04 3.675702610053122e-04	1.000000000000000e+00	12	0	80
81	 1.154314230567903e+03 -7.578698609881380e+02  8.939152913053775e+01	-1.601772783033084e-05 -1.601772783033084e-05 -1.605927172931843e-05	1.000000000000000e+00	12	0	81
82	 1.620783255544028e+03 -2.914008360120129e+02 -8.419036337387103e+02	8.141816215356812e-05 8.141816215356812e-05 8.166145562427118e-05	1.000000000000000e+00	12	0	82
83	 1.764756476699209e+03  1.210364468617102e+02 -1.396813597383182e+03	1.652137580094859e-04 1.639194088056684e-04 1.652137580094859e-04	1.000000000000000e+00	12	0	83
84	 1.586341536529347e+03  4.795600054655158e+02 -1.575228537553045e+03	2.675555588211864e-04 2.670799149200320e-04 2.675555588211864e-04	1.000000000000000e+00	12	0	84
85	 1.303266793930346e+03  7.575697815427179e+02 -1.565687701676337e+03	4.518175264820457e-04 4.107992863282561e-04 4.107992863282561e-04	1.000000000000000e+00	12	0	85
86	 4.821963827280208e+02  8.147501377812454e+02 -8.096144591617292e+02	8.395905751967803e-05 8.395905751967803e-05 8.798505587037653e-05	1.000000000000000e+00	12	0	86
87	 9.182221464979259e+02  9.577390132942114e+02 -1.365518469924843e+03	1.440359745174646e-03 1.332509564235806e-03 1.332509564235806e-03	1.000000000000000e+00	12	0	87
88	-8.680367385873335e+02  3.871061649623937e+02  1.977518583367162e+02	-4.031723801745102e-05  4.109422661713324e-05 -4.031723801745102e-05	1.000000000000000e+00	24	0	88
89	-6.532029209202451e+02  4.961636477006668e+02  8.869257597825336e+01	-2.396955824224278e-04  2.396955824224278e-04 -2.395304618403316e-04	1.000000000000000e+00	24	0	89
90	-1.085168308076150e+03 -4.355357916849840e+01 -1.937971115210050e+01	-2.566697949077934e-04  2.559617569204420e-04 -2.566697949077934e-04	1.000000000000000e+00	24	0	90
91	-9.761491491766363e+02 -1.525714804700521e+02 -2.342531998869974e+02	-8.769646228756756e-05  8.734552102396265e-05 -8.734552102396265e-05	1.000000000000000e+00	24	0	91
92	 2.930095773254328e+02  4.956209331059634e+02 -8.824456134630128e+02	-6.916526035638526e-05  6.769203173462301e-05 -6.769203173462301e-05	1.000000000000000e+00	24	0	92
93	 1.063204003964426e+03  3.645975668898389e+02 -1.761193512911224e+03	-3.621125651989132e-04  3.667129494715482e-04 -3.621125651989132e-04	1.000000000000000e+00	24	0	93
94	 8.439935662901415e+02  2.599001484004233e+02 -1.656553109641962e+03	-9.652546723373234e-04  9.652546723373234e-04 -9.809525217860937e-04	1.000000000000000e+00	24	0	94
95	 1.273692743299197e+03  8.016788810602263e+02 -1.550704773576453e+03	-1.197706093080342e-03  1.147780683822930e-03 -1.197706093080342e-03	1.000000000000000e+00	24	0	95
96	 1.170068837411517e+03  9.054928940046589e+02 -1.330422692128223e+03	-5.687187076546252e-04  5.623257602564991e-04 -5.623257602564991e-04	1.000000000000000e+00	24	0	96
97	-9.625043286127325e+01  2.543758348254544e+02 -6.793056329490191e+02	 8.144941239152104e-05 -7.842900231480598e-05  7.842900231480598e-05	1.000000000000000e+00	24	0	97
98	-4.338857178682909e+02  2.768464446487126e+02 -3.398318100984189e+02	 3.659197245724499e-04 -3.659197245724499e-04  3.510157985147089e-04	1.000000000000000e+00	24	0	98
99	-5.458996846988341e+02  6.494710886703830e+01 -4.517717892240877e+02	-3.983467177022249e-04  3.959008317906410e-04 -3.959008317906410e-04	1.000000000000000e+00	24	0	99
100	-1.261660271134152e+02  2.840430875365988e+02 -6.708677678936482e+02	 8.791214349912480e-05 -1.004811128950678e-04  1.004811128950678e-04	1.000000000000000e+00	24	0	100
101	 7.319586344143562e+02 -7.712740058989957e+02  1.071628053354290e+03	-1.406471594236791e-03  1.360645634122193e-03  1.360645634122193e-03	1.000000000000000e+00	0	0	101
102	 4.038595628825249e+02 -9.410805736487312e+02  9.018214856045549e+02	 4.058091144543141e-05 -3.942023613490164e-05 -3.942023613490164e-05	1.000000000000000e+00	0	0	102
103	 5.021484772030055e+02 -1.039372998835329e+03  1.104039971682534e+03	-2.787661505863070e-04  2.784013631753623e-04  2.787661505863070e-04	1.000000000000000e+00	0	0	103
104	 6.282241872633289e+02  4.756695274272359e+02 -1.224307331502138e+03	-9.814439108595252e-04  9.814439108595252e-04 -9.233973687514663e-04	1.000000000000000e+00	24	0	104
105	 7.433422988554569e+02  6.844747380373362e+02 -1.109404536160901e+03	 4.390002286527306e-04 -4.370662209112197e-04  4.370662209112197e-04	1.000000000000000e+00	24	0	105
106	 3.243031765754028e+02  4.646307937395457e+02 -8.895605918631104e+02	-6.265661068027839e-05  7.769084913888946e-05 -7.769084913888946e-05	1.000000000000000e+00	24	0	106
107	 1.268592362843383e+03 -2.972099700921309e+02  1.127411254293565e+03	-2.542792062740773e-04  2.502773422747850e-04  2.542792062740773e-04	1.000000000000000e+00	0	0	107
108	 1.041986939668954e+03 -5.684649348985729e+02  1.156657669440030e+03	 1.449231524020433e-03 -1.380917150527239e-03 -1.380917150527239e-03	1.000000000000000e+00	0	0	108
109	 1.370939346036796e+03 -3.995487178103037e+02  1.325573886528299e+03	 1.930233411258087e-04 -1.933943713083863e-04 -1.933943713083863e-04	1.000000000000000e+00	0	0	109
110	-1.035398009844394e+02  2.290139540687852e+02  3.518475618323694e+02	-5.152408266440034e-04 -5.152408266440034e-04 -5.143266171216965e-04	1.000000000000000e+00	12	0	110
111	 1.037580130537450e+03 -8.746039610185912e+02  3.220999768218930e+02	-5.297127790981904e-05 -5.297127790981904e-05 -5.257109296508133e-05	1.000000000000000e+00	12	0	111
112	 1.737489254008015e+03 -1.746948375480265e+02 -1.074639100907043e+03	1.202307830681093e-04 1.202307830681093e-04 1.203950232593343e-04	1.000000000000000e+00	12	0	112
113	 6.023293881729034e+02  9.348831432261278e+02 -1.038839375470060e+03	7.112349267117679e-04 7.112349267117679e-04 7.440418703481555e-04	1.000000000000000e+00	12	0	113
114	 1.324679706641812e+02  4.650217257174057e+02 -1.110300869622757e+02	7.563715826108819e-06 7.563715826108819e-06 7.285586889338447e-06	1.000000000000000e+00	12	0	114
115	 3.651097273877518e+02  6.976634824409764e+02 -5.772705453899205e+02	-4.896882091998123e-05 -4.896882091998123e-05 -4.909460767521523e-05	1.000000000000000e+00	12	0	115
116	 1.270878392049607e+03 -6.413056995064344e+02 -1.434854358186649e+02	-1.181645075121196e-06 -1.181645075121196e-06 -1.183044787467225e-06	1.000000000000000e+00	12	0	116
117	 1.504061663808691e+03 -4.081224277473500e+02 -6.091843697404944e+02	3.921282768715173e-05 3.921282768715173e-05 3.931837272830307e-05	1.000000000000000e+00	12	0	117
0	-5.773502691896258e-01  5.773502691896258e-01  5.773502691896258e-01	-7.071067811865476e-01  3.124842898819631e-18 -7.071067811865476e-01	 1.198001808568474e+03 -5.294203851356715e-15  1.198001808568474e+03	1	0	0.000000000000000e+00	0.000000000000000e+00	0.000000000000000e+00
1	-5.773502691896258e-01  5.773502691896258e-01  5.773502691896258e-01	 0.000000000000000e+00  7.071067811865476e-01 -7.071067811865476e-01	 0.000000000000000e+00 -9.214510296266430e+02  9.214510296266430e+02	1	0	0.000000000000000e+00	0.000000000000000e+00	0.000000000000000e+00
2	-5.773502691896258e-01  5.773502691896258e-01  5.773502691896258e-01	 7.071067811865476e-01  7.071067811865476e-01 -3.124842898819631e-18	-7.193784354102739e+02 -7.193784354102739e+02  3.179073734356852e-15	1	0	0.000000000000000e+00	0.000000000000000e+00	0.000000000000000e+00
3	-5.773502691896258e-01  5.773502691896258e-01  5.773502691896258e-01	 7.071067811865476e-01 -3.124842898819631e-18  7.071067811865476e-01	 8.030942244427697e+02 -3.549030148066116e-15  8.030942244427697e+02	1	0	0.000000000000000e+00	0.000000000000000e+00	0.000000000000000e+00
4	-5.773502691896258e-01  5.773502691896258e-01  5.773502691896258e-01	 0.000000000000000e+00  7.071067811865476e-01 -7.071067811865476e-01	 0.000000000000000e+00 -8.625613021693013e+02  8.625613021693013e+02	1	0	0.000000000000000e+00	0.000000000000000e+00	0.000000000000000e+00
5	-5.773502691896258e-01  5.773502691896258e-01  5.773502691896258e-01	-7.071067811865476e-01 -7.071067811865476e-01  3.124842898819631e-18	 9.364621366255734e+02  9.364621366255734e+02 -4.138408986458117e-15	1	0	0.000000000000000e+00	0.000000000000000e+00	0.000000000000000e+00
6	 5.773502691896258e-01 -5.773502691896258e-01 -5.773502691896258e-01	0.000000000000000e+00 0.000000000000000e+00 0.000000000000000e+00	1.570392732195782e+03 3.025315410553647e+02 8.256108849411653e+02	1	1	0.000000000000000e+00	0.000000000000000e+00	0.000000000000000e+00
7	-5.773502691896258e-01 -5.773502691896258e-01 -5.773502691896258e-01	-7.071067811865476e-01  0.000000000000000e+00  7.071067811865476e-01	-4.024131376251693e+02  0.000000000000000e+00  4.024131376251693e+02	1	0	0.000000000000000e+00	0.000000000000000e+00	0.000000000000000e+00
8	-5.773502691896258e-01 -5.773502691896258e-01 -5.773502691896258e-01	 0.000000000000000e+00 -7.071067811865476e-01  7.071067811865476e-01	 0.000000000000000e+00 -7.730720104449091e+02  7.730720104449091e+02	1	0	0.000000000000000e+00	0.000000000000000e+00	0.000000000000000e+00
9	-5.773502691896258e-01 -5.773502691896258e-01 -5.773502691896258e-01	 7.071067811865476e-01 -7.071067811865476e-01  0.000000000000000e+00	 9.560920457780206e+02 -9.560920457780206e+02  0.000000000000000e+00	1	0	0.000000000000000e+00	0.000000000000000e+00	0.000000000000000e+00
10	-5.773502691896258e-01 -5.773502691896258e-01 -5.773502691896258e-01	 7.071067811865476e-01  0.000000000000000e+00 -7.071067811865476e-01	 1.580785037041196e+03  0.000000000000000e+00 -1.580785037041196e+03	1	0	0.000000000000000e+00	0.000000000000000e+00	0.000000000000000e+00
11	-5.773502691896258e-01 -5.773502691896258e-01 -5.773502691896258e-01	 0.000000000000000e+00  7.071067811865476e-01 -7.071067811865476e-01	 0.000000000000000e+00  1.161628741609527e+03 -1.161628741609527e+03	1	0	0.000000000000000e+00	0.000000000000000e+00	0.000000000000000e+00
12	-5.773502691896258e-01 -5.773502691896258e-01 -5.773502691896258e-01	-7.071067811865476e-01  7.071067811865476e-01  0.000000000000000e+00	-1.662768775266123e+02  1.662768775266123e+02  0.000000000000000e+00	1	0	0.000000000000000e+00	0.000000000000000e+00	0.000000000000000e+00
13	5.773502691896258e-01 5.773502691896258e-01 5.773502691896258e-01	0.000000000000000e+00 0.000000000000000e+00 0.000000000000000e+00	-2.170837012152994e+02  1.154700538379251e+02  5.877425740350395e+02	1	1	0.000000000000000e+00	0.000000000000000e+00	0.000000000000000e+00
14	-5.773502691896258e-01  5.773502691896258e-01 -5.773502691896258e-01	 7.071067811865476e-01  0.000000000000000e+00 -7.071067811865476e-01	-5.328942984620248e+02  0.000000000000000e+00  5.328942984620248e+02	1	0	0.000000000000000e+00	0.000000000000000e+00	0.000000000000000e+00
15	-5.773502691896258e-01  5.773502691896258e-01 -5.773502691896258e-01	-3.124842898819631e-18  7.071067811865476e-01  7.071067811865476e-01	 8.547268868455420e-16 -1.934123401785247e+02 -1.934123401785247e+02	1	0	0.000000000000000e+00	0.000000000000000e+00	0.000000000000000e+00
16	-5.773502691896258e-01  5.773502691896258e-01 -5.773502691896258e-01	 7.071067811865476e-01  7.071067811865476e-01 -3.124842898819631e-18	 5.519468573452824e+02  5.519468573452824e+02 -2.439160906938323e-15	1	0	0.000000000000000e+00	0.000000000000000e+00	0.000000000000000e+00
17	-5.773502691896258e-01  5.773502691896258e-01 -5.773502691896258e-01	-7.071067811865476e-01  0.000000000000000e+00  7.071067811865476e-01	 1.412198758437825e+03  0.000000000000000e+00 -1.412198758437825e+03	1	0	0.000000000000000e+00	0.000000000000000e+00	0.000000000000000e+00
18	-5.773502691896258e-01  5.773502691896258e-01 -5.773502691896258e-01	-3.124842898819631e-18  7.071067811865476e-01  7.071067811865476e-01	 9.389238637586849e-16 -2.124648990617823e+02 -2.124648990617823e+02	1	0	0.000000000000000e+00	0.000000000000000e+00	0.000000000000000e+00
19	-5.773502691896258e-01  5.773502691896258e-01 -5.773502691896258e-01	-7.071067811865476e-01 -7.071067811865476e-01  3.124842898819631e-18	-7.851963660978913e+01 -7.851963660978913e+01  3.469936018238618e-16	1	0	0.000000000000000e+00	0.000000000000000e+00	0.000000000000000e+00
20	 5.773502691896258e-01 -5.773502691896258e-01  5.773502691896258e-01	0.000000000000000e+00 0.000000000000000e+00 0.000000000000000e+00	-7.597929542535472e+02  6.027536810339691e+02  3.059956426705008e+02	1	1	0.000000000000000e+00	0.000000000000000e+00	0.000000000000000e+00
0	0	1	0
6	0	1	0
5	5	0	0
6	5	0	0
0	6	0	0
5	0	6	0
1	1	2	0
6	1	2	0
0	1	7	0
1	7	1	0
2	2	3	0
6	2	3	0
1	2	8	0
2	8	2	0
3	3	4	0
6	3	4	0
2	3	9	0
3	9	3	0
4	4	5	0
6	4	5	0
3	4	10	0
4	10	4	0
4	5	11	0
5	11	5	0
5	6	66	0
0	67	6	0
0	7	42	0
1	68	7	0
2	69	8	0
1	8	70	0
2	9	71	0
3	72	9	0
3	10	38	0
4	73	10	0
5	74	11	0
4	11	75	0
7	12	13	0
13	12	13	0
12	17	12	0
13	17	12	0
7	18	12	0
12	12	18	0
8	13	14	0
13	13	14	0
7	13	19	0
8	19	13	0
9	14	15	0
13	14	15	0
8	14	20	0
9	20	14	0
10	15	16	0
13	15	16	0
9	15	21	0
10	21	15	0
11	16	17	0
13	16	17	0
10	16	22	0
11	22	16	0
11	17	23	0
12	23	17	0
7	76	18	0
12	18	110	0
7	19	78	0
8	79	19	0
8	20	80	0
9	111	20	0
10	83	21	0
9	21	112	0
10	22	84	0
11	85	22	0
11	23	87	0
12	113	23	0
14	24	25	0
20	24	25	0
19	29	24	0
20	29	24	0
14	30	24	0
19	24	30	0
15	25	26	0
20	25	26	0
14	25	31	0
15	31	25	0
16	26	27	0
20	26	27	0
15	26	32	0
16	32	26	0
17	27	28	0
20	27	28	0
16	27	33	0
17	33	27	0
18	28	29	0
20	28	29	0
17	28	34	0
18	34	28	0
18	29	35	0
19	35	29	0
14	88	30	0
19	30	89	0
14	31	90	0
15	91	31	0
16	40	32	0
15	32	92	0
17	93	33	0
16	33	94	0
17	34	95	0
18	96	34	0
19	36	35	0
18	35	97	0
19	98	36	0
15	36	99	0
15	100	36	0
1	38	101	0
1	102	38	0
3	38	103	0
16	104	40	0
18	40	105	0
18	106	40	0
0	42	107	0
4	42	108	0
4	109	42	0
5	66	44	0
5	44	74	0
0	45	67	0
0	107	45	0
1	46	68	0
1	101	46	0
2	47	69	0
2	71	47	0
1	70	48	0
1	48	102	0
3	49	72	0
3	103	49	0
4	50	73	0
4	108	50	0
4	75	51	0
4	51	109	0
7	52	76	0
7	78	52	0
12	114	53	0
12	53	115	0
8	54	79	0
8	80	54	0
9	55	116	0
9	117	55	0
10	56	83	0
10	84	56	0
11	57	85	0
11	87	57	0
14	58	88	0
14	90	58	0
19	89	59	0
19	59	98	0
15	60	91	0
15	99	60	0
15	92	61	0
15	61	100	0
17	62	93	0
17	95	62	0
16	94	63	0
16	63	104	0
18	64	96	0
18	105	64	0
18	97	65	0
18	65	106	0
12	110	77	0
12	77	114	0
9	81	111	0
9	116	81	0
9	112	82	0
9	82	117	0
12	86	113	0
12	115	86	0
