114
21
172
0	1.570392732195782e+03 3.025315410553647e+02 8.256108849411653e+02	0.000000000000000e+00 0.000000000000000e+00 0.000000000000000e+00	1.000000000000000e+00	0	0	0
1	 1.130451827073287e+03 -5.773502691896260e+02  1.265551790063660e+03	0.000000000000000e+00 0.000000000000000e+00 0.000000000000000e+00	1.000000000000000e+00	0	0	1
2	-1.974537920628516e+02 -1.241303078757696e+03  6.015989804955904e+02	0.000000000000000e+00 0.000000000000000e+00 0.000000000000000e+00	1.000000000000000e+00	0	0	2
3	 2.032272947547480e+02 -1.641984165575296e+03  1.402961154130791e+03	0.000000000000000e+00 0.000000000000000e+00 0.000000000000000e+00	1.000000000000000e+00	0	0	3
4	 6.431681998772439e+02 -7.621023553303065e+02  9.630202490082960e+02	0.000000000000000e+00 0.000000000000000e+00 0.000000000000000e+00	1.000000000000000e+00	0	0	4
5	 1.971073819013383e+03 -9.814954576223676e+01  1.626973058576365e+03	0.000000000000000e+00 0.000000000000000e+00 0.000000000000000e+00	1.000000000000000e+00	0	0	5
6	1.569588184049816e+03 3.033360892013303e+02 8.264154330871309e+02	-1.234428200405091e-04  1.305846672039479e-04  1.196441662614234e-04	1.000000000000000e+00	0	0	6
7	 1.126499644377014e+03 -5.733980864933526e+02  1.269503972759934e+03	-1.298298011533916e-03  1.298298011533916e-03  1.298298011533916e-03	1.000000000000000e+00	0	0	7
8	-1.966842811277886e+02 -1.242072589692759e+03  6.008294695605273e+02	 1.082284434232861e-04 -1.093796163331717e-04 -1.093910977942869e-04	1.000000000000000e+00	0	0	8
9	 2.032396363823346e+02 -1.641996507202882e+03  1.402948812503204e+03	 7.906539394753054e-06 -8.429274203081150e-06 -7.340285264945123e-06	1.000000000000000e+00	0	0	9
10	 6.464471999249723e+02 -7.653813553780351e+02  9.597412489605674e+02	 1.219819765537977e-03 -1.219819765537977e-03 -1.219819765537977e-03	1.000000000000000e+00	0	0	10
11	 1.971282306254562e+03 -9.835803300341540e+01  1.626764571335187e+03	 3.835523966699839e-05 -3.782546991715208e-05 -3.764306893572211e-05	1.000000000000000e+00	0	0	11
12	-2.170837012152994e+02  1.154700538379251e+02  5.877425740350395e+02	0.000000000000000e+00 0.000000000000000e+00 0.000000000000000e+00	1.000000000000000e+00	12	0	12
13	 1.408734656822689e+02 -6.004442799572098e+02  9.456997409326077e+02	0.000000000000000e+00 0.000000000000000e+00 0.000000000000000e+00	1.000000000000000e+00	12	0	13
14	 9.214510296266424e+02 -9.907330619293978e+02  5.554109589604201e+02	0.000000000000000e+00 0.000000000000000e+00 0.000000000000000e+00	1.000000000000000e+00	12	0	14
15	 1.853294364098699e+03 -5.888972745734176e+01 -1.308275709983692e+03	0.000000000000000e+00 0.000000000000000e+00 0.000000000000000e+00	1.000000000000000e+00	12	0	15
16	 1.495337197201131e+03  6.570246063377946e+02 -1.666232876881260e+03	0.000000000000000e+00 0.000000000000000e+00 0.000000000000000e+00	1.000000000000000e+00	12	0	16
17	 7.147596332567570e+02  1.047313388309982e+03 -1.275944094909073e+03	0.000000000000000e+00 0.000000000000000e+00 0.000000000000000e+00	1.000000000000000e+00	12	0	17
18	-2.187767546285344e+02  1.137770004246901e+02  5.860495206218046e+02	-2.340233865349243e-04 -2.340233865349243e-04 -2.340233865349243e-04	1.000000000000000e+00	12	0	18
19	 1.433031378813926e+02 -5.980146077580862e+02  9.481294131317314e+02	3.310475440230221e-04 3.310475440230221e-04 3.310475440230221e-04	1.000000000000000e+00	12	0	19
20	 9.220480049103076e+02 -9.901360866457326e+02  5.560079342440853e+02	1.080020083463751e-04 1.018096518237144e-04 1.029620543704368e-04	1.000000000000000e+00	12	0	20
21	 1.854141476899788e+03 -5.804261465625321e+01 -1.307428597182604e+03	1.197873571072705e-04 1.195360746351071e-04 1.197910241899081e-04	1.000000000000000e+00	12	0	21
22	 1.497665332857250e+03  6.593527419939130e+02 -1.663904741225142e+03	3.385560218400012e-04 3.385560218400012e-04 3.385560218400012e-04	1.000000000000000e+00	12	0	22
23	 7.241446547877046e+02  1.056698409840929e+03 -1.266559073378126e+03	1.295812195166945e-03 1.295812195166945e-03 1.295812195166945e-03	1.000000000000000e+00	12	0	23
24	-7.597929542535472e+02  6.027536810339691e+02  3.059956426705008e+02	0.000000000000000e+00 0.000000000000000e+00 0.000000000000000e+00	1.000000000000000e+00	24	0	24
25	-1.191650955607388e+03 -2.609623216737101e+02 -1.258623586833382e+02	0.000000000000000e+00 0.000000000000000e+00 0.000000000000000e+00	1.000000000000000e+00	24	0	25
26	 5.126870390403868e+02  5.912066756501777e+02 -9.780313560072266e+02	0.000000000000000e+00 0.000000000000000e+00 0.000000000000000e+00	1.000000000000000e+00	24	0	26
27	 9.572467463163994e+02  1.466469683741651e+02 -1.867150770559250e+03	0.000000000000000e+00 0.000000000000000e+00 0.000000000000000e+00	1.000000000000000e+00	24	0	27
28	 1.389104747670240e+03  1.010362971081845e+03 -1.435292769205410e+03	0.000000000000000e+00 0.000000000000000e+00 0.000000000000000e+00	1.000000000000000e+00	24	0	28
29	-3.152332469775362e+02  1.581939737579582e+02 -5.831237718815206e+02	0.000000000000000e+00 0.000000000000000e+00 0.000000000000000e+00	1.000000000000000e+00	24	0	29
30	-7.603090521256531e+02  6.032697789060750e+02  3.054795447983949e+02	-7.424690556945279e-05  7.450758130289614e-05 -7.133078179322183e-05	1.000000000000000e+00	24	0	30
31	-1.192675111784093e+03 -2.599381654970050e+02 -1.268865148600433e+02	-1.504735992057249e-04  1.482545194448903e-04 -1.502791856182739e-04	1.000000000000000e+00	24	0	31
32	 5.014706580101049e+02  6.024230566804596e+02 -9.892477370375085e+02	-1.534075223995993e-04  1.534075223995993e-04 -1.534075223995995e-04	1.000000000000000e+00	24	0	32
33	 9.531973854289879e+02  1.506963292615765e+02 -1.871200131446661e+03	-5.966254587595662e-04  5.966254587595662e-04 -5.966254587595662e-04	1.000000000000000e+00	24	0	33
34	 1.381399099626720e+03  1.018068619125365e+03 -1.442998417248929e+03	-1.131690378921727e-03  1.131690378921727e-03 -1.131690378921727e-03	1.000000000000000e+00	24	0	34
35	-3.047065906149941e+02  1.476673173954161e+02 -5.725971155189785e+02	 1.597450367019822e-04 -1.597450367019822e-04  1.597450367019822e-04	1.000000000000000e+00	24	0	35
36	-3.299186134552415e+02  1.728793402356635e+02 -5.597040205927112e+02	 6.232647137949243e-05 -6.602442590519786e-05  2.635593118611723e-04	1.000000000000000e+00	24	0	36
38	 6.020782788883819e+02 -8.387918892561286e+02  1.004110169997158e+03	-4.031102677496771e-04  4.031102677496771e-04  4.031102677496771e-04	1.000000000000000e+00	0	0	38
40	 5.277859941315863e+02  5.761077205589785e+02 -1.001037518682543e+03	-9.934006811818108e-05  9.686726843938231e-05 -1.932893355842680e-04	1.000000000000000e+00	24	0	40
42	 1.170548448342022e+03 -4.996674355436771e+02  1.225455168794925e+03	 2.673988346941769e-04 -2.673988346941769e-04 -2.673988346941769e-04	1.000000000000000e+00	0	0	42
44	1.770870715663493e+03 1.020535575876534e+02 1.226154901850826e+03	 2.210195816587657e-05 -2.210195816587657e-05 -2.198504262196366e-05	1.000000000000000e+00	0	0	44
45	 1.368029588239742e+03 -9.613211736396266e+01  1.027974028897205e+03	-3.113385173492134e-04  3.097963926848024e-04  3.113385173492134e-04	1.000000000000000e+00	0	0	45
46	 8.601103732174173e+02 -7.019349247473497e+02  1.140967134505936e+03	-2.114567207172513e-03  2.104974118992686e-03  2.104974118992686e-03	1.000000000000000e+00	0	0	46
47	 3.569911468908720e+00 -1.442326782289457e+03  1.001597212372305e+03	 9.900726581690833e-05 -9.900726581690833e-05 -9.893599781207740e-05	1.000000000000000e+00	0	0	47
48	 2.045377974347257e+02 -1.042269109611564e+03  8.006329496417218e+02	 1.718174753477797e-04 -1.707645715214312e-04 -1.707645715214312e-04	1.000000000000000e+00	0	0	48
49	 4.026764104471188e+02 -1.240417053737782e+03  1.203512038438421e+03	-1.268433552468196e-04  1.253227237612009e-04  1.268433552468196e-04	1.000000000000000e+00	0	0	49
50	 9.142289186747430e+02 -6.381690025950497e+02  1.086953601743553e+03	 2.230462385341525e-03 -2.190247178077698e-03 -2.190247178077698e-03	1.000000000000000e+00	0	0	50
51	 1.571209682037002e+03 -2.993054525273610e+02  1.425817151811242e+03	 1.396444713464007e-04 -1.390754332533106e-04 -1.390754332533106e-04	1.000000000000000e+00	0	0	51
52	-3.735053701978655e+01 -2.417315870007901e+02  7.674757382305521e+02	1.178818129119463e-04 1.182321066153236e-04 1.178818129119463e-04	1.000000000000000e+00	12	0	52
53	 2.489830361744885e+02  5.815367912277130e+02 -3.439554786980823e+02	1.000365136860637e-05 1.000365136860637e-05 1.006979164230870e-05	1.000000000000000e+00	12	0	53
54	 5.311865611263221e+02 -7.955405076885635e+02  7.506035132012547e+02	2.970575769722927e-05 3.623547308961861e-05 3.623547308961861e-05	1.000000000000000e+00	12	0	54
55	 1.387451410088702e+03 -5.247326814673397e+02 -3.763535743356097e+02	1.327212885371409e-05 1.327212885371409e-05 1.329943825112423e-05	1.000000000000000e+00	12	0	55
56	 1.676227318606649e+03  3.009743906862200e+02 -1.485342755475743e+03	2.547667245380580e-04 2.535008825361729e-04 2.547667245380580e-04	1.000000000000000e+00	12	0	56
57	 1.098160079764563e+03  8.448331531759056e+02 -1.478424330043149e+03	-6.903606117703021e-04 -8.101158309727907e-04 -8.101158309727907e-04	1.000000000000000e+00	12	0	57
58	-9.771568918501905e+02  1.723372683991340e+02  8.863170507385919e+01	-1.886954414658248e-04  1.904964883578941e-04 -1.886954414658248e-04	1.000000000000000e+00	24	0	58
59	-5.443511455102844e+02  3.873118722907061e+02 -1.263511811477052e+02	-5.602141754934564e-05  5.602141754934564e-05 -5.624099867418408e-05	1.000000000000000e+00	24	0	59
60	-7.610702289687233e+02 -4.376544813684029e+01 -3.430592322202091e+02	-2.031912154052407e-04  2.001892135012895e-04 -2.001892135012895e-04	1.000000000000000e+00	24	0	60
61	 8.435610246514139e+01  3.889981820714176e+02 -7.758228624284670e+02	 3.773907519644126e-05 -3.761317930184305e-05  3.761317930184305e-05	1.000000000000000e+00	24	0	61
62	 1.171211351012384e+03  5.804109109275091e+02 -1.653186165863267e+03	-4.124275001231581e-04  3.914034750778228e-04 -4.124275001231581e-04	1.000000000000000e+00	24	0	62
63	 7.342148691458558e+02  3.696788455447090e+02 -1.442388141098407e+03	-1.044273609295487e-03  1.044273609295487e-03 -1.042720279656351e-03	1.000000000000000e+00	24	0	63
64	 9.614865720697985e+02  7.903850292081152e+02 -1.215314827331680e+03	 5.477369995787740e-04 -4.969296860508621e-04  4.969296860508621e-04	1.000000000000000e+00	24	0	64
65	 1.135276711679223e+02  3.598379753534073e+02 -7.847677734769720e+02	 4.314913894631900e-05 -4.276144682080485e-05  4.276144682080485e-05	1.000000000000000e+00	24	0	65
66	1.671084000230350e+03 2.018402730207970e+02 1.025426832790966e+03	 8.194646943593398e-05 -8.194646943593398e-05 -8.316957973875105e-05	1.000000000000000e+00	0	0	66
67	1.467911484465071e+03 1.045138682417743e+02 9.280921326718769e+02	-3.554007562343031e-04  3.591676650103182e-04  3.554007562343031e-04	1.000000000000000e+00	0	0	67
68	 9.926602402953081e+02 -6.369015989720679e+02  1.206000460281218e+03	-1.910652033984661e-03  1.977826934307814e-03  1.977826934307814e-03	1.000000000000000e+00	0	0	68
69	-9.665619959646209e+01 -1.342100671224086e+03  8.013123282048055e+02	 8.717770106159151e-05 -8.717770106159151e-05 -8.715149306226522e-05	1.000000000000000e+00	0	0	69
70	 4.326571556543428e+00 -1.142575213685703e+03  7.003268455675830e+02	 1.958282373379916e-04 -1.965099654626101e-04 -1.965099654626101e-04	1.000000000000000e+00	0	0	70
71	 1.035759780117060e+02 -1.542332848832254e+03  1.202102991723585e+03	 8.254736894741654e-05 -8.254736894741654e-05 -8.213536057155579e-05	1.000000000000000e+00	0	0	71
72	 3.028868944894914e+02 -1.441134614924493e+03  1.303301554396048e+03	-7.137165084714070e-05  7.089391874615103e-05  7.137165084714070e-05	1.000000000000000e+00	0	0	72
73	 7.824784482126261e+02 -7.041610535462519e+02  1.020961550792351e+03	 2.069611800834537e-03 -2.174507128074765e-03 -2.174507128074765e-03	1.000000000000000e+00	0	0	73
74	1.870828155015613e+03 2.096118235533865e+00 1.426708057003059e+03	-1.227774282597238e-05  1.227774282597238e-05  1.233472539752256e-05	1.000000000000000e+00	0	0	74
75	 1.771380366063274e+03 -1.989654299882241e+02  1.526157174350378e+03	 1.119868029491045e-04 -1.114799670176581e-04 -1.114799670176581e-04	1.000000000000000e+00	0	0	75
76	-1.269457961948244e+02 -6.285273754430852e+01  6.778804790555142e+02	8.321917994180694e-05 8.519433322362602e-05 8.321917994180694e-05	1.000000000000000e+00	12	0	76
77	1.415918813653941e+01 3.467129431897640e+02 1.200811969052525e+02	-2.486578014213592e-04 -2.486578014213592e-04 -2.548158809076995e-04	1.000000000000000e+00	12	0	77
78	 5.237987134375894e+01 -4.204619921167666e+02  8.572061465940976e+02	1.589388411957771e-04 1.612680498510599e-04 1.589388411957771e-04	1.000000000000000e+00	12	0	78
79	 3.366527139512165e+02 -6.973993699079638e+02  8.487446509818544e+02	1.266487815883011e-04 1.215273150592111e-04 1.215273150592111e-04	1.000000000000000e+00	12	0	79
80	 7.289957260033977e+02 -8.904664286905873e+02  6.556775921992308e+02	3.512986004352570e-04 3.524315543472767e-04 3.524315543472767e-04	1.000000000000000e+00	12	0	80
81	 1.154292627013089e+03 -7.578914645429527e+02  8.936986409003501e+01	-1.478142803534865e-05 -1.478142803534865e-05 -1.482716470491141e-05	1.000000000000000e+00	12	0	81
82	 1.620897211617866e+03 -2.912868799381754e+02 -8.417892960467967e+02	8.137668919516727e-05 8.137668919516727e-05 8.167843043338507e-05	1.000000000000000e+00	12	0	82
83	 1.764985523376579e+03  1.212634990958962e+02 -1.396584550705812e+03	1.619897520868108e-04 1.604388962732628e-04 1.619897520868108e-04	1.000000000000000e+00	12	0	83
84	 1.586714512399382e+03  4.799321800953410e+02 -1.574855561683009e+03	2.652834518812597e-04 2.646103093866259e-04 2.652834518812597e-04	1.000000000000000e+00	12	0	84
85	 1.303868448762655e+03  7.581037143016206e+02 -1.565153768917434e+03	4.090613510925323e-04 3.534143033903092e-04 3.534143033903092e-04	1.000000000000000e+00	12	0	85
86	 4.823193321858864e+02  8.148730872391110e+02 -8.094850192529800e+02	9.162683272734284e-05 9.162683272734284e-05 9.688613499747589e-05	1.000000000000000e+00	12	0	86
87	 9.202207637596905e+02  9.595716795539361e+02 -1.363685803665119e+03	1.414992380887270e-03 1.286079525016248e-03 1.286079525016248e-03	1.000000000000000e+00	12	0	87
88	-8.680899983032734e+02  3.871606425517623e+02  1.976985986207763e+02	-3.577546885935590e-05  3.673806713777594e-05 -3.577546885935590e-05	1.000000000000000e+00	24	0	88
89	-6.535358569828973e+02  4.964965837633189e+02  8.835991304965128e+01	-2.359221107326448e-04  2.359221107326448e-04 -2.356955519644544e-04	1.000000000000000e+00	24	0	89
90	-1.085524145867814e+03 -4.319882729121542e+01 -1.973554894376390e+01	-2.516499371267855e-04  2.508094767108560e-04 -2.516499371267855e-04	1.000000000000000e+00	24	0	90
91	-9.762758338797584e+02 -1.524453747759737e+02 -2.343793055810758e+02	-9.331297769676894e-05  9.283403778681532e-05 -9.283403778681532e-05	1.000000000000000e+00	24	0	91
92	 2.929153692309013e+02  4.957130588595300e+02 -8.825377392165793e+02	-6.665885302936658e-05  6.514363485621288e-05 -6.514363485621288e-05	1.000000000000000e+00	24	0	92
93	 1.062696004141725e+03  3.651125256744925e+02 -1.761701512733925e+03	-3.637030022218823e-04  3.690187004394829e-04 -3.637030022218823e-04	1.000000000000000e+00	24	0	93
94	 8.426373330021314e+02  2.612563816884334e+02 -1.657934310831322e+03	-9.722244576551020e-04  9.722244576551020e-04 -9.922229219228029e-04	1.000000000000000e+00	24	0	94
95	 1.272074415839876e+03  8.032278895940506e+02 -1.552323101035774e+03	-1.117116655223072e-03  1.068085199221969e-03 -1.117116655223072e-03	1.000000000000000e+00	24	0	95
96	 1.169268444606791e+03  9.062822327693352e+02 -1.331212030892900e+03	-5.747416871599853e-04  5.652790423482656e-04 -5.652790423482656e-04	1.000000000000000e+00	24	0	96
97	-9.613372124065350e+01  2.542635477748975e+02 -6.791933458984622e+02	 8.575976971769705e-05 -8.246892684837803e-05  8.246892684837803e-05	1.000000000000000e+00	24	0	97
98	-4.333720629557891e+02  2.763327897362108e+02 -3.393399164744634e+02	 3.678929933812469e-04 -3.678929933812469e-04  3.516950237099081e-04	1.000000000000000e+00	24	0	98
99	-5.464594458964314e+02  6.550500162916303e+01 -4.523296819862124e+02	-4.012457211501896e-04  4.010630364064127e-04 -4.010630364064127e-04	1.000000000000000e+00	24	0	99
100	-1.260433659654137e+02  2.839032966685687e+02 -6.707279770256181e+02	 8.631291711935773e-05 -9.833878721110523e-05  9.833878721110523e-05	1.000000000000000e+00	24	0	100
101	 7.296157309750514e+02 -7.690339408414666e+02  1.073868118411820e+03	-1.931030536070466e-03  1.824582810513675e-03  1.824582810513675e-03	1.000000000000000e+00	0	0	101
102	 4.039076886191713e+02 -9.411269918884921e+02  9.017750673647940e+02	 2.738298462645616e-05 -2.613863216538448e-05 -2.613863216538448e-05	1.000000000000000e+00	0	0	102
103	 5.017609281501175e+02 -1.038986342481235e+03  1.104427520735422e+03	-2.748486003838480e-04  2.738854964263737e-04  2.748486003838480e-04	1.000000000000000e+00	0	0	103
104	 6.268294412226363e+02  4.770642734679284e+02 -1.225612708626190e+03	-1.011048210784793e-03  1.011048210784793e-03 -9.412925573997200e-04	1.000000000000000e+00	24	0	104
105	 7.439735293093884e+02  6.838431516658809e+02 -1.108772949789446e+03	 4.624663270078599e-04 -4.650336632039398e-04  4.650336632039398e-04	1.000000000000000e+00	24	0	105
106	 3.242130522239938e+02  4.647414357730148e+02 -8.896712338965795e+02	-6.453418609453365e-05  7.892908615758643e-05 -7.892908615758643e-05	1.000000000000000e+00	24	0	106
107	 1.268227958880847e+03 -2.968523849233089e+02  1.127775658256101e+03	-2.664001367520541e-04  2.605763729661703e-04  2.664001367520541e-04	1.000000000000000e+00	0	0	107
108	 1.044399623461017e+03 -5.707323156179953e+02  1.154390288720607e+03	 1.992308767512441e-03 -1.846838044002652e-03 -1.846838044002652e-03	1.000000000000000e+00	0	0	108
109	 1.371225881981135e+03 -3.998357233176473e+02  1.325286881020955e+03	 2.171272499253973e-04 -2.173947141272947e-04 -2.173947141272947e-04	1.000000000000000e+00	0	0	109
110	-1.042567842967146e+02  2.282969707565099e+02  3.511320600326556e+02	-5.090706981718540e-04 -5.090706981718540e-04 -5.078646354377270e-04	1.000000000000000e+00	12	0	110
111	 1.037510358939830e+03 -8.746737326162115e+02  3.220308170198909e+02	-4.656316377804615e-05 -4.656316377804615e-05 -4.609259849530645e-05	1.000000000000000e+00	12	0	111
112	 1.737656992109649e+03 -1.745270994463922e+02 -1.074471106515768e+03	1.193970092572272e-04 1.193970092572272e-04 1.195986769744195e-04	1.000000000000000e+00	12	0	112
113	 6.033186888924821e+02  9.358724439457066e+02 -1.037798921739385e+03	7.021090132184327e-04 7.021090132184327e-04 7.423302158713341e-04	1.000000000000000e+00	12	0	113
114	 1.324752239315103e+02  4.650289789847349e+02 -1.110233066868569e+02	2.813018681990798e-06 2.813018681990798e-06 2.412239609839162e-06	1.000000000000000e+00	12	0	114
115	 3.650437567893192e+02  6.975975118425438e+02 -5.773367161196500e+02	-4.527112469077110e-05 -4.527112469077110e-05 -4.543081377050839e-05	1.000000000000000e+00	12	0	115
116	 1.270877162366776e+03 -6.413069291892652e+02 -1.434866671810759e+02	-5.660604074364528e-07 -5.660604074364528e-07 -5.669921279150003e-07	1.000000000000000e+00	12	0	116
117	 1.504116931862424e+03 -4.080671596936170e+02 -6.091289347033122e+02	3.974328865297139e-05 3.974328865297139e-05 3.987637319369242e-05	1.000000000000000e+00	12	0	117
0	-5.773502691896258e-01  5.773502691896258e-01  5.773502691896258e-01	-7.071067811865476e-01  3.124842898819631e-18 -7.071067811865476e-01	 1.198001808568474e+03 -5.294203851356715e-15  1.198001808568474e+03	1	0	0.000000000000000e+00	0.000000000000000e+00	0.000000000000000e+00
1	-5.773502691896258e-01  5.773502691896258e-01  5.773502691896258e-01	 0.000000000000000e+00  7.071067811865476e-01 -7.071067811865476e-01	 0.000000000000000e+00 -9.214510296266430e+02  9.214510296266430e+02	1	0	0.000000000000000e+00	0.000000000000000e+00	0.000000000000000e+00
2	-5.773502691896258e-01  5.773502691896258e-01  5.773502691896258e-01	 7.071067811865476e-01  7.071067811865476e-01 -3.124842898819631e-18	-7.193784354102739e+02 -7.193784354102739e+02  3.179073734356852e-15	1	0	0.000000000000000e+00	0.000000000000000e+00	0.000000000000000e+00
3	-5.773502691896258e-01  5.773502691896258e-01  5.773502691896258e-01	 7.071067811865476e-01 -3.124842898819631e-18  7.071067811865476e-01	 8.030942244427697e+02 -3.549030148066116e-15  8.030942244427697e+02	1	0	0.000000000000000e+00	0.000000000000000e+00	0.000000000000000e+00
4	-5.773502691896258e-01  5.773502691896258e-01  5.773502691896258e-01	 0.000000000000000e+00  7.071067811865476e-01 -7.071067811865476e-01	 0.000000000000000e+00 -8.625613021693013e+02  8.625613021693013e+02	1	0	0.000000000000000e+00	0.000000000000000e+00	0.000000000000000e+00
5	-5.773502691896258e-01  5.773502691896258e-01  5.773502691896258e-01	-7.071067811865476e-01 -7.071067811865476e-01  3.124842898819631e-18	 9.364621366255734e+02  9.364621366255734e+02 -4.138408986458117e-15	1	0	0.000000000000000e+00	0.000000000000000e+00	0.000000000000000e+00
6	 5.773502691896258e-01 -5.773502691896258e-01 -5.773502691896258e-01	0.000000000000000e+00 0.000000000000000e+00 0.000000000000000e+00	1.570392732195782e+03 3.025315410553647e+02 8.256108849411653e+02	1	1	0.000000000000000e+00	0.000000000000000e+00	0.000000000000000e+00
7	-5.773502691896258e-01 -5.773502691896258e-01 -5.773502691896258e-01	-7.071067811865476e-01  0.000000000000000e+00  7.071067811865476e-01	-4.024131376251693e+02  0.000000000000000e+00  4.024131376251693e+02	1	0	0.000000000000000e+00	0.000000000000000e+00	0.000000000000000e+00
8	-5.773502691896258e-01 -5.773502691896258e-01 -5.773502691896258e-01	 0.000000000000000e+00 -7.071067811865476e-01  7.071067811865476e-01	 0.000000000000000e+00 -7.730720104449091e+02  7.730720104449091e+02	1	0	0.000000000000000e+00	0.000000000000000e+00	0.000000000000000e+00
9	-5.773502691896258e-01 -5.773502691896258e-01 -5.773502691896258e-01	 7.071067811865476e-01 -7.071067811865476e-01  0.000000000000000e+00	 9.560920457780206e+02 -9.560920457780206e+02  0.000000000000000e+00	1	0	0.000000000000000e+00	0.000000000000000e+00	0.000000000000000e+00
10	-5.773502691896258e-01 -5.773502691896258e-01 -5.773502691896258e-01	 7.071067811865476e-01  0.000000000000000e+00 -7.071067811865476e-01	 1.580785037041196e+03  0.000000000000000e+00 -1.580785037041196e+03	1	0	0.000000000000000e+00	0.000000000000000e+00	0.000000000000000e+00
11	-5.773502691896258e-01 -5.773502691896258e-01 -5.773502691896258e-01	 0.000000000000000e+00  7.071067811865476e-01 -7.071067811865476e-01	 0.000000000000000e+00  1.161628741609527e+03 -1.161628741609527e+03	1	0	0.000000000000000e+00	0.000000000000000e+00	0.000000000000000e+00
12	-5.773502691896258e-01 -5.773502691896258e-01 -5.773502691896258e-01	-7.071067811865476e-01  7.071067811865476e-01  0.000000000000000e+00	-1.662768775266123e+02  1.662768775266123e+02  0.000000000000000e+00	1	0	0.000000000000000e+00	0.000000000000000e+00	0.000000000000000e+00
13	5.773502691896258e-01 5.773502691896258e-01 5.773502691896258e-01	0.000000000000000e+00 0.000000000000000e+00 0.000000000000000e+00	-2.170837012152994e+02  1.154700538379251e+02  5.877425740350395e+02	1	1	0.000000000000000e+00	0.000000000000000e+00	0.000000000000000e+00
14	-5.773502691896258e-01  5.773502691896258e-01 -5.773502691896258e-01	 7.071067811865476e-01  0.000000000000000e+00 -7.071067811865476e-01	-5.328942984620248e+02  0.000000000000000e+00  5.328942984620248e+02	1	0	0.000000000000000e+00	0.000000000000000e+00	0.000000000000000e+00
15	-5.773502691896258e-01  5.773502691896258e-01 -5.773502691896258e-01	-3.124842898819631e-18  7.071067811865476e-01  7.071067811865476e-01	 8.547268868455420e-16 -1.934123401785247e+02 -1.934123401785247e+02	1	0	0.000000000000000e+00	0.000000000000000e+00	0.000000000000000e+00
16	-5.773502691896258e-01  5.773502691896258e-01 -5.773502691896258e-01	 7.071067811865476e-01  7.071067811865476e-01 -3.124842898819631e-18	 5.519468573452824e+02  5.519468573452824e+02 -2.439160906938323e-15	1	0	0.000000000000000e+00	0.000000000000000e+00	0.000000000000000e+00
17	-5.773502691896258e-01  5.773502691896258e-01 -5.773502691896258e-01	-7.071067811865476e-01  0.000000000000000e+00  7.071067811865476e-01	 1.412198758437825e+03  0.000000000000000e+00 -1.412198758437825e+03	1	0	0.000000000000000e+00	0.000000000000000e+00	0.000000000000000e+00
18	-5.773502691896258e-01  5.773502691896258e-01 -5.773502691896258e-01	-3.124842898819631e-18  7.071067811865476e-01  7.071067811865476e-01	 9.389238637586849e-16 -2.124648990617823e+02 -2.124648990617823e+02	1	0	0.000000000000000e+00	0.000000000000000e+00	0.000000000000000e+00
19	-5.773502691896258e-01  5.773502691896258e-01 -5.773502691896258e-01	-7.071067811865476e-01 -7.071067811865476e-01  3.124842898819631e-18	-7.851963660978913e+01 -7.851963660978913e+01  3.469936018238618e-16	1	0	0.000000000000000e+00	0.000000000000000e+00	0.000000000000000e+00
20	 5.773502691896258e-01 -5.773502691896258e-01  5.773502691896258e-01	0.000000000000000e+00 0.000000000000000e+00 0.000000000000000e+00	-7.597929542535472e+02  6.027536810339691e+02  3.059956426705008e+02	1	1	0.000000000000000e+00	0.000000000000000e+00	0.000000000000000e+00
0	0	1	0
6	0	1	0
5	5	0	0
6	5	0	0
0	6	0	0
5	0	6	0
1	1	2	0
6	1	2	0
0	1	7	0
1	7	1	0
2	2	3	0
6	2	3	0
1	2	8	0
2	8	2	0
3	3	4	0
6	3	4	0
2	3	9	0
3	9	3	0
4	4	5	0
6	4	5	0
3	4	10	0
4	10	4	0
4	5	11	0
5	11	5	0
5	6	66	0
0	67	6	0
0	7	42	0
1	68	7	0
2	69	8	0
1	8	70	0
2	9	71	0
3	72	9	0
3	10	38	0
4	73	10	0
5	74	11	0
4	11	75	0
7	12	13	0
13	12	13	0
12	17	12	0
13	17	12	0
7	18	12	0
12	12	18	0
8	13	14	0
13	13	14	0
7	13	19	0
8	19	13	0
9	14	15	0
13	14	15	0
8	14	20	0
9	20	14	0
10	15	16	0
13	15	16	0
9	15	21	0
10	21	15	0
11	16	17	0
13	16	17	0
10	16	22	0
11	22	16	0
11	17	23	0
12	23	17	0
7	76	18	0
12	18	110	0
7	19	78	0
8	79	19	0
8	20	80	0
9	111	20	0
10	83	21	0
9	21	112	0
10	22	84	0
11	85	22	0
11	23	87	0
12	113	23	0
14	24	25	0
20	24	25	0
19	29	24	0
20	29	24	0
14	30	24	0
19	24	30	0
15	25	26	0
20	25	26	0
14	25	31	0
15	31	25	0
16	26	27	0
20	26	27	0
15	26	32	0
16	32	26	0
17	27	28	0
20	27	28	0
16	27	33	0
17	33	27	0
18	28	29	0
20	28	29	0
17	28	34	0
18	34	28	0
18	29	35	0
19	35	29	0
14	88	30	0
19	30	89	0
14	31	90	0
15	91	31	0
16	40	32	0
15	32	92	0
17	93	33	0
16	33	94	0
17	34	95	0
18	96	34	0
19	36	35	0
18	35	97	0
19	98	36	0
15	36	99	0
15	100	36	0
1	38	101	0
1	102	38	0
3	38	103	0
16	104	40	0
18	40	105	0
18	106	40	0
0	42	107	0
4	42	108	0
4	109	42	0
5	66	44	0
5	44	74	0
0	45	67	0
0	107	45	0
1	46	68	0
1	101	46	0
2	47	69	0
2	71	47	0
1	70	48	0
1	48	102	0
3	49	72	0
3	103	49	0
4	50	73	0
4	108	50	0
4	75	51	0
4	51	109	0
7	52	76	0
7	78	52	0
12	114	53	0
12	53	115	0
8	54	79	0
8	80	54	0
9	55	116	0
9	117	55	0
10	56	83	0
10	84	56	0
11	57	85	0
11	87	57	0
14	58	88	0
14	90	58	0
19	89	59	0
19	59	98	0
15	60	91	0
15	99	60	0
15	92	61	0
15	61	100	0
17	62	93	0
17	95	62	0
16	94	63	0
16	63	104	0
18	64	96	0
18	105	64	0
18	97	65	0
18	65	106	0
12	110	77	0
12	77	114	0
9	81	111	0
9	116	81	0
9	112	82	0
9	82	117	0
12	86	113	0
12	115	86	0
