114
21
172
0	1.570392732195782e+03 3.025315410553647e+02 8.256108849411653e+02	0.000000000000000e+00 0.000000000000000e+00 0.000000000000000e+00	1.000000000000000e+00	0	0	0
1	 1.130451827073287e+03 -5.773502691896260e+02  1.265551790063660e+03	0.000000000000000e+00 0.000000000000000e+00 0.000000000000000e+00	1.000000000000000e+00	0	0	1
2	-1.974537920628516e+02 -1.241303078757696e+03  6.015989804955904e+02	0.000000000000000e+00 0.000000000000000e+00 0.000000000000000e+00	1.000000000000000e+00	0	0	2
3	 2.032272947547480e+02 -1.641984165575296e+03  1.402961154130791e+03	0.000000000000000e+00 0.000000000000000e+00 0.000000000000000e+00	1.000000000000000e+00	0	0	3
4	 6.431681998772439e+02 -7.621023553303065e+02  9.630202490082960e+02	0.000000000000000e+00 0.000000000000000e+00 0.000000000000000e+00	1.000000000000000e+00	0	0	4
5	 1.971073819013383e+03 -9.814954576223676e+01  1.626973058576365e+03	0.000000000000000e+00 0.000000000000000e+00 0.000000000000000e+00	1.000000000000000e+00	0	0	5
6	1.569523045435285e+03 3.034012278158618e+02 8.264805717016624e+02	-1.247567997779697e-04  1.327678037341684e-04  1.204189393320121e-04	1.000000000000000e+00	0	0	6
7	 1.125789703813417e+03 -5.726881459297556e+02  1.270213913323531e+03	-1.430064012917380e-03  1.430064012917380e-03  1.430064012917380e-03	1.000000000000000e+00	0	0	7
8	-1.966276809698980e+02 -1.242129189850650e+03  6.007728694026367e+02	 1.078503773896955e-04 -1.091010635718703e-04 -1.091189842554741e-04	1.000000000000000e+00	0	0	8
9	 2.032439942087826e+02 -1.642000865029330e+03  1.402944454676756e+03	 8.890085155144334e-06 -9.480247172177769e-06 -8.247151527029928e-06	1.000000000000000e+00	0	0	9
10	 6.471162548552793e+02 -7.660504103083420e+02  9.590721940302606e+02	 1.351129341249665e-03 -1.351129341249665e-03 -1.351129341249665e-03	1.000000000000000e+00	0	0	10
11	 1.971302353298031e+03 -9.837808004688480e+01  1.626744524291717e+03	 3.964208372053690e-05 -3.903479591826908e-05 -3.882114469888620e-05	1.000000000000000e+00	0	0	11
12	-2.170837012152994e+02  1.154700538379251e+02  5.877425740350395e+02	0.000000000000000e+00 0.000000000000000e+00 0.000000000000000e+00	1.000000000000000e+00	12	0	12
13	 1.408734656822689e+02 -6.004442799572098e+02  9.456997409326077e+02	0.000000000000000e+00 0.000000000000000e+00 0.000000000000000e+00	1.000000000000000e+00	12	0	13
14	 9.214510296266424e+02 -9.907330619293978e+02  5.554109589604201e+02	0.000000000000000e+00 0.000000000000000e+00 0.000000000000000e+00	1.000000000000000e+00	12	0	14
15	 1.853294364098699e+03 -5.888972745734176e+01 -1.308275709983692e+03	0.000000000000000e+00 0.000000000000000e+00 0.000000000000000e+00	1.000000000000000e+00	12	0	15
16	 1.495337197201131e+03  6.570246063377946e+02 -1.666232876881260e+03	0.000000000000000e+00 0.000000000000000e+00 0.000000000000000e+00	1.000000000000000e+00	12	0	16
17	 7.147596332567570e+02  1.047313388309982e+03 -1.275944094909073e+03	0.000000000000000e+00 0.000000000000000e+00 0.000000000000000e+00	1.000000000000000e+00	12	0	17
18	-2.188981210482040e+02  1.136556340050205e+02  5.859281542021350e+02	-2.327733624648924e-04 -2.327733624648924e-04 -2.327733624648924e-04	1.000000000000000e+00	12	0	18
19	 1.434747253539037e+02 -5.978430202855751e+02  9.483010006042424e+02	3.289180749561638e-04 3.289180749561638e-04 3.289180749561638e-04	1.000000000000000e+00	12	0	19
20	 9.221029652559034e+02 -9.900811263001368e+02  5.560628945896812e+02	1.111489400500432e-04 1.045129247359000e-04 1.057423287420534e-04	1.000000000000000e+00	12	0	20
21	 1.854203626948555e+03 -5.798046460748610e+01 -1.307366447133837e+03	1.194193901028484e-04 1.191540141007863e-04 1.194231663248502e-04	1.000000000000000e+00	12	0	21
22	 1.497841296342919e+03  6.595287054795818e+02 -1.663728777739473e+03	3.381963567032168e-04 3.381963567032168e-04 3.381963567032168e-04	1.000000000000000e+00	12	0	22
23	 7.248164611403256e+02  1.057370216193551e+03 -1.265887267025504e+03	1.288044848479331e-03 1.288044848479331e-03 1.288044848479331e-03	1.000000000000000e+00	12	0	23
24	-7.597929542535472e+02  6.027536810339691e+02  3.059956426705008e+02	0.000000000000000e+00 0.000000000000000e+00 0.000000000000000e+00	1.000000000000000e+00	24	0	24
25	-1.191650955607388e+03 -2.609623216737101e+02 -1.258623586833382e+02	0.000000000000000e+00 0.000000000000000e+00 0.000000000000000e+00	1.000000000000000e+00	24	0	25
26	 5.126870390403868e+02  5.912066756501777e+02 -9.780313560072266e+02	0.000000000000000e+00 0.000000000000000e+00 0.000000000000000e+00	1.000000000000000e+00	24	0	26
27	 9.572467463163994e+02  1.466469683741651e+02 -1.867150770559250e+03	0.000000000000000e+00 0.000000000000000e+00 0.000000000000000e+00	1.000000000000000e+00	24	0	27
28	 1.389104747670240e+03  1.010362971081845e+03 -1.435292769205410e+03	0.000000000000000e+00 0.000000000000000e+00 0.000000000000000e+00	1.000000000000000e+00	24	0	28
29	-3.152332469775362e+02  1.581939737579582e+02 -5.831237718815206e+02	0.000000000000000e+00 0.000000000000000e+00 0.000000000000000e+00	1.000000000000000e+00	24	0	29
30	-7.603471564949780e+02  6.033078832753999e+02  3.054414404290700e+02	-7.415749860228971e-05  7.446002564392984e-05 -7.095256296452135e-05	1.000000000000000e+00	24	0	30
31	-1.192753035119910e+03 -2.598602421611884e+02 -1.269644381958598e+02	-1.509142603026703e-04  1.485035463701934e-04 -1.506914122728631e-04	1.000000000000000e+00	24	0	31
32	 5.013916467205055e+02  6.025020679700590e+02 -9.893267483271079e+02	-1.507178142977257e-04  1.507178142977257e-04 -1.507178142977258e-04	1.000000000000000e+00	24	0	32
33	 9.528865832572185e+02  1.510071314333459e+02 -1.871510933618431e+03	-5.987711483612657e-04  5.987711483612657e-04 -5.987711483612657e-04	1.000000000000000e+00	24	0	33
34	 1.380810344673647e+03  1.018657374078438e+03 -1.443587172202003e+03	-1.132684604575237e-03  1.132684604575237e-03 -1.132684604575237e-03	1.000000000000000e+00	24	0	34
35	-3.046252948228962e+02  1.475860216033182e+02 -5.725158197268806e+02	 1.532828706937531e-04 -1.532828706937531e-04  1.532828706937532e-04	1.000000000000000e+00	24	0	35
36	-3.298506498140259e+02  1.728113765944479e+02 -5.596360569514956e+02	 6.458187272073701e-05 -6.558949098689482e-05  2.617521968204528e-04	1.000000000000000e+00	24	0	36
38	 6.018611382575274e+02 -8.385747486252741e+02  1.004327310628012e+03	-4.318387849101176e-04  4.318387849101176e-04  4.318387849101176e-04	1.000000000000000e+00	0	0	38
40	 5.277180713454917e+02  5.761756433450730e+02 -1.001105441468637e+03	-1.057198169291951e-04  9.907240746542811e-05 -1.891916763270274e-04	1.000000000000000e+00	24	0	40
42	 1.170695298436532e+03 -4.998142856381871e+02  1.225308318700415e+03	 2.973055961774662e-04 -2.973055961774662e-04 -2.973055961774662e-04	1.000000000000000e+00	0	0	42
44	1.770882269181758e+03 1.020420040693884e+02 1.226143411945933e+03	 2.233345185231883e-05 -2.233345185231883e-05 -2.220563692389987e-05	1.000000000000000e+00	0	0	44
45	 1.367866843835489e+03 -9.597020813126079e+01  1.028136773301458e+03	-3.146140370517969e-04  3.129434189759195e-04  3.146140370517969e-04	1.000000000000000e+00	0	0	45
46	 8.589813678649165e+02 -7.008113413190208e+02  1.142090717934265e+03	-2.218965440988541e-03  2.207729965448380e-03  2.207729965448380e-03	1.000000000000000e+00	0	0	46
47	 3.621465391941477e+00 -1.442378336212489e+03  1.001545695909576e+03	 9.928225335897878e-05 -9.928225335897878e-05 -9.920953016262501e-05	1.000000000000000e+00	0	0	47
48	 2.046264029952045e+02 -1.042357151866400e+03  8.005449073868856e+02	 1.689531200099736e-04 -1.678397820796818e-04 -1.678397820796818e-04	1.000000000000000e+00	0	0	48
49	 4.026105247351918e+02 -1.240351986026612e+03  1.203577924150348e+03	-1.265596511075273e-04  1.249341730726883e-04  1.265596511075273e-04	1.000000000000000e+00	0	0	49
50	 9.154194352066761e+02 -6.393372283635376e+02  1.085785375975065e+03	 2.339621772989631e-03 -2.294275444000959e-03 -2.294275444000959e-03	1.000000000000000e+00	0	0	50
51	 1.571283317311911e+03 -2.993787716031502e+02  1.425743832735452e+03	 1.435978338122368e-04 -1.429491967428476e-04 -1.429491967428476e-04	1.000000000000000e+00	0	0	51
52	-3.728893334670762e+01 -2.416697898599254e+02  7.675373419036310e+02	1.190496259368956e-04 1.194438882521354e-04 1.190496259368956e-04	1.000000000000000e+00	12	0	52
53	 2.489881007089057e+02  5.815418557621302e+02 -3.439503782486580e+02	9.474855687585659e-06 9.474855687585659e-06 9.546880392008461e-06	1.000000000000000e+00	12	0	53
54	 5.312026468275654e+02 -7.955209308890279e+02  7.506230900007903e+02	3.212102092220448e-05 3.901487434632145e-05 3.901487434632145e-05	1.000000000000000e+00	12	0	54
55	 1.387458375124512e+03 -5.247257164315297e+02 -3.763465944516520e+02	1.351678474748041e-05 1.351678474748041e-05 1.354659889329923e-05	1.000000000000000e+00	12	0	55
56	 1.676359077913152e+03  3.011054700091404e+02 -1.485210996169239e+03	2.520018897484988e-04 2.506524906493723e-04 2.520018897484988e-04	1.000000000000000e+00	12	0	56
57	 1.097811072659283e+03  8.444199589015504e+02 -1.478837524317504e+03	-6.520323222503066e-04 -7.791431853547692e-04 -7.791431853547692e-04	1.000000000000000e+00	12	0	57
58	-9.772543686587194e+02  1.724357099434284e+02  8.853422826533030e+01	-1.862124772742391e-04  1.881215284811333e-04 -1.862124772742391e-04	1.000000000000000e+00	24	0	58
59	-5.443797430626755e+02  3.873404698430973e+02 -1.263798820791832e+02	-5.396713459049352e-05  5.396713459049352e-05 -5.414375482359901e-05	1.000000000000000e+00	24	0	59
60	-7.611766031630304e+02 -4.366070638764666e+01 -3.431639739694028e+02	-2.059459511656314e-04  2.026679430855438e-04 -2.026679430855438e-04	1.000000000000000e+00	24	0	60
61	 8.437569823527397e+01  3.889786594828485e+02 -7.758033398398979e+02	 3.764298890018836e-05 -3.748757444554940e-05  3.748757444554940e-05	1.000000000000000e+00	24	0	61
62	 1.170992980506629e+03  5.806177873735655e+02 -1.653404536369021e+03	-4.274025559425354e-04  4.042116052005440e-04 -4.274025559425354e-04	1.000000000000000e+00	24	0	62
63	 7.336708836470195e+02  3.702228310435453e+02 -1.442931327804898e+03	-1.047989120706916e-03  1.047989120706916e-03 -1.046474091708660e-03	1.000000000000000e+00	24	0	63
64	 9.617692777401376e+02  7.901294967409303e+02 -1.215059294864495e+03	 5.396162741817534e-04 -4.859236069023609e-04  4.859236069023609e-04	1.000000000000000e+00	24	0	64
65	 1.135499298930524e+02  3.598159212386172e+02 -7.847457193621819e+02	 4.245302625349723e-05 -4.205390723655000e-05  4.205390723655000e-05	1.000000000000000e+00	24	0	65
66	1.671126855815322e+03 2.017974174358249e+02 1.025383305364309e+03	 8.288111712317914e-05 -8.288111712317914e-05 -8.424350380664691e-05	1.000000000000000e+00	0	0	66
67	1.467725746856575e+03 1.047016601492066e+02 9.282778702803723e+02	-3.589848638512194e-04  3.631220897659659e-04  3.589848638512194e-04	1.000000000000000e+00	0	0	67
68	 9.916316538507467e+02 -6.358342297959930e+02  1.207067829457293e+03	-2.038901671767235e-03  2.120869932696223e-03  2.120869932696223e-03	1.000000000000000e+00	0	0	68
69	-9.661094457830403e+01 -1.342145926242244e+03  8.012670866794306e+02	 8.688454545335844e-05 -8.688454545335844e-05 -8.685891953064129e-05	1.000000000000000e+00	0	0	69
70	 4.427931701655694e+00 -1.142676937636321e+03  7.002251216169648e+02	 1.940090733114630e-04 -1.947262644534931e-04 -1.947262644534931e-04	1.000000000000000e+00	0	0	70
71	 1.036192436916590e+02 -1.542376114512207e+03  1.202059950160145e+03	 8.386534318560734e-05 -8.386534318560734e-05 -8.341509965248406e-05	1.000000000000000e+00	0	0	71
72	 3.028498643301120e+02 -1.441097842382762e+03  1.303338584555427e+03	-7.105094118742272e-05  7.053778244880959e-05  7.105094118742272e-05	1.000000000000000e+00	0	0	72
73	 7.835832749065148e+02 -7.053255985041746e+02  1.019797005834428e+03	 2.172634936869144e-03 -2.297369064763188e-03 -2.297369064763188e-03	1.000000000000000e+00	0	0	73
74	1.870821684408804e+03 2.102588842342636e+00 1.426714559344644e+03	-1.261223587789573e-05  1.261223587789573e-05  1.267745210498106e-05	1.000000000000000e+00	0	0	74
75	 1.771439400555287e+03 -1.990241853447878e+02  1.526098418993815e+03	 1.150835305452347e-04 -1.145159767474979e-04 -1.145159767474979e-04	1.000000000000000e+00	0	0	75
76	-1.269028469672301e+02 -6.280872760310773e+01  6.779234282831086e+02	8.197684655897319e-05 8.408128633163869e-05 8.197684655897319e-05	1.000000000000000e+00	12	0	76
77	1.402983564076664e+01 3.465835906939912e+02 1.199485284051266e+02	-2.488523314241320e-04 -2.488523314241320e-04 -2.554485108703375e-04	1.000000000000000e+00	12	0	77
78	 5.246298564458439e+01 -4.203776214091974e+02  8.572892608949230e+02	1.607182057341561e-04 1.632214698474854e-04 1.607182057341561e-04	1.000000000000000e+00	12	0	78
79	 3.367200853279048e+02 -6.973347608879321e+02  8.488092600018861e+02	1.324963377555832e-04 1.269929634872824e-04 1.269929634872824e-04	1.000000000000000e+00	12	0	79
80	 7.291768743020064e+02 -8.902846972934468e+02  6.558593235963714e+02	3.453954996075481e-04 3.465022309683263e-04 3.465022309683263e-04	1.000000000000000e+00	12	0	80
81	 1.154285080915491e+03 -7.578990106405504e+02  8.936229400778601e+01	-1.423416961188195e-05 -1.423416961188195e-05 -1.428060659236507e-05	1.000000000000000e+00	12	0	81
82	 1.620939523694523e+03 -2.912445678615181e+02 -8.417468214962161e+02	8.136210090015084e-05 8.136210090015084e-05 8.168528438545763e-05	1.000000000000000e+00	12	0	82
83	 1.765069445920753e+03  1.213465919670619e+02 -1.396500628161638e+03	1.607863523531705e-04 1.591465261299163e-04 1.607863523531705e-04	1.000000000000000e+00	12	0	83
84	 1.586852245835950e+03  4.800695430942803e+02 -1.574717828246442e+03	2.644601045176387e-04 2.637078578118235e-04 2.644601045176387e-04	1.000000000000000e+00	12	0	84
85	 1.304077502366093e+03  7.582824618994987e+02 -1.564975021319556e+03	3.951056278310716e-04 3.341989649925381e-04 3.341989649925381e-04	1.000000000000000e+00	12	0	85
86	 4.823676951466489e+02  8.149214501998734e+02 -8.094337982168388e+02	9.438158303964883e-05 9.438158303964883e-05 1.001174023258500e-04	1.000000000000000e+00	12	0	86
87	 9.209541931439919e+02  9.602361560991144e+02 -1.363021327119940e+03	1.405903953127563e-03 1.269639353267848e-03 1.269639353267848e-03	1.000000000000000e+00	12	0	87
88	-8.681081672516896e+02  3.871793298257637e+02  1.976804296723601e+02	-3.410291901673190e-05  3.513397678034380e-05 -3.410291901673190e-05	1.000000000000000e+00	24	0	88
89	-6.536581719981045e+02  4.966188987785262e+02  8.823772230839668e+01	-2.345173852518201e-04  2.345173852518201e-04 -2.342657098779455e-04	1.000000000000000e+00	24	0	89
90	-1.085654513884474e+03 -4.306890803021321e+01 -1.986591696042409e+01	-2.497593814041466e-04  2.488741592969745e-04 -2.497593814041466e-04	1.000000000000000e+00	24	0	90
91	-9.763249085308206e+02 -1.523965624589011e+02 -2.344281178981484e+02	-9.544386557536200e-05  9.491336095379665e-05 -9.491336095379665e-05	1.000000000000000e+00	24	0	91
92	 2.928806917749283e+02  4.957469422494959e+02 -8.825716226065452e+02	-6.673343159491196e-05  6.519482849398628e-05 -6.519482849398628e-05	1.000000000000000e+00	24	0	92
93	 1.062506689576074e+03  3.653046640870523e+02 -1.761890827299576e+03	-3.644447424449027e-04  3.699869266711175e-04 -3.644447424449027e-04	1.000000000000000e+00	24	0	93
94	 8.421311048395154e+02  2.617626098510494e+02 -1.658451361770934e+03	-9.748106240294874e-04  9.748106240294874e-04 -9.964448399841785e-04	1.000000000000000e+00	24	0	94
95	 1.271500295595981e+03  8.037766081439438e+02 -1.552897221279669e+03	-1.091313781216741e-03  1.042641582898796e-03 -1.091313781216741e-03	1.000000000000000e+00	24	0	95
96	 1.168968988354366e+03  9.065764520931184e+02 -1.331506250216683e+03	-5.770190618932247e-04  5.663306801579893e-04 -5.663306801579893e-04	1.000000000000000e+00	24	0	96
97	-9.608869908820193e+01  2.542202581840668e+02 -6.791500563076315e+02	 8.735369920032099e-05 -8.398280624533072e-05  8.398280624533072e-05	1.000000000000000e+00	24	0	97
98	-4.331805621036427e+02  2.761412888840644e+02 -3.391569691749329e+02	 3.686523414216936e-04 -3.686523414216936e-04  3.519483143463731e-04	1.000000000000000e+00	24	0	98
99	-5.466683548254553e+02  6.571404686772316e+01 -4.525387272247726e+02	-4.022481443826109e-04  4.029614210594445e-04 -4.029614210594445e-04	1.000000000000000e+00	24	0	99
100	-1.259987891432303e+02  2.838524899613682e+02 -6.706771703184176e+02	 8.515679655829445e-05 -9.709576261229813e-05  9.709576261229813e-05	1.000000000000000e+00	24	0	100
101	 7.285687018097332e+02 -7.680497968428763e+02  1.074852262410410e+03	-2.090611262246966e-03  1.954735023900867e-03  1.954735023900867e-03	1.000000000000000e+00	0	0	101
102	 4.039203859734505e+02 -9.411390481585370e+02  9.017630110947491e+02	 2.135017166438047e-05 -2.013527591770981e-05 -2.013527591770981e-05	1.000000000000000e+00	0	0	102
103	 5.016183924249456e+02 -1.038844384173615e+03  1.104570056460594e+03	-2.733603760134429e-04  2.720950287766755e-04  2.733603760134429e-04	1.000000000000000e+00	0	0	103
104	 6.263008537143882e+02  4.775928609761766e+02 -1.226103848628517e+03	-1.021995674818754e-03  1.021995674818754e-03 -9.476955747231841e-04	1.000000000000000e+00	24	0	104
105	 7.442161660742470e+02  6.835987029742162e+02 -1.108528501097781e+03	 4.707282641902566e-04 -4.751494852825999e-04  4.751494852825999e-04	1.000000000000000e+00	24	0	105
106	 3.241796494606576e+02  4.647822911207321e+02 -8.897120892442967e+02	-6.390580529114231e-05  7.817911682650447e-05 -7.817911682650447e-05	1.000000000000000e+00	24	0	106
107	 1.268088228470924e+03 -2.967158901785070e+02  1.127915388666023e+03	-2.710464759729803e-04  2.644107444211841e-04  2.710464759729803e-04	1.000000000000000e+00	0	0	107
108	 1.045481782921074e+03 -5.717294591263960e+02  1.153393145212206e+03	 2.164885634556413e-03 -1.982859801501036e-03 -1.982859801501036e-03	1.000000000000000e+00	0	0	108
109	 1.371341389782387e+03 -3.999513472065998e+02  1.325171257132003e+03	 2.272487181471661e-04 -2.274217840749770e-04 -2.274217840749770e-04	1.000000000000000e+00	0	0	109
110	-1.045209249500222e+02  2.280328301032024e+02  3.508685759348130e+02	-5.068569444119930e-04 -5.068569444119930e-04 -5.055371439084411e-04	1.000000000000000e+00	12	0	110
111	 1.037486807965366e+03 -8.746972835906749e+02  3.220075162854877e+02	-4.399962563184090e-05 -4.399962563184090e-05 -4.350817835074849e-05	1.000000000000000e+00	12	0	111
112	 1.737718999104462e+03 -1.744650924515795e+02 -1.074408991137760e+03	1.190911789308302e-04 1.190911789308302e-04 1.193063581013121e-04	1.000000000000000e+00	12	0	112
113	 6.036829290356974e+02  9.362366840889218e+02 -1.037413070790405e+03	6.988170207478106e-04 6.988170207478106e-04 7.417123415507376e-04	1.000000000000000e+00	12	0	113
114	 1.324762354570098e+02  4.650299905102344e+02 -1.110225165006928e+02	1.076801368071756e-06 1.076801368071756e-06 6.257623113015143e-07	1.000000000000000e+00	12	0	114
115	 3.650205710333199e+02  6.975743260865445e+02 -5.773599880101053e+02	-4.390334652271122e-05 -4.390334652271122e-05 -4.407489541335963e-05	1.000000000000000e+00	12	0	115
116	 1.270876940013281e+03 -6.413071515427597e+02 -1.434868899369764e+02	-2.994953547386103e-07 -2.994953547386103e-07 -3.001153174864157e-07	1.000000000000000e+00	12	0	116
117	 1.504137649984835e+03 -4.080464415712065e+02 -6.091081446994536e+02	3.994232247350737e-05 3.994232247350737e-05 4.008573523606174e-05	1.000000000000000e+00	12	0	117
0	-5.773502691896258e-01  5.773502691896258e-01  5.773502691896258e-01	-7.071067811865476e-01  3.124842898819631e-18 -7.071067811865476e-01	 1.198001808568474e+03 -5.294203851356715e-15  1.198001808568474e+03	1	0	0.000000000000000e+00	0.000000000000000e+00	0.000000000000000e+00
1	-5.773502691896258e-01  5.773502691896258e-01  5.773502691896258e-01	 0.000000000000000e+00  7.071067811865476e-01 -7.071067811865476e-01	 0.000000000000000e+00 -9.214510296266430e+02  9.214510296266430e+02	1	0	0.000000000000000e+00	0.000000000000000e+00	0.000000000000000e+00
2	-5.773502691896258e-01  5.773502691896258e-01  5.773502691896258e-01	 7.071067811865476e-01  7.071067811865476e-01 -3.124842898819631e-18	-7.193784354102739e+02 -7.193784354102739e+02  3.179073734356852e-15	1	0	0.000000000000000e+00	0.000000000000000e+00	0.000000000000000e+00
3	-5.773502691896258e-01  5.773502691896258e-01  5.773502691896258e-01	 7.071067811865476e-01 -3.124842898819631e-18  7.071067811865476e-01	 8.030942244427697e+02 -3.549030148066116e-15  8.030942244427697e+02	1	0	0.000000000000000e+00	0.000000000000000e+00	0.000000000000000e+00
4	-5.773502691896258e-01  5.773502691896258e-01  5.773502691896258e-01	 0.000000000000000e+00  7.071067811865476e-01 -7.071067811865476e-01	 0.000000000000000e+00 -8.625613021693013e+02  8.625613021693013e+02	1	0	0.000000000000000e+00	0.000000000000000e+00	0.000000000000000e+00
5	-5.773502691896258e-01  5.773502691896258e-01  5.773502691896258e-01	-7.071067811865476e-01 -7.071067811865476e-01  3.124842898819631e-18	 9.364621366255734e+02  9.364621366255734e+02 -4.138408986458117e-15	1	0	0.000000000000000e+00	0.000000000000000e+00	0.000000000000000e+00
6	 5.773502691896258e-01 -5.773502691896258e-01 -5.773502691896258e-01	0.000000000000000e+00 0.000000000000000e+00 0.000000000000000e+00	1.570392732195782e+03 3.025315410553647e+02 8.256108849411653e+02	1	1	0.000000000000000e+00	0.000000000000000e+00	0.000000000000000e+00
7	-5.773502691896258e-01 -5.773502691896258e-01 -5.773502691896258e-01	-7.071067811865476e-01  0.000000000000000e+00  7.071067811865476e-01	-4.024131376251693e+02  0.000000000000000e+00  4.024131376251693e+02	1	0	0.000000000000000e+00	0.000000000000000e+00	0.000000000000000e+00
8	-5.773502691896258e-01 -5.773502691896258e-01 -5.773502691896258e-01	 0.000000000000000e+00 -7.071067811865476e-01  7.071067811865476e-01	 0.000000000000000e+00 -7.730720104449091e+02  7.730720104449091e+02	1	0	0.000000000000000e+00	0.000000000000000e+00	0.000000000000000e+00
9	-5.773502691896258e-01 -5.773502691896258e-01 -5.773502691896258e-01	 7.071067811865476e-01 -7.071067811865476e-01  0.000000000000000e+00	 9.560920457780206e+02 -9.560920457780206e+02  0.000000000000000e+00	1	0	0.000000000000000e+00	0.000000000000000e+00	0.000000000000000e+00
10	-5.773502691896258e-01 -5.773502691896258e-01 -5.773502691896258e-01	 7.071067811865476e-01  0.000000000000000e+00 -7.071067811865476e-01	 1.580785037041196e+03  0.000000000000000e+00 -1.580785037041196e+03	1	0	0.000000000000000e+00	0.000000000000000e+00	0.000000000000000e+00
11	-5.773502691896258e-01 -5.773502691896258e-01 -5.773502691896258e-01	 0.000000000000000e+00  7.071067811865476e-01 -7.071067811865476e-01	 0.000000000000000e+00  1.161628741609527e+03 -1.161628741609527e+03	1	0	0.000000000000000e+00	0.000000000000000e+00	0.000000000000000e+00
12	-5.773502691896258e-01 -5.773502691896258e-01 -5.773502691896258e-01	-7.071067811865476e-01  7.071067811865476e-01  0.000000000000000e+00	-1.662768775266123e+02  1.662768775266123e+02  0.000000000000000e+00	1	0	0.000000000000000e+00	0.000000000000000e+00	0.000000000000000e+00
13	5.773502691896258e-01 5.773502691896258e-01 5.773502691896258e-01	0.000000000000000e+00 0.000000000000000e+00 0.000000000000000e+00	-2.170837012152994e+02  1.154700538379251e+02  5.877425740350395e+02	1	1	0.000000000000000e+00	0.000000000000000e+00	0.000000000000000e+00
14	-5.773502691896258e-01  5.773502691896258e-01 -5.773502691896258e-01	 7.071067811865476e-01  0.000000000000000e+00 -7.071067811865476e-01	-5.328942984620248e+02  0.000000000000000e+00  5.328942984620248e+02	1	0	0.000000000000000e+00	0.000000000000000e+00	0.000000000000000e+00
15	-5.773502691896258e-01  5.773502691896258e-01 -5.773502691896258e-01	-3.124842898819631e-18  7.071067811865476e-01  7.071067811865476e-01	 8.547268868455420e-16 -1.934123401785247e+02 -1.934123401785247e+02	1	0	0.000000000000000e+00	0.000000000000000e+00	0.000000000000000e+00
16	-5.773502691896258e-01  5.773502691896258e-01 -5.773502691896258e-01	 7.071067811865476e-01  7.071067811865476e-01 -3.124842898819631e-18	 5.519468573452824e+02  5.519468573452824e+02 -2.439160906938323e-15	1	0	0.000000000000000e+00	0.000000000000000e+00	0.000000000000000e+00
17	-5.773502691896258e-01  5.773502691896258e-01 -5.773502691896258e-01	-7.071067811865476e-01  0.000000000000000e+00  7.071067811865476e-01	 1.412198758437825e+03  0.000000000000000e+00 -1.412198758437825e+03	1	0	0.000000000000000e+00	0.000000000000000e+00	0.000000000000000e+00
18	-5.773502691896258e-01  5.773502691896258e-01 -5.773502691896258e-01	-3.124842898819631e-18  7.071067811865476e-01  7.071067811865476e-01	 9.389238637586849e-16 -2.124648990617823e+02 -2.124648990617823e+02	1	0	0.000000000000000e+00	0.000000000000000e+00	0.000000000000000e+00
19	-5.773502691896258e-01  5.773502691896258e-01 -5.773502691896258e-01	-7.071067811865476e-01 -7.071067811865476e-01  3.124842898819631e-18	-7.851963660978913e+01 -7.851963660978913e+01  3.469936018238618e-16	1	0	0.000000000000000e+00	0.000000000000000e+00	0.000000000000000e+00
20	 5.773502691896258e-01 -5.773502691896258e-01  5.773502691896258e-01	0.000000000000000e+00 0.000000000000000e+00 0.000000000000000e+00	-7.597929542535472e+02  6.027536810339691e+02  3.059956426705008e+02	1	1	0.000000000000000e+00	0.000000000000000e+00	0.000000000000000e+00
0	0	1	0
6	0	1	0
5	5	0	0
6	5	0	0
0	6	0	0
5	0	6	0
1	1	2	0
6	1	2	0
0	1	7	0
1	7	1	0
2	2	3	0
6	2	3	0
1	2	8	0
2	8	2	0
3	3	4	0
6	3	4	0
2	3	9	0
3	9	3	0
4	4	5	0
6	4	5	0
3	4	10	0
4	10	4	0
4	5	11	0
5	11	5	0
5	6	66	0
0	67	6	0
0	7	42	0
1	68	7	0
2	69	8	0
1	8	70	0
2	9	71	0
3	72	9	0
3	10	38	0
4	73	10	0
5	74	11	0
4	11	75	0
7	12	13	0
13	12	13	0
12	17	12	0
13	17	12	0
7	18	12	0
12	12	18	0
8	13	14	0
13	13	14	0
7	13	19	0
8	19	13	0
9	14	15	0
13	14	15	0
8	14	20	0
9	20	14	0
10	15	16	0
13	15	16	0
9	15	21	0
10	21	15	0
11	16	17	0
13	16	17	0
10	16	22	0
11	22	16	0
11	17	23	0
12	23	17	0
7	76	18	0
12	18	110	0
7	19	78	0
8	79	19	0
8	20	80	0
9	111	20	0
10	83	21	0
9	21	112	0
10	22	84	0
11	85	22	0
11	23	87	0
12	113	23	0
14	24	25	0
20	24	25	0
19	29	24	0
20	29	24	0
14	30	24	0
19	24	30	0
15	25	26	0
20	25	26	0
14	25	31	0
15	31	25	0
16	26	27	0
20	26	27	0
15	26	32	0
16	32	26	0
17	27	28	0
20	27	28	0
16	27	33	0
17	33	27	0
18	28	29	0
20	28	29	0
17	28	34	0
18	34	28	0
18	29	35	0
19	35	29	0
14	88	30	0
19	30	89	0
14	31	90	0
15	91	31	0
16	40	32	0
15	32	92	0
17	93	33	0
16	33	94	0
17	34	95	0
18	96	34	0
19	36	35	0
18	35	97	0
19	98	36	0
15	36	99	0
15	100	36	0
1	38	101	0
1	102	38	0
3	38	103	0
16	104	40	0
18	40	105	0
18	106	40	0
0	42	107	0
4	42	108	0
4	109	42	0
5	66	44	0
5	44	74	0
0	45	67	0
0	107	45	0
1	46	68	0
1	101	46	0
2	47	69	0
2	71	47	0
1	70	48	0
1	48	102	0
3	49	72	0
3	103	49	0
4	50	73	0
4	108	50	0
4	75	51	0
4	51	109	0
7	52	76	0
7	78	52	0
12	114	53	0
12	53	115	0
8	54	79	0
8	80	54	0
9	55	116	0
9	117	55	0
10	56	83	0
10	84	56	0
11	57	85	0
11	87	57	0
14	58	88	0
14	90	58	0
19	89	59	0
19	59	98	0
15	60	91	0
15	99	60	0
15	92	61	0
15	61	100	0
17	62	93	0
17	95	62	0
16	94	63	0
16	63	104	0
18	64	96	0
18	105	64	0
18	97	65	0
18	65	106	0
12	110	77	0
12	77	114	0
9	81	111	0
9	116	81	0
9	112	82	0
9	82	117	0
12	86	113	0
12	115	86	0
