114
21
172
0	1.570392732195782e+03 3.025315410553647e+02 8.256108849411653e+02	0.000000000000000e+00 0.000000000000000e+00 0.000000000000000e+00	1.000000000000000e+00	0	0	0
1	 1.130451827073287e+03 -5.773502691896260e+02  1.265551790063660e+03	0.000000000000000e+00 0.000000000000000e+00 0.000000000000000e+00	1.000000000000000e+00	0	0	1
2	-1.974537920628516e+02 -1.241303078757696e+03  6.015989804955904e+02	0.000000000000000e+00 0.000000000000000e+00 0.000000000000000e+00	1.000000000000000e+00	0	0	2
3	 2.032272947547480e+02 -1.641984165575296e+03  1.402961154130791e+03	0.000000000000000e+00 0.000000000000000e+00 0.000000000000000e+00	1.000000000000000e+00	0	0	3
4	 6.431681998772439e+02 -7.621023553303065e+02  9.630202490082960e+02	0.000000000000000e+00 0.000000000000000e+00 0.000000000000000e+00	1.000000000000000e+00	0	0	4
5	 1.971073819013383e+03 -9.814954576223676e+01  1.626973058576365e+03	0.000000000000000e+00 0.000000000000000e+00 0.000000000000000e+00	1.000000000000000e+00	0	0	5
6	1.570011388193424e+03 3.029128850577220e+02 8.259922289435226e+02	-1.148880546679720e-04  1.174324352177791e-04  1.137529397965409e-04	1.000000000000000e+00	0	0	6
7	 1.129497128054331e+03 -5.763955701706699e+02  1.266506489082616e+03	-4.748025870261093e-04  4.748025870261093e-04  4.748025870261093e-04	1.000000000000000e+00	0	0	7
8	-1.970722632087181e+02 -1.241684607611830e+03  6.012174516414568e+02	 1.103625618270598e-04 -1.108766373363324e-04 -1.108649303205311e-04	1.000000000000000e+00	0	0	8
9	 2.032230749741145e+02 -1.641979945794662e+03  1.402965373911424e+03	 1.602520342203206e-06 -1.776768954186991e-06 -1.425199457116832e-06	1.000000000000000e+00	0	0	9
10	 6.437532780410996e+02 -7.626874334941624e+02  9.624351708444401e+02	 3.773163092167427e-04 -3.773163092167428e-04 -3.773163092167427e-04	1.000000000000000e+00	0	0	10
11	 1.971162871546187e+03 -9.823859829504070e+01  1.626884006043561e+03	 2.989242057083175e-05 -2.973202208522707e-05 -2.968669468828011e-05	1.000000000000000e+00	0	0	11
12	-2.170837012152994e+02  1.154700538379251e+02  5.877425740350395e+02	0.000000000000000e+00 0.000000000000000e+00 0.000000000000000e+00	1.000000000000000e+00	12	0	12
13	 1.408734656822689e+02 -6.004442799572098e+02  9.456997409326077e+02	0.000000000000000e+00 0.000000000000000e+00 0.000000000000000e+00	1.000000000000000e+00	12	0	13
14	 9.214510296266424e+02 -9.907330619293978e+02  5.554109589604201e+02	0.000000000000000e+00 0.000000000000000e+00 0.000000000000000e+00	1.000000000000000e+00	12	0	14
15	 1.853294364098699e+03 -5.888972745734176e+01 -1.308275709983692e+03	0.000000000000000e+00 0.000000000000000e+00 0.000000000000000e+00	1.000000000000000e+00	12	0	15
16	 1.495337197201131e+03  6.570246063377946e+02 -1.666232876881260e+03	0.000000000000000e+00 0.000000000000000e+00 0.000000000000000e+00	1.000000000000000e+00	12	0	16
17	 7.147596332567570e+02  1.047313388309982e+03 -1.275944094909073e+03	0.000000000000000e+00 0.000000000000000e+00 0.000000000000000e+00	1.000000000000000e+00	12	0	17
18	-2.179344548588998e+02  1.146193001943247e+02  5.868918203914392e+02	-2.434810739941895e-04 -2.434810739941895e-04 -2.434810739941895e-04	1.000000000000000e+00	12	0	18
19	 1.421054216828349e+02 -5.992123239566439e+02  9.469316969331737e+02	3.484071930870414e-04 3.484071930870414e-04 3.484071930870414e-04	1.000000000000000e+00	12	0	19
20	 9.217134852275200e+02 -9.904706063285201e+02  5.556734145612977e+02	8.737810276215896e-05 8.433340553892776e-05 8.490965410601348e-05	1.000000000000000e+00	12	0	20
21	 1.853714646166150e+03 -5.846944538989072e+01 -1.307855427916241e+03	1.221148559125140e-04 1.219763580593280e-04 1.221171260112897e-04	1.000000000000000e+00	12	0	21
22	 1.496472635523820e+03  6.581600446604835e+02 -1.665097438558571e+03	3.354496050936480e-04 3.354496050936480e-04 3.354496050936480e-04	1.000000000000000e+00	12	0	22
23	 7.194771546143194e+02  1.052030909667544e+03 -1.271226573551511e+03	1.348673598840833e-03 1.348673598840833e-03 1.348673598840833e-03	1.000000000000000e+00	12	0	23
24	-7.597929542535472e+02  6.027536810339691e+02  3.059956426705008e+02	0.000000000000000e+00 0.000000000000000e+00 0.000000000000000e+00	1.000000000000000e+00	24	0	24
25	-1.191650955607388e+03 -2.609623216737101e+02 -1.258623586833382e+02	0.000000000000000e+00 0.000000000000000e+00 0.000000000000000e+00	1.000000000000000e+00	24	0	25
26	 5.126870390403868e+02  5.912066756501777e+02 -9.780313560072266e+02	0.000000000000000e+00 0.000000000000000e+00 0.000000000000000e+00	1.000000000000000e+00	24	0	26
27	 9.572467463163994e+02  1.466469683741651e+02 -1.867150770559250e+03	0.000000000000000e+00 0.000000000000000e+00 0.000000000000000e+00	1.000000000000000e+00	24	0	27
28	 1.389104747670240e+03  1.010362971081845e+03 -1.435292769205410e+03	0.000000000000000e+00 0.000000000000000e+00 0.000000000000000e+00	1.000000000000000e+00	24	0	28
29	-3.152332469775362e+02  1.581939737579582e+02 -5.831237718815206e+02	0.000000000000000e+00 0.000000000000000e+00 0.000000000000000e+00	1.000000000000000e+00	24	0	29
30	-7.600486450159630e+02  6.030093717963849e+02  3.057399519080850e+02	-7.442256901413202e-05  7.449040276696905e-05 -7.321545126615092e-05	1.000000000000000e+00	24	0	30
31	-1.192151218927429e+03 -2.604620583536695e+02 -1.263626220033788e+02	-1.474836608394980e-04  1.465048553654924e-04 -1.474441378377378e-04	1.000000000000000e+00	24	0	31
32	 5.022429388443342e+02  6.016507758462303e+02 -9.884754562032792e+02	-4.379391272474701e-04  4.379391272474701e-04 -4.379391272474702e-04	1.000000000000000e+00	24	0	32
33	 9.552775732436634e+02  1.486161414469011e+02 -1.869119943631986e+03	-5.819044308736920e-04  5.819044308736920e-04 -5.819044308736920e-04	1.000000000000000e+00	24	0	33
34	 1.385365917508593e+03  1.014101801243491e+03 -1.439031599367056e+03	-1.111317736407121e-03  1.111317736407121e-03 -1.111317736407121e-03	1.000000000000000e+00	24	0	34
35	-3.056312051435416e+02  1.485919319239636e+02 -5.735217300475260e+02	 5.828076342974479e-04 -5.828076342974479e-04  5.828076342974479e-04	1.000000000000000e+00	24	0	35
36	-3.302862459387590e+02  1.732469727191810e+02 -5.600716530762287e+02	-9.150290134130046e-05  6.044588371878490e-05  1.713461097097024e-04	1.000000000000000e+00	24	0	36
38	 6.031855679632853e+02 -8.398991783310320e+02  1.003002880922254e+03	-2.430036208049084e-04  2.430036208049084e-04  2.430036208049084e-04	1.000000000000000e+00	0	0	38
40	 5.281593007129318e+02  5.757344139776329e+02 -1.000664212101197e+03	 3.913930777343921e-05 -1.128733765654033e-05 -1.418075553374365e-04	1.000000000000000e+00	24	0	40
42	 1.169931908494591e+03 -4.990508956962457e+02  1.226071708642356e+03	 1.061350849340670e-04 -9.626070823287591e-05 -9.992947161663324e-05	1.000000000000000e+00	0	0	42
44	1.770796337619284e+03 1.021279356318632e+02 1.226228989839826e+03	 1.984774462471250e-05 -1.984774462471250e-05 -1.979807893803809e-05	1.000000000000000e+00	0	0	44
45	 1.369090589549052e+03 -9.718915455292523e+01  1.026913027587895e+03	-2.900817780755460e-04  2.893635828513652e-04  2.900817780755460e-04	1.000000000000000e+00	0	0	45
46	 8.654142278538578e+02 -7.072219802550594e+02  1.135680078998227e+03	-8.870628080330789e-04  8.855735650286078e-04  8.855735650286078e-04	1.000000000000000e+00	0	0	46
47	 3.222630975989899e+00 -1.441979501796538e+03  1.001944276169351e+03	 9.800379484659061e-05 -9.800379484659061e-05 -9.795636287890375e-05	1.000000000000000e+00	0	0	47
48	 2.039000169459660e+02 -1.041634237179858e+03  8.012678220734285e+02	 1.888790429802611e-04 -1.883033692138270e-04 -1.883033692138270e-04	1.000000000000000e+00	0	0	48
49	 4.031269462271705e+02 -1.240863523621406e+03  1.203061502658369e+03	-1.282727171201259e-04  1.274991809623316e-04  1.282727171201259e-04	1.000000000000000e+00	0	0	49
50	 9.085544050995877e+02 -6.325715049313562e+02  1.092551099407246e+03	 9.874356910586357e-04 -9.796358644962311e-04 -9.796358644962311e-04	1.000000000000000e+00	0	0	50
51	 1.570759602855043e+03 -2.988566529997615e+02  1.426265951338841e+03	 1.163388078566641e-04 -1.161417676485144e-04 -1.161417676485144e-04	1.000000000000000e+00	0	0	51
52	-3.775075341486557e+01 -2.421325887357620e+02  7.670755218354731e+02	1.084213508875109e-04 1.085348412743770e-04 1.084213508875109e-04	1.000000000000000e+00	12	0	52
53	 2.489411015851933e+02  5.814948566384179e+02 -3.439975805507327e+02	1.401463759975741e-05 1.401463759975741e-05 1.404426166118355e-05	1.000000000000000e+00	12	0	53
54	 5.311210173679330e+02 -7.956239384961226e+02  7.505200823936956e+02	5.011752364225686e-06 8.468999112665188e-06 8.468999112665188e-06	1.000000000000000e+00	12	0	54
55	 1.387407318037859e+03 -5.247767735181824e+02 -3.763977350190708e+02	1.173016607936006e-05 1.173016607936006e-05 1.174223143607378e-05	1.000000000000000e+00	12	0	55
56	 1.675293281589974e+03  3.000437772754154e+02 -1.486276792492418e+03	2.748062834143639e-04 2.741432981565595e-04 2.748062834143639e-04	1.000000000000000e+00	12	0	56
57	 1.101094520221767e+03  8.480955591150730e+02 -1.475161924103982e+03	-9.829937480390072e-04 -1.047579338774085e-03 -1.047579338774085e-03	1.000000000000000e+00	12	0	57
58	-9.764605843275674e+02  1.716360196541656e+02  8.932801259648225e+01	-2.059386897599325e-04  2.069089969154447e-04 -2.059386897599325e-04	1.000000000000000e+00	24	0	58
59	-5.441284297187331e+02  3.870891564991548e+02 -1.261274433170089e+02	-7.022386853350326e-05  7.022386853350326e-05 -7.051995635265484e-05	1.000000000000000e+00	24	0	59
60	-7.603859922153406e+02 -4.444222459280298e+01 -3.423824557642465e+02	-1.844118087319657e-04  1.831453701015562e-04 -1.831453701015562e-04	1.000000000000000e+00	24	0	60
61	 8.424361738200543e+01  3.891108071998365e+02 -7.759354875568860e+02	-1.687917028903030e-05  1.640485788811930e-05 -1.640485788811930e-05	1.000000000000000e+00	24	0	61
62	 1.172469808759293e+03  5.792018732341462e+02 -1.651927708116357e+03	-2.961060381494462e-04  2.886767033487558e-04 -2.961060381494462e-04	1.000000000000000e+00	24	0	62
63	 7.378576785053290e+02  3.660360361852358e+02 -1.438750528230307e+03	-1.019927323795855e-03  1.019927323795855e-03 -1.018706476315856e-03	1.000000000000000e+00	24	0	63
64	 9.594476368815945e+02  7.922830116787482e+02 -1.217212809802313e+03	 6.093454430811107e-04 -5.812448216602206e-04  5.812448216602206e-04	1.000000000000000e+00	24	0	64
65	 1.133435909062580e+02  3.600209502142288e+02 -7.849507483377936e+02	 1.036453031701967e-04 -1.035449167829938e-04  1.035449167829938e-04	1.000000000000000e+00	24	0	65
66	1.670806777431045e+03 2.021174958201016e+02 1.025706936685513e+03	 7.492664735764265e-05 -7.492664735764265e-05 -7.538797945016995e-05	1.000000000000000e+00	0	0	66
67	1.469123757378848e+03 1.032923018174476e+02 9.268798597580997e+02	-3.316005750093609e-04  3.331960760988295e-04  3.316005750093609e-04	1.000000000000000e+00	0	0	67
68	 9.973086401932756e+02 -6.416541863234338e+02  1.201247872929852e+03	-7.594497874379158e-04  7.662447751499712e-04  7.662447751499712e-04	1.000000000000000e+00	0	0	68
69	-9.696853106002889e+01 -1.341788339760519e+03  8.016245729054153e+02	 9.002625301945955e-05 -9.002625301945955e-05 -9.000606223708019e-05	1.000000000000000e+00	0	0	69
70	 3.614746031839246e+00 -1.141861481598519e+03  7.010405776547673e+02	 2.071956550935283e-04 -2.075776428682730e-04 -2.075776428682730e-04	1.000000000000000e+00	0	0	70
71	 1.032994491896661e+02 -1.542056320010214e+03  1.202378486401283e+03	 7.434696453856304e-05 -7.434696453856304e-05 -7.416481821564957e-05	1.000000000000000e+00	0	0	71
72	 3.031425814577726e+02 -1.441389041649119e+03  1.303045867427767e+03	-7.347050996031612e-05  7.323448517126963e-05  7.347050996031612e-05	1.000000000000000e+00	0	0	72
73	 7.770999208678395e+02 -6.986004684388304e+02  1.026522135899772e+03	 9.878855198621750e-04 -1.004426623694599e-03 -1.004426623694599e-03	1.000000000000000e+00	0	0	73
74	1.870868353591750e+03 2.055919659396524e+00 1.426667734510896e+03	-1.068593519448768e-05  1.068593519448768e-05  1.070356120180804e-05	1.000000000000000e+00	0	0	74
75	 1.771020400142062e+03 -1.986066470069928e+02  1.526515957331610e+03	 9.235543984686956e-05 -9.216691250912845e-05 -9.216691250912845e-05	1.000000000000000e+00	0	0	75
76	-1.272555408903752e+02 -6.316783190713647e+01  6.775707343599635e+02	9.258414502255619e-05 9.362182026961818e-05 9.258414502255619e-05	1.000000000000000e+00	12	0	76
77	1.503472641819924e+01 3.475884814714238e+02 1.209731301333746e+02	-2.474070934113115e-04 -2.474070934113115e-04 -2.505162847228348e-04	1.000000000000000e+00	12	0	77
78	 5.184415527514817e+01 -4.210038125216140e+02  8.566704305254868e+02	1.435888552805409e-04 1.447154354536906e-04 1.435888552805409e-04	1.000000000000000e+00	12	0	78
79	 3.362718818435152e+02 -6.977667320689925e+02  8.483772888208257e+02	9.007255721371621e-05 8.756310126045719e-05 8.756310126045719e-05	1.000000000000000e+00	12	0	79
80	 7.276898921430100e+02 -8.917759973629701e+02  6.543680235268481e+02	3.874312969855964e-04 3.882909077219665e-04 3.882909077219665e-04	1.000000000000000e+00	12	0	80
81	 1.154349744850302e+03 -7.578343467057389e+02  8.942712001581029e+01	-1.720188629406039e-05 -1.720188629406039e-05 -1.723124842101242e-05	1.000000000000000e+00	12	0	81
82	 1.620609776101660e+03 -2.915743154543811e+02 -8.420775349125203e+02	8.145965693984181e-05 8.145965693984181e-05 8.161195728462189e-05	1.000000000000000e+00	12	0	82
83	 1.764399396992923e+03  1.206816656845970e+02 -1.397170677089468e+03	1.700468128547072e-04 1.691933430265635e-04 1.700468128547072e-04	1.000000000000000e+00	12	0	83
84	 1.585767752730912e+03  4.789869585670756e+02 -1.575802321351479e+03	2.712763671297580e-04 2.710479311645031e-04 2.712763671297580e-04	1.000000000000000e+00	12	0	84
85	 1.302225435917319e+03  7.565926754183806e+02 -1.566664807800674e+03	5.221366882324219e-04 5.016886279918253e-04 5.016886279918253e-04	1.000000000000000e+00	12	0	85
86	 4.820305452369587e+02  8.145843002901833e+02 -8.097869982084983e+02	7.168103184085339e-05 7.168103184085339e-05 7.397931767627597e-05	1.000000000000000e+00	12	0	86
87	 9.151110322201887e+02  9.548200601818849e+02 -1.368437423037170e+03	1.481414423324168e-03 1.409702003002167e-03 1.409702003002167e-03	1.000000000000000e+00	12	0	87
88	-8.679433752127090e+02  3.870114520536756e+02  1.978452217113407e+02	-4.739427822642028e-05  4.788318619830534e-05 -4.739427822642028e-05	1.000000000000000e+00	24	0	88
89	-6.526862746561387e+02  4.956470014365604e+02  8.920895657400970e+01	-2.454138011671603e-04  2.454138011671603e-04 -2.453264605719596e-04	1.000000000000000e+00	24	0	89
90	-1.084613614986207e+03 -4.410700773018704e+01 -1.882501806215690e+01	-2.641353057697415e-04  2.636627468746156e-04 -2.641353057697415e-04	1.000000000000000e+00	24	0	90
91	-9.759711684105358e+02 -1.527488957672951e+02 -2.340757845897544e+02	-7.948041456984356e-05  7.929434650577605e-05 -7.929434650577605e-05	1.000000000000000e+00	24	0	91
92	 2.932198899451290e+02  4.954144866537371e+02 -8.822391670107864e+02	-1.821029436541721e-04  1.792510884115472e-04 -1.792510884115472e-04	1.000000000000000e+00	24	0	92
93	 1.063973737993386e+03  3.638194496798167e+02 -1.760423778882265e+03	-3.608859551604837e-04  3.640960203483701e-04 -3.608859551604837e-04	1.000000000000000e+00	24	0	93
94	 8.460382574296244e+02  2.578554572609404e+02 -1.654481714313286e+03	-9.546642540954053e-04  9.546642540954053e-04 -9.640989010222256e-04	1.000000000000000e+00	24	0	94
95	 1.276412632678885e+03  7.990645598363005e+02 -1.547984884196765e+03	-1.368575496599078e-03  1.320695388130844e-03 -1.368575496599078e-03	1.000000000000000e+00	24	0	95
96	 1.171271103978205e+03  9.042999936164483e+02 -1.329229791740013e+03	-5.604589823633432e-04  5.578412674367428e-04 -5.578412674367428e-04	1.000000000000000e+00	24	0	96
97	-9.647597599187716e+01  2.545950517146687e+02 -6.795248498382334e+02	 1.953253522515297e-04 -1.920205831993371e-04  1.920205831993371e-04	1.000000000000000e+00	24	0	97
98	-4.346621269334672e+02  2.776228537138889e+02 -3.405785970812004e+02	 3.631525323726237e-04 -3.631525323726237e-04  3.503548214212060e-04	1.000000000000000e+00	24	0	98
99	-5.450576734648096e+02  6.411345086390628e+01 -4.509381312209557e+02	-3.910667728632689e-04  3.858945856336504e-04 -3.858945856336504e-04	1.000000000000000e+00	24	0	99
100	-1.262834610047080e+02  2.841928422233663e+02 -6.710175225804156e+02	-5.160411456017755e-05  2.990531720570289e-05 -2.990531720570289e-05	1.000000000000000e+00	24	0	100
101	 7.341700756438030e+02 -7.734371274216328e+02  1.069464931831653e+03	-7.182967383414507e-04  7.102078525349498e-04  7.102078525349498e-04	1.000000000000000e+00	0	0	101
102	 4.037590986127477e+02 -9.409822012111692e+02  9.019198580421169e+02	 5.222348045208491e-05 -5.145143222762272e-05 -5.145143222762272e-05	1.000000000000000e+00	0	0	102
103	 5.027483488267137e+02 -1.039972603907008e+03  1.103440100058826e+03	-2.844305417966098e-04  2.844589471351355e-04  2.844305417966098e-04	1.000000000000000e+00	0	0	103
104	 6.302665786722040e+02  4.736271360183608e+02 -1.222370623662885e+03	-9.363345452584326e-04  9.363345452584326e-04 -8.950234041549265e-04	1.000000000000000e+00	24	0	104
105	 7.424490094404657e+02  6.853579339281193e+02 -1.110287732051684e+03	 3.983547212556005e-04 -3.912168613169342e-04  3.912168613169342e-04	1.000000000000000e+00	24	0	105
106	 3.243663045282923e+02  4.645308108315871e+02 -8.894606089551518e+02	 6.262244278332219e-05 -4.015215745312162e-05  4.015215745312162e-05	1.000000000000000e+00	24	0	106
107	 1.269115197675828e+03 -2.977265316535987e+02  1.126888419461119e+03	-2.368387649767101e-04  2.348192647332326e-04  2.368387649767101e-04	1.000000000000000e+00	0	0	107
108	 1.039680121597318e+03 -5.662363677470455e+02  1.158886236591557e+03	 7.695942185819149e-04 -7.539521320722997e-04 -7.539521320722997e-04	1.000000000000000e+00	0	0	108
109	 1.370559834714916e+03 -3.991684808658435e+02  1.325954123472759e+03	 1.648549223318696e-04 -1.651349157327786e-04 -1.651349157327786e-04	1.000000000000000e+00	0	0	109
110	-1.024318016256475e+02  2.301219534275770e+02  3.529540502321009e+02	-5.252471310086548e-04 -5.252471310086548e-04 -5.247332155704498e-04	1.000000000000000e+00	12	0	110
111	 1.037701999144300e+03 -8.744820924117416e+02  3.222211350707434e+02	-6.116719305282459e-05 -6.116719305282459e-05 -6.090530951041728e-05	1.000000000000000e+00	12	0	111
112	 1.737231794936768e+03 -1.749522966192730e+02 -1.074896846696837e+03	1.215094598592259e-04 1.215094598592259e-04 1.216138916788623e-04	1.000000000000000e+00	12	0	112
113	 6.007991116368931e+02  9.333528666901176e+02 -1.040426979589619e+03	7.257090182974935e-04 7.257090182974935e-04 7.466051611118019e-04	1.000000000000000e+00	12	0	113
114	 1.324439385088069e+02  4.649976935620315e+02 -1.110536945734799e+02	1.509758476458956e-05 1.509758476458956e-05 1.496972072345670e-05	1.000000000000000e+00	12	0	114
115	 3.652196378496288e+02  6.977733929028534e+02 -5.771604259884650e+02	-5.382205563364550e-05 -5.382205563364550e-05 -5.389157740864903e-05	1.000000000000000e+00	12	0	115
116	 1.270881712674949e+03 -6.413023788810924e+02 -1.434821121564770e+02	-1.909214006445836e-06 -1.909214006445836e-06 -1.910540731842048e-06	1.000000000000000e+00	12	0	116
117	 1.503979001383818e+03 -4.082050901722230e+02 -6.092672129477647e+02	3.839156852336600e-05 3.839156852336600e-05 3.845591709250584e-05	1.000000000000000e+00	12	0	117
0	-5.773502691896258e-01  5.773502691896258e-01  5.773502691896258e-01	-7.071067811865476e-01  3.124842898819631e-18 -7.071067811865476e-01	 1.198001808568474e+03 -5.294203851356715e-15  1.198001808568474e+03	1	0	0.000000000000000e+00	0.000000000000000e+00	0.000000000000000e+00
1	-5.773502691896258e-01  5.773502691896258e-01  5.773502691896258e-01	 0.000000000000000e+00  7.071067811865476e-01 -7.071067811865476e-01	 0.000000000000000e+00 -9.214510296266430e+02  9.214510296266430e+02	1	0	0.000000000000000e+00	0.000000000000000e+00	0.000000000000000e+00
2	-5.773502691896258e-01  5.773502691896258e-01  5.773502691896258e-01	 7.071067811865476e-01  7.071067811865476e-01 -3.124842898819631e-18	-7.193784354102739e+02 -7.193784354102739e+02  3.179073734356852e-15	1	0	0.000000000000000e+00	0.000000000000000e+00	0.000000000000000e+00
3	-5.773502691896258e-01  5.773502691896258e-01  5.773502691896258e-01	 7.071067811865476e-01 -3.124842898819631e-18  7.071067811865476e-01	 8.030942244427697e+02 -3.549030148066116e-15  8.030942244427697e+02	1	0	0.000000000000000e+00	0.000000000000000e+00	0.000000000000000e+00
4	-5.773502691896258e-01  5.773502691896258e-01  5.773502691896258e-01	 0.000000000000000e+00  7.071067811865476e-01 -7.071067811865476e-01	 0.000000000000000e+00 -8.625613021693013e+02  8.625613021693013e+02	1	0	0.000000000000000e+00	0.000000000000000e+00	0.000000000000000e+00
5	-5.773502691896258e-01  5.773502691896258e-01  5.773502691896258e-01	-7.071067811865476e-01 -7.071067811865476e-01  3.124842898819631e-18	 9.364621366255734e+02  9.364621366255734e+02 -4.138408986458117e-15	1	0	0.000000000000000e+00	0.000000000000000e+00	0.000000000000000e+00
6	 5.773502691896258e-01 -5.773502691896258e-01 -5.773502691896258e-01	0.000000000000000e+00 0.000000000000000e+00 0.000000000000000e+00	1.570392732195782e+03 3.025315410553647e+02 8.256108849411653e+02	1	1	0.000000000000000e+00	0.000000000000000e+00	0.000000000000000e+00
7	-5.773502691896258e-01 -5.773502691896258e-01 -5.773502691896258e-01	-7.071067811865476e-01  0.000000000000000e+00  7.071067811865476e-01	-4.024131376251693e+02  0.000000000000000e+00  4.024131376251693e+02	1	0	0.000000000000000e+00	0.000000000000000e+00	0.000000000000000e+00
8	-5.773502691896258e-01 -5.773502691896258e-01 -5.773502691896258e-01	 0.000000000000000e+00 -7.071067811865476e-01  7.071067811865476e-01	 0.000000000000000e+00 -7.730720104449091e+02  7.730720104449091e+02	1	0	0.000000000000000e+00	0.000000000000000e+00	0.000000000000000e+00
9	-5.773502691896258e-01 -5.773502691896258e-01 -5.773502691896258e-01	 7.071067811865476e-01 -7.071067811865476e-01  0.000000000000000e+00	 9.560920457780206e+02 -9.560920457780206e+02  0.000000000000000e+00	1	0	0.000000000000000e+00	0.000000000000000e+00	0.000000000000000e+00
10	-5.773502691896258e-01 -5.773502691896258e-01 -5.773502691896258e-01	 7.071067811865476e-01  0.000000000000000e+00 -7.071067811865476e-01	 1.580785037041196e+03  0.000000000000000e+00 -1.580785037041196e+03	1	0	0.000000000000000e+00	0.000000000000000e+00	0.000000000000000e+00
11	-5.773502691896258e-01 -5.773502691896258e-01 -5.773502691896258e-01	 0.000000000000000e+00  7.071067811865476e-01 -7.071067811865476e-01	 0.000000000000000e+00  1.161628741609527e+03 -1.161628741609527e+03	1	0	0.000000000000000e+00	0.000000000000000e+00	0.000000000000000e+00
12	-5.773502691896258e-01 -5.773502691896258e-01 -5.773502691896258e-01	-7.071067811865476e-01  7.071067811865476e-01  0.000000000000000e+00	-1.662768775266123e+02  1.662768775266123e+02  0.000000000000000e+00	1	0	0.000000000000000e+00	0.000000000000000e+00	0.000000000000000e+00
13	5.773502691896258e-01 5.773502691896258e-01 5.773502691896258e-01	0.000000000000000e+00 0.000000000000000e+00 0.000000000000000e+00	-2.170837012152994e+02  1.154700538379251e+02  5.877425740350395e+02	1	1	0.000000000000000e+00	0.000000000000000e+00	0.000000000000000e+00
14	-5.773502691896258e-01  5.773502691896258e-01 -5.773502691896258e-01	 7.071067811865476e-01  0.000000000000000e+00 -7.071067811865476e-01	-5.328942984620248e+02  0.000000000000000e+00  5.328942984620248e+02	1	0	0.000000000000000e+00	0.000000000000000e+00	0.000000000000000e+00
15	-5.773502691896258e-01  5.773502691896258e-01 -5.773502691896258e-01	-3.124842898819631e-18  7.071067811865476e-01  7.071067811865476e-01	 8.547268868455420e-16 -1.934123401785247e+02 -1.934123401785247e+02	1	0	0.000000000000000e+00	0.000000000000000e+00	0.000000000000000e+00
16	-5.773502691896258e-01  5.773502691896258e-01 -5.773502691896258e-01	 7.071067811865476e-01  7.071067811865476e-01 -3.124842898819631e-18	 5.519468573452824e+02  5.519468573452824e+02 -2.439160906938323e-15	1	0	0.000000000000000e+00	0.000000000000000e+00	0.000000000000000e+00
17	-5.773502691896258e-01  5.773502691896258e-01 -5.773502691896258e-01	-7.071067811865476e-01  0.000000000000000e+00  7.071067811865476e-01	 1.412198758437825e+03  0.000000000000000e+00 -1.412198758437825e+03	1	0	0.000000000000000e+00	0.000000000000000e+00	0.000000000000000e+00
18	-5.773502691896258e-01  5.773502691896258e-01 -5.773502691896258e-01	-3.124842898819631e-18  7.071067811865476e-01  7.071067811865476e-01	 9.389238637586849e-16 -2.124648990617823e+02 -2.124648990617823e+02	1	0	0.000000000000000e+00	0.000000000000000e+00	0.000000000000000e+00
19	-5.773502691896258e-01  5.773502691896258e-01 -5.773502691896258e-01	-7.071067811865476e-01 -7.071067811865476e-01  3.124842898819631e-18	-7.851963660978913e+01 -7.851963660978913e+01  3.469936018238618e-16	1	0	0.000000000000000e+00	0.000000000000000e+00	0.000000000000000e+00
20	 5.773502691896258e-01 -5.773502691896258e-01  5.773502691896258e-01	0.000000000000000e+00 0.000000000000000e+00 0.000000000000000e+00	-7.597929542535472e+02  6.027536810339691e+02  3.059956426705008e+02	1	1	0.000000000000000e+00	0.000000000000000e+00	0.000000000000000e+00
0	0	1	0
6	0	1	0
5	5	0	0
6	5	0	0
0	6	0	0
5	0	6	0
1	1	2	0
6	1	2	0
0	1	7	0
1	7	1	0
2	2	3	0
6	2	3	0
1	2	8	0
2	8	2	0
3	3	4	0
6	3	4	0
2	3	9	0
3	9	3	0
4	4	5	0
6	4	5	0
3	4	10	0
4	10	4	0
4	5	11	0
5	11	5	0
5	6	66	0
0	67	6	0
0	7	42	0
1	68	7	0
2	69	8	0
1	8	70	0
2	9	71	0
3	72	9	0
3	10	38	0
4	73	10	0
5	74	11	0
4	11	75	0
7	12	13	0
13	12	13	0
12	17	12	0
13	17	12	0
7	18	12	0
12	12	18	0
8	13	14	0
13	13	14	0
7	13	19	0
8	19	13	0
9	14	15	0
13	14	15	0
8	14	20	0
9	20	14	0
10	15	16	0
13	15	16	0
9	15	21	0
10	21	15	0
11	16	17	0
13	16	17	0
10	16	22	0
11	22	16	0
11	17	23	0
12	23	17	0
7	76	18	0
12	18	110	0
7	19	78	0
8	79	19	0
8	20	80	0
9	111	20	0
10	83	21	0
9	21	112	0
10	22	84	0
11	85	22	0
11	23	87	0
12	113	23	0
14	24	25	0
20	24	25	0
19	29	24	0
20	29	24	0
14	30	24	0
19	24	30	0
15	25	26	0
20	25	26	0
14	25	31	0
15	31	25	0
16	26	27	0
20	26	27	0
15	26	32	0
16	32	26	0
17	27	28	0
20	27	28	0
16	27	33	0
17	33	27	0
18	28	29	0
20	28	29	0
17	28	34	0
18	34	28	0
18	29	35	0
19	35	29	0
14	88	30	0
19	30	89	0
14	31	90	0
15	91	31	0
16	40	32	0
15	32	92	0
17	93	33	0
16	33	94	0
17	34	95	0
18	96	34	0
19	36	35	0
18	35	97	0
19	98	36	0
15	36	99	0
15	100	36	0
1	38	101	0
1	102	38	0
3	38	103	0
16	104	40	0
18	40	105	0
18	106	40	0
0	42	107	0
4	42	108	0
4	109	42	0
5	66	44	0
5	44	74	0
0	45	67	0
0	107	45	0
1	46	68	0
1	101	46	0
2	47	69	0
2	71	47	0
1	70	48	0
1	48	102	0
3	49	72	0
3	103	49	0
4	50	73	0
4	108	50	0
4	75	51	0
4	51	109	0
7	52	76	0
7	78	52	0
12	114	53	0
12	53	115	0
8	54	79	0
8	80	54	0
9	55	116	0
9	117	55	0
10	56	83	0
10	84	56	0
11	57	85	0
11	87	57	0
14	58	88	0
14	90	58	0
19	89	59	0
19	59	98	0
15	60	91	0
15	99	60	0
15	92	61	0
15	61	100	0
17	62	93	0
17	95	62	0
16	94	63	0
16	63	104	0
18	64	96	0
18	105	64	0
18	97	65	0
18	65	106	0
12	110	77	0
12	77	114	0
9	81	111	0
9	116	81	0
9	112	82	0
9	82	117	0
12	86	113	0
12	115	86	0
