114
21
172
0	1.570392732195782e+03 3.025315410553647e+02 8.256108849411653e+02	0.000000000000000e+00 0.000000000000000e+00 0.000000000000000e+00	1.000000000000000e+00	0	0	0
1	 1.130451827073287e+03 -5.773502691896260e+02  1.265551790063660e+03	0.000000000000000e+00 0.000000000000000e+00 0.000000000000000e+00	1.000000000000000e+00	0	0	1
2	-1.974537920628516e+02 -1.241303078757696e+03  6.015989804955904e+02	0.000000000000000e+00 0.000000000000000e+00 0.000000000000000e+00	1.000000000000000e+00	0	0	2
3	 2.032272947547480e+02 -1.641984165575296e+03  1.402961154130791e+03	0.000000000000000e+00 0.000000000000000e+00 0.000000000000000e+00	1.000000000000000e+00	0	0	3
4	 6.431681998772439e+02 -7.621023553303065e+02  9.630202490082960e+02	0.000000000000000e+00 0.000000000000000e+00 0.000000000000000e+00	1.000000000000000e+00	0	0	4
5	 1.971073819013383e+03 -9.814954576223676e+01  1.626973058576365e+03	0.000000000000000e+00 0.000000000000000e+00 0.000000000000000e+00	1.000000000000000e+00	0	0	5
6	1.569843848108188e+03 3.030804251429585e+02 8.261597690287592e+02	-1.182758860522881e-04  1.224204024765640e-04  1.162617409136146e-04	1.000000000000000e+00	0	0	6
7	 1.128633817175493e+03 -5.755322592918321e+02  1.267369799961454e+03	-7.496103062294424e-04  7.496103062294424e-04  7.496103062294424e-04	1.000000000000000e+00	0	0	7
8	-1.969143774674308e+02 -1.241842493353117e+03  6.010595659001696e+02	 1.095919287763536e-04 -1.103540780604817e-04 -1.103473550756462e-04	1.000000000000000e+00	0	0	8
9	 2.032271189700139e+02 -1.641983989790562e+03  1.402961329915525e+03	 4.076550339959795e-06 -4.369897396827582e-06 -3.768389660763205e-06	1.000000000000000e+00	0	0	9
10	 6.444844889368323e+02 -7.634186443898950e+02  9.617039599487075e+02	 6.623745042209824e-04 -6.623745042209824e-04 -6.623745042209824e-04	1.000000000000000e+00	0	0	10
11	 1.971207782472208e+03 -9.828350922106097e+01  1.626839095117541e+03	 3.326676232973114e-05 -3.298653609817848e-05 -3.289957021479495e-05	1.000000000000000e+00	0	0	11
12	-2.170837012152994e+02  1.154700538379251e+02  5.877425740350395e+02	0.000000000000000e+00 0.000000000000000e+00 0.000000000000000e+00	1.000000000000000e+00	12	0	12
13	 1.408734656822689e+02 -6.004442799572098e+02  9.456997409326077e+02	0.000000000000000e+00 0.000000000000000e+00 0.000000000000000e+00	1.000000000000000e+00	12	0	13
14	 9.214510296266424e+02 -9.907330619293978e+02  5.554109589604201e+02	0.000000000000000e+00 0.000000000000000e+00 0.000000000000000e+00	1.000000000000000e+00	12	0	14
15	 1.853294364098699e+03 -5.888972745734176e+01 -1.308275709983692e+03	0.000000000000000e+00 0.000000000000000e+00 0.000000000000000e+00	1.000000000000000e+00	12	0	15
16	 1.495337197201131e+03  6.570246063377946e+02 -1.666232876881260e+03	0.000000000000000e+00 0.000000000000000e+00 0.000000000000000e+00	1.000000000000000e+00	12	0	16
17	 7.147596332567570e+02  1.047313388309982e+03 -1.275944094909073e+03	0.000000000000000e+00 0.000000000000000e+00 0.000000000000000e+00	1.000000000000000e+00	12	0	17
18	-2.182797211361488e+02  1.142740339170757e+02  5.865465541141901e+02	-2.394450809030483e-04 -2.394450809030483e-04 -2.394450809030483e-04	1.000000000000000e+00	12	0	18
19	 1.425980613676797e+02 -5.987196842717991e+02  9.474243366180185e+02	3.407453477848321e-04 3.407453477848321e-04 3.407453477848321e-04	1.000000000000000e+00	12	0	19
20	 9.218410689322903e+02 -9.903430226237498e+02  5.558009982660681e+02	9.555127326166257e-05 9.121417679125443e-05 9.203189256368205e-05	1.000000000000000e+00	12	0	20
21	 1.853888560027015e+03 -5.829553152902631e+01 -1.307681514055377e+03	1.212139250128530e-04 1.210261179949157e-04 1.212168790516444e-04	1.000000000000000e+00	12	0	21
22	 1.496954350925526e+03  6.586417600621891e+02 -1.664615723156866e+03	3.379881479001294e-04 3.379881479001294e-04 3.379881479001294e-04	1.000000000000000e+00	12	0	22
23	 7.213904412679944e+02  1.053944196321219e+03 -1.269313286897835e+03	1.327244370865325e-03 1.327244370865325e-03 1.327244370865325e-03	1.000000000000000e+00	12	0	23
24	-7.597929542535472e+02  6.027536810339691e+02  3.059956426705008e+02	0.000000000000000e+00 0.000000000000000e+00 0.000000000000000e+00	1.000000000000000e+00	24	0	24
25	-1.191650955607388e+03 -2.609623216737101e+02 -1.258623586833382e+02	0.000000000000000e+00 0.000000000000000e+00 0.000000000000000e+00	1.000000000000000e+00	24	0	25
26	 5.126870390403868e+02  5.912066756501777e+02 -9.780313560072266e+02	0.000000000000000e+00 0.000000000000000e+00 0.000000000000000e+00	1.000000000000000e+00	24	0	26
27	 9.572467463163994e+02  1.466469683741651e+02 -1.867150770559250e+03	0.000000000000000e+00 0.000000000000000e+00 0.000000000000000e+00	1.000000000000000e+00	24	0	27
28	 1.389104747670240e+03  1.010362971081845e+03 -1.435292769205410e+03	0.000000000000000e+00 0.000000000000000e+00 0.000000000000000e+00	1.000000000000000e+00	24	0	28
29	-3.152332469775362e+02  1.581939737579582e+02 -5.831237718815206e+02	0.000000000000000e+00 0.000000000000000e+00 0.000000000000000e+00	1.000000000000000e+00	24	0	29
30	-7.601544110889420e+02  6.031151378693638e+02  3.056341858351061e+02	-7.443665526807308e-05  7.456486491719261e-05 -7.259139965754002e-05	1.000000000000000e+00	24	0	30
31	-1.192362373296225e+03 -2.602509039848725e+02 -1.265737763721757e+02	-1.486941619077697e-04  1.472310977987945e-04 -1.486019173171371e-04	1.000000000000000e+00	24	0	31
32	 5.018283061553432e+02  6.020654085352213e+02 -9.888900888922702e+02	-2.051201590802521e-04  2.051201590802520e-04 -2.051201590802521e-04	1.000000000000000e+00	24	0	32
33	 9.544411595318740e+02  1.494525551586904e+02 -1.869956357343775e+03	-5.879066690492133e-04  5.879066690492133e-04 -5.879066690492133e-04	1.000000000000000e+00	24	0	33
34	 1.383767852182154e+03  1.015699866569931e+03 -1.440629664693495e+03	-1.122872577980161e-03  1.122872577980161e-03 -1.122872577980161e-03	1.000000000000000e+00	24	0	34
35	-3.051043754648682e+02  1.480651022452902e+02 -5.729949003688527e+02	 2.444720982263486e-04 -2.444720982263486e-04  2.444720982263486e-04	1.000000000000000e+00	24	0	35
36	-3.301813278828144e+02  1.731420546632364e+02 -5.599667350202841e+02	 3.177154212608002e-05 -4.723400343209505e-05  2.544413437135518e-04	1.000000000000000e+00	24	0	36
38	 6.028045377049826e+02 -8.395181480727293e+02  1.003383911180557e+03	-2.935882754779111e-04  2.935882754779111e-04  2.935882754779111e-04	1.000000000000000e+00	0	0	38
40	 5.280440451386937e+02  5.758496695518710e+02 -1.000779467675435e+03	-6.020790897309780e-05  7.344099867623299e-05 -1.959551736945286e-04	1.000000000000000e+00	24	0	40
42	 1.170111467603532e+03 -4.992304548051873e+02  1.225892149533415e+03	 1.719269639579579e-04 -1.379060558974743e-04 -1.520556979812682e-04	1.000000000000000e+00	0	0	42
44	1.770825488168015e+03 1.020987850831320e+02 1.226199928296227e+03	 2.089767804136500e-05 -2.089767804136500e-05 -2.082241189782508e-05	1.000000000000000e+00	0	0	44
45	 1.368669796437296e+03 -9.676961795987523e+01  1.027333820699651e+03	-2.984906896017492e-04  2.974489470943809e-04  2.984906896017492e-04	1.000000000000000e+00	0	0	45
46	 8.638151701297987e+02 -7.056263819615328e+02  1.137275677291753e+03	-1.371078426018357e-03  1.367480959743261e-03  1.367480959743261e-03	1.000000000000000e+00	0	0	46
47	 3.362911633001249e+00 -1.442119782453549e+03  1.001804072836720e+03	 9.822933498071507e-05 -9.822933498071507e-05 -9.816930105444044e-05	1.000000000000000e+00	0	0	47
48	 2.041655640824511e+02 -1.041898810873686e+03  8.010032483796001e+02	 1.824283390305936e-04 -1.816455187508836e-04 -1.816455187508836e-04	1.000000000000000e+00	0	0	48
49	 4.029438385247161e+02 -1.240681744300530e+03  1.203244610360823e+03	-1.277981209568679e-04  1.267150073545054e-04  1.277981209568679e-04	1.000000000000000e+00	0	0	49
50	 9.102977074156433e+02 -6.342974403948006e+02  1.090825163943802e+03	 1.473186421208084e-03 -1.455741003155708e-03 -1.455741003155708e-03	1.000000000000000e+00	0	0	50
51	 1.570932117759159e+03 -2.990288027021297e+02  1.426093801636473e+03	 1.250834320671856e-04 -1.247644540853798e-04 -1.247644540853798e-04	1.000000000000000e+00	0	0	51
52	-3.759269288477412e+01 -2.419743094694954e+02  7.672335823655645e+02	1.125796188716777e-04 1.127753785112873e-04 1.125796188716777e-04	1.000000000000000e+00	12	0	52
53	 2.489597521924702e+02  5.815135072456948e+02 -3.439788776011490e+02	1.220143622049363e-05 1.220143622049363e-05 1.224510288011516e-05	1.000000000000000e+00	12	0	53
54	 5.311368421240896e+02 -7.956021940722184e+02  7.505418268175998e+02	1.676321699051186e-05 2.156909249606542e-05 2.156909249606542e-05	1.000000000000000e+00	12	0	54
55	 1.387424531385851e+03 -5.247595601701905e+02 -3.763805003046146e+02	1.234124101756606e-05 1.234124101756606e-05 1.235913441632874e-05	1.000000000000000e+00	12	0	55
56	 1.675680213497446e+03  3.004295794330170e+02 -1.485889860584945e+03	2.664129715412855e-04 2.654977142810822e-04 2.664129715412855e-04	1.000000000000000e+00	12	0	56
57	 1.099781095294759e+03  8.466729187107583e+02 -1.476584564508297e+03	-8.564754971303046e-04 -9.444807656109333e-04 -9.444807656109333e-04	1.000000000000000e+00	12	0	57
58	-9.767499970313399e+02  1.719270783918775e+02  8.903859989270973e+01	-1.988578151213005e-04  2.001852262765169e-04 -1.988578151213005e-04	1.000000000000000e+00	24	0	58
59	-5.442247014657869e+02  3.871854282462086e+02 -1.262241567084762e+02	-6.442443554988131e-05  6.442443554988131e-05 -6.473543180618435e-05	1.000000000000000e+00	24	0	59
60	-7.606552030796065e+02 -4.417530062450113e+01 -3.426493797325483e+02	-1.920752256410196e-04  1.901355426525697e-04 -1.901355426525697e-04	1.000000000000000e+00	24	0	60
61	 8.427602942280524e+01  3.890781336234697e+02 -7.759028139805191e+02	 3.756890873773955e-05 -3.759561150218360e-05  3.759561150218360e-05	1.000000000000000e+00	24	0	61
62	 1.172009757650123e+03  5.796476815612045e+02 -1.652387759225527e+03	-3.464953915681690e-04  3.338982060085982e-04 -3.464953915681690e-04	1.000000000000000e+00	24	0	62
63	 7.363923202425638e+02  3.675013944480011e+02 -1.440213937154946e+03	-1.029585022479296e-03  1.029585022479296e-03 -1.028106780722737e-03	1.000000000000000e+00	24	0	63
64	 9.602999743582172e+02  7.914780506509378e+02 -1.216407848774503e+03	 5.830130539834499e-04 -5.450154421851039e-04  5.450154421851039e-04	1.000000000000000e+00	24	0	64
65	 1.134340957422980e+02  3.599307983634544e+02 -7.848605964870192e+02	 4.709339191322215e-05 -4.677346441894770e-05  4.677346441894770e-05	1.000000000000000e+00	24	0	65
66	1.670916073503582e+03 2.020081997475652e+02 1.025596792973010e+03	 7.791075040586293e-05 -7.791075040586293e-05 -7.864331564633176e-05	1.000000000000000e+00	0	0	66
67	1.468642777519979e+03 1.037761314099477e+02 9.273608396169682e+02	-3.411304205656052e-04  3.435362305026501e-04  3.411304205656052e-04	1.000000000000000e+00	0	0	67
68	 9.959321300944662e+02 -6.402597128728262e+02  1.202642346380460e+03	-1.187515677884221e-03  1.207853085361421e-03  1.207853085361421e-03	1.000000000000000e+00	0	0	68
69	-9.684077083950613e+01 -1.341916099981042e+03  8.014968450207034e+02	 8.869492012308910e-05 -8.869492012308910e-05 -8.867030555848032e-05	1.000000000000000e+00	0	0	69
70	 3.907912255679918e+00 -1.142155291187590e+03  7.007467680656960e+02	 2.027864684350789e-04 -2.033018099609762e-04 -2.033018099609762e-04	1.000000000000000e+00	0	0	70
71	 1.034080051926194e+02 -1.542164876013167e+03  1.202270252341978e+03	 7.751180237391964e-05 -7.751180237391964e-05 -7.724239549133927e-05	1.000000000000000e+00	0	0	71
72	 3.030381120371005e+02 -1.441284979907650e+03  1.303150336848439e+03	-7.263629231601954e-05  7.230212213471532e-05  7.263629231601954e-05	1.000000000000000e+00	0	0	72
73	 7.787977058329989e+02 -7.003359729094796e+02  1.024786631429123e+03	 1.406060764566064e-03 -1.444928813725710e-03 -1.444928813725710e-03	1.000000000000000e+00	0	0	73
74	1.870852726705646e+03 2.071546545501204e+00 1.426683395303759e+03	-1.118958698498318e-05  1.118958698498318e-05  1.122004050557734e-05	1.000000000000000e+00	0	0	74
75	 1.771157909794206e+03 -1.987438103114182e+02  1.526378794027184e+03	 1.000284391921014e-04 -9.972884436137974e-05 -9.972884436137974e-05	1.000000000000000e+00	0	0	75
76	-1.271260667976273e+02 -6.303659071202161e+01  6.777002084527113e+02	8.856179192662239e-05 8.999265264719725e-05 8.856179192662239e-05	1.000000000000000e+00	12	0	76
77	1.468056928339599e+01 3.472343243366205e+02 1.206136298210118e+02	-2.479077375028282e-04 -2.479077375028282e-04 -2.522683935239911e-04	1.000000000000000e+00	12	0	77
78	 5.205456252939059e+01 -4.207914451655431e+02  8.568808377797293e+02	1.505320979049429e-04 1.521477242931724e-04 1.505320979049429e-04	1.000000000000000e+00	12	0	78
79	 3.364106942715864e+02 -6.976322644716693e+02  8.485117564181489e+02	1.042103540385142e-04 1.006420425255783e-04 1.006420425255783e-04	1.000000000000000e+00	12	0	79
80	 7.282341163791996e+02 -8.912303889599253e+02  6.549136319298929e+02	3.735838399734348e-04 3.746424627024680e-04 3.746424627024680e-04	1.000000000000000e+00	12	0	80
81	 1.154325615155707e+03 -7.578584764003340e+02  8.940294168392691e+01	-1.649331352382433e-05 -1.649331352382433e-05 -1.653154868108686e-05	1.000000000000000e+00	12	0	81
82	 1.620726255464996e+03 -2.914578360910450e+02 -8.419607937605566e+02	8.143894956447184e-05 8.143894956447184e-05 8.165262988768518e-05	1.000000000000000e+00	12	0	82
83	 1.764640265005955e+03  1.209210932675545e+02 -1.396929809076436e+03	1.668159675318748e-04 1.656595122767612e-04 1.668159675318748e-04	1.000000000000000e+00	12	0	83
84	 1.586153837826233e+03  4.793726080750282e+02 -1.575416236256159e+03	2.687335363589227e-04 2.683469792827964e-04 2.687335363589227e-04	1.000000000000000e+00	12	0	84
85	 1.302941975173390e+03  7.572710754530767e+02 -1.565986407765978e+03	4.764482437167317e-04 4.428183892741799e-04 4.428183892741799e-04	1.000000000000000e+00	12	0	85
86	 4.821389981929835e+02  8.146927532462081e+02 -8.096744545969802e+02	7.998770888661966e-05 7.998770888661966e-05 8.342551882378757e-05	1.000000000000000e+00	12	0	86
87	 9.172093153069757e+02  9.567977482239826e+02 -1.366459734995072e+03	1.453484292142093e-03 1.356931752525270e-03 1.356931752525270e-03	1.000000000000000e+00	12	0	87
88	-8.680077124804786e+02  3.870766277857640e+02  1.977808844435711e+02	-4.261449066689238e-05  4.329771036282182e-05 -4.261449066689238e-05	1.000000000000000e+00	24	0	88
89	-6.530344745348561e+02  4.959952013152778e+02  8.886091655374176e+01	-2.415765338810161e-04  2.415765338810161e-04 -2.414389600744471e-04	1.000000000000000e+00	24	0	89
90	-1.084987770672473e+03 -4.373364622927562e+01 -1.919917374842293e+01	-2.591440279502422e-04  2.585088368505239e-04 -2.591440279502422e-04	1.000000000000000e+00	24	0	90
91	-9.760887231571331e+02 -1.526316814389767e+02 -2.341929989180727e+02	-8.495853398926556e-05  8.466573490295559e-05 -8.466573490295559e-05	1.000000000000000e+00	24	0	91
92	 2.930602384441776e+02  4.955713195276456e+02 -8.823959998846950e+02	-7.713315426371992e-05  7.559139339718968e-05 -7.559139339718968e-05	1.000000000000000e+00	24	0	92
93	 1.063457275709769e+03  3.643412184414408e+02 -1.760940241165881e+03	-3.615480673033744e-04  3.657322959043086e-04 -3.615480673033744e-04	1.000000000000000e+00	24	0	93
94	 8.446680223521697e+02  2.592256923383951e+02 -1.655868401463511e+03	-9.617677424103022e-04  9.617677424103022e-04 -9.753706399351358e-04	1.000000000000000e+00	24	0	94
95	 1.274547639993036e+03  8.008589928273684e+02 -1.549849876882614e+03	-1.245849067345262e-03  1.195818884298205e-03 -1.245849067345262e-03	1.000000000000000e+00	24	0	95
96	 1.170465920977808e+03  9.050997952945540e+02 -1.330029593418119e+03	-5.658292793668807e-04  5.608152132481337e-04 -5.608152132481337e-04	1.000000000000000e+00	24	0	96
97	-9.630798400433119e+01  2.544313173618123e+02 -6.793611154853770e+02	 8.446613355772570e-05 -8.156635158229619e-05  8.156635158229619e-05	1.000000000000000e+00	24	0	97
98	-4.341415296655130e+02  2.771022564459348e+02 -3.400774103908199e+02	 3.649778082035482e-04 -3.649778082035482e-04  3.507064539007843e-04	1.000000000000000e+00	24	0	98
99	-5.456214239122239e+02  6.467092600882313e+01 -4.514956063658726e+02	-3.966373333241791e-04  3.931617538910359e-04 -3.931617538910359e-04	1.000000000000000e+00	24	0	99
100	-1.262259856240690e+02  2.841120991743725e+02 -6.709367795314218e+02	 8.154422539519146e-05 -9.496608254266903e-05  9.496608254266903e-05	1.000000000000000e+00	24	0	100
101	 7.328517479050159e+02 -7.721419074299274e+02  1.070760151823359e+03	-1.149409799836576e-03  1.121950801461935e-03  1.121950801461935e-03	1.000000000000000e+00	0	0	101
102	 4.038293879581149e+02 -9.410511761559721e+02  9.018508830973140e+02	 4.543982868199237e-05 -4.438429823494516e-05 -4.438429823494516e-05	1.000000000000000e+00	0	0	102
103	 5.023442823702028e+02 -1.039568618516219e+03  1.103844166515337e+03	-2.806678530760109e-04  2.804911928251386e-04  2.806678530760109e-04	1.000000000000000e+00	0	0	103
104	 6.289059988537750e+02  4.749877158367897e+02 -1.223664182641768e+03	-9.666095720604062e-04  9.666095720604062e-04 -9.141578921116889e-04	1.000000000000000e+00	24	0	104
105	 7.430393434304326e+02  6.847756392953513e+02 -1.109705437418916e+03	 4.265065654180944e-04 -4.226086603011936e-04  4.226086603011936e-04	1.000000000000000e+00	24	0	105
106	 3.243445465755801e+02  4.645786454365141e+02 -8.895084435600788e+02	-5.375315595301799e-05  6.961767940083519e-05 -6.961767940083519e-05	1.000000000000000e+00	24	0	106
107	 1.268768298226978e+03 -2.973833694282140e+02  1.127235318909969e+03	-2.484233700670302e-04  2.451616455800831e-04  2.484233700670302e-04	1.000000000000000e+00	0	0	107
108	 1.041064327662527e+03 -5.675810145780304e+02  1.157541589760572e+03	 1.191705814562738e-03 -1.147977774962783e-03 -1.147977774962783e-03	1.000000000000000e+00	0	0	108
109	 1.370807900675349e+03 -3.994170138766319e+02  1.325705590461971e+03	 1.827366213547066e-04 -1.830994151532650e-04 -1.830994151532650e-04	1.000000000000000e+00	0	0	109
110	-1.031780124411489e+02  2.293757426120756e+02  3.522087589847191e+02	-5.184499314054847e-04 -5.184499314054847e-04 -5.176732665859163e-04	1.000000000000000e+00	12	0	110
111	 1.037618235433065e+03 -8.745658561229761e+02  3.221378160825220e+02	-5.586061161011457e-05 -5.586061161011457e-05 -5.550244168261997e-05	1.000000000000000e+00	12	0	111
112	 1.737404944709819e+03 -1.747791468462223e+02 -1.074723518439627e+03	1.206527376780286e-04 1.206527376780286e-04 1.207977038575336e-04	1.000000000000000e+00	12	0	112
113	 6.018298811183332e+02  9.343836361715577e+02 -1.039360510491992e+03	7.159353117458522e-04 7.159353117458522e-04 7.449142867699265e-04	1.000000000000000e+00	12	0	113
114	 1.324618300382970e+02  4.650155850915215e+02 -1.110360521877298e+02	9.983072231989354e-06 9.983072231989354e-06 9.759183740243316e-06	1.000000000000000e+00	12	0	114
115	 3.651446451287253e+02  6.976984001819499e+02 -5.772355458341979e+02	-5.078133835922927e-05 -5.078133835922927e-05 -5.088923717266880e-05	1.000000000000000e+00	12	0	115
116	 1.270879309634270e+03 -6.413047819217709e+02 -1.434845172284047e+02	-1.439341076547862e-06 -1.439341076547862e-06 -1.440801952412585e-06	1.000000000000000e+00	12	0	116
117	 1.504034307071369e+03 -4.081497844846724e+02 -6.092117955792997e+02	3.894961992045864e-05 3.894961992045864e-05 3.904154073097743e-05	1.000000000000000e+00	12	0	117
0	-5.773502691896258e-01  5.773502691896258e-01  5.773502691896258e-01	-7.071067811865476e-01  3.124842898819631e-18 -7.071067811865476e-01	 1.198001808568474e+03 -5.294203851356715e-15  1.198001808568474e+03	1	0	0.000000000000000e+00	0.000000000000000e+00	0.000000000000000e+00
1	-5.773502691896258e-01  5.773502691896258e-01  5.773502691896258e-01	 0.000000000000000e+00  7.071067811865476e-01 -7.071067811865476e-01	 0.000000000000000e+00 -9.214510296266430e+02  9.214510296266430e+02	1	0	0.000000000000000e+00	0.000000000000000e+00	0.000000000000000e+00
2	-5.773502691896258e-01  5.773502691896258e-01  5.773502691896258e-01	 7.071067811865476e-01  7.071067811865476e-01 -3.124842898819631e-18	-7.193784354102739e+02 -7.193784354102739e+02  3.179073734356852e-15	1	0	0.000000000000000e+00	0.000000000000000e+00	0.000000000000000e+00
3	-5.773502691896258e-01  5.773502691896258e-01  5.773502691896258e-01	 7.071067811865476e-01 -3.124842898819631e-18  7.071067811865476e-01	 8.030942244427697e+02 -3.549030148066116e-15  8.030942244427697e+02	1	0	0.000000000000000e+00	0.000000000000000e+00	0.000000000000000e+00
4	-5.773502691896258e-01  5.773502691896258e-01  5.773502691896258e-01	 0.000000000000000e+00  7.071067811865476e-01 -7.071067811865476e-01	 0.000000000000000e+00 -8.625613021693013e+02  8.625613021693013e+02	1	0	0.000000000000000e+00	0.000000000000000e+00	0.000000000000000e+00
5	-5.773502691896258e-01  5.773502691896258e-01  5.773502691896258e-01	-7.071067811865476e-01 -7.071067811865476e-01  3.124842898819631e-18	 9.364621366255734e+02  9.364621366255734e+02 -4.138408986458117e-15	1	0	0.000000000000000e+00	0.000000000000000e+00	0.000000000000000e+00
6	 5.773502691896258e-01 -5.773502691896258e-01 -5.773502691896258e-01	0.000000000000000e+00 0.000000000000000e+00 0.000000000000000e+00	1.570392732195782e+03 3.025315410553647e+02 8.256108849411653e+02	1	1	0.000000000000000e+00	0.000000000000000e+00	0.000000000000000e+00
7	-5.773502691896258e-01 -5.773502691896258e-01 -5.773502691896258e-01	-7.071067811865476e-01  0.000000000000000e+00  7.071067811865476e-01	-4.024131376251693e+02  0.000000000000000e+00  4.024131376251693e+02	1	0	0.000000000000000e+00	0.000000000000000e+00	0.000000000000000e+00
8	-5.773502691896258e-01 -5.773502691896258e-01 -5.773502691896258e-01	 0.000000000000000e+00 -7.071067811865476e-01  7.071067811865476e-01	 0.000000000000000e+00 -7.730720104449091e+02  7.730720104449091e+02	1	0	0.000000000000000e+00	0.000000000000000e+00	0.000000000000000e+00
9	-5.773502691896258e-01 -5.773502691896258e-01 -5.773502691896258e-01	 7.071067811865476e-01 -7.071067811865476e-01  0.000000000000000e+00	 9.560920457780206e+02 -9.560920457780206e+02  0.000000000000000e+00	1	0	0.000000000000000e+00	0.000000000000000e+00	0.000000000000000e+00
10	-5.773502691896258e-01 -5.773502691896258e-01 -5.773502691896258e-01	 7.071067811865476e-01  0.000000000000000e+00 -7.071067811865476e-01	 1.580785037041196e+03  0.000000000000000e+00 -1.580785037041196e+03	1	0	0.000000000000000e+00	0.000000000000000e+00	0.000000000000000e+00
11	-5.773502691896258e-01 -5.773502691896258e-01 -5.773502691896258e-01	 0.000000000000000e+00  7.071067811865476e-01 -7.071067811865476e-01	 0.000000000000000e+00  1.161628741609527e+03 -1.161628741609527e+03	1	0	0.000000000000000e+00	0.000000000000000e+00	0.000000000000000e+00
12	-5.773502691896258e-01 -5.773502691896258e-01 -5.773502691896258e-01	-7.071067811865476e-01  7.071067811865476e-01  0.000000000000000e+00	-1.662768775266123e+02  1.662768775266123e+02  0.000000000000000e+00	1	0	0.000000000000000e+00	0.000000000000000e+00	0.000000000000000e+00
13	5.773502691896258e-01 5.773502691896258e-01 5.773502691896258e-01	0.000000000000000e+00 0.000000000000000e+00 0.000000000000000e+00	-2.170837012152994e+02  1.154700538379251e+02  5.877425740350395e+02	1	1	0.000000000000000e+00	0.000000000000000e+00	0.000000000000000e+00
14	-5.773502691896258e-01  5.773502691896258e-01 -5.773502691896258e-01	 7.071067811865476e-01  0.000000000000000e+00 -7.071067811865476e-01	-5.328942984620248e+02  0.000000000000000e+00  5.328942984620248e+02	1	0	0.000000000000000e+00	0.000000000000000e+00	0.000000000000000e+00
15	-5.773502691896258e-01  5.773502691896258e-01 -5.773502691896258e-01	-3.124842898819631e-18  7.071067811865476e-01  7.071067811865476e-01	 8.547268868455420e-16 -1.934123401785247e+02 -1.934123401785247e+02	1	0	0.000000000000000e+00	0.000000000000000e+00	0.000000000000000e+00
16	-5.773502691896258e-01  5.773502691896258e-01 -5.773502691896258e-01	 7.071067811865476e-01  7.071067811865476e-01 -3.124842898819631e-18	 5.519468573452824e+02  5.519468573452824e+02 -2.439160906938323e-15	1	0	0.000000000000000e+00	0.000000000000000e+00	0.000000000000000e+00
17	-5.773502691896258e-01  5.773502691896258e-01 -5.773502691896258e-01	-7.071067811865476e-01  0.000000000000000e+00  7.071067811865476e-01	 1.412198758437825e+03  0.000000000000000e+00 -1.412198758437825e+03	1	0	0.000000000000000e+00	0.000000000000000e+00	0.000000000000000e+00
18	-5.773502691896258e-01  5.773502691896258e-01 -5.773502691896258e-01	-3.124842898819631e-18  7.071067811865476e-01  7.071067811865476e-01	 9.389238637586849e-16 -2.124648990617823e+02 -2.124648990617823e+02	1	0	0.000000000000000e+00	0.000000000000000e+00	0.000000000000000e+00
19	-5.773502691896258e-01  5.773502691896258e-01 -5.773502691896258e-01	-7.071067811865476e-01 -7.071067811865476e-01  3.124842898819631e-18	-7.851963660978913e+01 -7.851963660978913e+01  3.469936018238618e-16	1	0	0.000000000000000e+00	0.000000000000000e+00	0.000000000000000e+00
20	 5.773502691896258e-01 -5.773502691896258e-01  5.773502691896258e-01	0.000000000000000e+00 0.000000000000000e+00 0.000000000000000e+00	-7.597929542535472e+02  6.027536810339691e+02  3.059956426705008e+02	1	1	0.000000000000000e+00	0.000000000000000e+00	0.000000000000000e+00
0	0	1	0
6	0	1	0
5	5	0	0
6	5	0	0
0	6	0	0
5	0	6	0
1	1	2	0
6	1	2	0
0	1	7	0
1	7	1	0
2	2	3	0
6	2	3	0
1	2	8	0
2	8	2	0
3	3	4	0
6	3	4	0
2	3	9	0
3	9	3	0
4	4	5	0
6	4	5	0
3	4	10	0
4	10	4	0
4	5	11	0
5	11	5	0
5	6	66	0
0	67	6	0
0	7	42	0
1	68	7	0
2	69	8	0
1	8	70	0
2	9	71	0
3	72	9	0
3	10	38	0
4	73	10	0
5	74	11	0
4	11	75	0
7	12	13	0
13	12	13	0
12	17	12	0
13	17	12	0
7	18	12	0
12	12	18	0
8	13	14	0
13	13	14	0
7	13	19	0
8	19	13	0
9	14	15	0
13	14	15	0
8	14	20	0
9	20	14	0
10	15	16	0
13	15	16	0
9	15	21	0
10	21	15	0
11	16	17	0
13	16	17	0
10	16	22	0
11	22	16	0
11	17	23	0
12	23	17	0
7	76	18	0
12	18	110	0
7	19	78	0
8	79	19	0
8	20	80	0
9	111	20	0
10	83	21	0
9	21	112	0
10	22	84	0
11	85	22	0
11	23	87	0
12	113	23	0
14	24	25	0
20	24	25	0
19	29	24	0
20	29	24	0
14	30	24	0
19	24	30	0
15	25	26	0
20	25	26	0
14	25	31	0
15	31	25	0
16	26	27	0
20	26	27	0
15	26	32	0
16	32	26	0
17	27	28	0
20	27	28	0
16	27	33	0
17	33	27	0
18	28	29	0
20	28	29	0
17	28	34	0
18	34	28	0
18	29	35	0
19	35	29	0
14	88	30	0
19	30	89	0
14	31	90	0
15	91	31	0
16	40	32	0
15	32	92	0
17	93	33	0
16	33	94	0
17	34	95	0
18	96	34	0
19	36	35	0
18	35	97	0
19	98	36	0
15	36	99	0
15	100	36	0
1	38	101	0
1	102	38	0
3	38	103	0
16	104	40	0
18	40	105	0
18	106	40	0
0	42	107	0
4	42	108	0
4	109	42	0
5	66	44	0
5	44	74	0
0	45	67	0
0	107	45	0
1	46	68	0
1	101	46	0
2	47	69	0
2	71	47	0
1	70	48	0
1	48	102	0
3	49	72	0
3	103	49	0
4	50	73	0
4	108	50	0
4	75	51	0
4	51	109	0
7	52	76	0
7	78	52	0
12	114	53	0
12	53	115	0
8	54	79	0
8	80	54	0
9	55	116	0
9	117	55	0
10	56	83	0
10	84	56	0
11	57	85	0
11	87	57	0
14	58	88	0
14	90	58	0
19	89	59	0
19	59	98	0
15	60	91	0
15	99	60	0
15	92	61	0
15	61	100	0
17	62	93	0
17	95	62	0
16	94	63	0
16	63	104	0
18	64	96	0
18	105	64	0
18	97	65	0
18	65	106	0
12	110	77	0
12	77	114	0
9	81	111	0
9	116	81	0
9	112	82	0
9	82	117	0
12	86	113	0
12	115	86	0
