114
21
172
0	1.570392732195782e+03 3.025315410553647e+02 8.256108849411653e+02	0.000000000000000e+00 0.000000000000000e+00 0.000000000000000e+00	1.000000000000000e+00	0	0	0
1	 1.130451827073287e+03 -5.773502691896260e+02  1.265551790063660e+03	0.000000000000000e+00 0.000000000000000e+00 0.000000000000000e+00	1.000000000000000e+00	0	0	1
2	-1.974537920628516e+02 -1.241303078757696e+03  6.015989804955904e+02	0.000000000000000e+00 0.000000000000000e+00 0.000000000000000e+00	1.000000000000000e+00	0	0	2
3	 2.032272947547480e+02 -1.641984165575296e+03  1.402961154130791e+03	0.000000000000000e+00 0.000000000000000e+00 0.000000000000000e+00	1.000000000000000e+00	0	0	3
4	 6.431681998772439e+02 -7.621023553303065e+02  9.630202490082960e+02	0.000000000000000e+00 0.000000000000000e+00 0.000000000000000e+00	1.000000000000000e+00	0	0	4
5	 1.971073819013383e+03 -9.814954576223676e+01  1.626973058576365e+03	0.000000000000000e+00 0.000000000000000e+00 0.000000000000000e+00	1.000000000000000e+00	0	0	5
6	1.569914776823132e+03 3.030094964280141e+02 8.260888403138148e+02	-1.168433955172077e-04  1.202749554067850e-04  1.152296608779579e-04	1.000000000000000e+00	0	0	6
7	 1.129044337118093e+03 -5.759427792344320e+02  1.266959280018854e+03	-6.219925320086380e-04  6.219925320086380e-04  6.219925320086380e-04	1.000000000000000e+00	0	0	7
8	-1.969805175674324e+02 -1.241776353253115e+03  6.011257060001711e+02	 1.099311994039454e-04 -1.105872797779739e-04 -1.105777337215841e-04	1.000000000000000e+00	0	0	8
9	 2.032249917556489e+02 -1.641981862576197e+03  1.402963457129890e+03	 3.026859303645324e-06 -3.266716248617740e-06 -2.777868985504028e-06	1.000000000000000e+00	0	0	9
10	 6.441275972785625e+02 -7.630617527316251e+02  9.620608516069773e+02	 5.304403409051398e-04 -5.304403409051398e-04 -5.304403409051398e-04	1.000000000000000e+00	0	0	10
11	 1.971188367305020e+03 -9.826409405387352e+01  1.626858510284728e+03	 3.184254819643684e-05 -3.161704444210045e-05 -3.154955993522890e-05	1.000000000000000e+00	0	0	11
12	-2.170837012152994e+02  1.154700538379251e+02  5.877425740350395e+02	0.000000000000000e+00 0.000000000000000e+00 0.000000000000000e+00	1.000000000000000e+00	12	0	12
13	 1.408734656822689e+02 -6.004442799572098e+02  9.456997409326077e+02	0.000000000000000e+00 0.000000000000000e+00 0.000000000000000e+00	1.000000000000000e+00	12	0	13
14	 9.214510296266424e+02 -9.907330619293978e+02  5.554109589604201e+02	0.000000000000000e+00 0.000000000000000e+00 0.000000000000000e+00	1.000000000000000e+00	12	0	14
15	 1.853294364098699e+03 -5.888972745734176e+01 -1.308275709983692e+03	0.000000000000000e+00 0.000000000000000e+00 0.000000000000000e+00	1.000000000000000e+00	12	0	15
16	 1.495337197201131e+03  6.570246063377946e+02 -1.666232876881260e+03	0.000000000000000e+00 0.000000000000000e+00 0.000000000000000e+00	1.000000000000000e+00	12	0	16
17	 7.147596332567570e+02  1.047313388309982e+03 -1.275944094909073e+03	0.000000000000000e+00 0.000000000000000e+00 0.000000000000000e+00	1.000000000000000e+00	12	0	17
18	-2.181355563431531e+02  1.144181987100714e+02  5.866907189071859e+02	-2.411093737464398e-04 -2.411093737464398e-04 -2.411093737464398e-04	1.000000000000000e+00	12	0	18
19	 1.423926889653519e+02 -5.989250566741269e+02  9.472189642156907e+02	3.438499309898664e-04 3.438499309898664e-04 3.438499309898664e-04	1.000000000000000e+00	12	0	19
20	 9.217862501272934e+02 -9.903978414287467e+02  5.557461794610712e+02	9.210045391228050e-05 8.830468141240999e-05 8.902175613911822e-05	1.000000000000000e+00	12	0	20
21	 1.853815749539449e+03 -5.836834201659174e+01 -1.307754324542942e+03	1.216018354170956e-04 1.214341100421734e-04 1.216045129694976e-04	1.000000000000000e+00	12	0	21
22	 1.496751796935679e+03  6.584392060723422e+02 -1.664818277146712e+03	3.371386944005887e-04 3.371386944005887e-04 3.371386944005887e-04	1.000000000000000e+00	12	0	22
23	 7.205913943633856e+02  1.053145149416611e+03 -1.270112333802444e+03	1.336230391946932e-03 1.336230391946932e-03 1.336230391946932e-03	1.000000000000000e+00	12	0	23
24	-7.597929542535472e+02  6.027536810339691e+02  3.059956426705008e+02	0.000000000000000e+00 0.000000000000000e+00 0.000000000000000e+00	1.000000000000000e+00	24	0	24
25	-1.191650955607388e+03 -2.609623216737101e+02 -1.258623586833382e+02	0.000000000000000e+00 0.000000000000000e+00 0.000000000000000e+00	1.000000000000000e+00	24	0	25
26	 5.126870390403868e+02  5.912066756501777e+02 -9.780313560072266e+02	0.000000000000000e+00 0.000000000000000e+00 0.000000000000000e+00	1.000000000000000e+00	24	0	26
27	 9.572467463163994e+02  1.466469683741651e+02 -1.867150770559250e+03	0.000000000000000e+00 0.000000000000000e+00 0.000000000000000e+00	1.000000000000000e+00	24	0	27
28	 1.389104747670240e+03  1.010362971081845e+03 -1.435292769205410e+03	0.000000000000000e+00 0.000000000000000e+00 0.000000000000000e+00	1.000000000000000e+00	24	0	28
29	-3.152332469775362e+02  1.581939737579582e+02 -5.831237718815206e+02	0.000000000000000e+00 0.000000000000000e+00 0.000000000000000e+00	1.000000000000000e+00	24	0	29
30	-7.601100647767123e+02  6.030707915571342e+02  3.056785321473357e+02	-7.444206858053803e-05  7.454225851688534e-05 -7.287379412446171e-05	1.000000000000000e+00	24	0	30
31	-1.192273597680237e+03 -2.603396796008608e+02 -1.264850007561874e+02	-1.481854706071317e-04  1.469295675633475e-04 -1.481173676438630e-04	1.000000000000000e+00	24	0	31
32	 5.019657939811345e+02  6.019279207094299e+02 -9.887526010664789e+02	-2.592754123422007e-04  2.592754123422006e-04 -2.592754123422007e-04	1.000000000000000e+00	24	0	32
33	 9.547931487812285e+02  1.491005659093359e+02 -1.869604368094421e+03	-5.853929906152189e-04  5.853929906152189e-04 -5.853929906152189e-04	1.000000000000000e+00	24	0	33
34	 1.384440352863242e+03  1.015027365888843e+03 -1.439957164012407e+03	-1.118659468678137e-03  1.118659468678137e-03 -1.118659468678137e-03	1.000000000000000e+00	24	0	34
35	-3.052723904439334e+02  1.482331172243555e+02 -5.731629153479179e+02	 3.241912733453016e-04 -3.241912733453016e-04  3.241912733453016e-04	1.000000000000000e+00	24	0	35
36	-3.302417095950183e+02  1.732024363754403e+02 -5.600271167324880e+02	 2.576741962911910e-06 -2.282292552990839e-05  2.365143445786089e-04	1.000000000000000e+00	24	0	36
38	 6.029733098715546e+02 -8.396869202393013e+02  1.003215139013985e+03	-2.696858524965743e-04  2.696858524965743e-04  2.696858524965743e-04	1.000000000000000e+00	0	0	38
40	 5.281049003536123e+02  5.757888143369524e+02 -1.000718612460517e+03	-3.467488568276167e-05  5.292578862281516e-05 -1.852502609835938e-04	1.000000000000000e+00	24	0	40
42	 1.170026781401667e+03 -4.991457686033219e+02  1.225976835735280e+03	 1.401366898790002e-04 -1.192888594232500e-04 -1.276484690606594e-04	1.000000000000000e+00	0	0	42
44	1.770813074911399e+03 1.021111983397482e+02 1.226212299736629e+03	 2.047584712272510e-05 -2.047584712272510e-05 -2.041163679677993e-05	1.000000000000000e+00	0	0	44
45	 1.368847818397315e+03 -9.694705631221956e+01  1.027155798739632e+03	-2.949297486338764e-04  2.940254635177553e-04  2.949297486338764e-04	1.000000000000000e+00	0	0	45
46	 8.645712164533701e+02 -7.063806054492220e+02  1.136521453804064e+03	-1.152529381215572e-03  1.149999327026308e-03  1.149999327026308e-03	1.000000000000000e+00	0	0	46
47	 3.304012575823477e+00 -1.442060883396371e+03  1.001862937275117e+03	 9.810798655962572e-05 -9.810798655962572e-05 -9.805274021346122e-05	1.000000000000000e+00	0	0	47
48	 2.040552703494077e+02 -1.041788961563133e+03  8.011130976901529e+02	 1.851961860666052e-04 -1.844979997258633e-04 -1.844979997258633e-04	1.000000000000000e+00	0	0	48
49	 4.030205836345233e+02 -1.240757878178093e+03  1.203167865251016e+03	-1.280144206248224e-04  1.270601351279765e-04  1.280144206248224e-04	1.000000000000000e+00	0	0	49
50	 9.094808307788253e+02 -6.334895510677429e+02  1.091633053270860e+03	 1.253356458619237e-03 -1.240657991729677e-03 -1.240657991729677e-03	1.000000000000000e+00	0	0	50
51	 1.570858208229340e+03 -2.989550677413708e+02  1.426167536597232e+03	 1.213138966704719e-04 -1.210498812724836e-04 -1.210498812724836e-04	1.000000000000000e+00	0	0	51
52	-3.765973474202224e+01 -2.420414575238996e+02  7.671665405083164e+02	1.108833821490407e-04 1.110422381316312e-04 1.108833821490407e-04	1.000000000000000e+00	12	0	52
53	 2.489522327217624e+02  5.815059877749869e+02 -3.439864214751358e+02	1.287226314161671e-05 1.287226314161671e-05 1.290997806790983e-05	1.000000000000000e+00	12	0	53
54	 5.311281648559471e+02 -7.956135896851428e+02  7.505304312046754e+02	1.210107075166889e-05 1.635375156183727e-05 1.635375156183727e-05	1.000000000000000e+00	12	0	54
55	 1.387417203310331e+03 -5.247668882457101e+02 -3.763878383614129e+02	1.208782032335876e-05 1.208782032335876e-05 1.210321715916507e-05	1.000000000000000e+00	12	0	55
56	 1.675519324395329e+03  3.002692082148783e+02 -1.486050749687062e+03	2.698894240893424e-04 2.690785622689873e-04 2.698894240893424e-04	1.000000000000000e+00	12	0	56
57	 1.100310275320790e+03  8.472520012069897e+02 -1.476005482012065e+03	-9.077185532078147e-04 -9.860299760475755e-04 -9.860299760475755e-04	1.000000000000000e+00	12	0	57
58	-9.766297968703618e+02  1.718061255351069e+02  8.915880005368786e+01	-2.018085506279022e-04  2.029895549640059e-04 -2.018085506279022e-04	1.000000000000000e+00	24	0	58
59	-5.441853176201939e+02  3.871460444006157e+02 -1.261845852628081e+02	-6.685268454020843e-05  6.685268454020843e-05 -6.716516509186476e-05	1.000000000000000e+00	24	0	59
60	-7.605409156555597e+02 -4.428851106045784e+01 -3.425361692965916e+02	-1.888849947135895e-04  1.872330176411197e-04 -1.872330176411197e-04	1.000000000000000e+00	24	0	60
61	 8.425494283644971e+01  3.890992620584631e+02 -7.759239424155126e+02	 3.109754834440537e-05 -3.122083944617771e-05  3.122083944617771e-05	1.000000000000000e+00	24	0	61
62	 1.172211526317938e+03  5.794527922655038e+02 -1.652185990557712e+03	-3.259693621657789e-04  3.156152088195086e-04 -3.259693621657789e-04	1.000000000000000e+00	24	0	62
63	 7.370088393022004e+02  3.668848753883644e+02 -1.439598280087671e+03	-1.025494071654975e-03  1.025494071654975e-03 -1.024103723466396e-03	1.000000000000000e+00	24	0	63
64	 9.599469278486636e+02  7.918095006529729e+02 -1.216739298776538e+03	 5.938439280726016e-04 -5.598754505626857e-04  5.598754505626857e-04	1.000000000000000e+00	24	0	64
65	 1.134040229845457e+02  3.599606908335709e+02 -7.848904889571356e+02	 5.475438229041174e-05 -5.447812145575881e-05  5.447812145575881e-05	1.000000000000000e+00	24	0	65
66	1.670869695887448e+03 2.020545773636993e+02 1.025643573688735e+03	 7.667814497835934e-05 -7.667814497835934e-05 -7.729090430075303e-05	1.000000000000000e+00	0	0	66
67	1.468846247342803e+03 1.035713244046780e+02 9.271573697941446e+02	-3.371134516783059e-04  3.391682112123817e-04  3.371134516783059e-04	1.000000000000000e+00	0	0	67
68	 9.965849485947633e+02 -6.409224543747582e+02  1.201979604878528e+03	-9.922736790031195e-04  1.005442813038826e-03  1.005442813038826e-03	1.000000000000000e+00	0	0	68
69	-9.689414553331515e+01 -1.341862725287233e+03  8.015502053879045e+02	 8.922668348532170e-05 -8.922668348532170e-05 -8.920361869968474e-05	1.000000000000000e+00	0	0	69
70	 3.785673936269092e+00 -1.142032759773456e+03  7.008692994798298e+02	 2.046641602646559e-04 -2.051254414254799e-04 -2.051254414254799e-04	1.000000000000000e+00	0	0	70
71	 1.033619055832951e+02 -1.542118776403843e+03  1.202316201644453e+03	 7.616172661073506e-05 -7.616172661073506e-05 -7.592982728965580e-05	1.000000000000000e+00	0	0	71
72	 3.030817999760968e+02 -1.441328479703639e+03  1.303106648909443e+03	-7.298897253349423e-05  7.269594789249822e-05  7.298897253349423e-05	1.000000000000000e+00	0	0	72
73	 7.780118182014112e+02 -6.995303281948568e+02  1.025592276143746e+03	 1.216729753650725e-03 -1.244273269549012e-03 -1.244273269549012e-03	1.000000000000000e+00	0	0	73
74	1.870859372705471e+03 2.064900545675992e+00 1.426676732830633e+03	-1.096341566153569e-05  1.096341566153569e-05  1.098801203625044e-05	1.000000000000000e+00	0	0	74
75	 1.771098875991743e+03 -1.986849412588781e+02  1.526437663079724e+03	 9.676694025984034e-05 -9.651661821408197e-05 -9.651661821408197e-05	1.000000000000000e+00	0	0	75
76	-1.271796937982688e+02 -6.309102752353680e+01  6.776465814520699e+02	9.020205470733345e-05 9.147028322331607e-05 9.020205470733345e-05	1.000000000000000e+00	12	0	76
77	1.482925248058116e+01 3.473830075338057e+02 1.207647726978107e+02	-2.477032830938697e-04 -2.477032830938697e-04 -2.515417581889778e-04	1.000000000000000e+00	12	0	77
78	 5.196507477190053e+01 -4.208818405435356e+02  8.567913500222392e+02	1.477360347053036e-04 1.491461589466780e-04 1.477360347053036e-04	1.000000000000000e+00	12	0	78
79	 3.363499871393562e+02 -6.976909642008159e+02  8.484530566890023e+02	9.818248508963734e-05 9.505868365522474e-05 9.505868365522474e-05	1.000000000000000e+00	12	0	79
80	 7.280081830962724e+02 -8.914569372424422e+02  6.546870836473760e+02	3.794895310420543e-04 3.804777225013822e-04 3.804777225013822e-04	1.000000000000000e+00	12	0	80
81	 1.154335615225477e+03 -7.578484763305646e+02  8.941296369698037e+01	-1.682928996160626e-05 -1.682928996160626e-05 -1.686412178969476e-05	1.000000000000000e+00	12	0	81
82	 1.620677387320061e+03 -2.915067042359801e+02 -8.420097824285573e+02	8.145409810822457e-05 8.145409810822457e-05 8.164217433659360e-05	1.000000000000000e+00	12	0	82
83	 1.764539764781128e+03  1.208212500333814e+02 -1.397030309301264e+03	1.681809080764651e-04 1.671480131335557e-04 1.681809080764651e-04	1.000000000000000e+00	12	0	83
84	 1.585992285798230e+03  4.792112665255488e+02 -1.575577788284162e+03	2.697767922654748e-04 2.694606955628842e-04 2.697767922654748e-04	1.000000000000000e+00	12	0	84
85	 1.302649599992549e+03  7.569970397561760e+02 -1.566260443462879e+03	4.979833029210567e-04 4.703974409494549e-04 4.703974409494549e-04	1.000000000000000e+00	12	0	85
86	 4.820920451960785e+02  8.146458002493031e+02 -8.097233227753411e+02	7.651965279364958e-05 7.651965279364958e-05 7.946904952405021e-05	1.000000000000000e+00	12	0	86
87	 9.163337723189063e+02  9.559771167519380e+02 -1.367280366467117e+03	1.465016975998878e-03 1.378583838231862e-03 1.378583838231862e-03	1.000000000000000e+00	12	0	87
88	-8.679815477903151e+02  3.870500774817031e+02  1.978070491337346e+02	-4.460082709556445e-05  4.520301445154473e-05 -4.460082709556445e-05	1.000000000000000e+00	24	0	88
89	-6.528890447327290e+02  4.958497715131506e+02  8.900627050516042e+01	-2.431865723337978e-04  2.431865723337978e-04 -2.430710301268846e-04	1.000000000000000e+00	24	0	89
90	-1.084831651493667e+03 -4.388940395282640e+01 -1.904305456961701e+01	-2.612471871543676e-04  2.606779744382948e-04 -2.612471871543676e-04	1.000000000000000e+00	24	0	90
91	-9.760384453492887e+02 -1.526817977560760e+02 -2.341428826009734e+02	-8.264285133918747e-05  8.239679300459102e-05 -8.239679300459102e-05	1.000000000000000e+00	24	0	91
92	 2.931114865586463e+02  4.955210553095366e+02 -8.823457356665859e+02	-9.673539898358285e-05  9.495526319369674e-05 -9.495526319369674e-05	1.000000000000000e+00	24	0	92
93	 1.063674091278043e+03  3.641220075518721e+02 -1.760723425597607e+03	-3.611905849538743e-04  3.649865393526852e-04 -3.611905849538743e-04	1.000000000000000e+00	24	0	93
94	 8.452441851169141e+02  2.586495295736507e+02 -1.655284609231709e+03	-9.587800013832748e-04  9.587800013832748e-04 -9.706159471534193e-04	1.000000000000000e+00	24	0	94
95	 1.275308977472380e+03  8.001275933914692e+02 -1.549088539403270e+03	-1.292861416004598e-03  1.243188860826194e-03 -1.292861416004598e-03	1.000000000000000e+00	24	0	95
96	 1.170804702014594e+03  9.047636929427749e+02 -1.329693491066339e+03	-5.634658737108111e-04  5.595324910245836e-04 -5.595324910245836e-04	1.000000000000000e+00	24	0	96
97	-9.636249934105868e+01  2.544841021187079e+02 -6.794139002422726e+02	 1.007366445264779e-04 -9.784255962586030e-05  9.784255962586030e-05	1.000000000000000e+00	24	0	97
98	-4.343602803108905e+02  2.773210070913122e+02 -3.402877658352237e+02	 3.641963412519544e-04 -3.641963412519544e-04  3.504891938064247e-04	1.000000000000000e+00	24	0	98
99	-5.453839633648643e+02  6.443579620380318e+01 -4.512604765608526e+02	-3.948249213863164e-04  3.905480261892080e-04 -3.905480261892080e-04	1.000000000000000e+00	24	0	99
100	-1.262695984141520e+02  2.841642109207811e+02 -6.709888912778305e+02	 5.979049092275091e-05 -7.492546137655154e-05  7.492546137655154e-05	1.000000000000000e+00	24	0	100
101	 7.334806714462419e+02 -7.727577268212563e+02  1.070144332432030e+03	-9.512879187241197e-04  9.343524579890072e-04  9.343524579890072e-04	1.000000000000000e+00	0	0	101
102	 4.038010903868533e+02 -9.410234793901730e+02  9.018785798631131e+02	 4.875690501648933e-05 -4.781211464432999e-05 -4.781211464432999e-05	1.000000000000000e+00	0	0	102
103	 5.025131648610661e+02 -1.039737430671971e+03  1.103675284024473e+03	-2.822662936523557e-04  2.822013630066067e-04  2.822662936523557e-04	1.000000000000000e+00	0	0	103
104	 6.294821439882338e+02  4.744115707023309e+02 -1.223118094546538e+03	-9.538967860862613e-04  9.538967860862613e-04 -9.061383898369968e-04	1.000000000000000e+00	24	0	104
105	 7.427867894654094e+02  6.850253929141970e+02 -1.109955191037762e+03	 4.152575274929404e-04 -4.098532663192600e-04  4.098532663192600e-04	1.000000000000000e+00	24	0	105
106	 3.243711985610905e+02  4.645420796609167e+02 -8.894718777844814e+02	-3.169499905197881e-05  4.905050809611566e-05 -4.905050809611566e-05	1.000000000000000e+00	24	0	106
107	 1.268915869534119e+03 -2.975291553027702e+02  1.127087747602828e+03	-2.435039932606742e-04  2.408029104117304e-04  2.435039932606742e-04	1.000000000000000e+00	0	0	107
108	 1.040409334029602e+03 -5.669475615481240e+02  1.158175042790479e+03	 9.962581098079681e-04 -9.673060849308968e-04 -9.673060849308968e-04	1.000000000000000e+00	0	0	108
109	 1.370700690369670e+03 -3.993095932354306e+02  1.325813011103172e+03	 1.747667120071128e-04 -1.751026284182444e-04 -1.751026284182444e-04	1.000000000000000e+00	0	0	109
110	-1.028660994917773e+02  2.296876555614473e+02  3.525202402276603e+02	-5.212647956795990e-04 -5.212647956795990e-04 -5.206014611758292e-04	1.000000000000000e+00	12	0	110
111	 1.037652454673704e+03 -8.745316368823374e+02  3.221718319943133e+02	-5.817618875880726e-05 -5.817618875880726e-05 -5.785693429061212e-05	1.000000000000000e+00	12	0	111
112	 1.737332444101976e+03 -1.748516474540652e+02 -1.074796100987486e+03	1.210152404382825e-04 1.210152404382825e-04 1.211433846037835e-04	1.000000000000000e+00	12	0	112
113	 6.013990939231145e+02  9.339528489763389e+02 -1.039807682225882e+03	7.200223626568913e-04 7.200223626568913e-04 7.456537568941712e-04	1.000000000000000e+00	12	0	113
114	 1.324552092492711e+02  4.650089643024957e+02 -1.110425516457832e+02	1.208874800795456e-05 1.208874800795456e-05 1.190754210256273e-05	1.000000000000000e+00	12	0	114
115	 3.651755611122049e+02  6.977293161654295e+02 -5.772045698397476e+02	-5.224653796176426e-05 -5.224653796176426e-05 -5.233862975728698e-05	1.000000000000000e+00	12	0	115
116	 1.270880236225237e+03 -6.413038553308047e+02 -1.434835897626563e+02	-1.640598611629684e-06 -1.640598611629684e-06 -1.642039023863617e-06	1.000000000000000e+00	12	0	116
117	 1.504011005483027e+03 -4.081730860730147e+02 -6.092351488286801e+02	3.872204615618102e-05 3.872204615618102e-05 3.880235817632638e-05	1.000000000000000e+00	12	0	117
0	-5.773502691896258e-01  5.773502691896258e-01  5.773502691896258e-01	-7.071067811865476e-01  3.124842898819631e-18 -7.071067811865476e-01	 1.198001808568474e+03 -5.294203851356715e-15  1.198001808568474e+03	1	0	0.000000000000000e+00	0.000000000000000e+00	0.000000000000000e+00
1	-5.773502691896258e-01  5.773502691896258e-01  5.773502691896258e-01	 0.000000000000000e+00  7.071067811865476e-01 -7.071067811865476e-01	 0.000000000000000e+00 -9.214510296266430e+02  9.214510296266430e+02	1	0	0.000000000000000e+00	0.000000000000000e+00	0.000000000000000e+00
2	-5.773502691896258e-01  5.773502691896258e-01  5.773502691896258e-01	 7.071067811865476e-01  7.071067811865476e-01 -3.124842898819631e-18	-7.193784354102739e+02 -7.193784354102739e+02  3.179073734356852e-15	1	0	0.000000000000000e+00	0.000000000000000e+00	0.000000000000000e+00
3	-5.773502691896258e-01  5.773502691896258e-01  5.773502691896258e-01	 7.071067811865476e-01 -3.124842898819631e-18  7.071067811865476e-01	 8.030942244427697e+02 -3.549030148066116e-15  8.030942244427697e+02	1	0	0.000000000000000e+00	0.000000000000000e+00	0.000000000000000e+00
4	-5.773502691896258e-01  5.773502691896258e-01  5.773502691896258e-01	 0.000000000000000e+00  7.071067811865476e-01 -7.071067811865476e-01	 0.000000000000000e+00 -8.625613021693013e+02  8.625613021693013e+02	1	0	0.000000000000000e+00	0.000000000000000e+00	0.000000000000000e+00
5	-5.773502691896258e-01  5.773502691896258e-01  5.773502691896258e-01	-7.071067811865476e-01 -7.071067811865476e-01  3.124842898819631e-18	 9.364621366255734e+02  9.364621366255734e+02 -4.138408986458117e-15	1	0	0.000000000000000e+00	0.000000000000000e+00	0.000000000000000e+00
6	 5.773502691896258e-01 -5.773502691896258e-01 -5.773502691896258e-01	0.000000000000000e+00 0.000000000000000e+00 0.000000000000000e+00	1.570392732195782e+03 3.025315410553647e+02 8.256108849411653e+02	1	1	0.000000000000000e+00	0.000000000000000e+00	0.000000000000000e+00
7	-5.773502691896258e-01 -5.773502691896258e-01 -5.773502691896258e-01	-7.071067811865476e-01  0.000000000000000e+00  7.071067811865476e-01	-4.024131376251693e+02  0.000000000000000e+00  4.024131376251693e+02	1	0	0.000000000000000e+00	0.000000000000000e+00	0.000000000000000e+00
8	-5.773502691896258e-01 -5.773502691896258e-01 -5.773502691896258e-01	 0.000000000000000e+00 -7.071067811865476e-01  7.071067811865476e-01	 0.000000000000000e+00 -7.730720104449091e+02  7.730720104449091e+02	1	0	0.000000000000000e+00	0.000000000000000e+00	0.000000000000000e+00
9	-5.773502691896258e-01 -5.773502691896258e-01 -5.773502691896258e-01	 7.071067811865476e-01 -7.071067811865476e-01  0.000000000000000e+00	 9.560920457780206e+02 -9.560920457780206e+02  0.000000000000000e+00	1	0	0.000000000000000e+00	0.000000000000000e+00	0.000000000000000e+00
10	-5.773502691896258e-01 -5.773502691896258e-01 -5.773502691896258e-01	 7.071067811865476e-01  0.000000000000000e+00 -7.071067811865476e-01	 1.580785037041196e+03  0.000000000000000e+00 -1.580785037041196e+03	1	0	0.000000000000000e+00	0.000000000000000e+00	0.000000000000000e+00
11	-5.773502691896258e-01 -5.773502691896258e-01 -5.773502691896258e-01	 0.000000000000000e+00  7.071067811865476e-01 -7.071067811865476e-01	 0.000000000000000e+00  1.161628741609527e+03 -1.161628741609527e+03	1	0	0.000000000000000e+00	0.000000000000000e+00	0.000000000000000e+00
12	-5.773502691896258e-01 -5.773502691896258e-01 -5.773502691896258e-01	-7.071067811865476e-01  7.071067811865476e-01  0.000000000000000e+00	-1.662768775266123e+02  1.662768775266123e+02  0.000000000000000e+00	1	0	0.000000000000000e+00	0.000000000000000e+00	0.000000000000000e+00
13	5.773502691896258e-01 5.773502691896258e-01 5.773502691896258e-01	0.000000000000000e+00 0.000000000000000e+00 0.000000000000000e+00	-2.170837012152994e+02  1.154700538379251e+02  5.877425740350395e+02	1	1	0.000000000000000e+00	0.000000000000000e+00	0.000000000000000e+00
14	-5.773502691896258e-01  5.773502691896258e-01 -5.773502691896258e-01	 7.071067811865476e-01  0.000000000000000e+00 -7.071067811865476e-01	-5.328942984620248e+02  0.000000000000000e+00  5.328942984620248e+02	1	0	0.000000000000000e+00	0.000000000000000e+00	0.000000000000000e+00
15	-5.773502691896258e-01  5.773502691896258e-01 -5.773502691896258e-01	-3.124842898819631e-18  7.071067811865476e-01  7.071067811865476e-01	 8.547268868455420e-16 -1.934123401785247e+02 -1.934123401785247e+02	1	0	0.000000000000000e+00	0.000000000000000e+00	0.000000000000000e+00
16	-5.773502691896258e-01  5.773502691896258e-01 -5.773502691896258e-01	 7.071067811865476e-01  7.071067811865476e-01 -3.124842898819631e-18	 5.519468573452824e+02  5.519468573452824e+02 -2.439160906938323e-15	1	0	0.000000000000000e+00	0.000000000000000e+00	0.000000000000000e+00
17	-5.773502691896258e-01  5.773502691896258e-01 -5.773502691896258e-01	-7.071067811865476e-01  0.000000000000000e+00  7.071067811865476e-01	 1.412198758437825e+03  0.000000000000000e+00 -1.412198758437825e+03	1	0	0.000000000000000e+00	0.000000000000000e+00	0.000000000000000e+00
18	-5.773502691896258e-01  5.773502691896258e-01 -5.773502691896258e-01	-3.124842898819631e-18  7.071067811865476e-01  7.071067811865476e-01	 9.389238637586849e-16 -2.124648990617823e+02 -2.124648990617823e+02	1	0	0.000000000000000e+00	0.000000000000000e+00	0.000000000000000e+00
19	-5.773502691896258e-01  5.773502691896258e-01 -5.773502691896258e-01	-7.071067811865476e-01 -7.071067811865476e-01  3.124842898819631e-18	-7.851963660978913e+01 -7.851963660978913e+01  3.469936018238618e-16	1	0	0.000000000000000e+00	0.000000000000000e+00	0.000000000000000e+00
20	 5.773502691896258e-01 -5.773502691896258e-01  5.773502691896258e-01	0.000000000000000e+00 0.000000000000000e+00 0.000000000000000e+00	-7.597929542535472e+02  6.027536810339691e+02  3.059956426705008e+02	1	1	0.000000000000000e+00	0.000000000000000e+00	0.000000000000000e+00
0	0	1	0
6	0	1	0
5	5	0	0
6	5	0	0
0	6	0	0
5	0	6	0
1	1	2	0
6	1	2	0
0	1	7	0
1	7	1	0
2	2	3	0
6	2	3	0
1	2	8	0
2	8	2	0
3	3	4	0
6	3	4	0
2	3	9	0
3	9	3	0
4	4	5	0
6	4	5	0
3	4	10	0
4	10	4	0
4	5	11	0
5	11	5	0
5	6	66	0
0	67	6	0
0	7	42	0
1	68	7	0
2	69	8	0
1	8	70	0
2	9	71	0
3	72	9	0
3	10	38	0
4	73	10	0
5	74	11	0
4	11	75	0
7	12	13	0
13	12	13	0
12	17	12	0
13	17	12	0
7	18	12	0
12	12	18	0
8	13	14	0
13	13	14	0
7	13	19	0
8	19	13	0
9	14	15	0
13	14	15	0
8	14	20	0
9	20	14	0
10	15	16	0
13	15	16	0
9	15	21	0
10	21	15	0
11	16	17	0
13	16	17	0
10	16	22	0
11	22	16	0
11	17	23	0
12	23	17	0
7	76	18	0
12	18	110	0
7	19	78	0
8	79	19	0
8	20	80	0
9	111	20	0
10	83	21	0
9	21	112	0
10	22	84	0
11	85	22	0
11	23	87	0
12	113	23	0
14	24	25	0
20	24	25	0
19	29	24	0
20	29	24	0
14	30	24	0
19	24	30	0
15	25	26	0
20	25	26	0
14	25	31	0
15	31	25	0
16	26	27	0
20	26	27	0
15	26	32	0
16	32	26	0
17	27	28	0
20	27	28	0
16	27	33	0
17	33	27	0
18	28	29	0
20	28	29	0
17	28	34	0
18	34	28	0
18	29	35	0
19	35	29	0
14	88	30	0
19	30	89	0
14	31	90	0
15	91	31	0
16	40	32	0
15	32	92	0
17	93	33	0
16	33	94	0
17	34	95	0
18	96	34	0
19	36	35	0
18	35	97	0
19	98	36	0
15	36	99	0
15	100	36	0
1	38	101	0
1	102	38	0
3	38	103	0
16	104	40	0
18	40	105	0
18	106	40	0
0	42	107	0
4	42	108	0
4	109	42	0
5	66	44	0
5	44	74	0
0	45	67	0
0	107	45	0
1	46	68	0
1	101	46	0
2	47	69	0
2	71	47	0
1	70	48	0
1	48	102	0
3	49	72	0
3	103	49	0
4	50	73	0
4	108	50	0
4	75	51	0
4	51	109	0
7	52	76	0
7	78	52	0
12	114	53	0
12	53	115	0
8	54	79	0
8	80	54	0
9	55	116	0
9	117	55	0
10	56	83	0
10	84	56	0
11	57	85	0
11	87	57	0
14	58	88	0
14	90	58	0
19	89	59	0
19	59	98	0
15	60	91	0
15	99	60	0
15	92	61	0
15	61	100	0
17	62	93	0
17	95	62	0
16	94	63	0
16	63	104	0
18	64	96	0
18	105	64	0
18	97	65	0
18	65	106	0
12	110	77	0
12	77	114	0
9	81	111	0
9	116	81	0
9	112	82	0
9	82	117	0
12	86	113	0
12	115	86	0
