114
21
172
0	1.570392732195782e+03 3.025315410553647e+02 8.256108849411653e+02	0.000000000000000e+00 0.000000000000000e+00 0.000000000000000e+00	1.000000000000000e+00	0	0	0
1	 1.130451827073287e+03 -5.773502691896260e+02  1.265551790063660e+03	0.000000000000000e+00 0.000000000000000e+00 0.000000000000000e+00	1.000000000000000e+00	0	0	1
2	-1.974537920628516e+02 -1.241303078757696e+03  6.015989804955904e+02	0.000000000000000e+00 0.000000000000000e+00 0.000000000000000e+00	1.000000000000000e+00	0	0	2
3	 2.032272947547480e+02 -1.641984165575296e+03  1.402961154130791e+03	0.000000000000000e+00 0.000000000000000e+00 0.000000000000000e+00	1.000000000000000e+00	0	0	3
4	 6.431681998772439e+02 -7.621023553303065e+02  9.630202490082960e+02	0.000000000000000e+00 0.000000000000000e+00 0.000000000000000e+00	1.000000000000000e+00	0	0	4
5	 1.971073819013383e+03 -9.814954576223676e+01  1.626973058576365e+03	0.000000000000000e+00 0.000000000000000e+00 0.000000000000000e+00	1.000000000000000e+00	0	0	5
6	1.570225003958118e+03 3.026992692930282e+02 8.257786131788289e+02	-1.105301053030416e-04  1.114595506805927e-04  1.101790840039030e-04	1.000000000000000e+00	0	0	6
7	 1.130159269555041e+03 -5.770577116713804e+02  1.265844347581906e+03	-2.478924385892848e-04  2.478924385892848e-04  2.478924385892848e-04	1.000000000000000e+00	0	0	7
8	-1.972821016126256e+02 -1.241474769207922e+03  6.014272900453643e+02	 1.111718374886550e-04 -1.113866746891290e-04 -1.113774924306199e-04	1.000000000000000e+00	0	0	8
9	 2.032230369834495e+02 -1.641979907803997e+03  1.402965411902089e+03	-1.535227056592703e-06  1.475682552154467e-06  1.591762497810123e-06	1.000000000000000e+00	0	0	9
10	 6.432869209415894e+02 -7.622210763946521e+02  9.629015279439503e+02	 1.360472379019484e-04 -1.381397742079571e-04 -1.419968320988119e-04	1.000000000000000e+00	0	0	10
11	 1.971110648173867e+03 -9.818637492271995e+01  1.626936229415882e+03	 2.555951868998818e-05 -2.550687895563897e-05 -2.549444070609752e-05	1.000000000000000e+00	0	0	11
12	-2.170837012152994e+02  1.154700538379251e+02  5.877425740350395e+02	0.000000000000000e+00 0.000000000000000e+00 0.000000000000000e+00	1.000000000000000e+00	12	0	12
13	 1.408734656822689e+02 -6.004442799572098e+02  9.456997409326077e+02	0.000000000000000e+00 0.000000000000000e+00 0.000000000000000e+00	1.000000000000000e+00	12	0	13
14	 9.214510296266424e+02 -9.907330619293978e+02  5.554109589604201e+02	0.000000000000000e+00 0.000000000000000e+00 0.000000000000000e+00	1.000000000000000e+00	12	0	14
15	 1.853294364098699e+03 -5.888972745734176e+01 -1.308275709983692e+03	0.000000000000000e+00 0.000000000000000e+00 0.000000000000000e+00	1.000000000000000e+00	12	0	15
16	 1.495337197201131e+03  6.570246063377946e+02 -1.666232876881260e+03	0.000000000000000e+00 0.000000000000000e+00 0.000000000000000e+00	1.000000000000000e+00	12	0	16
17	 7.147596332567570e+02  1.047313388309982e+03 -1.275944094909073e+03	0.000000000000000e+00 0.000000000000000e+00 0.000000000000000e+00	1.000000000000000e+00	12	0	17
18	-2.174691431362619e+02  1.150846119169625e+02  5.873571321140770e+02	-2.487716362035523e-04 -2.487716362035523e-04 -2.487716362035523e-04	1.000000000000000e+00	12	0	18
19	 1.414361971648097e+02 -5.998815484746691e+02  9.462624724151484e+02	3.601059822055201e-04 3.601059822055201e-04 3.601059822055201e-04	1.000000000000000e+00	12	0	19
20	 9.215610051302818e+02 -9.906230864257583e+02  5.555209344640596e+02	7.656202797079459e-05 7.521608495153487e-05 7.547176937805489e-05	1.000000000000000e+00	12	0	20
21	 1.853483012361323e+03 -5.870107919471794e+01 -1.308087061721068e+03	1.228981855092570e-04 1.228326727868989e-04 1.228994369739667e-04	1.000000000000000e+00	12	0	21
22	 1.495842861754126e+03  6.575302708907889e+02 -1.665727212328266e+03	3.312216819419215e-04 3.312216819419215e-04 3.312216819419215e-04	1.000000000000000e+00	12	0	22
23	 7.169009935471275e+02  1.049454748600352e+03 -1.273802734618703e+03	1.377821705924968e-03 1.377821705924968e-03 1.377821705924968e-03	1.000000000000000e+00	12	0	23
24	-7.597929542535472e+02  6.027536810339691e+02  3.059956426705008e+02	0.000000000000000e+00 0.000000000000000e+00 0.000000000000000e+00	1.000000000000000e+00	24	0	24
25	-1.191650955607388e+03 -2.609623216737101e+02 -1.258623586833382e+02	0.000000000000000e+00 0.000000000000000e+00 0.000000000000000e+00	1.000000000000000e+00	24	0	25
26	 5.126870390403868e+02  5.912066756501777e+02 -9.780313560072266e+02	0.000000000000000e+00 0.000000000000000e+00 0.000000000000000e+00	1.000000000000000e+00	24	0	26
27	 9.572467463163994e+02  1.466469683741651e+02 -1.867150770559250e+03	0.000000000000000e+00 0.000000000000000e+00 0.000000000000000e+00	1.000000000000000e+00	24	0	27
28	 1.389104747670240e+03  1.010362971081845e+03 -1.435292769205410e+03	0.000000000000000e+00 0.000000000000000e+00 0.000000000000000e+00	1.000000000000000e+00	24	0	28
29	-3.152332469775362e+02  1.581939737579582e+02 -5.831237718815206e+02	0.000000000000000e+00 0.000000000000000e+00 0.000000000000000e+00	1.000000000000000e+00	24	0	29
30	-7.599084952711403e+02  6.028692220515622e+02  3.058801016529077e+02	-7.453611033270136e-05  7.455478771589696e-05 -7.405285577988252e-05	1.000000000000000e+00	24	0	30
31	-1.191874445242979e+03 -2.607388320381193e+02 -1.260858483189289e+02	-1.458449114579707e-04  1.454437733627856e-04 -1.458448969060555e-04	1.000000000000000e+00	24	0	31
32	 5.048224627403696e+02  5.990712519501949e+02 -9.858959323072438e+02	-3.520278492942452e-03  3.520278492942452e-03 -3.520278492942452e-03	1.000000000000000e+00	24	0	32
33	 9.563696183270727e+02  1.475240963634918e+02 -1.868027898548577e+03	-5.735417556328078e-04  5.735417556328078e-04 -5.735417556328078e-04	1.000000000000000e+00	24	0	33
34	 1.387445528080220e+03  1.012022190671865e+03 -1.436951988795429e+03	-1.088040454002718e-03  1.088040454002718e-03 -1.088040454002718e-03	1.000000000000000e+00	24	0	34
35	-3.092446780658283e+02  1.522054048462504e+02 -5.771352029698128e+02	 4.806663685788711e-03 -4.806663685788711e-03  4.806663685788711e-03	1.000000000000000e+00	24	0	35
36	-3.295299672338208e+02  1.724906940142428e+02 -5.593153743712905e+02	-1.285243624200423e-03  1.285243624200423e-03 -1.285243624200423e-03	1.000000000000000e+00	24	0	36
38	 6.036047903117507e+02 -8.403184006794974e+02  1.002583658573789e+03	-2.052831502320866e-04  2.052831502320866e-04  2.052831502320866e-04	1.000000000000000e+00	0	0	38
40	 5.276563286258277e+02  5.762373860647371e+02 -1.001167184188301e+03	 9.577765401142339e-04 -9.577765401142340e-04  9.577765401142340e-04	1.000000000000000e+00	24	0	40
42	 1.169785625731052e+03 -4.989046129327068e+02  1.226217991405895e+03	 5.903905912418850e-05 -5.801917723147199e-05 -5.821662125526927e-05	1.000000000000000e+00	0	0	42
44	1.770760290368729e+03 1.021639828824177e+02 1.226264971967604e+03	 1.826673724281136e-05 -1.826673724281136e-05 -1.824661922000814e-05	1.000000000000000e+00	0	0	44
45	 1.369628649321190e+03 -9.772624451887174e+01  1.026374967815757e+03	-2.793780586216599e-04  2.790656872093678e-04  2.793780586216599e-04	1.000000000000000e+00	0	0	45
46	 8.666487244662798e+02 -7.084549576519262e+02  1.134447101601360e+03	-4.577086074277759e-04  4.573833139147609e-04  4.573833139147609e-04	1.000000000000000e+00	0	0	46
47	 3.037478616719497e+00 -1.441794349437267e+03  1.002129359495616e+03	 9.794956713449210e-05 -9.794956713449210e-05 -9.792518540052697e-05	1.000000000000000e+00	0	0	47
48	 2.035354053780512e+02 -1.041270432719922e+03  8.016316265333642e+02	 1.969083386939019e-04 -1.966353738680482e-04 -1.966353738680482e-04	1.000000000000000e+00	0	0	48
49	 4.033697962466651e+02 -1.241105308188026e+03  1.202818652638874e+03	-1.286529004573822e-04  1.283009623875841e-04  1.286529004573822e-04	1.000000000000000e+00	0	0	49
50	 9.071291063669987e+02 -6.311544484955207e+02  1.093968155843082e+03	 5.595144466497004e-04 -5.576412077061832e-04 -5.576412077061832e-04	1.000000000000000e+00	0	0	50
51	 1.570549790136927e+03 -2.986470916030512e+02  1.426475512735551e+03	 1.058837297023274e-04 -1.058084890246391e-04 -1.058084890246391e-04	1.000000000000000e+00	0	0	51
52	-3.795017359398229e+01 -2.423321442770052e+02  7.668761016563564e+02	1.026591344270855e-04 1.026949976221658e-04 1.026591344270855e-04	1.000000000000000e+00	12	0	52
53	 2.489086622663131e+02  5.814624173195376e+02 -3.440300579617286e+02	2.392978240095545e-05 2.392978240095545e-05 2.394005605310667e-05	1.000000000000000e+00	12	0	53
54	 5.311285971755527e+02 -7.956211174056049e+02  7.505229034842132e+02	-1.354084997728933e-05 -1.197416986542521e-05 -1.197416986542521e-05	1.000000000000000e+00	12	0	54
55	 1.387386162515487e+03 -5.247979290405547e+02 -3.764189064703824e+02	1.039038124872604e-05 1.039038124872604e-05 1.039523431245470e-05	1.000000000000000e+00	12	0	55
56	 1.674763072434046e+03  2.995144907383288e+02 -1.486807001648346e+03	2.862407709471881e-04 2.859315718524158e-04 2.862407709471881e-04	1.000000000000000e+00	12	0	56
57	 1.103142962564435e+03  8.502367278925547e+02 -1.473020755326500e+03	-1.190511742606759e-03 -1.223854371346533e-03 -1.223854371346533e-03	1.000000000000000e+00	12	0	57
58	-9.760621093212283e+02  1.712361896829108e+02  8.972648760282138e+01	-2.160019357688725e-04  2.164578909287229e-04 -2.160019357688725e-04	1.000000000000000e+00	24	0	58
59	-5.439885026422880e+02  3.869492294227098e+02 -1.259870514279297e+02	-7.776584970997646e-05  7.776584970997646e-05 -7.794233533786610e-05	1.000000000000000e+00	24	0	59
60	-7.600479762424129e+02 -4.477862776140991e+01 -3.420460525956395e+02	-1.724538742564619e-04  1.719901483738795e-04 -1.719901483738795e-04	1.000000000000000e+00	24	0	60
61	 8.532423372928980e+01  3.880381251622380e+02 -7.748628055192875e+02	-2.266194438561797e-03  2.247213385999203e-03 -2.247213385999203e-03	1.000000000000000e+00	24	0	61
62	 1.172954925097301e+03  5.787251500624047e+02 -1.651442591778349e+03	-2.102613943861797e-04  2.085391461150721e-04 -2.102613943861797e-04	1.000000000000000e+00	24	0	62
63	 7.397737206630106e+02  3.641199940275542e+02 -1.436836284532420e+03	-1.007792656309903e-03  1.007792656309903e-03 -1.007153652608395e-03	1.000000000000000e+00	24	0	63
64	 9.582614264988065e+02  7.934297272096410e+02 -1.218359525333206e+03	 6.458693533204496e-04 -6.324920104816556e-04  6.324920104816556e-04	1.000000000000000e+00	24	0	64
65	 1.121241602340276e+02  3.612456395982272e+02 -7.861754377217919e+02	 2.288816496729851e-03 -2.304104389622808e-03  2.304104389622808e-03	1.000000000000000e+00	24	0	65
66	1.670669046883753e+03 2.022552263673940e+02 1.025845256492786e+03	 7.079220813466236e-05 -7.079220813466236e-05 -7.096793706296012e-05	1.000000000000000e+00	0	0	66
67	1.469738755178414e+03 1.026751976459342e+02 9.262648619585332e+02	-3.192458534613252e-04  3.199042985215783e-04  3.192458534613252e-04	1.000000000000000e+00	0	0	67
68	 9.983623457649605e+02 -6.427139875564349e+02  1.200188071696851e+03	-3.899465082213283e-04  3.909747465513647e-04  3.909747465513647e-04	1.000000000000000e+00	0	0	68
69	-9.714055752270723e+01 -1.341616313297841e+03  8.017965696039628e+02	 9.203561057802290e-05 -9.203561057802290e-05 -9.202496585203335e-05	1.000000000000000e+00	0	0	69
70	 3.217835792682678e+00 -1.141464034018265e+03  7.014380252350206e+02	 2.128001069650054e-04 -2.129824715666473e-04 -2.129824715666473e-04	1.000000000000000e+00	0	0	70
71	 1.031627289093067e+02 -1.541919599729855e+03  1.202514963358632e+03	 7.034734153421596e-05 -7.034734153421596e-05 -7.027007086435333e-05	1.000000000000000e+00	0	0	71
72	 3.032824378009884e+02 -1.441528574856835e+03  1.302906011084551e+03	-7.449369149981067e-05  7.438778266077861e-05  7.449369149981067e-05	1.000000000000000e+00	0	0	72
73	 7.756120080095270e+02 -6.970950928573279e+02  1.028027511481275e+03	 6.201924406923354e-04 -6.242421222850680e-04 -6.242421222850680e-04	1.000000000000000e+00	0	0	73
74	1.870888076060407e+03 2.036197190739352e+00 1.426647990625999e+03	-1.022109154291684e-05  1.022109154291684e-05  1.022703418129822e-05	1.000000000000000e+00	0	0	74
75	 1.770855045666130e+03 -1.984415340487176e+02  1.526681070289885e+03	 8.273663115687668e-05 -8.266412623925135e-05 -8.266412623925135e-05	1.000000000000000e+00	0	0	75
76	-1.274362885212720e+02 -6.335002614800066e+01  6.773899867290667e+02	9.907977801049128e-05 9.956727444659919e-05 9.907977801049128e-05	1.000000000000000e+00	12	0	76
77	1.550142515252180e+01 3.480551802057464e+02 1.214441113141879e+02	-2.461532130837440e-04 -2.461532130837440e-04 -2.475678047630936e-04	1.000000000000000e+00	12	0	77
78	 5.158246224466881e+01 -4.212670320706145e+02  8.564087374950075e+02	1.331671955995262e-04 1.336602581432089e-04 1.331671955995262e-04	1.000000000000000e+00	12	0	78
79	 3.361185718860053e+02 -6.979166171975503e+02  8.482274036922679e+02	7.230624032672495e-05 7.118842768250033e-05 7.118842768250033e-05	1.000000000000000e+00	12	0	79
80	 7.269409079336899e+02 -8.925262411923587e+02  6.536177796974595e+02	4.050979914609343e-04 4.055452009197325e-04 4.055452009197325e-04	1.000000000000000e+00	12	0	80
81	 1.154382945579377e+03 -7.578011459766644e+02  8.946036257045969e+01	-1.801407597668003e-05 -1.801407597668003e-05 -1.802850783860777e-05	1.000000000000000e+00	12	0	81
82	 1.620456068667077e+03 -2.917280228889645e+02 -8.422314518658628e+02	8.093286305665970e-05 8.093286305665970e-05 8.100181730696931e-05	1.000000000000000e+00	12	0	82
83	 1.764074198868833e+03  1.203576661823375e+02 -1.397495875213558e+03	1.739030121825635e-04 1.734972611302510e-04 1.739030121825635e-04	1.000000000000000e+00	12	0	83
84	 1.585251658284701e+03  4.784711407507646e+02 -1.576318415797691e+03	2.748467086348683e-04 2.747714752331376e-04 2.748467086348683e-04	1.000000000000000e+00	12	0	84
85	 1.301266339612131e+03  7.556643322352234e+02 -1.567593150983831e+03	4.860539629589766e-04 4.737190611194819e-04 4.737190611194819e-04	1.000000000000000e+00	12	0	85
86	 4.819042905290419e+02  8.144580455822664e+02 -8.099162731524509e+02	6.347551243379712e-05 6.347551243379712e-05 6.439905700972304e-05	1.000000000000000e+00	12	0	86
87	 9.122739428192174e+02  9.520841942396823e+02 -1.371173288979373e+03	1.521731959655881e-03 1.487261499278247e-03 1.487261499278247e-03	1.000000000000000e+00	12	0	87
88	-8.678474492024809e+02  3.869148500945905e+02  1.979411477215688e+02	-5.443554982775822e-05  5.466063885251060e-05 -5.443554982775822e-05	1.000000000000000e+00	24	0	88
89	-6.522176021248602e+02  4.951783289052818e+02  8.967751772847978e+01	-2.505805168766528e-04  2.505805168766528e-04 -2.505477459635586e-04	1.000000000000000e+00	24	0	89
90	-1.084108138264004e+03 -4.461181693976920e+01 -1.831954133995420e+01	-2.708589890971780e-04  2.706308732740581e-04 -2.708589890971780e-04	1.000000000000000e+00	24	0	90
91	-9.758278100857505e+02 -1.528920168099696e+02 -2.339326635470799e+02	-7.206389273051172e-05  7.199397077783942e-05 -7.199397077783942e-05	1.000000000000000e+00	24	0	91
92	 2.947442843839348e+02  4.939036226686566e+02 -8.807283030257059e+02	-2.505409996956587e-03  2.493132371455431e-03 -2.493132371455431e-03	1.000000000000000e+00	24	0	92
93	 1.064655648039703e+03  3.631328973360722e+02 -1.759741868835946e+03	-3.607766702771187e-04  3.624213277362287e-04 -3.607766702771187e-04	1.000000000000000e+00	24	0	93
94	 8.478336427267212e+02  2.560600719638436e+02 -1.652673538568797e+03	-9.451748337596655e-04  9.451748337596655e-04 -9.493174729868770e-04	1.000000000000000e+00	24	0	94
95	 1.279163264701975e+03  7.963910314752827e+02 -1.545234252173675e+03	-1.507290638983250e-03  1.478532911278307e-03 -1.507290638983250e-03	1.000000000000000e+00	24	0	95
96	 1.172325159304823e+03  9.032487273639777e+02 -1.328178525487542e+03	-5.553752998821437e-04  5.547991604544222e-04 -5.547991604544222e-04	1.000000000000000e+00	24	0	96
97	-9.841321519459157e+01  2.565330652522228e+02 -6.814628633757875e+02	 3.307916689664125e-03 -3.335850080475211e-03  3.335850080475211e-03	1.000000000000000e+00	24	0	97
98	-4.353461904383246e+02  2.783069172187464e+02 -3.412421835292345e+02	 3.606506215874106e-04 -3.606506215874106e-04  3.532313858158886e-04	1.000000000000000e+00	24	0	98
99	-5.443418126900981e+02  6.340737279348656e+01 -4.502320531505360e+02	-3.536790027283132e-04  3.498939913697541e-04 -3.498939913697541e-04	1.000000000000000e+00	24	0	99
100	-1.244676265976246e+02  2.824945091319272e+02 -6.693191894889766e+02	-3.413335885852575e-03  3.257229691371322e-03 -3.257229691371322e-03	1.000000000000000e+00	24	0	100
101	 7.351490467665379e+02 -7.744093766024389e+02  1.068492682650847e+03	-3.518557932693511e-04  3.508990921545774e-04  3.508990921545774e-04	1.000000000000000e+00	0	0	101
102	 4.036557273399201e+02 -9.408798887219602e+02  9.020221705313259e+02	 5.646151839755476e-05 -5.611602318822406e-05 -5.611602318822406e-05	1.000000000000000e+00	0	0	102
103	 5.032904368156708e+02 -1.040514808246094e+03  1.102898012069869e+03	-2.891545882448554e-04  2.892178890760988e-04  2.891545882448554e-04	1.000000000000000e+00	0	0	103
104	 6.319984998522390e+02  4.718952148383258e+02 -1.220701522829818e+03	-8.963887812569737e-04  8.963887812569737e-04 -8.727011736482382e-04	1.000000000000000e+00	24	0	104
105	 7.417445504489053e+02  6.860474063445643e+02 -1.110977204468129e+03	 3.375363303348422e-04 -3.302912518847734e-04  3.302912518847734e-04	1.000000000000000e+00	24	0	105
106	 3.229906654170594e+02  4.658124030060639e+02 -8.907422011296286e+02	 2.510111313313246e-03 -2.398533513769507e-03  2.398533513769507e-03	1.000000000000000e+00	24	0	106
107	 1.269548869492415e+03 -2.981576186125959e+02  1.126454747644532e+03	-2.222003095084801e-04  2.214215783169493e-04  2.222003095084801e-04	1.000000000000000e+00	0	0	107
108	 1.038587665069303e+03 -5.651587265129526e+02  1.159963877825650e+03	 4.207852180115879e-04 -4.179739335086197e-04 -4.179739335086197e-04	1.000000000000000e+00	0	0	108
109	 1.370266809697273e+03 -3.988750735217297e+02  1.326247530816873e+03	 1.459642226109281e-04 -1.460865023545921e-04 -1.460865023545921e-04	1.000000000000000e+00	0	0	109
110	-1.014303511900398e+02  2.311234038631847e+02  3.539548268878401e+02	-5.344452802091837e-04 -5.344452802091837e-04 -5.342377698980272e-04	1.000000000000000e+00	12	0	110
111	 1.037823599044494e+03 -8.743604925115474e+02  3.223423714980049e+02	-6.746951112290844e-05 -6.746951112290844e-05 -6.734853377565742e-05	1.000000000000000e+00	12	0	111
112	 1.737001264921386e+03 -1.751828266346551e+02 -1.075127521464682e+03	1.222433929797262e-04 1.222433929797262e-04 1.222916325787082e-04	1.000000000000000e+00	12	0	112
113	 5.994159953145564e+02  9.319697503677809e+02 -1.041839047227631e+03	7.370918756350875e-04 7.370918756350875e-04 7.467215182259679e-04	1.000000000000000e+00	12	0	113
114	 1.324078626996986e+02  4.649616177529232e+02 -1.110896253474927e+02	2.414394657535013e-05 2.414394657535013e-05 2.411287277936935e-05	1.000000000000000e+00	12	0	114
115	 3.653173628531682e+02  6.978711179063928e+02 -5.770626200067225e+02	-4.219107722747140e-05 -4.219107722747140e-05 -4.220753908157349e-05	1.000000000000000e+00	12	0	115
116	 1.270886029113366e+03 -6.412980624426757e+02 -1.434777936443976e+02	-2.859781488950830e-06 -2.859781488950830e-06 -2.860624817913049e-06	1.000000000000000e+00	12	0	116
117	 1.503907440682092e+03 -4.082766508739494e+02 -6.093388610590733e+02	3.704542177729309e-05 3.704542177729309e-05 3.707357609528117e-05	1.000000000000000e+00	12	0	117
0	-5.773502691896258e-01  5.773502691896258e-01  5.773502691896258e-01	-7.071067811865476e-01  3.124842898819631e-18 -7.071067811865476e-01	 1.198001808568474e+03 -5.294203851356715e-15  1.198001808568474e+03	1	0	0.000000000000000e+00	0.000000000000000e+00	0.000000000000000e+00
1	-5.773502691896258e-01  5.773502691896258e-01  5.773502691896258e-01	 0.000000000000000e+00  7.071067811865476e-01 -7.071067811865476e-01	 0.000000000000000e+00 -9.214510296266430e+02  9.214510296266430e+02	1	0	0.000000000000000e+00	0.000000000000000e+00	0.000000000000000e+00
2	-5.773502691896258e-01  5.773502691896258e-01  5.773502691896258e-01	 7.071067811865476e-01  7.071067811865476e-01 -3.124842898819631e-18	-7.193784354102739e+02 -7.193784354102739e+02  3.179073734356852e-15	1	0	0.000000000000000e+00	0.000000000000000e+00	0.000000000000000e+00
3	-5.773502691896258e-01  5.773502691896258e-01  5.773502691896258e-01	 7.071067811865476e-01 -3.124842898819631e-18  7.071067811865476e-01	 8.030942244427697e+02 -3.549030148066116e-15  8.030942244427697e+02	1	0	0.000000000000000e+00	0.000000000000000e+00	0.000000000000000e+00
4	-5.773502691896258e-01  5.773502691896258e-01  5.773502691896258e-01	 0.000000000000000e+00  7.071067811865476e-01 -7.071067811865476e-01	 0.000000000000000e+00 -8.625613021693013e+02  8.625613021693013e+02	1	0	0.000000000000000e+00	0.000000000000000e+00	0.000000000000000e+00
5	-5.773502691896258e-01  5.773502691896258e-01  5.773502691896258e-01	-7.071067811865476e-01 -7.071067811865476e-01  3.124842898819631e-18	 9.364621366255734e+02  9.364621366255734e+02 -4.138408986458117e-15	1	0	0.000000000000000e+00	0.000000000000000e+00	0.000000000000000e+00
6	 5.773502691896258e-01 -5.773502691896258e-01 -5.773502691896258e-01	0.000000000000000e+00 0.000000000000000e+00 0.000000000000000e+00	1.570392732195782e+03 3.025315410553647e+02 8.256108849411653e+02	1	1	0.000000000000000e+00	0.000000000000000e+00	0.000000000000000e+00
7	-5.773502691896258e-01 -5.773502691896258e-01 -5.773502691896258e-01	-7.071067811865476e-01  0.000000000000000e+00  7.071067811865476e-01	-4.024131376251693e+02  0.000000000000000e+00  4.024131376251693e+02	1	0	0.000000000000000e+00	0.000000000000000e+00	0.000000000000000e+00
8	-5.773502691896258e-01 -5.773502691896258e-01 -5.773502691896258e-01	 0.000000000000000e+00 -7.071067811865476e-01  7.071067811865476e-01	 0.000000000000000e+00 -7.730720104449091e+02  7.730720104449091e+02	1	0	0.000000000000000e+00	0.000000000000000e+00	0.000000000000000e+00
9	-5.773502691896258e-01 -5.773502691896258e-01 -5.773502691896258e-01	 7.071067811865476e-01 -7.071067811865476e-01  0.000000000000000e+00	 9.560920457780206e+02 -9.560920457780206e+02  0.000000000000000e+00	1	0	0.000000000000000e+00	0.000000000000000e+00	0.000000000000000e+00
10	-5.773502691896258e-01 -5.773502691896258e-01 -5.773502691896258e-01	 7.071067811865476e-01  0.000000000000000e+00 -7.071067811865476e-01	 1.580785037041196e+03  0.000000000000000e+00 -1.580785037041196e+03	1	0	0.000000000000000e+00	0.000000000000000e+00	0.000000000000000e+00
11	-5.773502691896258e-01 -5.773502691896258e-01 -5.773502691896258e-01	 0.000000000000000e+00  7.071067811865476e-01 -7.071067811865476e-01	 0.000000000000000e+00  1.161628741609527e+03 -1.161628741609527e+03	1	0	0.000000000000000e+00	0.000000000000000e+00	0.000000000000000e+00
12	-5.773502691896258e-01 -5.773502691896258e-01 -5.773502691896258e-01	-7.071067811865476e-01  7.071067811865476e-01  0.000000000000000e+00	-1.662768775266123e+02  1.662768775266123e+02  0.000000000000000e+00	1	0	0.000000000000000e+00	0.000000000000000e+00	0.000000000000000e+00
13	5.773502691896258e-01 5.773502691896258e-01 5.773502691896258e-01	0.000000000000000e+00 0.000000000000000e+00 0.000000000000000e+00	-2.170837012152994e+02  1.154700538379251e+02  5.877425740350395e+02	1	1	0.000000000000000e+00	0.000000000000000e+00	0.000000000000000e+00
14	-5.773502691896258e-01  5.773502691896258e-01 -5.773502691896258e-01	 7.071067811865476e-01  0.000000000000000e+00 -7.071067811865476e-01	-5.328942984620248e+02  0.000000000000000e+00  5.328942984620248e+02	1	0	0.000000000000000e+00	0.000000000000000e+00	0.000000000000000e+00
15	-5.773502691896258e-01  5.773502691896258e-01 -5.773502691896258e-01	-3.124842898819631e-18  7.071067811865476e-01  7.071067811865476e-01	 8.547268868455420e-16 -1.934123401785247e+02 -1.934123401785247e+02	1	0	0.000000000000000e+00	0.000000000000000e+00	0.000000000000000e+00
16	-5.773502691896258e-01  5.773502691896258e-01 -5.773502691896258e-01	 7.071067811865476e-01  7.071067811865476e-01 -3.124842898819631e-18	 5.519468573452824e+02  5.519468573452824e+02 -2.439160906938323e-15	1	0	0.000000000000000e+00	0.000000000000000e+00	0.000000000000000e+00
17	-5.773502691896258e-01  5.773502691896258e-01 -5.773502691896258e-01	-7.071067811865476e-01  0.000000000000000e+00  7.071067811865476e-01	 1.412198758437825e+03  0.000000000000000e+00 -1.412198758437825e+03	1	0	0.000000000000000e+00	0.000000000000000e+00	0.000000000000000e+00
18	-5.773502691896258e-01  5.773502691896258e-01 -5.773502691896258e-01	-3.124842898819631e-18  7.071067811865476e-01  7.071067811865476e-01	 9.389238637586849e-16 -2.124648990617823e+02 -2.124648990617823e+02	1	0	0.000000000000000e+00	0.000000000000000e+00	0.000000000000000e+00
19	-5.773502691896258e-01  5.773502691896258e-01 -5.773502691896258e-01	-7.071067811865476e-01 -7.071067811865476e-01  3.124842898819631e-18	-7.851963660978913e+01 -7.851963660978913e+01  3.469936018238618e-16	1	0	0.000000000000000e+00	0.000000000000000e+00	0.000000000000000e+00
20	 5.773502691896258e-01 -5.773502691896258e-01  5.773502691896258e-01	0.000000000000000e+00 0.000000000000000e+00 0.000000000000000e+00	-7.597929542535472e+02  6.027536810339691e+02  3.059956426705008e+02	1	1	0.000000000000000e+00	0.000000000000000e+00	0.000000000000000e+00
0	0	1	0
6	0	1	0
5	5	0	0
6	5	0	0
0	6	0	0
5	0	6	0
1	1	2	0
6	1	2	0
0	1	7	0
1	7	1	0
2	2	3	0
6	2	3	0
1	2	8	0
2	8	2	0
3	3	4	0
6	3	4	0
2	3	9	0
3	9	3	0
4	4	5	0
6	4	5	0
3	4	10	0
4	10	4	0
4	5	11	0
5	11	5	0
5	6	66	0
0	67	6	0
0	7	42	0
1	68	7	0
2	69	8	0
1	8	70	0
2	9	71	0
3	72	9	0
3	10	38	0
4	73	10	0
5	74	11	0
4	11	75	0
7	12	13	0
13	12	13	0
12	17	12	0
13	17	12	0
7	18	12	0
12	12	18	0
8	13	14	0
13	13	14	0
7	13	19	0
8	19	13	0
9	14	15	0
13	14	15	0
8	14	20	0
9	20	14	0
10	15	16	0
13	15	16	0
9	15	21	0
10	21	15	0
11	16	17	0
13	16	17	0
10	16	22	0
11	22	16	0
11	17	23	0
12	23	17	0
7	76	18	0
12	18	110	0
7	19	78	0
8	79	19	0
8	20	80	0
9	111	20	0
10	83	21	0
9	21	112	0
10	22	84	0
11	85	22	0
11	23	87	0
12	113	23	0
14	24	25	0
20	24	25	0
19	29	24	0
20	29	24	0
14	30	24	0
19	24	30	0
15	25	26	0
20	25	26	0
14	25	31	0
15	31	25	0
16	26	27	0
20	26	27	0
15	26	32	0
16	32	26	0
17	27	28	0
20	27	28	0
16	27	33	0
17	33	27	0
18	28	29	0
20	28	29	0
17	28	34	0
18	34	28	0
18	29	35	0
19	35	29	0
14	88	30	0
19	30	89	0
14	31	90	0
15	91	31	0
16	40	32	0
15	32	92	0
17	93	33	0
16	33	94	0
17	34	95	0
18	96	34	0
19	36	35	0
18	35	97	0
19	98	36	0
15	36	99	0
15	100	36	0
1	38	101	0
1	102	38	0
3	38	103	0
16	104	40	0
18	40	105	0
18	106	40	0
0	42	107	0
4	42	108	0
4	109	42	0
5	66	44	0
5	44	74	0
0	45	67	0
0	107	45	0
1	46	68	0
1	101	46	0
2	47	69	0
2	71	47	0
1	70	48	0
1	48	102	0
3	49	72	0
3	103	49	0
4	50	73	0
4	108	50	0
4	75	51	0
4	51	109	0
7	52	76	0
7	78	52	0
12	114	53	0
12	53	115	0
8	54	79	0
8	80	54	0
9	55	116	0
9	117	55	0
10	56	83	0
10	84	56	0
11	57	85	0
11	87	57	0
14	58	88	0
14	90	58	0
19	89	59	0
19	59	98	0
15	60	91	0
15	99	60	0
15	92	61	0
15	61	100	0
17	62	93	0
17	95	62	0
16	94	63	0
16	63	104	0
18	64	96	0
18	105	64	0
18	97	65	0
18	65	106	0
12	110	77	0
12	77	114	0
9	81	111	0
9	116	81	0
9	112	82	0
9	82	117	0
12	86	113	0
12	115	86	0
