114
21
172
0	1.570392732195782e+03 3.025315410553647e+02 8.256108849411653e+02	0.000000000000000e+00 0.000000000000000e+00 0.000000000000000e+00	1.000000000000000e+00	0	0	0
1	 1.130451827073287e+03 -5.773502691896260e+02  1.265551790063660e+03	0.000000000000000e+00 0.000000000000000e+00 0.000000000000000e+00	1.000000000000000e+00	0	0	1
2	-1.974537920628515e+02 -1.241303078757696e+03  6.015989804955898e+02	0.000000000000000e+00 0.000000000000000e+00 0.000000000000000e+00	1.000000000000000e+00	0	0	2
3	 2.032272947547480e+02 -1.641984165575296e+03  1.402961154130791e+03	0.000000000000000e+00 0.000000000000000e+00 0.000000000000000e+00	1.000000000000000e+00	0	0	3
4	 6.431681998772440e+02 -7.621023553303055e+02  9.630202490082953e+02	0.000000000000000e+00 0.000000000000000e+00 0.000000000000000e+00	1.000000000000000e+00	0	0	4
5	 1.971073819013383e+03 -9.814954576223676e+01  1.626973058576365e+03	0.000000000000000e+00 0.000000000000000e+00 0.000000000000000e+00	1.000000000000000e+00	0	0	5
6	1.569460984005265e+03 3.034632892458811e+02 8.265426331316818e+02	-1.260034914594144e-04  1.348818768747151e-04  1.211201888509095e-04	1.000000000000000e+00	0	0	6
7	 1.125062069898291e+03 -5.719605120146300e+02  1.270941547238656e+03	-1.536522991955280e-03  1.536522991955280e-03  1.536522991955280e-03	1.000000000000000e+00	0	0	7
8	-1.965744967637573e+02 -1.242182374056790e+03  6.007196851964956e+02	 1.074803949450143e-04 -1.088256467483006e-04 -1.088502831407823e-04	1.000000000000000e+00	0	0	8
9	 2.032485693340438e+02 -1.642005440154591e+03  1.402939879551495e+03	 9.825133929552976e-06 -1.048287322191754e-05 -9.105151548283175e-06	1.000000000000000e+00	0	0	9
10	 6.478049511006086e+02 -7.667391065536701e+02  9.583834977849307e+02	 1.456438408543666e-03 -1.456438408543666e-03 -1.456438408543666e-03	1.000000000000000e+00	0	0	10
11	 1.971321827818025e+03 -9.839755456687810e+01  1.626725049771724e+03	 4.086486660526134e-05 -4.017815444967709e-05 -3.993187783635221e-05	1.000000000000000e+00	0	0	11
12	-2.170837012152994e+02  1.154700538379251e+02  5.877425740350395e+02	0.000000000000000e+00 0.000000000000000e+00 0.000000000000000e+00	1.000000000000000e+00	12	0	12
13	 1.408734656822689e+02 -6.004442799572098e+02  9.456997409326077e+02	0.000000000000000e+00 0.000000000000000e+00 0.000000000000000e+00	1.000000000000000e+00	12	0	13
14	 9.214510296266424e+02 -9.907330619293978e+02  5.554109589604201e+02	0.000000000000000e+00 0.000000000000000e+00 0.000000000000000e+00	1.000000000000000e+00	12	0	14
15	 1.853294364098699e+03 -5.888972745734211e+01 -1.308275709983692e+03	0.000000000000000e+00 0.000000000000000e+00 0.000000000000000e+00	1.000000000000000e+00	12	0	15
16	 1.495337197201131e+03  6.570246063377944e+02 -1.666232876881260e+03	0.000000000000000e+00 0.000000000000000e+00 0.000000000000000e+00	1.000000000000000e+00	12	0	16
17	 7.147596332567570e+02  1.047313388309982e+03 -1.275944094909073e+03	0.000000000000000e+00 0.000000000000000e+00 0.000000000000000e+00	1.000000000000000e+00	12	0	17
18	-2.190118974424316e+02  1.135418576107929e+02  5.858143778079074e+02	-2.316214716605221e-04 -2.316214716605221e-04 -2.316214716605221e-04	1.000000000000000e+00	12	0	18
19	 1.436354247635504e+02 -5.976823208759284e+02  9.484617000138892e+02	3.270099599224826e-04 3.270099599224826e-04 3.270099599224826e-04	1.000000000000000e+00	12	0	19
20	 9.221561235891387e+02 -9.900279679669014e+02  5.561160529229164e+02	1.141053362516686e-04 1.070588696165942e-04 1.083586030290462e-04	1.000000000000000e+00	12	0	20
21	 1.854262012703919e+03 -5.792207885212272e+01 -1.307308061378473e+03	1.190666953334585e-04 1.187886155094020e-04 1.190705297631212e-04	1.000000000000000e+00	12	0	21
22	 1.498006897415388e+03  6.596943065520506e+02 -1.663563176667004e+03	3.377011453267187e-04 3.377011453267187e-04 3.377011453267187e-04	1.000000000000000e+00	12	0	22
23	 7.254458160095152e+02  1.057999571062740e+03 -1.265257912156315e+03	1.280738234830399e-03 1.280738234830399e-03 1.280738234830399e-03	1.000000000000000e+00	12	0	23
24	-7.597929542535480e+02  6.027536810339697e+02  3.059956426705016e+02	0.000000000000000e+00 0.000000000000000e+00 0.000000000000000e+00	1.000000000000000e+00	24	0	24
25	-1.191650955607388e+03 -2.609623216737101e+02 -1.258623586833382e+02	0.000000000000000e+00 0.000000000000000e+00 0.000000000000000e+00	1.000000000000000e+00	24	0	25
26	 5.126870390403867e+02  5.912066756501773e+02 -9.780313560072267e+02	0.000000000000000e+00 0.000000000000000e+00 0.000000000000000e+00	1.000000000000000e+00	24	0	26
27	 9.572467463163994e+02  1.466469683741651e+02 -1.867150770559250e+03	0.000000000000000e+00 0.000000000000000e+00 0.000000000000000e+00	1.000000000000000e+00	24	0	27
28	 1.389104747670240e+03  1.010362971081845e+03 -1.435292769205410e+03	0.000000000000000e+00 0.000000000000000e+00 0.000000000000000e+00	1.000000000000000e+00	24	0	28
29	-3.152332469775350e+02  1.581939737579566e+02 -5.831237718815215e+02	0.000000000000000e+00 0.000000000000000e+00 0.000000000000000e+00	1.000000000000000e+00	24	0	29
30	-7.603829764920591e+02  6.033437032724808e+02  3.054056204319905e+02	-7.405749784084037e-05  7.440300396410748e-05 -7.057205220917240e-05	1.000000000000000e+00	24	0	30
31	-1.192826637223531e+03 -2.597866400575670e+02 -1.270380402994812e+02	-1.513281313236803e-04  1.487363188061863e-04 -1.510777365183458e-04	1.000000000000000e+00	24	0	31
32	 5.013181903250950e+02  6.025755243654691e+02 -9.894002047225184e+02	-1.492314331699163e-04  1.492314331699162e-04 -1.492314331699164e-04	1.000000000000000e+00	24	0	32
33	 9.525926914381562e+02  1.513010232524082e+02 -1.871804825437493e+03	-6.007912840383748e-04  6.007912840383748e-04 -6.007912840383749e-04	1.000000000000000e+00	24	0	33
34	 1.380255175341228e+03  1.019212543410857e+03 -1.444142341534422e+03	-1.133257329153518e-03  1.133257329153518e-03 -1.133257329153518e-03	1.000000000000000e+00	24	0	34
35	-3.045513318133175e+02  1.475120585937391e+02 -5.724418567173041e+02	 1.488015016851326e-04 -1.488015016851326e-04  1.488015016851326e-04	1.000000000000000e+00	24	0	35
36	-3.297867479809640e+02  1.727474747613857e+02 -5.595721551184354e+02	 6.616258906433359e-05 -6.460209988290444e-05  2.595796831883490e-04	1.000000000000000e+00	24	0	36
38	 6.016433517446562e+02 -8.383569621124017e+02  1.004545097140883e+03	-4.566349477196733e-04  4.566349477196733e-04  4.566349477196733e-04	1.000000000000000e+00	0	0	38
40	 5.276534548680652e+02  5.762402598224996e+02 -1.001170057946064e+03	-1.115482082241215e-04  1.007729879347607e-04 -1.847844687290490e-04	1.000000000000000e+00	24	0	40
42	 1.170847544506160e+03 -4.999665317078155e+02  1.225156072630787e+03	 3.237101482227445e-04 -3.237101482227445e-04 -3.237101482227445e-04	1.000000000000000e+00	0	0	42
44	1.770893264352180e+03 1.020310088989668e+02 1.226132481966311e+03	 2.254308310511988e-05 -2.254308310511988e-05 -2.240475805592723e-05	1.000000000000000e+00	0	0	44
45	 1.367711921342163e+03 -9.581613416328406e+01  1.028291695794784e+03	-3.177344915457070e-04  3.159412008244544e-04  3.177344915457070e-04	1.000000000000000e+00	0	0	45
46	 8.578807383138131e+02 -6.997165494072458e+02  1.143185509846040e+03	-2.264558570459485e-03  2.252017147839069e-03  2.252017147839069e-03	1.000000000000000e+00	0	0	46
47	 3.670181888232261e+00 -1.442427052708780e+03  1.001497015280126e+03	 9.956444409908727e-05 -9.956444409908727e-05 -9.949084778781980e-05	1.000000000000000e+00	0	0	47
48	 2.047085147307999e+02 -1.042438704616046e+03  8.004633546372404e+02	 1.661803253227845e-04 -1.650123595027253e-04 -1.650123595027253e-04	1.000000000000000e+00	0	0	48
49	 4.025485792348302e+02 -1.240290860896773e+03  1.203639869650709e+03	-1.262759469682351e-04  1.245530147571117e-04  1.262759469682351e-04	1.000000000000000e+00	0	0	49
50	 9.165801846674794e+02 -6.404748233656117e+02  1.084647780972991e+03	 2.389155095443130e-03 -2.340226201340556e-03 -2.340226201340556e-03	1.000000000000000e+00	0	0	50
51	 1.571354615072789e+03 -2.994497316015613e+02  1.425672872737041e+03	 1.474390155635774e-04 -1.467075344407931e-04 -1.467075344407931e-04	1.000000000000000e+00	0	0	51
52	-3.723033841186156e+01 -2.416109912043271e+02  7.675959368384771e+02	1.201097402372397e-04 1.205473963636905e-04 1.201097402372397e-04	1.000000000000000e+00	12	0	52
53	 2.489926222003328e+02  5.815463772535574e+02 -3.439458200907055e+02	8.979753147286829e-06 8.979753147286829e-06 9.057414899871219e-06	1.000000000000000e+00	12	0	53
54	 5.312188945015079e+02 -7.955012262699400e+02  7.506427946198781e+02	3.416699837544002e-05 4.137996802455746e-05 4.137996802455746e-05	1.000000000000000e+00	12	0	54
55	 1.387465055210694e+03 -5.247190363453474e+02 -3.763398991666573e+02	1.375028659822419e-05 1.375028659822419e-05 1.378252454742324e-05	1.000000000000000e+00	12	0	55
56	 1.676481929960418e+03  3.012276418328615e+02 -1.485088144121974e+03	2.494359796401113e-04 2.480089897289872e-04 2.494359796401113e-04	1.000000000000000e+00	12	0	56
57	 1.097500257751450e+03  8.440451960268135e+02 -1.479212287192241e+03	-6.166730890981853e-04 -7.505620596930385e-04 -7.505620596930385e-04	1.000000000000000e+00	12	0	57
58	-9.773450426932429e+02  1.725273436104773e+02  8.844355423080674e+01	-1.838822790887207e-04  1.858897448983043e-04 -1.838822790887207e-04	1.000000000000000e+00	24	0	58
59	-5.444057158802016e+02  3.873664426606233e+02 -1.264059300614514e+02	-5.204226545174606e-05  5.204226545174606e-05 -5.217118086875416e-05	1.000000000000000e+00	24	0	59
60	-7.612781517545718e+02 -4.356082856693268e+01 -3.432638517901167e+02	-2.085437008645386e-04  2.050009497907013e-04 -2.050009497907013e-04	1.000000000000000e+00	24	0	60
61	 8.439413275095890e+01  3.889603076835749e+02 -7.757849880406243e+02	 3.760443723876961e-05 -3.742236731341109e-05  3.742236731341109e-05	1.000000000000000e+00	24	0	61
62	 1.170780197626630e+03  5.808187047230535e+02 -1.653617319249021e+03	-4.410539404489100e-04  4.158084630034864e-04 -4.410539404489100e-04	1.000000000000000e+00	24	0	62
63	 7.331565085776081e+02  3.707372061129568e+02 -1.443444973529059e+03	-1.051511615514755e-03  1.051511615514755e-03 -1.050053280778229e-03	1.000000000000000e+00	24	0	63
64	 9.620318626059293e+02  7.898938662434191e+02 -1.214823664366984e+03	 5.321774515323341e-04 -4.758622671943158e-04  4.758622671943158e-04	1.000000000000000e+00	24	0	64
65	 1.135705670206706e+02  3.597954821404574e+02 -7.847252802640221e+02	 4.177905793767422e-05 -4.136998904868960e-05  4.136998904868960e-05	1.000000000000000e+00	24	0	65
66	1.671167679601485e+03 2.017565936496621e+02 1.025341780537535e+03	 8.374638855457306e-05 -8.374638855457306e-05 -8.524679287802428e-05	1.000000000000000e+00	0	0	66
67	1.467549014860395e+03 1.048805072823595e+02 9.284546022765526e+02	-3.623799711931497e-04  3.668787539936602e-04  3.623799711931497e-04	1.000000000000000e+00	0	0	67
68	 9.906114417236181e+02 -6.347706114468488e+02  1.208131447806437e+03	-2.118022413924336e-03  2.212985418736935e-03  2.212985418736935e-03	1.000000000000000e+00	0	0	68
69	-9.656843325302563e+01 -1.342188437567522e+03  8.012245877013065e+02	 8.663452899781987e-05 -8.663452899781987e-05 -8.660981984576210e-05	1.000000000000000e+00	0	0	69
70	 4.522570697525595e+00 -1.142771935788928e+03  7.001301234643586e+02	 1.922644150909036e-04 -1.930128782987595e-04 -1.930128782987595e-04	1.000000000000000e+00	0	0	70
71	 1.036606450266754e+02 -1.542417515847223e+03  1.202018778477553e+03	 8.512448403052986e-05 -8.512448403052986e-05 -8.463711856165901e-05	1.000000000000000e+00	0	0	71
72	 3.028151237667753e+02 -1.441063361421999e+03  1.303373325118764e+03	-7.074628229020163e-05  7.019978511380032e-05  7.074628229020163e-05	1.000000000000000e+00	0	0	72
73	 7.846627980689655e+02 -7.064705741380009e+02  1.018652030200602e+03	 2.226192038506269e-03 -2.368301153182983e-03 -2.368301153182983e-03	1.000000000000000e+00	0	0	73
74	1.870815424807346e+03 2.108848443801259e+00 1.426720852944456e+03	-1.294072353630327e-05  1.294072353630327e-05  1.301440897805151e-05	1.000000000000000e+00	0	0	74
75	 1.771496514373435e+03 -1.990810062988382e+02  1.526041598039764e+03	 1.180471881525591e-04 -1.174186254502274e-04 -1.174186254502274e-04	1.000000000000000e+00	0	0	75
76	-1.268629568299254e+02 -6.276777685825106e+01  6.779633184204132e+02	8.084344153758138e-05 8.306799281854182e-05 8.084344153758138e-05	1.000000000000000e+00	12	0	76
77	1.390785323015832e+01 3.464616082833829e+02 1.198232134437062e+02	-2.490351034794003e-04 -2.490351034794003e-04 -2.560415887273848e-04	1.000000000000000e+00	12	0	77
78	 5.254213011947457e+01 -4.202972104502167e+02  8.573684053698132e+02	1.623118005227298e-04 1.649780460866168e-04 1.623118005227298e-04	1.000000000000000e+00	12	0	78
79	 3.367863674342500e+02 -6.972712629826765e+02  8.488727579071417e+02	1.380592875648290e-04 1.321982854278758e-04 1.321982854278758e-04	1.000000000000000e+00	12	0	79
80	 7.293447409813514e+02 -8.901162975893504e+02  6.560277233004678e+02	3.397549444343895e-04 3.408213087823242e-04 3.408213087823242e-04	1.000000000000000e+00	12	0	80
81	 1.154278239195074e+03 -7.579058523609669e+02  8.935542945526439e+01	-1.368551875202684e-05 -1.368551875202684e-05 -1.373221130052116e-05	1.000000000000000e+00	12	0	81
82	 1.620979387821429e+03 -2.912047037346126e+02 -8.417067940988151e+02	8.134861127473414e-05 8.134861127473414e-05 8.169186185114086e-05	1.000000000000000e+00	12	0	82
83	 1.765147953225978e+03  1.214242758748936e+02 -1.396422120856414e+03	1.596486254129559e-04 1.579279633006081e-04 1.596486254129559e-04	1.000000000000000e+00	12	0	83
84	 1.586981642627753e+03  4.801985525492863e+02 -1.574588431454639e+03	2.636889694258571e-04 2.628597139846534e-04 2.636889694258571e-04	1.000000000000000e+00	12	0	84
85	 1.304268098037918e+03  7.584420346224422e+02 -1.564815448596613e+03	3.829510242212564e-04 3.172483120579273e-04 3.172483120579273e-04	1.000000000000000e+00	12	0	85
86	 4.824145675712218e+02  8.149683226244464e+02 -8.093840036619174e+02	9.693245374364778e-05 9.693245374364778e-05 1.031260107993148e-04	1.000000000000000e+00	12	0	86
87	 9.216410239556601e+02  9.608545684813166e+02 -1.362402914737738e+03	1.397494459524751e-03 1.254521077498794e-03 1.254521077498794e-03	1.000000000000000e+00	12	0	87
88	-8.681244933493920e+02  3.871961768780841e+02  1.976641035746577e+02	-3.253162503824569e-05  3.362702045706101e-05 -3.253162503824569e-05	1.000000000000000e+00	24	0	88
89	-6.537727617640635e+02  4.967334885444852e+02  8.812326188771831e+01	-2.331932482775301e-04  2.331932482775301e-04 -2.329167327843606e-04	1.000000000000000e+00	24	0	89
90	-1.085776457494088e+03 -4.294740802924441e+01 -1.998786057003831e+01	-2.479635877534747e-04  2.470384060870856e-04 -2.479635877534747e-04	1.000000000000000e+00	24	0	90
91	-9.763721715414075e+02 -1.523495716876470e+02 -2.344751086694024e+02	-9.747409785632044e-05  9.689298894954845e-05 -9.689298894954845e-05	1.000000000000000e+00	24	0	91
92	 2.928479661212299e+02  4.957789090642526e+02 -8.826035894213020e+02	-6.683874380541965e-05  6.528045196318999e-05 -6.528045196318999e-05	1.000000000000000e+00	24	0	92
93	 1.062327925765500e+03  3.654861918336899e+02 -1.762069591110150e+03	-3.652168088592589e-04  3.709533193614334e-04 -3.652168088592589e-04	1.000000000000000e+00	24	0	93
94	 8.416528530736258e+02  2.622408616169390e+02 -1.658940595112468e+03	-9.772416669875383e-04  9.772416669875383e-04 -1.000436488538980e-03	1.000000000000000e+00	24	0	94
95	 1.270971146410348e+03  8.042819823109419e+02 -1.553426370465302e+03	-1.068691373802722e-03  1.020314521156251e-03 -1.068691373802722e-03	1.000000000000000e+00	24	0	95
96	 1.168685723344320e+03  9.068541903230721e+02 -1.331783988446637e+03	-5.791689036414027e-04  5.672915140166879e-04 -5.672915140166879e-04	1.000000000000000e+00	24	0	96
97	-9.604558850887693e+01  2.541788154927838e+02 -6.791086136163485e+02	 8.856326894601807e-05 -8.512801286997274e-05  8.512801286997274e-05	1.000000000000000e+00	24	0	97
98	-4.329997452237101e+02  2.759604720041319e+02 -3.389844570786091e+02	 3.693788894452155e-04 -3.693788894452155e-04  3.521821927279234e-04	1.000000000000000e+00	24	0	98
99	-5.468656834928736e+02  6.591193652515243e+01 -4.527366168822019e+02	-4.031743155792356e-04  4.047565162181854e-04 -4.047565162181854e-04	1.000000000000000e+00	24	0	99
100	-1.259572966588731e+02  2.838051641196203e+02 -6.706298444766697e+02	 8.422824612352997e-05 -9.610029519535601e-05  9.610029519535601e-05	1.000000000000000e+00	24	0	100
101	 7.275148588237306e+02 -7.670696150624656e+02  1.075832444190821e+03	-2.204286400228739e-03  2.039398765191436e-03  2.039398765191436e-03	1.000000000000000e+00	0	0	101
102	 4.039293627213754e+02 -9.411474438935604e+02  9.017546153597257e+02	 1.521244030300295e-05 -1.406220690114424e-05 -1.406220690114424e-05	1.000000000000000e+00	0	0	102
103	 5.014847912831142e+02 -1.038711480316575e+03  1.104703657602425e+03	-2.719457843340933e-04  2.703588397707790e-04  2.719457843340933e-04	1.000000000000000e+00	0	0	103
104	 6.257975610911793e+02  4.780961535993854e+02 -1.226569666653223e+03	-1.032274099998176e-03  1.032274099998176e-03 -9.535913704894483e-04	1.000000000000000e+00	24	0	104
105	 7.444486819509814e+02  6.833635755871426e+02 -1.108293373710707e+03	 4.782965697813779e-04 -4.845523799303919e-04  4.845523799303919e-04	1.000000000000000e+00	24	0	105
106	 3.241485014996330e+02  4.648204091281794e+02 -8.897502072517441e+02	-6.322330591501668e-05  7.740117871435359e-05 -7.740117871435359e-05	1.000000000000000e+00	24	0	106
107	 1.267954331020608e+03 -2.965854462989292e+02  1.128049286116339e+03	-2.754934539552778e-04  2.680192701518536e-04  2.754934539552778e-04	1.000000000000000e+00	0	0	107
108	 1.046575362728858e+03 -5.727251066627539e+02  1.152397497675849e+03	 2.292337361723185e-03 -2.074547344818711e-03 -2.074547344818711e-03	1.000000000000000e+00	0	0	108
109	 1.371455174211161e+03 -4.000651879687621e+02  1.325057416369840e+03	 2.372676390223205e-04 -2.373187890043482e-04 -2.373187890043482e-04	1.000000000000000e+00	0	0	109
110	-1.047687815135033e+02  2.277849735397213e+02  3.506213928376359e+02	-5.048030288890004e-04 -5.048030288890004e-04 -5.033733905293047e-04	1.000000000000000e+00	12	0	110
111	 1.037465851212341e+03 -8.747182403437007e+02  3.219868046014740e+02	-4.152604014961980e-05 -4.152604014961980e-05 -4.101759986951947e-05	1.000000000000000e+00	12	0	111
112	 1.737777283681058e+03 -1.744068078749829e+02 -1.074350598045553e+03	1.188047390314750e-04 1.188047390314750e-04 1.190324692288414e-04	1.000000000000000e+00	12	0	112
113	 6.040246006667867e+02  9.365783557200114e+02 -1.037049772237130e+03	6.957625155337155e-04 6.957625155337155e-04 7.411392289213836e-04	1.000000000000000e+00	12	0	113
114	 1.324763661789407e+02  4.650301212321653e+02 -1.110226188314567e+02	-5.439586061584123e-07 -5.439586061584123e-07 -1.044616283252253e-06	1.000000000000000e+00	12	0	114
115	 3.649993721767811e+02  6.975531272300057e+02 -5.773812735754279e+02	-4.262110451236367e-05 -4.262110451236367e-05 -4.280342182028107e-05	1.000000000000000e+00	12	0	115
116	 1.270876853872700e+03 -6.413072376833413e+02 -1.434869763003972e+02	-4.460822822238697e-08 -4.460822822238697e-08 -4.487976568157137e-08	1.000000000000000e+00	12	0	116
117	 1.504157267701395e+03 -4.080268238546464e+02 -6.090884543230128e+02	4.013042416772805e-05 4.013042416772805e-05 4.028360854135826e-05	1.000000000000000e+00	12	0	117
0	-5.773502691896258e-01  5.773502691896258e-01  5.773502691896258e-01	-7.071067811865476e-01  3.124842898819631e-18 -7.071067811865476e-01	 1.198001808568474e+03 -5.294203851356715e-15  1.198001808568474e+03	1	0	0.000000000000000e+00	0.000000000000000e+00	0.000000000000000e+00
1	-5.773502691896258e-01  5.773502691896258e-01  5.773502691896258e-01	 0.000000000000000e+00  7.071067811865476e-01 -7.071067811865476e-01	 0.000000000000000e+00 -9.214510296266430e+02  9.214510296266430e+02	1	0	0.000000000000000e+00	0.000000000000000e+00	0.000000000000000e+00
2	-5.773502691896258e-01  5.773502691896258e-01  5.773502691896258e-01	 7.071067811865476e-01  7.071067811865476e-01 -3.124842898819631e-18	-7.193784354102739e+02 -7.193784354102739e+02  3.179073734356852e-15	1	0	0.000000000000000e+00	0.000000000000000e+00	0.000000000000000e+00
3	-5.773502691896258e-01  5.773502691896258e-01  5.773502691896258e-01	 7.071067811865476e-01 -3.124842898819631e-18  7.071067811865476e-01	 8.030942244427697e+02 -3.549030148066116e-15  8.030942244427697e+02	1	0	0.000000000000000e+00	0.000000000000000e+00	0.000000000000000e+00
4	-5.773502691896258e-01  5.773502691896258e-01  5.773502691896258e-01	 0.000000000000000e+00  7.071067811865476e-01 -7.071067811865476e-01	 0.000000000000000e+00 -8.625613021693013e+02  8.625613021693013e+02	1	0	0.000000000000000e+00	0.000000000000000e+00	0.000000000000000e+00
5	-5.773502691896258e-01  5.773502691896258e-01  5.773502691896258e-01	-7.071067811865476e-01 -7.071067811865476e-01  3.124842898819631e-18	 9.364621366255734e+02  9.364621366255734e+02 -4.138408986458117e-15	1	0	0.000000000000000e+00	0.000000000000000e+00	0.000000000000000e+00
6	 5.773502691896258e-01 -5.773502691896258e-01 -5.773502691896258e-01	0.000000000000000e+00 0.000000000000000e+00 0.000000000000000e+00	1.570392732195782e+03 3.025315410553647e+02 8.256108849411653e+02	1	1	0.000000000000000e+00	0.000000000000000e+00	0.000000000000000e+00
7	-5.773502691896258e-01 -5.773502691896258e-01 -5.773502691896258e-01	-7.071067811865476e-01  0.000000000000000e+00  7.071067811865476e-01	-4.024131376251693e+02  0.000000000000000e+00  4.024131376251693e+02	1	0	0.000000000000000e+00	0.000000000000000e+00	0.000000000000000e+00
8	-5.773502691896258e-01 -5.773502691896258e-01 -5.773502691896258e-01	 0.000000000000000e+00 -7.071067811865476e-01  7.071067811865476e-01	 0.000000000000000e+00 -7.730720104449091e+02  7.730720104449091e+02	1	0	0.000000000000000e+00	0.000000000000000e+00	0.000000000000000e+00
9	-5.773502691896258e-01 -5.773502691896258e-01 -5.773502691896258e-01	 7.071067811865476e-01 -7.071067811865476e-01  0.000000000000000e+00	 9.560920457780206e+02 -9.560920457780206e+02  0.000000000000000e+00	1	0	0.000000000000000e+00	0.000000000000000e+00	0.000000000000000e+00
10	-5.773502691896258e-01 -5.773502691896258e-01 -5.773502691896258e-01	 7.071067811865476e-01  0.000000000000000e+00 -7.071067811865476e-01	 1.580785037041196e+03  0.000000000000000e+00 -1.580785037041196e+03	1	0	0.000000000000000e+00	0.000000000000000e+00	0.000000000000000e+00
11	-5.773502691896258e-01 -5.773502691896258e-01 -5.773502691896258e-01	 0.000000000000000e+00  7.071067811865476e-01 -7.071067811865476e-01	 0.000000000000000e+00  1.161628741609527e+03 -1.161628741609527e+03	1	0	0.000000000000000e+00	0.000000000000000e+00	0.000000000000000e+00
12	-5.773502691896258e-01 -5.773502691896258e-01 -5.773502691896258e-01	-7.071067811865476e-01  7.071067811865476e-01  0.000000000000000e+00	-1.662768775266123e+02  1.662768775266123e+02  0.000000000000000e+00	1	0	0.000000000000000e+00	0.000000000000000e+00	0.000000000000000e+00
13	5.773502691896258e-01 5.773502691896258e-01 5.773502691896258e-01	0.000000000000000e+00 0.000000000000000e+00 0.000000000000000e+00	-2.170837012152994e+02  1.154700538379251e+02  5.877425740350395e+02	1	1	0.000000000000000e+00	0.000000000000000e+00	0.000000000000000e+00
14	-5.773502691896258e-01  5.773502691896258e-01 -5.773502691896258e-01	 7.071067811865476e-01  0.000000000000000e+00 -7.071067811865476e-01	-5.328942984620248e+02  0.000000000000000e+00  5.328942984620248e+02	1	0	0.000000000000000e+00	0.000000000000000e+00	0.000000000000000e+00
15	-5.773502691896258e-01  5.773502691896258e-01 -5.773502691896258e-01	-3.124842898819631e-18  7.071067811865476e-01  7.071067811865476e-01	 8.547268868455420e-16 -1.934123401785247e+02 -1.934123401785247e+02	1	0	0.000000000000000e+00	0.000000000000000e+00	0.000000000000000e+00
16	-5.773502691896258e-01  5.773502691896258e-01 -5.773502691896258e-01	 7.071067811865476e-01  7.071067811865476e-01 -3.124842898819631e-18	 5.519468573452824e+02  5.519468573452824e+02 -2.439160906938323e-15	1	0	0.000000000000000e+00	0.000000000000000e+00	0.000000000000000e+00
17	-5.773502691896258e-01  5.773502691896258e-01 -5.773502691896258e-01	-7.071067811865476e-01  0.000000000000000e+00  7.071067811865476e-01	 1.412198758437825e+03  0.000000000000000e+00 -1.412198758437825e+03	1	0	0.000000000000000e+00	0.000000000000000e+00	0.000000000000000e+00
18	-5.773502691896258e-01  5.773502691896258e-01 -5.773502691896258e-01	-3.124842898819631e-18  7.071067811865476e-01  7.071067811865476e-01	 9.389238637586849e-16 -2.124648990617823e+02 -2.124648990617823e+02	1	0	0.000000000000000e+00	0.000000000000000e+00	0.000000000000000e+00
19	-5.773502691896258e-01  5.773502691896258e-01 -5.773502691896258e-01	-7.071067811865476e-01 -7.071067811865476e-01  3.124842898819631e-18	-7.851963660978913e+01 -7.851963660978913e+01  3.469936018238618e-16	1	0	0.000000000000000e+00	0.000000000000000e+00	0.000000000000000e+00
20	 5.773502691896258e-01 -5.773502691896258e-01  5.773502691896258e-01	0.000000000000000e+00 0.000000000000000e+00 0.000000000000000e+00	-7.597929542535480e+02  6.027536810339697e+02  3.059956426705016e+02	1	1	0.000000000000000e+00	0.000000000000000e+00	0.000000000000000e+00
0	0	1	0
6	0	1	0
5	5	0	0
6	5	0	0
0	6	0	0
5	0	6	0
1	1	2	0
6	1	2	0
0	1	7	0
1	7	1	0
2	2	3	0
6	2	3	0
1	2	8	0
2	8	2	0
3	3	4	0
6	3	4	0
2	3	9	0
3	9	3	0
4	4	5	0
6	4	5	0
3	4	10	0
4	10	4	0
4	5	11	0
5	11	5	0
5	6	66	0
0	67	6	0
0	7	42	0
1	68	7	0
2	69	8	0
1	8	70	0
2	9	71	0
3	72	9	0
3	10	38	0
4	73	10	0
5	74	11	0
4	11	75	0
7	12	13	0
13	12	13	0
12	17	12	0
13	17	12	0
7	18	12	0
12	12	18	0
8	13	14	0
13	13	14	0
7	13	19	0
8	19	13	0
9	14	15	0
13	14	15	0
8	14	20	0
9	20	14	0
10	15	16	0
13	15	16	0
9	15	21	0
10	21	15	0
11	16	17	0
13	16	17	0
10	16	22	0
11	22	16	0
11	17	23	0
12	23	17	0
7	76	18	0
12	18	110	0
7	19	78	0
8	79	19	0
8	20	80	0
9	111	20	0
10	83	21	0
9	21	112	0
10	22	84	0
11	85	22	0
11	23	87	0
12	113	23	0
14	24	25	0
20	24	25	0
19	29	24	0
20	29	24	0
14	30	24	0
19	24	30	0
15	25	26	0
20	25	26	0
14	25	31	0
15	31	25	0
16	26	27	0
20	26	27	0
15	26	32	0
16	32	26	0
17	27	28	0
20	27	28	0
16	27	33	0
17	33	27	0
18	28	29	0
20	28	29	0
17	28	34	0
18	34	28	0
18	29	35	0
19	35	29	0
14	88	30	0
19	30	89	0
14	31	90	0
15	91	31	0
16	40	32	0
15	32	92	0
17	93	33	0
16	33	94	0
17	34	95	0
18	96	34	0
19	36	35	0
18	35	97	0
19	98	36	0
15	36	99	0
15	100	36	0
1	38	101	0
1	102	38	0
3	38	103	0
16	104	40	0
18	40	105	0
18	106	40	0
0	42	107	0
4	42	108	0
4	109	42	0
5	66	44	0
5	44	74	0
0	45	67	0
0	107	45	0
1	46	68	0
1	101	46	0
2	47	69	0
2	71	47	0
1	70	48	0
1	48	102	0
3	49	72	0
3	103	49	0
4	50	73	0
4	108	50	0
4	75	51	0
4	51	109	0
7	52	76	0
7	78	52	0
12	114	53	0
12	53	115	0
8	54	79	0
8	80	54	0
9	55	116	0
9	117	55	0
10	56	83	0
10	84	56	0
11	57	85	0
11	87	57	0
14	58	88	0
14	90	58	0
19	89	59	0
19	59	98	0
15	60	91	0
15	99	60	0
15	92	61	0
15	61	100	0
17	62	93	0
17	95	62	0
16	94	63	0
16	63	104	0
18	64	96	0
18	105	64	0
18	97	65	0
18	65	106	0
12	110	77	0
12	77	114	0
9	81	111	0
9	116	81	0
9	112	82	0
9	82	117	0
12	86	113	0
12	115	86	0
