114
21
172
0	1.570392732195782e+03 3.025315410553647e+02 8.256108849411653e+02	0.000000000000000e+00 0.000000000000000e+00 0.000000000000000e+00	1.000000000000000e+00	0	0	0
1	 1.130451827073287e+03 -5.773502691896260e+02  1.265551790063660e+03	0.000000000000000e+00 0.000000000000000e+00 0.000000000000000e+00	1.000000000000000e+00	0	0	1
2	-1.974537920628515e+02 -1.241303078757696e+03  6.015989804955898e+02	0.000000000000000e+00 0.000000000000000e+00 0.000000000000000e+00	1.000000000000000e+00	0	0	2
3	 2.032272947547480e+02 -1.641984165575296e+03  1.402961154130791e+03	0.000000000000000e+00 0.000000000000000e+00 0.000000000000000e+00	1.000000000000000e+00	0	0	3
4	 6.431681998772440e+02 -7.621023553303055e+02  9.630202490082953e+02	0.000000000000000e+00 0.000000000000000e+00 0.000000000000000e+00	1.000000000000000e+00	0	0	4
5	 1.971073819013383e+03 -9.814954576223676e+01  1.626973058576365e+03	0.000000000000000e+00 0.000000000000000e+00 0.000000000000000e+00	1.000000000000000e+00	0	0	5
6	1.569448236754498e+03 3.034760364966482e+02 8.265553803824489e+02	-1.262586156371981e-04  1.353198895230889e-04  1.212594652315602e-04	1.000000000000000e+00	0	0	6
7	 1.124907473966653e+03 -5.718059160829924e+02  1.271096143170294e+03	-1.555405479545395e-03  1.555405479545395e-03  1.555405479545395e-03	1.000000000000000e+00	0	0	7
8	-1.965636613615169e+02 -1.242193209459031e+03  6.007088497942551e+02	 1.074031897587702e-04 -1.087678247131407e-04 -1.087939090211876e-04	1.000000000000000e+00	0	0	8
9	 2.032495592169675e+02 -1.642006430037515e+03  1.402938889668571e+03	 1.001663258648477e-05 -1.068865276465658e-05 -9.280351150664501e-06	1.000000000000000e+00	0	0	9
10	 6.479515245467243e+02 -7.668856799997858e+02  9.582369243388150e+02	 1.475036105451484e-03 -1.475036105451484e-03 -1.475036105451484e-03	1.000000000000000e+00	0	0	10
11	 1.971325872048704e+03 -9.840159879755757e+01  1.626721005541044e+03	 4.111563612241298e-05 -4.041192369186319e-05 -4.015859667561017e-05	1.000000000000000e+00	0	0	11
12	-2.170837012152994e+02  1.154700538379251e+02  5.877425740350395e+02	0.000000000000000e+00 0.000000000000000e+00 0.000000000000000e+00	1.000000000000000e+00	12	0	12
13	 1.408734656822689e+02 -6.004442799572098e+02  9.456997409326077e+02	0.000000000000000e+00 0.000000000000000e+00 0.000000000000000e+00	1.000000000000000e+00	12	0	13
14	 9.214510296266424e+02 -9.907330619293978e+02  5.554109589604201e+02	0.000000000000000e+00 0.000000000000000e+00 0.000000000000000e+00	1.000000000000000e+00	12	0	14
15	 1.853294364098699e+03 -5.888972745734211e+01 -1.308275709983692e+03	0.000000000000000e+00 0.000000000000000e+00 0.000000000000000e+00	1.000000000000000e+00	12	0	15
16	 1.495337197201131e+03  6.570246063377944e+02 -1.666232876881260e+03	0.000000000000000e+00 0.000000000000000e+00 0.000000000000000e+00	1.000000000000000e+00	12	0	16
17	 7.147596332567570e+02  1.047313388309982e+03 -1.275944094909073e+03	0.000000000000000e+00 0.000000000000000e+00 0.000000000000000e+00	1.000000000000000e+00	12	0	17
18	-2.190350480742924e+02  1.135187069789321e+02  5.857912271760466e+02	-2.313889854121953e-04 -2.313889854121953e-04 -2.313889854121953e-04	1.000000000000000e+00	12	0	18
19	 1.436681070329456e+02 -5.976496386065331e+02  9.484943822832844e+02	3.266323183197528e-04 3.266323183197528e-04 3.266323183197528e-04	1.000000000000000e+00	12	0	19
20	 9.221671348985851e+02 -9.900169566574550e+02  5.561270642323628e+02	1.147054354078136e-04 1.075761756510474e-04 1.088900025933981e-04	1.000000000000000e+00	12	0	20
21	 1.854273906599837e+03 -5.791018495620438e+01 -1.307296167482554e+03	1.189940740005113e-04 1.187134621432051e-04 1.189979157061316e-04	1.000000000000000e+00	12	0	21
22	 1.498040661703033e+03  6.597280708396958e+02 -1.663529412379359e+03	3.375824696073930e-04 3.375824696073929e-04 3.375824696073930e-04	1.000000000000000e+00	12	0	22
23	 7.255738159689162e+02  1.058127571022141e+03 -1.265129912196914e+03	1.279248429151873e-03 1.279248429151873e-03 1.279248429151873e-03	1.000000000000000e+00	12	0	23
24	-7.597929542535480e+02  6.027536810339697e+02  3.059956426705016e+02	0.000000000000000e+00 0.000000000000000e+00 0.000000000000000e+00	1.000000000000000e+00	24	0	24
25	-1.191650955607388e+03 -2.609623216737101e+02 -1.258623586833382e+02	0.000000000000000e+00 0.000000000000000e+00 0.000000000000000e+00	1.000000000000000e+00	24	0	25
26	 5.126870390403867e+02  5.912066756501773e+02 -9.780313560072267e+02	0.000000000000000e+00 0.000000000000000e+00 0.000000000000000e+00	1.000000000000000e+00	24	0	26
27	 9.572467463163994e+02  1.466469683741651e+02 -1.867150770559250e+03	0.000000000000000e+00 0.000000000000000e+00 0.000000000000000e+00	1.000000000000000e+00	24	0	27
28	 1.389104747670240e+03  1.010362971081845e+03 -1.435292769205410e+03	0.000000000000000e+00 0.000000000000000e+00 0.000000000000000e+00	1.000000000000000e+00	24	0	28
29	-3.152332469775350e+02  1.581939737579566e+02 -5.831237718815215e+02	0.000000000000000e+00 0.000000000000000e+00 0.000000000000000e+00	1.000000000000000e+00	24	0	29
30	-7.603902756697319e+02  6.033510024501535e+02  3.053983212543178e+02	-7.403518247883767e-05  7.438989996444434e-05 -7.049150735838339e-05	1.000000000000000e+00	24	0	30
31	-1.192841678769123e+03 -2.597715985119753e+02 -1.270530818450730e+02	-1.514124160166830e-04  1.487836125306785e-04 -1.511563314124942e-04	1.000000000000000e+00	24	0	31
32	 5.013032781324839e+02  6.025904365580801e+02 -9.894151169151295e+02	-1.490143282959859e-04  1.490143282959858e-04 -1.490143282959859e-04	1.000000000000000e+00	24	0	32
33	 9.525325919049400e+02  1.513611227856245e+02 -1.871864924970709e+03	-6.012034912904104e-04  6.012034912904104e-04 -6.012034912904104e-04	1.000000000000000e+00	24	0	33
34	 1.380141845735370e+03  1.019325873016715e+03 -1.444255671140280e+03	-1.133333309553564e-03  1.133333309553564e-03 -1.133333309553564e-03	1.000000000000000e+00	24	0	34
35	-3.045364905323261e+02  1.474972173127476e+02 -5.724270154363126e+02	 1.480228578050931e-04 -1.480228578050931e-04  1.480228578050931e-04	1.000000000000000e+00	24	0	35
36	-3.297737439115932e+02  1.727344706920149e+02 -5.595591510490646e+02	 6.644179666182026e-05 -6.435147224692628e-05  2.590956282801926e-04	1.000000000000000e+00	24	0	36
38	 6.015974569095438e+02 -8.383110672772893e+02  1.004590991975996e+03	-4.612808697856963e-04  4.612808697856963e-04  4.612808697856963e-04	1.000000000000000e+00	0	0	38
40	 5.276402089520632e+02  5.762535057385015e+02 -1.001183303862066e+03	-1.127312862081453e-04  1.010889682220295e-04 -1.838301104726270e-04	1.000000000000000e+00	24	0	40
42	 1.170880164966728e+03 -4.999991521683833e+02  1.225123452170219e+03	 3.287244180683047e-04 -3.287244180683047e-04 -3.287244180683047e-04	1.000000000000000e+00	0	0	42
44	1.770895520711330e+03 1.020287525398167e+02 1.226130239547191e+03	 2.258444692415651e-05 -2.258444692415651e-05 -2.244395000161603e-05	1.000000000000000e+00	0	0	44
45	 1.367680116184211e+03 -9.578450958103718e+01  1.028323500952737e+03	-3.183752996847034e-04  3.165568050462753e-04  3.183752996847034e-04	1.000000000000000e+00	0	0	45
46	 8.576541304679498e+02 -6.994912068939509e+02  1.143410852359335e+03	-2.267252886667848e-03  2.254488179460168e-03  2.254488179460168e-03	1.000000000000000e+00	0	0	46
47	 3.680141288740117e+00 -1.442437012109288e+03  1.001487063245289e+03	 9.962428157450631e-05 -9.962428157450631e-05 -9.955056157195941e-05	1.000000000000000e+00	0	0	47
48	 2.047251043966435e+02 -1.042455176946115e+03  8.004468823071709e+02	 1.656068779993802e-04 -1.644280273467302e-04 -1.644280273467302e-04	1.000000000000000e+00	0	0	48
49	 4.025359545938084e+02 -1.240278409526832e+03  1.203652494291731e+03	-1.262161677004769e-04  1.244735030923039e-04  1.262161677004769e-04	1.000000000000000e+00	0	0	49
50	 9.168192863642389e+02 -6.407090046547071e+02  1.084413599683895e+03	 2.392531838268042e-03 -2.343058353289962e-03 -2.343058353289962e-03	1.000000000000000e+00	0	0	50
51	 1.571369398370746e+03 -2.994644408692247e+02  1.425658163469378e+03	 1.482356019550934e-04 -1.474862219765782e-04 -1.474862219765782e-04	1.000000000000000e+00	0	0	51
52	-3.721831691653392e+01 -2.415989254940018e+02  7.676079583338047e+02	1.203220890602097e-04 1.207688328577206e-04 1.203220890602097e-04	1.000000000000000e+00	12	0	52
53	 2.489935151938876e+02  5.815472702471121e+02 -3.439449192735936e+02	8.879137567419093e-06 8.879137567419093e-06 8.957958925748244e-06	1.000000000000000e+00	12	0	53
54	 5.312223307909845e+02 -7.954970655888700e+02  7.506469553009482e+02	3.456157719483599e-05 4.183690907666460e-05 4.183690907666460e-05	1.000000000000000e+00	12	0	54
55	 1.387466432607408e+03 -5.247176589486335e+02 -3.763385185214066e+02	1.379813966195798e-05 1.379813966195798e-05 1.383087874273770e-05	1.000000000000000e+00	12	0	55
56	 1.676506847848203e+03  3.012524162437398e+02 -1.485063226234189e+03	2.489168255124241e-04 2.474741195328534e-04 2.489168255124241e-04	1.000000000000000e+00	12	0	56
57	 1.097438942904362e+03  8.439704247479847e+02 -1.479287058471070e+03	-6.095576100051403e-04 -7.448095711879432e-04 -7.448095711879432e-04	1.000000000000000e+00	12	0	57
58	-9.773634074275358e+02  1.725459100663295e+02  8.842518949651389e+01	-1.834077120292932e-04  1.854348520282656e-04 -1.834077120292932e-04	1.000000000000000e+00	24	0	58
59	-5.444109007257493e+02  3.873716275061711e+02 -1.264111272764436e+02	-5.165080801816657e-05  5.165080801816657e-05 -5.176912964088842e-05	1.000000000000000e+00	24	0	59
60	-7.612990323770846e+02 -4.354030491902398e+01 -3.432843754380254e+02	-2.090740745188668e-04  2.054767392110080e-04 -2.054767392110080e-04	1.000000000000000e+00	24	0	60
61	 8.439789291685034e+01  3.889565659872071e+02 -7.757812463442565e+02	 3.759886385523714e-05 -3.741149703273550e-05  3.741149703273550e-05	1.000000000000000e+00	24	0	61
62	 1.170735956814848e+03  5.808604001885910e+02 -1.653661560060802e+03	-4.437866737134755e-04  4.181209660600871e-04 -4.437866737134755e-04	1.000000000000000e+00	24	0	62
63	 7.330513217048417e+02  3.708423929857231e+02 -1.443550015256949e+03	-1.052233157679439e-03  1.052233157679439e-03 -1.050788909196854e-03	1.000000000000000e+00	24	0	63
64	 9.620850063666426e+02  7.898463799716517e+02 -1.214776178095216e+03	 5.306841921992600e-04 -4.738449933938682e-04  4.738449933938682e-04	1.000000000000000e+00	24	0	64
65	 1.135747381667250e+02  3.597913519982622e+02 -7.847211501218269e+02	 4.164263737038709e-05 -4.123161488678306e-05  4.123161488678306e-05	1.000000000000000e+00	24	0	65
66	1.671176062922617e+03 2.017482103285301e+02 1.025333245743560e+03	 8.392173185711727e-05 -8.392173185711727e-05 -8.545112359570339e-05	1.000000000000000e+00	0	0	66
67	1.467512742467845e+03 1.049172332772284e+02 9.284908746691026e+02	-3.630749415606260e-04  3.676490450743586e-04  3.630749415606260e-04	1.000000000000000e+00	0	0	67
68	 9.903990991789265e+02 -6.345486518913272e+02  1.208353407361959e+03	-2.128611551597714e-03  2.225997159257531e-03  2.225997159257531e-03	1.000000000000000e+00	0	0	68
69	-9.655977219305734e+01 -1.342197098627491e+03  8.012159291009975e+02	 8.658633305458352e-05 -8.658633305458352e-05 -8.656185673316941e-05	1.000000000000000e+00	0	0	69
70	 4.541779363681059e+00 -1.142791219605393e+03  7.001108396478928e+02	 1.919051428558305e-04 -1.926597324199975e-04 -1.926597324199975e-04	1.000000000000000e+00	0	0	70
71	 1.036691702621520e+02 -1.542426041082700e+03  1.202010302359112e+03	 8.538287511328235e-05 -8.538287511328235e-05 -8.488781168125570e-05	1.000000000000000e+00	0	0	71
72	 3.028080522284708e+02 -1.441056344870333e+03  1.303380396657069e+03	-7.068384729791433e-05  7.013054710114375e-05  7.068384729791433e-05	1.000000000000000e+00	0	0	72
73	 7.848856972279164e+02 -7.067078461013867e+02  1.018414758237216e+03	 2.231524558737874e-03 -2.376883756369352e-03 -2.376883756369352e-03	1.000000000000000e+00	0	0	73
74	1.870814127320720e+03 2.110145930427093e+00 1.426722157889105e+03	-1.300980693486053e-05  1.300980693486053e-05  1.308530590904411e-05	1.000000000000000e+00	0	0	74
75	 1.771508349268491e+03 -1.990927776996103e+02  1.526029826638992e+03	 1.186570880236104e-04 -1.180156032205559e-04 -1.180156032205559e-04	1.000000000000000e+00	0	0	75
76	-1.268548837350206e+02 -6.275948010372701e+01  6.779713915153180e+02	8.061643893597648e-05 8.286531374324113e-05 8.061643893597648e-05	1.000000000000000e+00	12	0	76
77	1.388294788749142e+01 3.464367029407160e+02 1.197976033211676e+02	-2.490720944479108e-04 -2.490720944479108e-04 -2.561620203778148e-04	1.000000000000000e+00	12	0	77
78	 5.255837701147708e+01 -4.202806952918816e+02  8.573846522618157e+02	1.626287848921493e-04 1.653281942708418e-04 1.626287848921493e-04	1.000000000000000e+00	12	0	78
79	 3.368002296800680e+02 -6.972579904340437e+02  8.488860304557745e+02	1.391970290569589e-04 1.332633837591857e-04 1.332633837591857e-04	1.000000000000000e+00	12	0	79
80	 7.293786592832173e+02 -8.900822731413328e+02  6.560617477484853e+02	3.385994641575962e-04 3.396558167878538e-04 3.396558167878538e-04	1.000000000000000e+00	12	0	80
81	 1.154276876331936e+03 -7.579072152241056e+02  8.935406192243616e+01	-1.357044220640091e-05 -1.357044220640091e-05 -1.361714112135815e-05	1.000000000000000e+00	12	0	81
82	 1.620987522546809e+03 -2.911965690092327e+02 -8.416986248462732e+02	8.134586823871359e-05 8.134586823871359e-05 8.169320062734187e-05	1.000000000000000e+00	12	0	82
83	 1.765163906570300e+03  1.214400563527655e+02 -1.396406167512092e+03	1.594158966327086e-04 1.576790964463726e-04 1.594158966327086e-04	1.000000000000000e+00	12	0	83
84	 1.587008003747861e+03  4.802248299518768e+02 -1.574562070334531e+03	2.635318669490516e-04 2.626866044010967e-04 2.635318669490516e-04	1.000000000000000e+00	12	0	84
85	 1.304306274961035e+03  7.584735936701679e+02 -1.564783889548887e+03	3.805689339060336e-04 3.139055625069886e-04 3.139055625069886e-04	1.000000000000000e+00	12	0	85
86	 4.824242863390402e+02  8.149780413922648e+02 -8.093736608665811e+02	9.744775888975710e-05 9.744775888975710e-05 1.037357505992986e-04	1.000000000000000e+00	12	0	86
87	 9.217806892548717e+02  9.609798698580003e+02 -1.362277613361055e+03	1.395795377902687e-03 1.251478330232203e-03 1.251478330232203e-03	1.000000000000000e+00	12	0	87
88	-8.681277306575987e+02  3.871995243747972e+02  1.976608662664510e+02	-3.221135193598457e-05  3.331985863042064e-05 -3.221135193598457e-05	1.000000000000000e+00	24	0	88
89	-6.537960677141532e+02  4.967567944945749e+02  8.809998384681958e+01	-2.329230483155698e-04  2.329230483155698e-04 -2.326413232367486e-04	1.000000000000000e+00	24	0	89
90	-1.085801235627404e+03 -4.292272280452250e+01 -2.001263870335469e+01	-2.475953078828752e-04  2.466622390784323e-04 -2.475953078828752e-04	1.000000000000000e+00	24	0	90
91	-9.763819395829495e+02 -1.523398622791548e+02 -2.344848180778946e+02	-9.789105388335884e-05  9.729938028613105e-05 -9.729938028613105e-05	1.000000000000000e+00	24	0	91
92	 2.928412813235740e+02  4.957854378491664e+02 -8.826101182062158e+02	-6.685710104648024e-05  6.529512029374018e-05 -6.529512029374018e-05	1.000000000000000e+00	24	0	92
93	 1.062291395879400e+03  3.655232972255979e+02 -1.762106120996250e+03	-3.653830499388278e-04  3.711569297593087e-04 -3.653830499388278e-04	1.000000000000000e+00	24	0	93
94	 8.415551043817112e+02  2.623386103088536e+02 -1.659040679164307e+03	-9.777371305972338e-04  9.777371305972338e-04 -1.001252792775631e-03	1.000000000000000e+00	24	0	94
95	 1.270864497082791e+03  8.043837966055250e+02 -1.553533019792859e+03	-1.064260955899954e-03  1.015937305055559e-03 -1.064260955899954e-03	1.000000000000000e+00	24	0	95
96	 1.168627784746281e+03  9.069109289999828e+02 -1.331840727123547e+03	-5.796073819510639e-04  5.674837157130241e-04 -5.674837157130241e-04	1.000000000000000e+00	24	0	96
97	-9.603672154818483e+01  2.541702926510900e+02 -6.791000907746547e+02	 8.877625077730045e-05 -8.532906940672547e-05  8.532906940672547e-05	1.000000000000000e+00	24	0	97
98	-4.329627999391622e+02  2.759235267195839e+02 -3.389492365314664e+02	 3.695283667184412e-04 -3.695283667184412e-04  3.522291663102806e-04	1.000000000000000e+00	24	0	98
99	-5.469060101992693e+02  6.595243036169154e+01 -4.527771107187409e+02	-4.033615696243942e-04  4.051239520777017e-04 -4.051239520777017e-04	1.000000000000000e+00	24	0	99
100	-1.259488821776523e+02  2.837955630651182e+02 -6.706202434221676e+02	 8.406096458202228e-05 -9.592028800398111e-05  9.592028800398111e-05	1.000000000000000e+00	24	0	100
101	 7.272935223390767e+02 -7.668650595973243e+02  1.076036999655962e+03	-2.222315175458789e-03  2.051529940217733e-03  2.051529940217733e-03	1.000000000000000e+00	0	0	101
102	 4.039308198746946e+02 -9.411487868933002e+02  9.017532723599859e+02	 1.391544537909795e-05 -1.278305353480391e-05 -1.278305353480391e-05	1.000000000000000e+00	0	0	102
103	 5.014576110534513e+02 -1.038684462214485e+03  1.104730837832088e+03	-2.716558519750834e-04  2.699993492569774e-04  2.716558519750834e-04	1.000000000000000e+00	0	0	103
104	 6.256942301007633e+02  4.781994845898014e+02 -1.226665084540312e+03	-1.034366316162050e-03  1.034366316162050e-03 -9.547772351652384e-04	1.000000000000000e+00	24	0	104
105	 7.444965868568736e+02  6.833150260815225e+02 -1.108244824205087e+03	 4.798152949661016e-04 -4.864558868575841e-04  4.864558868575841e-04	1.000000000000000e+00	24	0	105
106	 3.241421861078822e+02  4.648281414099172e+02 -8.897579395334819e+02	-6.308325100690126e-05  7.724306487943977e-05 -7.724306487943977e-05	1.000000000000000e+00	24	0	106
107	 1.267926736391544e+03 -2.965586079718988e+02  1.128076880745403e+03	-2.764087112154812e-04  2.687545493245125e-04  2.764087112154812e-04	1.000000000000000e+00	0	0	107
108	 1.046805645050896e+03 -5.729332509680278e+02  1.152189353370575e+03	 2.313206670805812e-03 -2.088173292577267e-03 -2.088173292577267e-03	1.000000000000000e+00	0	0	108
109	 1.371479004449963e+03 -4.000890219015391e+02  1.325033582437063e+03	 2.393604954704642e-04 -2.393827162450179e-04 -2.393827162450179e-04	1.000000000000000e+00	0	0	109
110	-1.048192412197860e+02  2.277345138334386e+02  3.505710772161523e+02	-5.043871351517737e-04 -5.043871351517737e-04 -5.029347958043218e-04	1.000000000000000e+00	12	0	110
111	 1.037461723805440e+03 -8.747223677506015e+02  3.219827281957837e+02	-4.101682861801237e-05 -4.101682861801237e-05 -4.050523421028629e-05	1.000000000000000e+00	12	0	111
112	 1.737789161269979e+03 -1.743949302860624e+02 -1.074338697557804e+03	1.187464731629007e-04 1.187464731629007e-04 1.189767426694743e-04	1.000000000000000e+00	12	0	112
113	 6.040941463242771e+02  9.366479013775017e+02 -1.036975664056598e+03	6.951447576284409e-04 6.951447576284409e-04 7.410233374685049e-04	1.000000000000000e+00	12	0	113
114	 1.324762955005959e+02  4.650300505538205e+02 -1.110227400891434e+02	-8.727831755095394e-07 -8.727831755095394e-07 -1.383830976919853e-06	1.000000000000000e+00	12	0	114
115	 3.649951229800450e+02  6.975488780332696e+02 -5.773855411102948e+02	-4.236026870785281e-05 -4.236026870785281e-05 -4.254473242326640e-05	1.000000000000000e+00	12	0	115
116	 1.270876851967128e+03 -6.413072395889135e+02 -1.434869782293055e+02	7.064351770225130e-09 7.064351770225130e-09 6.869302016099255e-09	1.000000000000000e+00	12	0	116
117	 1.504161282644950e+03 -4.080228089110910e+02 -6.090844239617142e+02	4.016883394797333e-05 4.016883394797333e-05 4.032401920994744e-05	1.000000000000000e+00	12	0	117
0	-5.773502691896258e-01  5.773502691896258e-01  5.773502691896258e-01	-7.071067811865476e-01  3.124842898819631e-18 -7.071067811865476e-01	 1.198001808568474e+03 -5.294203851356715e-15  1.198001808568474e+03	1	0	0.000000000000000e+00	0.000000000000000e+00	0.000000000000000e+00
1	-5.773502691896258e-01  5.773502691896258e-01  5.773502691896258e-01	 0.000000000000000e+00  7.071067811865476e-01 -7.071067811865476e-01	 0.000000000000000e+00 -9.214510296266430e+02  9.214510296266430e+02	1	0	0.000000000000000e+00	0.000000000000000e+00	0.000000000000000e+00
2	-5.773502691896258e-01  5.773502691896258e-01  5.773502691896258e-01	 7.071067811865476e-01  7.071067811865476e-01 -3.124842898819631e-18	-7.193784354102739e+02 -7.193784354102739e+02  3.179073734356852e-15	1	0	0.000000000000000e+00	0.000000000000000e+00	0.000000000000000e+00
3	-5.773502691896258e-01  5.773502691896258e-01  5.773502691896258e-01	 7.071067811865476e-01 -3.124842898819631e-18  7.071067811865476e-01	 8.030942244427697e+02 -3.549030148066116e-15  8.030942244427697e+02	1	0	0.000000000000000e+00	0.000000000000000e+00	0.000000000000000e+00
4	-5.773502691896258e-01  5.773502691896258e-01  5.773502691896258e-01	 0.000000000000000e+00  7.071067811865476e-01 -7.071067811865476e-01	 0.000000000000000e+00 -8.625613021693013e+02  8.625613021693013e+02	1	0	0.000000000000000e+00	0.000000000000000e+00	0.000000000000000e+00
5	-5.773502691896258e-01  5.773502691896258e-01  5.773502691896258e-01	-7.071067811865476e-01 -7.071067811865476e-01  3.124842898819631e-18	 9.364621366255734e+02  9.364621366255734e+02 -4.138408986458117e-15	1	0	0.000000000000000e+00	0.000000000000000e+00	0.000000000000000e+00
6	 5.773502691896258e-01 -5.773502691896258e-01 -5.773502691896258e-01	0.000000000000000e+00 0.000000000000000e+00 0.000000000000000e+00	1.570392732195782e+03 3.025315410553647e+02 8.256108849411653e+02	1	1	0.000000000000000e+00	0.000000000000000e+00	0.000000000000000e+00
7	-5.773502691896258e-01 -5.773502691896258e-01 -5.773502691896258e-01	-7.071067811865476e-01  0.000000000000000e+00  7.071067811865476e-01	-4.024131376251693e+02  0.000000000000000e+00  4.024131376251693e+02	1	0	0.000000000000000e+00	0.000000000000000e+00	0.000000000000000e+00
8	-5.773502691896258e-01 -5.773502691896258e-01 -5.773502691896258e-01	 0.000000000000000e+00 -7.071067811865476e-01  7.071067811865476e-01	 0.000000000000000e+00 -7.730720104449091e+02  7.730720104449091e+02	1	0	0.000000000000000e+00	0.000000000000000e+00	0.000000000000000e+00
9	-5.773502691896258e-01 -5.773502691896258e-01 -5.773502691896258e-01	 7.071067811865476e-01 -7.071067811865476e-01  0.000000000000000e+00	 9.560920457780206e+02 -9.560920457780206e+02  0.000000000000000e+00	1	0	0.000000000000000e+00	0.000000000000000e+00	0.000000000000000e+00
10	-5.773502691896258e-01 -5.773502691896258e-01 -5.773502691896258e-01	 7.071067811865476e-01  0.000000000000000e+00 -7.071067811865476e-01	 1.580785037041196e+03  0.000000000000000e+00 -1.580785037041196e+03	1	0	0.000000000000000e+00	0.000000000000000e+00	0.000000000000000e+00
11	-5.773502691896258e-01 -5.773502691896258e-01 -5.773502691896258e-01	 0.000000000000000e+00  7.071067811865476e-01 -7.071067811865476e-01	 0.000000000000000e+00  1.161628741609527e+03 -1.161628741609527e+03	1	0	0.000000000000000e+00	0.000000000000000e+00	0.000000000000000e+00
12	-5.773502691896258e-01 -5.773502691896258e-01 -5.773502691896258e-01	-7.071067811865476e-01  7.071067811865476e-01  0.000000000000000e+00	-1.662768775266123e+02  1.662768775266123e+02  0.000000000000000e+00	1	0	0.000000000000000e+00	0.000000000000000e+00	0.000000000000000e+00
13	5.773502691896258e-01 5.773502691896258e-01 5.773502691896258e-01	0.000000000000000e+00 0.000000000000000e+00 0.000000000000000e+00	-2.170837012152994e+02  1.154700538379251e+02  5.877425740350395e+02	1	1	0.000000000000000e+00	0.000000000000000e+00	0.000000000000000e+00
14	-5.773502691896258e-01  5.773502691896258e-01 -5.773502691896258e-01	 7.071067811865476e-01  0.000000000000000e+00 -7.071067811865476e-01	-5.328942984620248e+02  0.000000000000000e+00  5.328942984620248e+02	1	0	0.000000000000000e+00	0.000000000000000e+00	0.000000000000000e+00
15	-5.773502691896258e-01  5.773502691896258e-01 -5.773502691896258e-01	-3.124842898819631e-18  7.071067811865476e-01  7.071067811865476e-01	 8.547268868455420e-16 -1.934123401785247e+02 -1.934123401785247e+02	1	0	0.000000000000000e+00	0.000000000000000e+00	0.000000000000000e+00
16	-5.773502691896258e-01  5.773502691896258e-01 -5.773502691896258e-01	 7.071067811865476e-01  7.071067811865476e-01 -3.124842898819631e-18	 5.519468573452824e+02  5.519468573452824e+02 -2.439160906938323e-15	1	0	0.000000000000000e+00	0.000000000000000e+00	0.000000000000000e+00
17	-5.773502691896258e-01  5.773502691896258e-01 -5.773502691896258e-01	-7.071067811865476e-01  0.000000000000000e+00  7.071067811865476e-01	 1.412198758437825e+03  0.000000000000000e+00 -1.412198758437825e+03	1	0	0.000000000000000e+00	0.000000000000000e+00	0.000000000000000e+00
18	-5.773502691896258e-01  5.773502691896258e-01 -5.773502691896258e-01	-3.124842898819631e-18  7.071067811865476e-01  7.071067811865476e-01	 9.389238637586849e-16 -2.124648990617823e+02 -2.124648990617823e+02	1	0	0.000000000000000e+00	0.000000000000000e+00	0.000000000000000e+00
19	-5.773502691896258e-01  5.773502691896258e-01 -5.773502691896258e-01	-7.071067811865476e-01 -7.071067811865476e-01  3.124842898819631e-18	-7.851963660978913e+01 -7.851963660978913e+01  3.469936018238618e-16	1	0	0.000000000000000e+00	0.000000000000000e+00	0.000000000000000e+00
20	 5.773502691896258e-01 -5.773502691896258e-01  5.773502691896258e-01	0.000000000000000e+00 0.000000000000000e+00 0.000000000000000e+00	-7.597929542535480e+02  6.027536810339697e+02  3.059956426705016e+02	1	1	0.000000000000000e+00	0.000000000000000e+00	0.000000000000000e+00
0	0	1	0
6	0	1	0
5	5	0	0
6	5	0	0
0	6	0	0
5	0	6	0
1	1	2	0
6	1	2	0
0	1	7	0
1	7	1	0
2	2	3	0
6	2	3	0
1	2	8	0
2	8	2	0
3	3	4	0
6	3	4	0
2	3	9	0
3	9	3	0
4	4	5	0
6	4	5	0
3	4	10	0
4	10	4	0
4	5	11	0
5	11	5	0
5	6	66	0
0	67	6	0
0	7	42	0
1	68	7	0
2	69	8	0
1	8	70	0
2	9	71	0
3	72	9	0
3	10	38	0
4	73	10	0
5	74	11	0
4	11	75	0
7	12	13	0
13	12	13	0
12	17	12	0
13	17	12	0
7	18	12	0
12	12	18	0
8	13	14	0
13	13	14	0
7	13	19	0
8	19	13	0
9	14	15	0
13	14	15	0
8	14	20	0
9	20	14	0
10	15	16	0
13	15	16	0
9	15	21	0
10	21	15	0
11	16	17	0
13	16	17	0
10	16	22	0
11	22	16	0
11	17	23	0
12	23	17	0
7	76	18	0
12	18	110	0
7	19	78	0
8	79	19	0
8	20	80	0
9	111	20	0
10	83	21	0
9	21	112	0
10	22	84	0
11	85	22	0
11	23	87	0
12	113	23	0
14	24	25	0
20	24	25	0
19	29	24	0
20	29	24	0
14	30	24	0
19	24	30	0
15	25	26	0
20	25	26	0
14	25	31	0
15	31	25	0
16	26	27	0
20	26	27	0
15	26	32	0
16	32	26	0
17	27	28	0
20	27	28	0
16	27	33	0
17	33	27	0
18	28	29	0
20	28	29	0
17	28	34	0
18	34	28	0
18	29	35	0
19	35	29	0
14	88	30	0
19	30	89	0
14	31	90	0
15	91	31	0
16	40	32	0
15	32	92	0
17	93	33	0
16	33	94	0
17	34	95	0
18	96	34	0
19	36	35	0
18	35	97	0
19	98	36	0
15	36	99	0
15	100	36	0
1	38	101	0
1	102	38	0
3	38	103	0
16	104	40	0
18	40	105	0
18	106	40	0
0	42	107	0
4	42	108	0
4	109	42	0
5	66	44	0
5	44	74	0
0	45	67	0
0	107	45	0
1	46	68	0
1	101	46	0
2	47	69	0
2	71	47	0
1	70	48	0
1	48	102	0
3	49	72	0
3	103	49	0
4	50	73	0
4	108	50	0
4	75	51	0
4	51	109	0
7	52	76	0
7	78	52	0
12	114	53	0
12	53	115	0
8	54	79	0
8	80	54	0
9	55	116	0
9	117	55	0
10	56	83	0
10	84	56	0
11	57	85	0
11	87	57	0
14	58	88	0
14	90	58	0
19	89	59	0
19	59	98	0
15	60	91	0
15	99	60	0
15	92	61	0
15	61	100	0
17	62	93	0
17	95	62	0
16	94	63	0
16	63	104	0
18	64	96	0
18	105	64	0
18	97	65	0
18	65	106	0
12	110	77	0
12	77	114	0
9	81	111	0
9	116	81	0
9	112	82	0
9	82	117	0
12	86	113	0
12	115	86	0
