114
21
172
0	1.570392732195782e+03 3.025315410553647e+02 8.256108849411653e+02	0.000000000000000e+00 0.000000000000000e+00 0.000000000000000e+00	1.000000000000000e+00	0	0	0
1	 1.130451827073287e+03 -5.773502691896260e+02  1.265551790063660e+03	0.000000000000000e+00 0.000000000000000e+00 0.000000000000000e+00	1.000000000000000e+00	0	0	1
2	-1.974537920628516e+02 -1.241303078757696e+03  6.015989804955904e+02	0.000000000000000e+00 0.000000000000000e+00 0.000000000000000e+00	1.000000000000000e+00	0	0	2
3	 2.032272947547480e+02 -1.641984165575296e+03  1.402961154130791e+03	0.000000000000000e+00 0.000000000000000e+00 0.000000000000000e+00	1.000000000000000e+00	0	0	3
4	 6.431681998772439e+02 -7.621023553303065e+02  9.630202490082960e+02	0.000000000000000e+00 0.000000000000000e+00 0.000000000000000e+00	1.000000000000000e+00	0	0	4
5	 1.971073819013383e+03 -9.814954576223676e+01  1.626973058576365e+03	0.000000000000000e+00 0.000000000000000e+00 0.000000000000000e+00	1.000000000000000e+00	0	0	5
6	1.569888876608420e+03 3.030353966427263e+02 8.261147405285269e+02	-1.173666169052012e-04  1.210524860653095e-04  1.156114667537622e-04	1.000000000000000e+00	0	0	6
7	 1.128902647742942e+03 -5.758010898592809e+02  1.267100969394005e+03	-6.667007304107150e-04  6.667007304107149e-04  6.667007304107150e-04	1.000000000000000e+00	0	0	7
8	-1.969562476161051e+02 -1.241800623204443e+03  6.011014360488438e+02	 1.098093853215687e-04 -1.105040428228676e-04 -1.104954135371372e-04	1.000000000000000e+00	0	0	8
9	 2.032256987974553e+02 -1.641982569618003e+03  1.402962750088084e+03	 3.409652663322049e-06 -3.668523277156055e-06 -3.139693490084028e-06	1.000000000000000e+00	0	0	9
10	 6.442493204280436e+02 -7.631834758811062e+02  9.619391284574963e+02	 5.767485708929598e-04 -5.767485708929598e-04 -5.767485708929598e-04	1.000000000000000e+00	0	0	10
11	 1.971195389995199e+03 -9.827111674405202e+01  1.626851487594550e+03	 3.236333213862963e-05 -3.211853618267924e-05 -3.204426684533246e-05	1.000000000000000e+00	0	0	11
12	-2.170837012152994e+02  1.154700538379251e+02  5.877425740350395e+02	0.000000000000000e+00 0.000000000000000e+00 0.000000000000000e+00	1.000000000000000e+00	12	0	12
13	 1.408734656822689e+02 -6.004442799572098e+02  9.456997409326077e+02	0.000000000000000e+00 0.000000000000000e+00 0.000000000000000e+00	1.000000000000000e+00	12	0	13
14	 9.214510296266424e+02 -9.907330619293978e+02  5.554109589604201e+02	0.000000000000000e+00 0.000000000000000e+00 0.000000000000000e+00	1.000000000000000e+00	12	0	14
15	 1.853294364098699e+03 -5.888972745734176e+01 -1.308275709983692e+03	0.000000000000000e+00 0.000000000000000e+00 0.000000000000000e+00	1.000000000000000e+00	12	0	15
16	 1.495337197201131e+03  6.570246063377946e+02 -1.666232876881260e+03	0.000000000000000e+00 0.000000000000000e+00 0.000000000000000e+00	1.000000000000000e+00	12	0	16
17	 7.147596332567570e+02  1.047313388309982e+03 -1.275944094909073e+03	0.000000000000000e+00 0.000000000000000e+00 0.000000000000000e+00	1.000000000000000e+00	12	0	17
18	-2.181885328709751e+02  1.143652221822494e+02  5.866377423793639e+02	-2.404935754990826e-04 -2.404935754990826e-04 -2.404935754990826e-04	1.000000000000000e+00	12	0	18
19	 1.424682089434701e+02 -5.988495366960086e+02  9.472944841938089e+02	3.426935970007131e-04 3.426935970007132e-04 3.426935970007132e-04	1.000000000000000e+00	12	0	19
20	 9.218061329003793e+02 -9.903779586556608e+02  5.557660622341571e+02	9.336119546787813e-05 8.936665835790336e-05 9.012078953674063e-05	1.000000000000000e+00	12	0	20
21	 1.853842474171789e+03 -5.834161738425169e+01 -1.307727599910602e+03	1.214609146700241e-04 1.212857168866321e-04 1.214636940858327e-04	1.000000000000000e+00	12	0	21
22	 1.496826006519294e+03  6.585134156559574e+02 -1.664744067563097e+03	3.374881634954363e-04 3.374881634954363e-04 3.374881634954363e-04	1.000000000000000e+00	12	0	22
23	 7.208850043103995e+02  1.053438759363624e+03 -1.269818723855431e+03	1.332935450288157e-03 1.332935450288157e-03 1.332935450288157e-03	1.000000000000000e+00	12	0	23
24	-7.597929542535472e+02  6.027536810339691e+02  3.059956426705008e+02	0.000000000000000e+00 0.000000000000000e+00 0.000000000000000e+00	1.000000000000000e+00	24	0	24
25	-1.191650955607388e+03 -2.609623216737101e+02 -1.258623586833382e+02	0.000000000000000e+00 0.000000000000000e+00 0.000000000000000e+00	1.000000000000000e+00	24	0	25
26	 5.126870390403868e+02  5.912066756501777e+02 -9.780313560072266e+02	0.000000000000000e+00 0.000000000000000e+00 0.000000000000000e+00	1.000000000000000e+00	24	0	26
27	 9.572467463163994e+02  1.466469683741651e+02 -1.867150770559250e+03	0.000000000000000e+00 0.000000000000000e+00 0.000000000000000e+00	1.000000000000000e+00	24	0	27
28	 1.389104747670240e+03  1.010362971081845e+03 -1.435292769205410e+03	0.000000000000000e+00 0.000000000000000e+00 0.000000000000000e+00	1.000000000000000e+00	24	0	28
29	-3.152332469775362e+02  1.581939737579582e+02 -5.831237718815206e+02	0.000000000000000e+00 0.000000000000000e+00 0.000000000000000e+00	1.000000000000000e+00	24	0	29
30	-7.601263311730046e+02  6.030870579534266e+02  3.056622657510434e+02	-7.444242510246113e-05  7.455241575371474e-05 -7.277412078110501e-05	1.000000000000000e+00	24	0	30
31	-1.192306118747837e+03 -2.603071585332606e+02 -1.265175218237876e+02	-1.483719970565289e-04  1.470407441956922e-04 -1.482953666709363e-04	1.000000000000000e+00	24	0	31
32	 5.019115290421148e+02  6.019821856484497e+02 -9.888068660054986e+02	-2.349709199431042e-04  2.349709199431042e-04 -2.349709199431042e-04	1.000000000000000e+00	24	0	32
33	 9.546642612078913e+02  1.492294534826732e+02 -1.869733255667758e+03	-5.863161253121992e-04  5.863161253121992e-04 -5.863161253121992e-04	1.000000000000000e+00	24	0	33
34	 1.384194065393918e+03  1.015273653358166e+03 -1.440203451481731e+03	-1.120304960447053e-03  1.120304960447053e-03 -1.120304960447053e-03	1.000000000000000e+00	24	0	34
35	-3.052051191309122e+02  1.481658459113342e+02 -5.730956440348966e+02	 2.886770865491902e-04 -2.886770865491902e-04  2.886770865491902e-04	1.000000000000000e+00	24	0	35
36	-3.302212676868079e+02  1.731819944672299e+02 -5.600066748242776e+02	 1.558563599246554e-05 -3.390249548829161e-05  2.448129816912115e-04	1.000000000000000e+00	24	0	36
38	 6.029130794289678e+02 -8.396266897967145e+02  1.003275369456572e+03	-2.779902424663305e-04  2.779902424663305e-04  2.779902424663305e-04	1.000000000000000e+00	0	0	38
40	 5.280839314841847e+02  5.758097832063800e+02 -1.000739581329944e+03	-4.568825897877105e-05  6.199732160894200e-05 -1.904201926663518e-04	1.000000000000000e+00	24	0	40
42	 1.170056108305505e+03 -4.991750955071603e+02  1.225947508831442e+03	 1.510167785454541e-04 -1.259587879758328e-04 -1.361556642223150e-04	1.000000000000000e+00	0	0	42
44	1.770817596967903e+03 1.021066762832438e+02 1.226207792243817e+03	 2.063383362838067e-05 -2.063383362838067e-05 -2.056561788776889e-05	1.000000000000000e+00	0	0	44
45	 1.368782791605548e+03 -9.688223394118910e+01  1.027220825531399e+03	-2.962298749480397e-04  2.952755021397024e-04  2.962298749480397e-04	1.000000000000000e+00	0	0	45
46	 8.643091782472706e+02 -7.061191622470710e+02  1.136782897006215e+03	-1.230464200489223e-03  1.227577100507915e-03  1.227577100507915e-03	1.000000000000000e+00	0	0	46
47	 3.325600579544746e+00 -1.442082471400093e+03  1.001841361628919e+03	 9.814767690841109e-05 -9.814767690841109e-05 -9.809058974497020e-05	1.000000000000000e+00	0	0	47
48	 2.040959038725460e+02 -1.041829438039412e+03  8.010726212138741e+02	 1.841928169596940e-04 -1.834632130339742e-04 -1.834632130339742e-04	1.000000000000000e+00	0	0	48
49	 4.029924287700962e+02 -1.240729938451858e+03  1.203196020115443e+03	-1.279379939660430e-04  1.269362837774679e-04  1.279379939660430e-04	1.000000000000000e+00	0	0	49
50	 9.097650877372280e+02 -6.337708399573289e+02  1.091351764381274e+03	 1.331647392362356e-03 -1.317332498729229e-03 -1.317332498729229e-03	1.000000000000000e+00	0	0	50
51	 1.570885046293039e+03 -2.989818456050261e+02  1.426140758733576e+03	 1.226780732395127e-04 -1.223946019308642e-04 -1.223946019308642e-04	1.000000000000000e+00	0	0	51
52	-3.763527114875368e+01 -2.420169575518398e+02  7.671910041015850e+02	1.115141349146143e-04 1.116861312766559e-04 1.115141349146143e-04	1.000000000000000e+00	12	0	52
53	 2.489550367061752e+02  5.815087917593997e+02 -3.439836089569160e+02	1.261911620531464e-05 1.261911620531464e-05 1.265899391000858e-05	1.000000000000000e+00	12	0	53
54	 5.311310204063067e+02 -7.956097760202337e+02  7.505342448695845e+02	1.385755604133010e-05 1.831550071074162e-05 1.831550071074162e-05	1.000000000000000e+00	12	0	54
55	 1.387419872678844e+03 -5.247642188771970e+02 -3.763851655067493e+02	1.217957651533652e-05 1.217957651533652e-05 1.219587829837110e-05	1.000000000000000e+00	12	0	55
56	 1.675578559471662e+03  3.003282606794015e+02 -1.485991514610729e+03	2.686069346964359e-04 2.677575685083866e-04 2.686069346964359e-04	1.000000000000000e+00	12	0	56
57	 1.100112666560232e+03  8.470367710099260e+02 -1.476220712209129e+03	-8.886854047887027e-04 -9.705795673653483e-04 -9.705795673653483e-04	1.000000000000000e+00	12	0	57
58	-9.766740759020647e+02  1.718506703394971e+02  8.911452102198494e+01	-2.007237490033731e-04  2.019590028794482e-04 -2.007237490033731e-04	1.000000000000000e+00	24	0	58
59	-5.441999275671287e+02  3.871606543475505e+02 -1.261992640653749e+02	-6.596116872970015e-05  6.596116872970015e-05 -6.627439870499074e-05	1.000000000000000e+00	24	0	59
60	-7.605825987560002e+02 -4.424720283499062e+01 -3.425774775220588e+02	-1.900570496218279e-04  1.883004297269508e-04 -1.883004297269508e-04	1.000000000000000e+00	24	0	60
61	 8.426220978903316e+01  3.890919729192112e+02 -7.759166532762606e+02	 3.466657653916627e-05 -3.474671393632889e-05  3.474671393632889e-05	1.000000000000000e+00	24	0	61
62	 1.172138976845579e+03  5.795229752791570e+02 -1.652258540030071e+03	-3.335876681376249e-04  3.224225656595081e-04 -3.335876681376249e-04	1.000000000000000e+00	24	0	62
63	 7.367830671614199e+02  3.671106475291449e+02 -1.439823742390236e+03	-1.026987913064659e-03  1.026987913064659e-03 -1.025562058202922e-03	1.000000000000000e+00	24	0	63
64	 9.600771338734035e+02  7.916869321125232e+02 -1.216616730236088e+03	 5.898362724110484e-04 -5.543702864088118e-04  5.543702864088118e-04	1.000000000000000e+00	24	0	64
65	 1.134155974547291e+02  3.599491793805764e+02 -7.848789775041412e+02	 5.076092566014268e-05 -5.046512524131685e-05  5.046512524131685e-05	1.000000000000000e+00	24	0	65
66	1.670886615036526e+03 2.020376582146207e+02 1.025626515054951e+03	 7.713370723649859e-05 -7.713370723649859e-05 -7.778938015690073e-05	1.000000000000000e+00	0	0	66
67	1.468771921505579e+03 1.036461161378826e+02 9.272316956313687e+02	-3.385832533240318e-04  3.407648473512381e-04  3.385832533240318e-04	1.000000000000000e+00	0	0	67
68	 9.963591265835216e+02 -6.406934846648105e+02  1.202208574588476e+03	-1.061461865901947e-03  1.076971064321697e-03  1.076971064321697e-03	1.000000000000000e+00	0	0	68
69	-9.687453763189477e+01 -1.341882333188653e+03  8.015306026305279e+02	 8.902695117285475e-05 -8.902695117285475e-05 -8.900326793082058e-05	1.000000000000000e+00	0	0	69
70	 3.830625319526376e+00 -1.142077814850213e+03  7.008242444030734e+02	 2.039807295659557e-04 -2.044621505774558e-04 -2.044621505774558e-04	1.000000000000000e+00	0	0	70
71	 1.033787148370302e+02 -1.542135585657578e+03  1.202299444894436e+03	 7.665265729883686e-05 -7.665265729883686e-05 -7.640715921297669e-05	1.000000000000000e+00	0	0	71
72	 3.030657565065687e+02 -1.441312502353205e+03  1.303122692378971e+03	-7.286007894435897e-05  7.255195669131353e-05  7.286007894435897e-05	1.000000000000000e+00	0	0	72
73	 7.782868316851227e+02 -6.998118078964894e+02  1.025310796442113e+03	 1.284128171391785e-03 -1.315453555434942e-03 -1.315453555434942e-03	1.000000000000000e+00	0	0	73
74	1.870856951817953e+03 2.067321433193506e+00 1.426679159353326e+03	-1.104566854337463e-05  1.104566854337463e-05  1.107232583308360e-05	1.000000000000000e+00	0	0	74
75	 1.771120294708640e+03 -1.987063029874262e+02  1.526416301351176e+03	 9.795546066015959e-05 -9.768753807293251e-05 -9.768753807293251e-05	1.000000000000000e+00	0	0	75
76	-1.271599161203155e+02 -6.307096425514498e+01  6.776663591300231e+02	8.959366823546588e-05 9.092190884985030e-05 8.959366823546588e-05	1.000000000000000e+00	12	0	76
77	1.477474954258020e+01 3.473285045958048e+02 1.207094042693721e+02	-2.477782545611262e-04 -2.477782545611262e-04 -2.518086694180965e-04	1.000000000000000e+00	12	0	77
78	 5.199769159880986e+01 -4.208489052398270e+02  8.568239668491485e+02	1.487814733991399e-04 1.502669329056516e-04 1.487814733991399e-04	1.000000000000000e+00	12	0	78
79	 3.363718269986186e+02 -6.976698294218204e+02  8.484741914679978e+02	1.003749421215616e-04 9.708817378850654e-05 9.708817378850654e-05	1.000000000000000e+00	12	0	79
80	 7.280914361447201e+02 -8.913734636654818e+02  6.547705572243364e+02	3.773432108573616e-04 3.783595166169107e-04 3.783595166169107e-04	1.000000000000000e+00	12	0	80
81	 1.154331925335386e+03 -7.578521662206554e+02  8.940926599993080e+01	-1.671330210228916e-05 -1.671330210228916e-05 -1.674943814578000e-05	1.000000000000000e+00	12	0	81
82	 1.620695306687968e+03 -2.914887848680733e+02 -8.419918206533354e+02	8.144908497342840e-05 8.144908497342840e-05 8.164656901499256e-05	1.000000000000000e+00	12	0	82
83	 1.764576709929863e+03  1.208579629097570e+02 -1.396993364152529e+03	1.676815736573189e-04 1.666027965256944e-04 1.676815736573189e-04	1.000000000000000e+00	12	0	83
84	 1.586051594316100e+03  4.792705027605632e+02 -1.575518479766292e+03	2.693905262276530e-04 2.690492838155478e-04 2.693905262276530e-04	1.000000000000000e+00	12	0	84
85	 1.302758306521452e+03  7.570994420478441e+02 -1.566158041171211e+03	4.901826032437384e-04 4.604342102538794e-04 4.604342102538794e-04	1.000000000000000e+00	12	0	85
86	 4.821090195746522e+02  8.146627746278767e+02 -8.097056801432434e+02	7.780626765452325e-05 7.780626765452325e-05 8.093309588730335e-05	1.000000000000000e+00	12	0	86
87	 9.166556090125844e+02  9.562795254909311e+02 -1.366977957728124e+03	1.460757688619196e-03 1.370565500110388e-03 1.370565500110388e-03	1.000000000000000e+00	12	0	87
88	-8.679912799410788e+02  3.870599453769776e+02  1.977973169829709e+02	-4.387039371067658e-05  4.450236883712932e-05 -4.387039371067658e-05	1.000000000000000e+00	24	0	88
89	-6.529424811536451e+02  4.959032079340668e+02  8.895286036583266e+01	-2.425963757559657e-04  2.425963757559657e-04 -2.424729173071682e-04	1.000000000000000e+00	24	0	89
90	-1.084889041663868e+03 -4.383214171069500e+01 -1.910044473981792e+01	-2.604777982924134e-04  2.598840219434351e-04 -2.604777982924134e-04	1.000000000000000e+00	24	0	90
91	-9.760567193167961e+02 -1.526635797544852e+02 -2.341611006025643e+02	-8.348858682438731e-05  8.322572102770209e-05 -8.322572102770209e-05	1.000000000000000e+00	24	0	91
92	 2.930912947287619e+02  4.955408692600448e+02 -8.823655496170942e+02	-8.732522110221907e-05  8.566326141590253e-05 -8.566326141590253e-05	1.000000000000000e+00	24	0	92
93	 1.063594616772046e+03  3.642023332008756e+02 -1.760802900103605e+03	-3.613080771174282e-04  3.652497834991664e-04 -3.613080771174282e-04	1.000000000000000e+00	24	0	93
94	 8.450331335765230e+02  2.588605811140418e+02 -1.655498335226690e+03	-9.598753531463444e-04  9.598753531463444e-04 -9.723561233840883e-04	1.000000000000000e+00	24	0	94
95	 1.275026527970697e+03  8.003990918562156e+02 -1.549370988904953e+03	-1.274922396987677e-03  1.225053565576673e-03 -1.274922396987677e-03	1.000000000000000e+00	24	0	95
96	 1.170680646614743e+03  9.048868411467188e+02 -1.329816639270283e+03	-5.643175099976361e-04  5.599996075034142e-04 -5.599996075034142e-04	1.000000000000000e+00	24	0	96
97	-9.634134024293158e+01  2.544635774537512e+02 -6.793933755773160e+02	 9.221932123182341e-05 -8.934144716477022e-05  8.934144716477022e-05	1.000000000000000e+00	24	0	97
98	-4.342801261045195e+02  2.772408528849413e+02 -3.402106505018465e+02	 3.644800744950771e-04 -3.644800744950771e-04  3.505613422021270e-04	1.000000000000000e+00	24	0	98
99	-5.454709049734995e+02  6.452182761563581e+01 -4.513465079726852e+02	-3.955439606215805e-04  3.915499837603420e-04 -3.915499837603420e-04	1.000000000000000e+00	24	0	99
100	-1.262551667020144e+02  2.841465408367500e+02 -6.709712211937994e+02	 7.072369044180959e-05 -8.506470476277173e-05  8.506470476277173e-05	1.000000000000000e+00	24	0	100
101	 7.332637985607097e+02 -7.725449404220790e+02  1.070357118831207e+03	-1.021156203933060e-03  1.000841148197651e-03  1.000841148197651e-03	1.000000000000000e+00	0	0	101
102	 4.038116948067479e+02 -9.410338712863197e+02  9.018681879669664e+02	 4.762586831930093e-05 -4.663873187382706e-05 -4.663873187382706e-05	1.000000000000000e+00	0	0	102
103	 5.024511300164415e+02 -1.039675413973731e+03  1.103737318869098e+03	-2.816835476551205e-04  2.815824700519443e-04  2.816835476551205e-04	1.000000000000000e+00	0	0	103
104	 6.292717764158564e+02  4.746219382747084e+02 -1.223317767871245e+03	-9.585571242496371e-04  9.585571242496371e-04 -9.090860257856548e-04	1.000000000000000e+00	24	0	104
105	 7.428786073589629e+02  6.849347062409277e+02 -1.109864504364492e+03	 4.194545908831060e-04 -4.145817365497351e-04  4.145817365497351e-04	1.000000000000000e+00	24	0	105
106	 3.243630029443418e+02  4.645540164167531e+02 -8.894838145403178e+02	-4.225935481372289e-05  5.894114292459562e-05 -5.894114292459562e-05	1.000000000000000e+00	24	0	106
107	 1.268862102481669e+03 -2.974760040614120e+02  1.127141514655278e+03	-2.452974731568247e-04  2.423980477033183e-04  2.452974731568247e-04	1.000000000000000e+00	0	0	107
108	 1.040635960688182e+03 -5.671673014803416e+02  1.157955302858261e+03	 1.064893673174083e-03 -1.031111576594412e-03 -1.031111576594412e-03	1.000000000000000e+00	0	0	108
109	 1.370739448018367e+03 -3.993484260805969e+02  1.325774178258006e+03	 1.776042336132377e-04 -1.779516896931455e-04 -1.779516896931455e-04	1.000000000000000e+00	0	0	109
110	-1.029806638635964e+02  2.295730911896281e+02  3.524058262678712e+02	-5.202260217629373e-04 -5.202260217629373e-04 -5.195216508582234e-04	1.000000000000000e+00	12	0	110
111	 1.037639746767482e+03 -8.745443447885596e+02  3.221591959224892e+02	-5.734341175411828e-05 -5.734341175411828e-05 -5.700961264665239e-05	1.000000000000000e+00	12	0	111
112	 1.737359052915348e+03 -1.748250386406930e+02 -1.074769463301979e+03	1.208824178320356e-04 1.208824178320356e-04 1.210167683893815e-04	1.000000000000000e+00	12	0	112
113	 6.015573341302944e+02  9.341110891835189e+02 -1.039643667763151e+03	7.185189169831574e-04 7.185189169831574e-04 7.453849539160728e-04	1.000000000000000e+00	12	0	113
114	 1.324577836584619e+02  4.650115387116865e+02 -1.110400187622032e+02	1.131238241214305e-05 1.131238241214305e-05 1.111593519453891e-05	1.000000000000000e+00	12	0	114
115	 3.651641234404730e+02  6.977178784936975e+02 -5.772160284126064e+02	-5.172404780751094e-05 -5.172404780751094e-05 -5.182197492104024e-05	1.000000000000000e+00	12	0	115
116	 1.270879882705875e+03 -6.413042088501663e+02 -1.434839436009815e+02	-1.572584778841701e-06 -1.572584778841701e-06 -1.574042926222319e-06	1.000000000000000e+00	12	0	116
117	 1.504019533539599e+03 -4.081645580164420e+02 -6.092266026382127e+02	3.880598887917586e-05 3.880598887917586e-05 3.889055005856790e-05	1.000000000000000e+00	12	0	117
0	-5.773502691896258e-01  5.773502691896258e-01  5.773502691896258e-01	-7.071067811865476e-01  3.124842898819631e-18 -7.071067811865476e-01	 1.198001808568474e+03 -5.294203851356715e-15  1.198001808568474e+03	1	0	0.000000000000000e+00	0.000000000000000e+00	0.000000000000000e+00
1	-5.773502691896258e-01  5.773502691896258e-01  5.773502691896258e-01	 0.000000000000000e+00  7.071067811865476e-01 -7.071067811865476e-01	 0.000000000000000e+00 -9.214510296266430e+02  9.214510296266430e+02	1	0	0.000000000000000e+00	0.000000000000000e+00	0.000000000000000e+00
2	-5.773502691896258e-01  5.773502691896258e-01  5.773502691896258e-01	 7.071067811865476e-01  7.071067811865476e-01 -3.124842898819631e-18	-7.193784354102739e+02 -7.193784354102739e+02  3.179073734356852e-15	1	0	0.000000000000000e+00	0.000000000000000e+00	0.000000000000000e+00
3	-5.773502691896258e-01  5.773502691896258e-01  5.773502691896258e-01	 7.071067811865476e-01 -3.124842898819631e-18  7.071067811865476e-01	 8.030942244427697e+02 -3.549030148066116e-15  8.030942244427697e+02	1	0	0.000000000000000e+00	0.000000000000000e+00	0.000000000000000e+00
4	-5.773502691896258e-01  5.773502691896258e-01  5.773502691896258e-01	 0.000000000000000e+00  7.071067811865476e-01 -7.071067811865476e-01	 0.000000000000000e+00 -8.625613021693013e+02  8.625613021693013e+02	1	0	0.000000000000000e+00	0.000000000000000e+00	0.000000000000000e+00
5	-5.773502691896258e-01  5.773502691896258e-01  5.773502691896258e-01	-7.071067811865476e-01 -7.071067811865476e-01  3.124842898819631e-18	 9.364621366255734e+02  9.364621366255734e+02 -4.138408986458117e-15	1	0	0.000000000000000e+00	0.000000000000000e+00	0.000000000000000e+00
6	 5.773502691896258e-01 -5.773502691896258e-01 -5.773502691896258e-01	0.000000000000000e+00 0.000000000000000e+00 0.000000000000000e+00	1.570392732195782e+03 3.025315410553647e+02 8.256108849411653e+02	1	1	0.000000000000000e+00	0.000000000000000e+00	0.000000000000000e+00
7	-5.773502691896258e-01 -5.773502691896258e-01 -5.773502691896258e-01	-7.071067811865476e-01  0.000000000000000e+00  7.071067811865476e-01	-4.024131376251693e+02  0.000000000000000e+00  4.024131376251693e+02	1	0	0.000000000000000e+00	0.000000000000000e+00	0.000000000000000e+00
8	-5.773502691896258e-01 -5.773502691896258e-01 -5.773502691896258e-01	 0.000000000000000e+00 -7.071067811865476e-01  7.071067811865476e-01	 0.000000000000000e+00 -7.730720104449091e+02  7.730720104449091e+02	1	0	0.000000000000000e+00	0.000000000000000e+00	0.000000000000000e+00
9	-5.773502691896258e-01 -5.773502691896258e-01 -5.773502691896258e-01	 7.071067811865476e-01 -7.071067811865476e-01  0.000000000000000e+00	 9.560920457780206e+02 -9.560920457780206e+02  0.000000000000000e+00	1	0	0.000000000000000e+00	0.000000000000000e+00	0.000000000000000e+00
10	-5.773502691896258e-01 -5.773502691896258e-01 -5.773502691896258e-01	 7.071067811865476e-01  0.000000000000000e+00 -7.071067811865476e-01	 1.580785037041196e+03  0.000000000000000e+00 -1.580785037041196e+03	1	0	0.000000000000000e+00	0.000000000000000e+00	0.000000000000000e+00
11	-5.773502691896258e-01 -5.773502691896258e-01 -5.773502691896258e-01	 0.000000000000000e+00  7.071067811865476e-01 -7.071067811865476e-01	 0.000000000000000e+00  1.161628741609527e+03 -1.161628741609527e+03	1	0	0.000000000000000e+00	0.000000000000000e+00	0.000000000000000e+00
12	-5.773502691896258e-01 -5.773502691896258e-01 -5.773502691896258e-01	-7.071067811865476e-01  7.071067811865476e-01  0.000000000000000e+00	-1.662768775266123e+02  1.662768775266123e+02  0.000000000000000e+00	1	0	0.000000000000000e+00	0.000000000000000e+00	0.000000000000000e+00
13	5.773502691896258e-01 5.773502691896258e-01 5.773502691896258e-01	0.000000000000000e+00 0.000000000000000e+00 0.000000000000000e+00	-2.170837012152994e+02  1.154700538379251e+02  5.877425740350395e+02	1	1	0.000000000000000e+00	0.000000000000000e+00	0.000000000000000e+00
14	-5.773502691896258e-01  5.773502691896258e-01 -5.773502691896258e-01	 7.071067811865476e-01  0.000000000000000e+00 -7.071067811865476e-01	-5.328942984620248e+02  0.000000000000000e+00  5.328942984620248e+02	1	0	0.000000000000000e+00	0.000000000000000e+00	0.000000000000000e+00
15	-5.773502691896258e-01  5.773502691896258e-01 -5.773502691896258e-01	-3.124842898819631e-18  7.071067811865476e-01  7.071067811865476e-01	 8.547268868455420e-16 -1.934123401785247e+02 -1.934123401785247e+02	1	0	0.000000000000000e+00	0.000000000000000e+00	0.000000000000000e+00
16	-5.773502691896258e-01  5.773502691896258e-01 -5.773502691896258e-01	 7.071067811865476e-01  7.071067811865476e-01 -3.124842898819631e-18	 5.519468573452824e+02  5.519468573452824e+02 -2.439160906938323e-15	1	0	0.000000000000000e+00	0.000000000000000e+00	0.000000000000000e+00
17	-5.773502691896258e-01  5.773502691896258e-01 -5.773502691896258e-01	-7.071067811865476e-01  0.000000000000000e+00  7.071067811865476e-01	 1.412198758437825e+03  0.000000000000000e+00 -1.412198758437825e+03	1	0	0.000000000000000e+00	0.000000000000000e+00	0.000000000000000e+00
18	-5.773502691896258e-01  5.773502691896258e-01 -5.773502691896258e-01	-3.124842898819631e-18  7.071067811865476e-01  7.071067811865476e-01	 9.389238637586849e-16 -2.124648990617823e+02 -2.124648990617823e+02	1	0	0.000000000000000e+00	0.000000000000000e+00	0.000000000000000e+00
19	-5.773502691896258e-01  5.773502691896258e-01 -5.773502691896258e-01	-7.071067811865476e-01 -7.071067811865476e-01  3.124842898819631e-18	-7.851963660978913e+01 -7.851963660978913e+01  3.469936018238618e-16	1	0	0.000000000000000e+00	0.000000000000000e+00	0.000000000000000e+00
20	 5.773502691896258e-01 -5.773502691896258e-01  5.773502691896258e-01	0.000000000000000e+00 0.000000000000000e+00 0.000000000000000e+00	-7.597929542535472e+02  6.027536810339691e+02  3.059956426705008e+02	1	1	0.000000000000000e+00	0.000000000000000e+00	0.000000000000000e+00
0	0	1	0
6	0	1	0
5	5	0	0
6	5	0	0
0	6	0	0
5	0	6	0
1	1	2	0
6	1	2	0
0	1	7	0
1	7	1	0
2	2	3	0
6	2	3	0
1	2	8	0
2	8	2	0
3	3	4	0
6	3	4	0
2	3	9	0
3	9	3	0
4	4	5	0
6	4	5	0
3	4	10	0
4	10	4	0
4	5	11	0
5	11	5	0
5	6	66	0
0	67	6	0
0	7	42	0
1	68	7	0
2	69	8	0
1	8	70	0
2	9	71	0
3	72	9	0
3	10	38	0
4	73	10	0
5	74	11	0
4	11	75	0
7	12	13	0
13	12	13	0
12	17	12	0
13	17	12	0
7	18	12	0
12	12	18	0
8	13	14	0
13	13	14	0
7	13	19	0
8	19	13	0
9	14	15	0
13	14	15	0
8	14	20	0
9	20	14	0
10	15	16	0
13	15	16	0
9	15	21	0
10	21	15	0
11	16	17	0
13	16	17	0
10	16	22	0
11	22	16	0
11	17	23	0
12	23	17	0
7	76	18	0
12	18	110	0
7	19	78	0
8	79	19	0
8	20	80	0
9	111	20	0
10	83	21	0
9	21	112	0
10	22	84	0
11	85	22	0
11	23	87	0
12	113	23	0
14	24	25	0
20	24	25	0
19	29	24	0
20	29	24	0
14	30	24	0
19	24	30	0
15	25	26	0
20	25	26	0
14	25	31	0
15	31	25	0
16	26	27	0
20	26	27	0
15	26	32	0
16	32	26	0
17	27	28	0
20	27	28	0
16	27	33	0
17	33	27	0
18	28	29	0
20	28	29	0
17	28	34	0
18	34	28	0
18	29	35	0
19	35	29	0
14	88	30	0
19	30	89	0
14	31	90	0
15	91	31	0
16	40	32	0
15	32	92	0
17	93	33	0
16	33	94	0
17	34	95	0
18	96	34	0
19	36	35	0
18	35	97	0
19	98	36	0
15	36	99	0
15	100	36	0
1	38	101	0
1	102	38	0
3	38	103	0
16	104	40	0
18	40	105	0
18	106	40	0
0	42	107	0
4	42	108	0
4	109	42	0
5	66	44	0
5	44	74	0
0	45	67	0
0	107	45	0
1	46	68	0
1	101	46	0
2	47	69	0
2	71	47	0
1	70	48	0
1	48	102	0
3	49	72	0
3	103	49	0
4	50	73	0
4	108	50	0
4	75	51	0
4	51	109	0
7	52	76	0
7	78	52	0
12	114	53	0
12	53	115	0
8	54	79	0
8	80	54	0
9	55	116	0
9	117	55	0
10	56	83	0
10	84	56	0
11	57	85	0
11	87	57	0
14	58	88	0
14	90	58	0
19	89	59	0
19	59	98	0
15	60	91	0
15	99	60	0
15	92	61	0
15	61	100	0
17	62	93	0
17	95	62	0
16	94	63	0
16	63	104	0
18	64	96	0
18	105	64	0
18	97	65	0
18	65	106	0
12	110	77	0
12	77	114	0
9	81	111	0
9	116	81	0
9	112	82	0
9	82	117	0
12	86	113	0
12	115	86	0
