114
21
172
0	1.570392732195782e+03 3.025315410553647e+02 8.256108849411653e+02	0.000000000000000e+00 0.000000000000000e+00 0.000000000000000e+00	1.000000000000000e+00	0	0	0
1	 1.130451827073287e+03 -5.773502691896260e+02  1.265551790063660e+03	0.000000000000000e+00 0.000000000000000e+00 0.000000000000000e+00	1.000000000000000e+00	0	0	1
2	-1.974537920628516e+02 -1.241303078757696e+03  6.015989804955904e+02	0.000000000000000e+00 0.000000000000000e+00 0.000000000000000e+00	1.000000000000000e+00	0	0	2
3	 2.032272947547480e+02 -1.641984165575296e+03  1.402961154130791e+03	0.000000000000000e+00 0.000000000000000e+00 0.000000000000000e+00	1.000000000000000e+00	0	0	3
4	 6.431681998772439e+02 -7.621023553303065e+02  9.630202490082960e+02	0.000000000000000e+00 0.000000000000000e+00 0.000000000000000e+00	1.000000000000000e+00	0	0	4
5	 1.971073819013383e+03 -9.814954576223676e+01  1.626973058576365e+03	0.000000000000000e+00 0.000000000000000e+00 0.000000000000000e+00	1.000000000000000e+00	0	0	5
6	1.570027513652316e+03 3.028967595988307e+02 8.259761034846314e+02	-1.145608621300198e-04  1.169666356872767e-04  1.134981284849346e-04	1.000000000000000e+00	0	0	6
7	 1.129562065637477e+03 -5.764605077538155e+02  1.266441551499471e+03	-4.531783730878184e-04  4.531783730878184e-04  4.531783730878184e-04	1.000000000000000e+00	0	0	7
8	-1.970877651356273e+02 -1.241669105684920e+03  6.012329535683660e+02	 1.104309631045908e-04 -1.109216755139641e-04 -1.109098011511378e-04	1.000000000000000e+00	0	0	8
9	 2.032228674916543e+02 -1.641979738312202e+03  1.402965581393885e+03	 1.365108118989156e-06 -1.529228825347673e-06 -1.198733684759645e-06	1.000000000000000e+00	0	0	9
10	 6.437020569208290e+02 -7.626362123738917e+02  9.624863919647108e+02	 3.547243832144886e-04 -3.547243832144886e-04 -3.547243832144886e-04	1.000000000000000e+00	0	0	10
11	 1.971158726187250e+03 -9.823445293610303e+01  1.626888151402499e+03	 2.956577372970060e-05 -2.941521597676910e-05 -2.937311910500284e-05	1.000000000000000e+00	0	0	11
12	-2.170837012152994e+02  1.154700538379251e+02  5.877425740350395e+02	0.000000000000000e+00 0.000000000000000e+00 0.000000000000000e+00	1.000000000000000e+00	12	0	12
13	 1.408734656822689e+02 -6.004442799572098e+02  9.456997409326077e+02	0.000000000000000e+00 0.000000000000000e+00 0.000000000000000e+00	1.000000000000000e+00	12	0	13
14	 9.214510296266424e+02 -9.907330619293978e+02  5.554109589604201e+02	0.000000000000000e+00 0.000000000000000e+00 0.000000000000000e+00	1.000000000000000e+00	12	0	14
15	 1.853294364098699e+03 -5.888972745734176e+01 -1.308275709983692e+03	0.000000000000000e+00 0.000000000000000e+00 0.000000000000000e+00	1.000000000000000e+00	12	0	15
16	 1.495337197201131e+03  6.570246063377946e+02 -1.666232876881260e+03	0.000000000000000e+00 0.000000000000000e+00 0.000000000000000e+00	1.000000000000000e+00	12	0	16
17	 7.147596332567570e+02  1.047313388309982e+03 -1.275944094909073e+03	0.000000000000000e+00 0.000000000000000e+00 0.000000000000000e+00	1.000000000000000e+00	12	0	17
18	-2.179003388956797e+02  1.146534161575448e+02  5.869259363546594e+02	-2.438870093707616e-04 -2.438870093707616e-04 -2.438870093707616e-04	1.000000000000000e+00	12	0	18
19	 1.420565883704503e+02 -5.992611572690284e+02  9.468828636207891e+02	3.492074126067261e-04 3.492074126067261e-04 3.492074126067261e-04	1.000000000000000e+00	12	0	19
20	 9.217015601198484e+02 -9.904825314361917e+02  5.556614894536261e+02	8.658471051603556e-05 8.366668043890968e-05 8.421909296885133e-05	1.000000000000000e+00	12	0	20
21	 1.853697550486494e+03 -5.848654106954763e+01 -1.307872523595898e+03	1.221974525833502e-04 1.220640551764518e-04 1.221996644744650e-04	1.000000000000000e+00	12	0	21
22	 1.496425695995321e+03  6.581131051319842e+02 -1.665144378087070e+03	3.351158132621397e-04 3.351158132621397e-04 3.351158132621397e-04	1.000000000000000e+00	12	0	22
23	 7.192881920439228e+02  1.051841947097148e+03 -1.271415536121907e+03	1.350776408798993e-03 1.350776408798993e-03 1.350776408798993e-03	1.000000000000000e+00	12	0	23
24	-7.597929542535472e+02  6.027536810339691e+02  3.059956426705008e+02	0.000000000000000e+00 0.000000000000000e+00 0.000000000000000e+00	1.000000000000000e+00	24	0	24
25	-1.191650955607388e+03 -2.609623216737101e+02 -1.258623586833382e+02	0.000000000000000e+00 0.000000000000000e+00 0.000000000000000e+00	1.000000000000000e+00	24	0	25
26	 5.126870390403868e+02  5.912066756501777e+02 -9.780313560072266e+02	0.000000000000000e+00 0.000000000000000e+00 0.000000000000000e+00	1.000000000000000e+00	24	0	26
27	 9.572467463163994e+02  1.466469683741651e+02 -1.867150770559250e+03	0.000000000000000e+00 0.000000000000000e+00 0.000000000000000e+00	1.000000000000000e+00	24	0	27
28	 1.389104747670240e+03  1.010362971081845e+03 -1.435292769205410e+03	0.000000000000000e+00 0.000000000000000e+00 0.000000000000000e+00	1.000000000000000e+00	24	0	28
29	-3.152332469775362e+02  1.581939737579582e+02 -5.831237718815206e+02	0.000000000000000e+00 0.000000000000000e+00 0.000000000000000e+00	1.000000000000000e+00	24	0	29
30	-7.600382784548352e+02  6.029990052352572e+02  3.057503184692127e+02	-7.441268826369196e-05  7.447576354024932e-05 -7.326393824769184e-05	1.000000000000000e+00	24	0	30
31	-1.192130625978740e+03 -2.604826513023583e+02 -1.263420290546900e+02	-1.473650045227259e-04  1.464317028876394e-04 -1.473296870244667e-04	1.000000000000000e+00	24	0	31
32	 5.023078536693525e+02  6.015858610212119e+02 -9.884105413782609e+02	-4.905968259360330e-04  4.905968259360329e-04 -4.905968259360332e-04	1.000000000000000e+00	24	0	32
33	 9.553589979064692e+02  1.485347167840953e+02 -1.869038518969180e+03	-5.813090053076545e-04  5.813090053076545e-04 -5.813090053076545e-04	1.000000000000000e+00	24	0	33
34	 1.385521402212698e+03  1.013946316539387e+03 -1.438876114662951e+03	-1.109893433749676e-03  1.109893433749676e-03 -1.109893433749676e-03	1.000000000000000e+00	24	0	34
35	-3.057180210044683e+02  1.486787477848903e+02 -5.736085459084527e+02	 6.591623969143257e-04 -6.591623969143257e-04  6.591623969143257e-04	1.000000000000000e+00	24	0	35
36	-3.302855107850560e+02  1.732462375654780e+02 -5.600709179225257e+02	-1.189704562420957e-04  8.516922389389947e-05  1.516241463832557e-04	1.000000000000000e+00	24	0	36
38	 6.032193172403630e+02 -8.399329276081097e+02  1.002969131645177e+03	-2.391872452183937e-04  2.391872452183937e-04  2.391872452183937e-04	1.000000000000000e+00	0	0	38
40	 5.281623612850311e+02  5.757313534055337e+02 -1.000661151529098e+03	 5.989431519992650e-05 -2.980773751914967e-05 -1.283436868106946e-04	1.000000000000000e+00	24	0	40
42	 1.169918091444921e+03 -4.990370786465766e+02  1.226085525692026e+03	 1.013680666801520e-04 -9.274816693505272e-05 -9.589535329723731e-05	1.000000000000000e+00	0	0	42
44	1.770793566706987e+03 1.021307065441601e+02 1.226231753965817e+03	 1.973730650206562e-05 -1.973730650206562e-05 -1.969000368262641e-05	1.000000000000000e+00	0	0	44
45	 1.369131143942310e+03 -9.722961057622530e+01  1.026872473194638e+03	-2.892728953156620e-04  2.885855792555958e-04  2.892728953156620e-04	1.000000000000000e+00	0	0	45
46	 8.655355803223587e+02 -7.073431338492869e+02  1.135558925403999e+03	-8.470631437376142e-04  8.457087096758187e-04  8.457087096758187e-04	1.000000000000000e+00	0	0	46
47	 3.208911250458170e+00 -1.441965782071006e+03  1.001957989355696e+03	 9.799264080356807e-05 -9.799264080356807e-05 -9.794666402740404e-05	1.000000000000000e+00	0	0	47
48	 2.038735310059320e+02 -1.041607830336308e+03  8.012942289169785e+02	 1.894866145448759e-04 -1.889322302304208e-04 -1.889322302304208e-04	1.000000000000000e+00	0	0	48
49	 4.031449071597710e+02 -1.240881378427485e+03  1.203043541725768e+03	-1.283115270780399e-04  1.275687536690384e-04  1.283115270780399e-04	1.000000000000000e+00	0	0	49
50	 9.084189988252974e+02 -6.324371437426139e+02  1.092685460595989e+03	 9.474625694565475e-04 -9.403205476701260e-04 -9.403205476701260e-04	1.000000000000000e+00	0	0	50
51	 1.570743372915324e+03 -2.988404499100643e+02  1.426282154428538e+03	 1.155244171968661e-04 -1.153377670561895e-04 -1.153377670561895e-04	1.000000000000000e+00	0	0	51
52	-3.776590237489766e+01 -2.421477530895522e+02  7.670603728754410e+02	1.079949579434469e-04 1.081014561350457e-04 1.079949579434469e-04	1.000000000000000e+00	12	0	52
53	 2.489391227303026e+02  5.814928777835272e+02 -3.439995634572441e+02	1.425662776455283e-05 1.425662776455283e-05 1.428489213139983e-05	1.000000000000000e+00	12	0	53
54	 5.311204046292042e+02 -7.956250256041602e+02  7.505189952856580e+02	3.747525852304534e-06 7.067846581776394e-06 7.067846581776394e-06	1.000000000000000e+00	12	0	54
55	 1.387405680191725e+03 -5.247784113643165e+02 -3.763993745155713e+02	1.166783749795286e-05 1.166783749795286e-05 1.167935442936141e-05	1.000000000000000e+00	12	0	55
56	 1.675254749464501e+03  3.000053361840178e+02 -1.486315324617891e+03	2.756471512839198e-04 2.750094863586128e-04 2.756471512839198e-04	1.000000000000000e+00	12	0	56
57	 1.101233089081547e+03  8.482430061962393e+02 -1.475014477022816e+03	-9.965194622054696e-04 -1.058783265762031e-03 -1.058783265762031e-03	1.000000000000000e+00	12	0	57
58	-9.764317032953584e+02  1.716070053469459e+02  8.935689362869128e+01	-2.066429296974093e-04  2.075767697533593e-04 -2.066429296974093e-04	1.000000000000000e+00	24	0	58
59	-5.441185582662029e+02  3.870792850466246e+02 -1.261175307503123e+02	-7.079278293531388e-05  7.079278293531388e-05 -7.108397403499112e-05	1.000000000000000e+00	24	0	59
60	-7.603602286802543e+02 -4.446781530861642e+01 -3.423568650484330e+02	-1.836431765696034e-04  1.824402279453352e-04 -1.824402279453352e-04	1.000000000000000e+00	24	0	60
61	 8.424727335507060e+01  3.891072254757378e+02 -7.759319058327873e+02	-3.607713733799756e-05  3.548728273017332e-05 -3.548728273017332e-05	1.000000000000000e+00	24	0	61
62	 1.172510893762150e+03  5.791617950503355e+02 -1.651886623113500e+03	-2.908466558437794e-04  2.838883956428617e-04 -2.908466558437794e-04	1.000000000000000e+00	24	0	62
63	 7.380004029252730e+02  3.658933117652919e+02 -1.438607972361588e+03	-1.019000192172825e-03  1.019000192172825e-03 -1.017813221551478e-03	1.000000000000000e+00	24	0	63
64	 9.593621404583523e+02  7.923646461374847e+02 -1.217294444261049e+03	 6.120154284872115e-04 -5.849394947290421e-04  5.849394947290421e-04	1.000000000000000e+00	24	0	64
65	 1.133277928812574e+02  3.600367385447435e+02 -7.849665366683082e+02	 1.227432949235663e-04 -1.227076572831720e-04  1.227076572831720e-04	1.000000000000000e+00	24	0	65
66	1.670796308830880e+03 2.021279644202666e+02 1.025717468179456e+03	 7.462673238478601e-05 -7.462673238478601e-05 -7.506412657676265e-05	1.000000000000000e+00	0	0	66
67	1.469170116241099e+03 1.032457248461139e+02 9.268335008958481e+02	-3.306757425889373e-04  3.321967378724366e-04  3.306757425889373e-04	1.000000000000000e+00	0	0	67
68	 9.974124974989913e+02 -6.417589402749759e+02  1.201143118978310e+03	-7.246897439472377e-04  7.307220948860049e-04  7.307220948860049e-04	1.000000000000000e+00	0	0	68
69	-9.698114468971833e+01 -1.341775726130830e+03  8.016371837482238e+02	 9.016774129122496e-05 -9.016774129122496e-05 -9.014811803353950e-05	1.000000000000000e+00	0	0	69
70	 3.585708970197089e+00 -1.141832392036899e+03  7.010696672163872e+02	 2.076162345474586e-04 -2.079843252431601e-04 -2.079843252431601e-04	1.000000000000000e+00	0	0	70
71	 1.032890618536385e+02 -1.542045932674186e+03  1.202388848813351e+03	 7.404591451631859e-05 -7.404591451631859e-05 -7.387193181784824e-05	1.000000000000000e+00	0	0	71
72	 3.031528729979457e+02 -1.441399300823767e+03  1.303035575887594e+03	-7.355086563620716e-05  7.332445966312662e-05  7.355086563620716e-05	1.000000000000000e+00	0	0	72
73	 7.769640561874394e+02 -6.984623897770784e+02  1.026660214561524e+03	 9.534886921755970e-04 -9.686038829386234e-04 -9.686038829386234e-04	1.000000000000000e+00	0	0	73
74	1.870869846643565e+03 2.054426607581993e+00 1.426666239066388e+03	-1.064389380189823e-05  1.064389380189823e-05  1.066046206688043e-05	1.000000000000000e+00	0	0	74
75	 1.771007522112382e+03 -1.985937946827616e+02  1.526528809655841e+03	 9.162216156255454e-05 -9.144336945610121e-05 -9.144336945610121e-05	1.000000000000000e+00	0	0	75
76	-1.272685320776325e+02 -6.318096558371359e+01  6.775577431727062e+02	9.300217789132148e-05 9.400031558470801e-05 9.300217789132148e-05	1.000000000000000e+00	12	0	76
77	1.506935979672660e+01 3.476231148499512e+02 1.210081900728333e+02	-2.473555505275726e-04 -2.473555505275726e-04 -2.503409341443330e-04	1.000000000000000e+00	12	0	77
78	 5.182410418873938e+01 -4.210240179703012e+02  8.566503794390781e+02	1.428590476280078e-04 1.439379993826151e-04 1.428590476280078e-04	1.000000000000000e+00	12	0	78
79	 3.362593666362720e+02 -6.977789032490673e+02  8.483651176407509e+02	8.872667967807502e-05 8.632072422187775e-05 8.632072422187775e-05	1.000000000000000e+00	12	0	79
80	 7.276355585724802e+02 -8.918304495262538e+02  6.543135713635644e+02	3.887524362653494e-04 3.895870468113571e-04 3.895870468113571e-04	1.000000000000000e+00	12	0	80
81	 1.154352156982299e+03 -7.578319345737423e+02  8.942953618842083e+01	-1.725643960526213e-05 -1.725643960526213e-05 -1.728480492602102e-05	1.000000000000000e+00	12	0	81
82	 1.620598371936855e+03 -2.915857196191860e+02 -8.420889599707831e+02	8.145671745296568e-05 8.145671745296568e-05 8.160294237313792e-05	1.000000000000000e+00	12	0	82
83	 1.764375568516969e+03  1.206579544934851e+02 -1.397194505565423e+03	1.703575107967481e-04 1.695352984825149e-04 1.703575107967481e-04	1.000000000000000e+00	12	0	83
84	 1.585729755749998e+03  4.789489926035683e+02 -1.575840318332394e+03	2.715361188165843e-04 2.713212743401527e-04 2.715361188165843e-04	1.000000000000000e+00	12	0	84
85	 1.302152182560002e+03  7.565222172420677e+02 -1.566735265976987e+03	5.241599865257740e-04 5.046527367085218e-04 5.046527367085218e-04	1.000000000000000e+00	12	0	85
86	 4.820205669882428e+02  8.145743220414673e+02 -8.097972906644161e+02	7.087207632139325e-05 7.087207632139325e-05 7.306336920009926e-05	1.000000000000000e+00	12	0	86
87	 9.149034355089564e+02  9.546223222262802e+02 -1.368635160992775e+03	1.484235748648643e-03 1.415094826370478e-03 1.415094826370478e-03	1.000000000000000e+00	12	0	87
88	-8.679367076005558e+02  3.870047173501064e+02  1.978518893234939e+02	-4.785446071764454e-05  4.832413105759770e-05 -4.785446071764454e-05	1.000000000000000e+00	24	0	88
89	-6.526518902044777e+02  4.956126169848994e+02  8.924332911364755e+01	-2.457899972796440e-04  2.457899972796440e-04 -2.457071386743337e-04	1.000000000000000e+00	24	0	89
90	-1.084576601794098e+03 -4.414395595608454e+01 -1.878800487004872e+01	-2.646211069077253e-04  2.641654864419252e-04 -2.646211069077253e-04	1.000000000000000e+00	24	0	90
91	-9.759600785584124e+02 -1.527599602472666e+02 -2.340647201097828e+02	-7.894988812040538e-05  7.877340976847336e-05 -7.877340976847336e-05	1.000000000000000e+00	24	0	91
92	 2.932473195645110e+02  4.953874793886333e+02 -8.822121597456827e+02	-2.105676539940760e-04  2.073779905913398e-04 -2.073779905913398e-04	1.000000000000000e+00	24	0	92
93	 1.064024259799297e+03  3.637684858164646e+02 -1.760373257076353e+03	-3.608552797231823e-04  3.639608039520681e-04 -3.608552797231823e-04	1.000000000000000e+00	24	0	93
94	 8.461718612983394e+02  2.577218533922254e+02 -1.654346817832400e+03	-9.539673919789493e-04  9.539673919789493e-04 -9.630017448216677e-04	1.000000000000000e+00	24	0	94
95	 1.276605212539451e+03  7.988786464134571e+02 -1.547792304336199e+03	-1.382509479299188e-03  1.335165463387966e-03 -1.382509479299188e-03	1.000000000000000e+00	24	0	95
96	 1.171349535127859e+03  9.042219148277431e+02 -1.329151712951308e+03	-5.599915748462081e-04  5.575729883275926e-04 -5.575729883275926e-04	1.000000000000000e+00	24	0	96
97	-9.650565122811091e+01  2.546242547967980e+02 -6.795540529203627e+02	 2.297299361089244e-04 -2.262877387693152e-04  2.262877387693152e-04	1.000000000000000e+00	24	0	97
98	-4.347129560869460e+02  2.776736828673677e+02 -3.406276473676709e+02	 3.629795392043889e-04 -3.629795392043889e-04  3.503657062537968e-04	1.000000000000000e+00	24	0	98
99	-5.450029863336715e+02  6.405949589812207e+01 -4.508841762551716e+02	-3.901661548297852e-04  3.848821506835520e-04 -3.848821506835520e-04	1.000000000000000e+00	24	0	99
100	-1.262735766353595e+02  2.841861382458841e+02 -6.710108186029335e+02	-9.083050827030092e-05  6.703958933940157e-05 -6.703958933940157e-05	1.000000000000000e+00	24	0	100
101	 7.342681846753648e+02 -7.735341766393622e+02  1.069367882613924e+03	-6.837292457930744e-04  6.766517763026059e-04  6.766517763026059e-04	1.000000000000000e+00	0	0	101
102	 4.037517537259962e+02 -9.409749622577767e+02  9.019270969955094e+02	 5.269508255878463e-05 -5.195362973609008e-05 -5.195362973609008e-05	1.000000000000000e+00	0	0	102
103	 5.027881944867224e+02 -1.040012454258961e+03  1.103400254398817e+03	-2.847903524525464e-04  2.848286530934274e-04  2.847903524525464e-04	1.000000000000000e+00	0	0	103
104	 6.303974569333781e+02  4.734962577571867e+02 -1.222245451503774e+03	-9.333761991001666e-04  9.333761991001666e-04 -8.931651245802641e-04	1.000000000000000e+00	24	0	104
105	 7.423934565447319e+02  6.854124704552294e+02 -1.110342268578794e+03	 3.952649130951613e-04 -3.878880525007844e-04  3.878880525007844e-04	1.000000000000000e+00	24	0	105
106	 3.243554251493664e+02  4.645384392432238e+02 -8.894682373667885e+02	 9.368483006255701e-05 -6.967524677747861e-05  6.967524677747861e-05	1.000000000000000e+00	24	0	106
107	 1.269148276852053e+03 -2.977593355706987e+02  1.126855340284895e+03	-2.357295161345974e-04  2.338155754841864e-04  2.357295161345974e-04	1.000000000000000e+00	0	0	107
108	 1.039574744276477e+03 -5.661330640947306e+02  1.158989540243872e+03	 7.362610776908696e-04 -7.222425774671137e-04 -7.222425774671137e-04	1.000000000000000e+00	0	0	108
109	 1.370536865343873e+03 -3.991454730552475e+02  1.325977131283355e+03	 1.632950734347105e-04 -1.635642402106896e-04 -1.635642402106896e-04	1.000000000000000e+00	0	0	109
110	-1.023582190823545e+02  2.301955359708701e+02  3.530275625523330e+02	-5.259275785647333e-04 -5.259275785647333e-04 -5.254380521364510e-04	1.000000000000000e+00	12	0	110
111	 1.037710596725991e+03 -8.744734948300506e+02  3.222296966937969e+02	-6.165107333799824e-05 -6.165107333799824e-05 -6.139920151326805e-05	1.000000000000000e+00	12	0	111
112	 1.737214777893274e+03 -1.749693136627670e+02 -1.074913878074309e+03	1.215903903357685e-04 1.215903903357685e-04 1.216907621710561e-04	1.000000000000000e+00	12	0	112
113	 6.006974450963454e+02  9.332512001495699e+02 -1.040531514451425e+03	7.266626344062388e-04 7.266626344062388e-04 7.467477116733789e-04	1.000000000000000e+00	12	0	113
114	 1.324417881874585e+02  4.649955432406831e+02 -1.110558275802774e+02	1.561876706546172e-05 1.561876706546172e-05 1.549919034005143e-05	1.000000000000000e+00	12	0	114
115	 3.652271845286692e+02  6.977809395818938e+02 -5.771528698507307e+02	-5.397859422373585e-05 -5.397859422373585e-05 -5.404422336141579e-05	1.000000000000000e+00	12	0	115
116	 1.270881982875759e+03 -6.413021086802823e+02 -1.434818417720099e+02	-1.950577598108794e-06 -1.950577598108794e-06 -1.951874310179846e-06	1.000000000000000e+00	12	0	116
117	 1.503973630764486e+03 -4.082104607915551e+02 -6.092725923867653e+02	3.833168739220127e-05 3.833168739220127e-05 3.839335113298148e-05	1.000000000000000e+00	12	0	117
0	-5.773502691896258e-01  5.773502691896258e-01  5.773502691896258e-01	-7.071067811865476e-01  3.124842898819631e-18 -7.071067811865476e-01	 1.198001808568474e+03 -5.294203851356715e-15  1.198001808568474e+03	1	0	0.000000000000000e+00	0.000000000000000e+00	0.000000000000000e+00
1	-5.773502691896258e-01  5.773502691896258e-01  5.773502691896258e-01	 0.000000000000000e+00  7.071067811865476e-01 -7.071067811865476e-01	 0.000000000000000e+00 -9.214510296266430e+02  9.214510296266430e+02	1	0	0.000000000000000e+00	0.000000000000000e+00	0.000000000000000e+00
2	-5.773502691896258e-01  5.773502691896258e-01  5.773502691896258e-01	 7.071067811865476e-01  7.071067811865476e-01 -3.124842898819631e-18	-7.193784354102739e+02 -7.193784354102739e+02  3.179073734356852e-15	1	0	0.000000000000000e+00	0.000000000000000e+00	0.000000000000000e+00
3	-5.773502691896258e-01  5.773502691896258e-01  5.773502691896258e-01	 7.071067811865476e-01 -3.124842898819631e-18  7.071067811865476e-01	 8.030942244427697e+02 -3.549030148066116e-15  8.030942244427697e+02	1	0	0.000000000000000e+00	0.000000000000000e+00	0.000000000000000e+00
4	-5.773502691896258e-01  5.773502691896258e-01  5.773502691896258e-01	 0.000000000000000e+00  7.071067811865476e-01 -7.071067811865476e-01	 0.000000000000000e+00 -8.625613021693013e+02  8.625613021693013e+02	1	0	0.000000000000000e+00	0.000000000000000e+00	0.000000000000000e+00
5	-5.773502691896258e-01  5.773502691896258e-01  5.773502691896258e-01	-7.071067811865476e-01 -7.071067811865476e-01  3.124842898819631e-18	 9.364621366255734e+02  9.364621366255734e+02 -4.138408986458117e-15	1	0	0.000000000000000e+00	0.000000000000000e+00	0.000000000000000e+00
6	 5.773502691896258e-01 -5.773502691896258e-01 -5.773502691896258e-01	0.000000000000000e+00 0.000000000000000e+00 0.000000000000000e+00	1.570392732195782e+03 3.025315410553647e+02 8.256108849411653e+02	1	1	0.000000000000000e+00	0.000000000000000e+00	0.000000000000000e+00
7	-5.773502691896258e-01 -5.773502691896258e-01 -5.773502691896258e-01	-7.071067811865476e-01  0.000000000000000e+00  7.071067811865476e-01	-4.024131376251693e+02  0.000000000000000e+00  4.024131376251693e+02	1	0	0.000000000000000e+00	0.000000000000000e+00	0.000000000000000e+00
8	-5.773502691896258e-01 -5.773502691896258e-01 -5.773502691896258e-01	 0.000000000000000e+00 -7.071067811865476e-01  7.071067811865476e-01	 0.000000000000000e+00 -7.730720104449091e+02  7.730720104449091e+02	1	0	0.000000000000000e+00	0.000000000000000e+00	0.000000000000000e+00
9	-5.773502691896258e-01 -5.773502691896258e-01 -5.773502691896258e-01	 7.071067811865476e-01 -7.071067811865476e-01  0.000000000000000e+00	 9.560920457780206e+02 -9.560920457780206e+02  0.000000000000000e+00	1	0	0.000000000000000e+00	0.000000000000000e+00	0.000000000000000e+00
10	-5.773502691896258e-01 -5.773502691896258e-01 -5.773502691896258e-01	 7.071067811865476e-01  0.000000000000000e+00 -7.071067811865476e-01	 1.580785037041196e+03  0.000000000000000e+00 -1.580785037041196e+03	1	0	0.000000000000000e+00	0.000000000000000e+00	0.000000000000000e+00
11	-5.773502691896258e-01 -5.773502691896258e-01 -5.773502691896258e-01	 0.000000000000000e+00  7.071067811865476e-01 -7.071067811865476e-01	 0.000000000000000e+00  1.161628741609527e+03 -1.161628741609527e+03	1	0	0.000000000000000e+00	0.000000000000000e+00	0.000000000000000e+00
12	-5.773502691896258e-01 -5.773502691896258e-01 -5.773502691896258e-01	-7.071067811865476e-01  7.071067811865476e-01  0.000000000000000e+00	-1.662768775266123e+02  1.662768775266123e+02  0.000000000000000e+00	1	0	0.000000000000000e+00	0.000000000000000e+00	0.000000000000000e+00
13	5.773502691896258e-01 5.773502691896258e-01 5.773502691896258e-01	0.000000000000000e+00 0.000000000000000e+00 0.000000000000000e+00	-2.170837012152994e+02  1.154700538379251e+02  5.877425740350395e+02	1	1	0.000000000000000e+00	0.000000000000000e+00	0.000000000000000e+00
14	-5.773502691896258e-01  5.773502691896258e-01 -5.773502691896258e-01	 7.071067811865476e-01  0.000000000000000e+00 -7.071067811865476e-01	-5.328942984620248e+02  0.000000000000000e+00  5.328942984620248e+02	1	0	0.000000000000000e+00	0.000000000000000e+00	0.000000000000000e+00
15	-5.773502691896258e-01  5.773502691896258e-01 -5.773502691896258e-01	-3.124842898819631e-18  7.071067811865476e-01  7.071067811865476e-01	 8.547268868455420e-16 -1.934123401785247e+02 -1.934123401785247e+02	1	0	0.000000000000000e+00	0.000000000000000e+00	0.000000000000000e+00
16	-5.773502691896258e-01  5.773502691896258e-01 -5.773502691896258e-01	 7.071067811865476e-01  7.071067811865476e-01 -3.124842898819631e-18	 5.519468573452824e+02  5.519468573452824e+02 -2.439160906938323e-15	1	0	0.000000000000000e+00	0.000000000000000e+00	0.000000000000000e+00
17	-5.773502691896258e-01  5.773502691896258e-01 -5.773502691896258e-01	-7.071067811865476e-01  0.000000000000000e+00  7.071067811865476e-01	 1.412198758437825e+03  0.000000000000000e+00 -1.412198758437825e+03	1	0	0.000000000000000e+00	0.000000000000000e+00	0.000000000000000e+00
18	-5.773502691896258e-01  5.773502691896258e-01 -5.773502691896258e-01	-3.124842898819631e-18  7.071067811865476e-01  7.071067811865476e-01	 9.389238637586849e-16 -2.124648990617823e+02 -2.124648990617823e+02	1	0	0.000000000000000e+00	0.000000000000000e+00	0.000000000000000e+00
19	-5.773502691896258e-01  5.773502691896258e-01 -5.773502691896258e-01	-7.071067811865476e-01 -7.071067811865476e-01  3.124842898819631e-18	-7.851963660978913e+01 -7.851963660978913e+01  3.469936018238618e-16	1	0	0.000000000000000e+00	0.000000000000000e+00	0.000000000000000e+00
20	 5.773502691896258e-01 -5.773502691896258e-01  5.773502691896258e-01	0.000000000000000e+00 0.000000000000000e+00 0.000000000000000e+00	-7.597929542535472e+02  6.027536810339691e+02  3.059956426705008e+02	1	1	0.000000000000000e+00	0.000000000000000e+00	0.000000000000000e+00
0	0	1	0
6	0	1	0
5	5	0	0
6	5	0	0
0	6	0	0
5	0	6	0
1	1	2	0
6	1	2	0
0	1	7	0
1	7	1	0
2	2	3	0
6	2	3	0
1	2	8	0
2	8	2	0
3	3	4	0
6	3	4	0
2	3	9	0
3	9	3	0
4	4	5	0
6	4	5	0
3	4	10	0
4	10	4	0
4	5	11	0
5	11	5	0
5	6	66	0
0	67	6	0
0	7	42	0
1	68	7	0
2	69	8	0
1	8	70	0
2	9	71	0
3	72	9	0
3	10	38	0
4	73	10	0
5	74	11	0
4	11	75	0
7	12	13	0
13	12	13	0
12	17	12	0
13	17	12	0
7	18	12	0
12	12	18	0
8	13	14	0
13	13	14	0
7	13	19	0
8	19	13	0
9	14	15	0
13	14	15	0
8	14	20	0
9	20	14	0
10	15	16	0
13	15	16	0
9	15	21	0
10	21	15	0
11	16	17	0
13	16	17	0
10	16	22	0
11	22	16	0
11	17	23	0
12	23	17	0
7	76	18	0
12	18	110	0
7	19	78	0
8	79	19	0
8	20	80	0
9	111	20	0
10	83	21	0
9	21	112	0
10	22	84	0
11	85	22	0
11	23	87	0
12	113	23	0
14	24	25	0
20	24	25	0
19	29	24	0
20	29	24	0
14	30	24	0
19	24	30	0
15	25	26	0
20	25	26	0
14	25	31	0
15	31	25	0
16	26	27	0
20	26	27	0
15	26	32	0
16	32	26	0
17	27	28	0
20	27	28	0
16	27	33	0
17	33	27	0
18	28	29	0
20	28	29	0
17	28	34	0
18	34	28	0
18	29	35	0
19	35	29	0
14	88	30	0
19	30	89	0
14	31	90	0
15	91	31	0
16	40	32	0
15	32	92	0
17	93	33	0
16	33	94	0
17	34	95	0
18	96	34	0
19	36	35	0
18	35	97	0
19	98	36	0
15	36	99	0
15	100	36	0
1	38	101	0
1	102	38	0
3	38	103	0
16	104	40	0
18	40	105	0
18	106	40	0
0	42	107	0
4	42	108	0
4	109	42	0
5	66	44	0
5	44	74	0
0	45	67	0
0	107	45	0
1	46	68	0
1	101	46	0
2	47	69	0
2	71	47	0
1	70	48	0
1	48	102	0
3	49	72	0
3	103	49	0
4	50	73	0
4	108	50	0
4	75	51	0
4	51	109	0
7	52	76	0
7	78	52	0
12	114	53	0
12	53	115	0
8	54	79	0
8	80	54	0
9	55	116	0
9	117	55	0
10	56	83	0
10	84	56	0
11	57	85	0
11	87	57	0
14	58	88	0
14	90	58	0
19	89	59	0
19	59	98	0
15	60	91	0
15	99	60	0
15	92	61	0
15	61	100	0
17	62	93	0
17	95	62	0
16	94	63	0
16	63	104	0
18	64	96	0
18	105	64	0
18	97	65	0
18	65	106	0
12	110	77	0
12	77	114	0
9	81	111	0
9	116	81	0
9	112	82	0
9	82	117	0
12	86	113	0
12	115	86	0
