114
21
172
0	1.570392732195782e+03 3.025315410553647e+02 8.256108849411653e+02	0.000000000000000e+00 0.000000000000000e+00 0.000000000000000e+00	1.000000000000000e+00	0	0	0
1	 1.130451827073287e+03 -5.773502691896260e+02  1.265551790063660e+03	0.000000000000000e+00 0.000000000000000e+00 0.000000000000000e+00	1.000000000000000e+00	0	0	1
2	-1.974537920628516e+02 -1.241303078757696e+03  6.015989804955904e+02	0.000000000000000e+00 0.000000000000000e+00 0.000000000000000e+00	1.000000000000000e+00	0	0	2
3	 2.032272947547480e+02 -1.641984165575296e+03  1.402961154130791e+03	0.000000000000000e+00 0.000000000000000e+00 0.000000000000000e+00	1.000000000000000e+00	0	0	3
4	 6.431681998772439e+02 -7.621023553303065e+02  9.630202490082960e+02	0.000000000000000e+00 0.000000000000000e+00 0.000000000000000e+00	1.000000000000000e+00	0	0	4
5	 1.971073819013383e+03 -9.814954576223676e+01  1.626973058576365e+03	0.000000000000000e+00 0.000000000000000e+00 0.000000000000000e+00	1.000000000000000e+00	0	0	5
6	1.569773195770905e+03 3.031510774802412e+02 8.262304213660418e+02	-1.197026213048957e-04  1.246088504558429e-04  1.172485644929111e-04	1.000000000000000e+00	0	0	6
7	 1.128150409423858e+03 -5.750488515401973e+02  1.267853207713089e+03	-8.918889798223972e-04  8.918889798223972e-04  8.918889798223972e-04	1.000000000000000e+00	0	0	7
8	-1.968495022626900e+02 -1.241907368557858e+03  6.009946906954287e+02	 1.092361271730624e-04 -1.101050365832634e-04 -1.101021407521330e-04	1.000000000000000e+00	0	0	8
9	 2.032298291101320e+02 -1.641986699930680e+03  1.402958619775407e+03	 5.127405529492535e-06 -5.478458206198411e-06 -4.754875135404291e-06	1.000000000000000e+00	0	0	9
10	 6.449175758635846e+02 -7.638517313166473e+02  9.612708730219553e+02	 8.084483755131563e-04 -8.084483755131563e-04 -8.084483755131563e-04	1.000000000000000e+00	0	0	10
11	 1.971227684187843e+03 -9.830341093669657e+01  1.626819193401906e+03	 3.467955320957117e-05 -3.433874007896520e-05 -3.422949157538824e-05	1.000000000000000e+00	0	0	11
12	-2.170837012152994e+02  1.154700538379251e+02  5.877425740350395e+02	0.000000000000000e+00 0.000000000000000e+00 0.000000000000000e+00	1.000000000000000e+00	12	0	12
13	 1.408734656822689e+02 -6.004442799572098e+02  9.456997409326077e+02	0.000000000000000e+00 0.000000000000000e+00 0.000000000000000e+00	1.000000000000000e+00	12	0	13
14	 9.214510296266424e+02 -9.907330619293978e+02  5.554109589604201e+02	0.000000000000000e+00 0.000000000000000e+00 0.000000000000000e+00	1.000000000000000e+00	12	0	14
15	 1.853294364098699e+03 -5.888972745734176e+01 -1.308275709983692e+03	0.000000000000000e+00 0.000000000000000e+00 0.000000000000000e+00	1.000000000000000e+00	12	0	15
16	 1.495337197201131e+03  6.570246063377946e+02 -1.666232876881260e+03	0.000000000000000e+00 0.000000000000000e+00 0.000000000000000e+00	1.000000000000000e+00	12	0	16
17	 7.147596332567570e+02  1.047313388309982e+03 -1.275944094909073e+03	0.000000000000000e+00 0.000000000000000e+00 0.000000000000000e+00	1.000000000000000e+00	12	0	17
18	-2.184205236641208e+02  1.141332313891037e+02  5.864057515862181e+02	-2.378572729260972e-04 -2.378572729260971e-04 -2.378572729260971e-04	1.000000000000000e+00	12	0	18
19	 1.427982385598853e+02 -5.985195070795935e+02  9.476245138102240e+02	3.378405041682224e-04 3.378405041682224e-04 3.378405041682224e-04	1.000000000000000e+00	12	0	19
20	 9.218968147164800e+02 -9.902872768395601e+02  5.558567440502577e+02	9.898905409500003e-05 9.412297367816791e-05 9.503798355581239e-05	1.000000000000000e+00	12	0	20
21	 1.853959923323361e+03 -5.822416823268041e+01 -1.307610150759031e+03	1.208229441544972e-04 1.206162414746359e-04 1.208261382998899e-04	1.000000000000000e+00	12	0	21
22	 1.497153931356556e+03  6.588413404932195e+02 -1.664416142725835e+03	3.385084467784812e-04 3.385084467784812e-04 3.385084467784812e-04	1.000000000000000e+00	12	0	22
23	 7.221709129495972e+02  1.054724668002822e+03 -1.268532815216233e+03	1.318407633031408e-03 1.318407633031408e-03 1.318407633031408e-03	1.000000000000000e+00	12	0	23
24	-7.597929542535472e+02  6.027536810339691e+02  3.059956426705008e+02	0.000000000000000e+00 0.000000000000000e+00 0.000000000000000e+00	1.000000000000000e+00	24	0	24
25	-1.191650955607388e+03 -2.609623216737101e+02 -1.258623586833382e+02	0.000000000000000e+00 0.000000000000000e+00 0.000000000000000e+00	1.000000000000000e+00	24	0	25
26	 5.126870390403868e+02  5.912066756501777e+02 -9.780313560072266e+02	0.000000000000000e+00 0.000000000000000e+00 0.000000000000000e+00	1.000000000000000e+00	24	0	26
27	 9.572467463163994e+02  1.466469683741651e+02 -1.867150770559250e+03	0.000000000000000e+00 0.000000000000000e+00 0.000000000000000e+00	1.000000000000000e+00	24	0	27
28	 1.389104747670240e+03  1.010362971081845e+03 -1.435292769205410e+03	0.000000000000000e+00 0.000000000000000e+00 0.000000000000000e+00	1.000000000000000e+00	24	0	28
29	-3.152332469775362e+02  1.581939737579582e+02 -5.831237718815206e+02	0.000000000000000e+00 0.000000000000000e+00 0.000000000000000e+00	1.000000000000000e+00	24	0	29
30	-7.601979596329045e+02  6.031586864133264e+02  3.055906372911435e+02	-7.441203342750669e-05  7.457187166437507e-05 -7.228168396977708e-05	1.000000000000000e+00	24	0	30
31	-1.192449920683704e+03 -2.601633565973941e+02 -1.266613237596542e+02	-1.491929870098829e-04  1.475216558901593e-04 -1.490745489718392e-04	1.000000000000000e+00	24	0	31
32	 5.017161466360698e+02  6.021775680544947e+02 -9.890022484115436e+02	-1.779715142523249e-04  1.779715142523248e-04 -1.779715142523250e-04	1.000000000000000e+00	24	0	32
33	 9.540935692120742e+02  1.498001454784902e+02 -1.870303947663575e+03	-5.903684456522266e-04  5.903684456522266e-04 -5.903684456522266e-04	1.000000000000000e+00	24	0	33
34	 1.383104335335209e+03  1.016363383416875e+03 -1.441293181540440e+03	-1.126217811057965e-03  1.126217811057965e-03 -1.126217811057965e-03	1.000000000000000e+00	24	0	34
35	-3.049736153019775e+02  1.479343420823996e+02 -5.728641402059620e+02	 2.028357218174885e-04 -2.028357218174885e-04  2.028357218174885e-04	1.000000000000000e+00	24	0	35
36	-3.301119960455235e+02  1.730727228259455e+02 -5.598974031829931e+02	 4.694558083429001e-05 -5.870164750376716e-05  2.619514125399292e-04	1.000000000000000e+00	24	0	36
38	 6.026234554570523e+02 -8.393370658247990e+02  1.003564993428487e+03	-3.209091276706507e-04  3.209091276706507e-04  3.209091276706507e-04	1.000000000000000e+00	0	0	38
40	 5.279760241558308e+02  5.759176905347339e+02 -1.000847488658298e+03	-7.567256398033351e-05  8.448357402812690e-05 -1.990702585317194e-04	1.000000000000000e+00	24	0	40
42	 1.170210469043416e+03 -4.993294562450709e+02  1.225793148093531e+03	 2.101790887536481e-04 -1.569895248394459e-04 -1.797212316887453e-04	1.000000000000000e+00	0	0	42
44	1.770837932089736e+03 1.020863411614105e+02 1.226187532083020e+03	 2.128084452124313e-05 -2.128084452124313e-05 -2.119430610036943e-05	1.000000000000000e+00	0	0	44
45	 1.368492644183201e+03 -9.659312072607651e+01  1.027510972953746e+03	-3.020392905455083e-04  3.008599742315710e-04  3.020392905455083e-04	1.000000000000000e+00	0	0	45
46	 8.629395421469029e+02 -7.047532604248468e+02  1.138148798828439e+03	-1.598535222001374e-03  1.593581517226994e-03  1.593581517226994e-03	1.000000000000000e+00	0	0	46
47	 3.420912412726492e+00 -1.442177783233274e+03  1.001746108697917e+03	 9.839101403485984e-05 -9.839101403485984e-05 -9.832695650402457e-05	1.000000000000000e+00	0	0	47
48	 2.042723697704105e+02 -1.042005130964292e+03  8.008969282889936e+02	 1.796014257706702e-04 -1.787385554052889e-04 -1.787385554052889e-04	1.000000000000000e+00	0	0	48
49	 4.028685062504921e+02 -1.240607087981148e+03  1.203319942635047e+03	-1.275610848097131e-04  1.263528829440475e-04  1.275610848097131e-04	1.000000000000000e+00	0	0	49
50	 9.112342158326564e+02 -6.352220270566590e+02  1.089900577281943e+03	 1.703010289929807e-03 -1.679871464148164e-03 -1.679871464148164e-03	1.000000000000000e+00	0	0	50
51	 1.571007047454008e+03 -2.991035267658144e+02  1.426019077572788e+03	 1.289497158722952e-04 -1.285704202018678e-04 -1.285704202018678e-04	1.000000000000000e+00	0	0	51
52	-3.752579852253010e+01 -2.419072881245542e+02  7.673004767278086e+02	1.141704851761460e-04 1.144057750934735e-04 1.141704851761460e-04	1.000000000000000e+00	12	0	52
53	 2.489667589637770e+02  5.815205140170016e+02 -3.439718432682728e+02	1.156175130745396e-05 1.156175130745396e-05 1.161152249551378e-05	1.000000000000000e+00	12	0	53
54	 5.311479827577151e+02 -7.955880632635525e+02  7.505559576262657e+02	2.093945295200683e-05 2.626651075843256e-05 2.626651075843256e-05	1.000000000000000e+00	12	0	54
55	 1.387431886853988e+03 -5.247522047020529e+02 -3.763731335368857e+02	1.259353848581668e-05 1.259353848581668e-05 1.261396664631320e-05	1.000000000000000e+00	12	0	55
56	 1.675836406467181e+03  3.005852026392163e+02 -1.485733667615211e+03	2.630598319228739e-04 2.620438463054597e-04 2.630598319228739e-04	1.000000000000000e+00	12	0	56
57	 1.099290155552106e+03  8.461273104913005e+02 -1.477130172727754e+03	-8.079214603640139e-04 -9.052048553712666e-04 -9.052048553712666e-04	1.000000000000000e+00	12	0	57
58	-9.768664741431601e+02  1.720443798926437e+02  8.892212278088955e+01	-1.959783985512331e-04  1.974449696717784e-04 -1.959783985512331e-04	1.000000000000000e+00	24	0	58
59	-5.442620113081675e+02  3.872227380885893e+02 -1.262616469578185e+02	-6.204751844052225e-05  6.204751844052225e-05 -6.234628381207585e-05	1.000000000000000e+00	24	0	59
60	-7.607694481234412e+02 -4.406228502313332e+01 -3.427623953339161e+02	-1.952003221958876e-04  1.929707796080038e-04 -1.929707796080038e-04	1.000000000000000e+00	24	0	60
61	 8.429857848731504e+01  3.890555861459554e+02 -7.758802665030048e+02	 3.846981780952774e-05 -3.844130696961656e-05  3.844130696961656e-05	1.000000000000000e+00	24	0	61
62	 1.171799565860632e+03  5.798497696977506e+02 -1.652597951015018e+03	-3.659309295471758e-04  3.510414389893413e-04 -3.659309295471758e-04	1.000000000000000e+00	24	0	62
63	 7.357836681878823e+02  3.681100465026825e+02 -1.440821698540797e+03	-1.033656881190836e-03  1.033656881190836e-03 -1.032120664604008e-03	1.000000000000000e+00	24	0	63
64	 9.606408967422744e+02  7.911606726851569e+02 -1.216090470808722e+03	 5.726923700422049e-04 -5.308988038450480e-04  5.308988038450480e-04	1.000000000000000e+00	24	0	64
65	 1.134611507235866e+02  3.599039400836382e+02 -7.848337382072029e+02	 4.502628871705383e-05 -4.468099723453633e-05  4.468099723453633e-05	1.000000000000000e+00	24	0	65
66	1.670962389865015e+03 2.019618833861321e+02 1.025550007575824e+03	 7.909013947937638e-05 -7.909013947937638e-05 -7.994918269105256e-05	1.000000000000000e+00	0	0	66
67	1.468440340893964e+03 1.039800930553753e+02 9.275632762429839e+02	-3.451064694672823e-04  3.478735452517867e-04  3.451064694672823e-04	1.000000000000000e+00	0	0	67
68	 9.951707481377175e+02 -6.394836079888369e+02  1.203418451264449e+03	-1.395739265717566e-03  1.425801776349545e-03  1.425801776349545e-03	1.000000000000000e+00	0	0	68
69	-9.678858472562932e+01 -1.341968286094919e+03  8.014446737631170e+02	 8.821338997222483e-05 -8.821338997222483e-05 -8.818772039376199e-05	1.000000000000000e+00	0	0	69
70	 4.027001520742857e+00 -1.142274699476226e+03  7.006273597770601e+02	 2.008948940783739e-04 -2.014606288867071e-04 -2.014606288867071e-04	1.000000000000000e+00	0	0	70
71	 1.034541370781499e+02 -1.542211007898698e+03  1.202224290597891e+03	 7.887618266977370e-05 -7.887618266977370e-05 -7.856854790588841e-05	1.000000000000000e+00	0	0	71
72	 3.029953596363905e+02 -1.441242436572975e+03  1.303193089249149e+03	-7.228589674923569e-05  7.191131589934230e-05  7.228589674923569e-05	1.000000000000000e+00	0	0	72
73	 7.796853906156166e+02 -7.012506860521521e+02  1.023871918286450e+03	 1.604566001333296e-03 -1.657928922213614e-03 -1.657928922213614e-03	1.000000000000000e+00	0	0	73
74	1.870846044878336e+03 2.078228372811065e+00 1.426690096952974e+03	-1.145697024185210e-05  1.145697024185210e-05  1.149386298493482e-05	1.000000000000000e+00	0	0	74
75	 1.771217886792675e+03 -1.988035952852224e+02  1.526319009053380e+03	 1.032999789458700e-04 -1.029478589771315e-04 -1.029478589771315e-04	1.000000000000000e+00	0	0	75
76	-1.270742770102258e+02 -6.298391040732565e+01  6.777519982401128e+02	8.700234320713207e-05 8.858993533067405e-05 8.700234320713207e-05	1.000000000000000e+00	12	0	76
77	1.453424396746511e+01 3.470879990206897e+02 1.204645814422625e+02	-2.481113770045340e-04 -2.481113770045340e-04 -2.529816702008247e-04	1.000000000000000e+00	12	0	77
78	 5.214414394069341e+01 -4.207008510752401e+02  8.569704191910321e+02	1.531093585072085e-04 1.549267908558249e-04 1.531093585072085e-04	1.000000000000000e+00	12	0	78
79	 3.364739628820736e+02 -6.975712299030765e+02  8.485727909867417e+02	1.102977184928022e-04 1.062922892742790e-04 1.062922892742790e-04	1.000000000000000e+00	12	0	79
80	 7.284527768346586e+02 -8.910110884300931e+02  6.551329324597251e+02	3.675948828458786e-04 3.687026328407228e-04 3.687026328407228e-04	1.000000000000000e+00	12	0	80
81	 1.154315997035510e+03 -7.578680945205310e+02  8.939330014211853e+01	-1.609873288543895e-05 -1.609873288543895e-05 -1.613980748516042e-05	1.000000000000000e+00	12	0	81
82	 1.620774299361258e+03 -2.914097921947828e+02 -8.419126164269352e+02	8.142149454215541e-05 8.142149454215541e-05 8.166015322785825e-05	1.000000000000000e+00	12	0	82
83	 1.764738289181429e+03  1.210184005458198e+02 -1.396831784900963e+03	1.654660591157153e-04 1.641929411562160e-04 1.654660591157153e-04	1.000000000000000e+00	12	0	83
84	 1.586312095374028e+03  4.795306158262472e+02 -1.575257978708364e+03	2.677366719581187e-04 2.672754926607013e-04 2.677366719581187e-04	1.000000000000000e+00	12	0	84
85	 1.303216885770987e+03  7.575243204428320e+02 -1.565733162776223e+03	4.555828636512160e-04 4.157354705967009e-04 4.157354705967009e-04	1.000000000000000e+00	12	0	85
86	 4.821871815182615e+02  8.147409365714860e+02 -8.096240980255777e+02	8.334090671269223e-05 8.334090671269223e-05 8.727319072932005e-05	1.000000000000000e+00	12	0	86
87	 9.180635938524531e+02  9.575922276819933e+02 -1.365665255537062e+03	1.442398526705801e-03 1.336288987658918e-03 1.336288987658918e-03	1.000000000000000e+00	12	0	87
88	-8.680322834495830e+02  3.871016251714229e+02  1.977563134744667e+02	-4.068314956384711e-05  4.144544072914869e-05 -4.068314956384711e-05	1.000000000000000e+00	24	0	88
89	-6.531765379867434e+02  4.961372647671650e+02  8.871894099668853e+01	-2.399914083071053e-04  2.399914083071053e-04 -2.398307551629841e-04	1.000000000000000e+00	24	0	89
90	-1.085140052729803e+03 -4.358175725092821e+01 -1.935145580575292e+01	-2.570601354818791e-04  2.563632733654231e-04 -2.570601354818791e-04	1.000000000000000e+00	24	0	90
91	-9.761395265445470e+02 -1.525810650208779e+02 -2.342436153361715e+02	-8.726536179892719e-05  8.692382834851742e-05 -8.692382834851742e-05	1.000000000000000e+00	24	0	91
92	 2.930172232239896e+02  4.956134494133274e+02 -8.824381297703768e+02	-6.986837252043188e-05  6.839210982434452e-05 -6.839210982434452e-05	1.000000000000000e+00	24	0	92
93	 1.063243830810001e+03  3.645572374774854e+02 -1.761153686065649e+03	-3.620134375523776e-04  3.665510448627174e-04 -3.620134375523776e-04	1.000000000000000e+00	24	0	93
94	 8.440997138929241e+02  2.597940007976407e+02 -1.656445253684728e+03	-9.647067054174840e-04  9.647067054174840e-04 -9.800730040296912e-04	1.000000000000000e+00	24	0	94
95	 1.273824886851612e+03  8.015522316759559e+02 -1.550572630024038e+03	-1.204862259328365e-03  1.154895289801061e-03 -1.204862259328365e-03	1.000000000000000e+00	24	0	95
96	 1.170131370838954e+03  9.054310513220039e+02 -1.330360849445568e+03	-5.682572955265641e-04  5.620887386612594e-04 -5.620887386612594e-04	1.000000000000000e+00	24	0	96
97	-9.625938947411774e+01  2.543844604234239e+02 -6.793142585469886e+02	 8.141771832015365e-05 -7.841938349884003e-05  7.841938349884003e-05	1.000000000000000e+00	24	0	97
98	-4.339259606998046e+02  2.768866874802264e+02 -3.398704189981664e+02	 3.657696070149541e-04 -3.657696070149541e-04  3.509647794999182e-04	1.000000000000000e+00	24	0	98
99	-5.458558804266397e+02  6.490358293709720e+01 -4.517282632941466e+02	-3.980959882028401e-04  3.954829589929432e-04 -3.954829589929432e-04	1.000000000000000e+00	24	0	99
100	-1.261756789916672e+02  2.840541268456351e+02 -6.708788072026845e+02	 8.755381713854149e-05 -1.002120625344105e-04  1.002120625344105e-04	1.000000000000000e+00	24	0	100
101	 7.321110247285059e+02 -7.714215449993726e+02  1.071480514253913e+03	-1.364704105071723e-03  1.322262687608600e-03  1.322262687608600e-03	1.000000000000000e+00	0	0	101
102	 4.038550521917939e+02 -9.410761898429012e+02  9.018258694103849e+02	 4.141926547163166e-05 -4.027296017738990e-05 -4.027296017738990e-05	1.000000000000000e+00	0	0	102
103	 5.021791582185217e+02 -1.039403641634751e+03  1.104009290667018e+03	-2.790676080621779e-04  2.787369303405285e-04  2.790676080621779e-04	1.000000000000000e+00	0	0	103
104	 6.283320167432952e+02  4.755616979472696e+02 -1.224205837732755e+03	-9.791132761165500e-04  9.791132761165500e-04 -9.219562634825706e-04	1.000000000000000e+00	24	0	104
105	 7.432941155760830e+02  6.845226906585219e+02 -1.109452488782087e+03	 4.370747192297131e-04 -4.348186776041985e-04  4.348186776041985e-04	1.000000000000000e+00	24	0	105
106	 3.243100279921898e+02  4.646222834991848e+02 -8.895520816227495e+02	-6.189361738506705e-05  7.702071161475033e-05 -7.702071161475033e-05	1.000000000000000e+00	24	0	106
107	 1.268620281971629e+03 -2.972374558703951e+02  1.127383335165318e+03	-2.533502993173897e-04  2.494715154170990e-04  2.533502993173897e-04	1.000000000000000e+00	0	0	107
108	 1.041829868741748e+03 -5.683151291356514e+02  1.156807475202951e+03	 1.407072180882096e-03 -1.343213371001184e-03 -1.343213371001184e-03	1.000000000000000e+00	0	0	108
109	 1.370918207620251e+03 -3.995275385299290e+02  1.325595065808674e+03	 1.913316809805110e-04 -1.917034824145958e-04 -1.917034824145958e-04	1.000000000000000e+00	0	0	109
110	-1.034830968276983e+02  2.290706582255262e+02  3.519041666475508e+02	-5.157396080903709e-04 -5.157396080903709e-04 -5.148474010638893e-04	1.000000000000000e+00	12	0	110
111	 1.037585983405223e+03 -8.745981081508185e+02  3.221057860201431e+02	-5.343936209101230e-05 -5.343936209101230e-05 -5.304551086737774e-05	1.000000000000000e+00	12	0	111
112	 1.737476024952699e+03 -1.747080666033421e+02 -1.074652347862081e+03	1.202969069709070e-04 1.202969069709070e-04 1.204581421916373e-04	1.000000000000000e+00	12	0	112
113	 6.022511116720408e+02  9.348048667252652e+02 -1.038921227672829e+03	7.119678775779903e-04 7.119678775779903e-04 7.441787747666240e-04	1.000000000000000e+00	12	0	113
114	 1.324671176816889e+02  4.650208727349135e+02 -1.110309098422628e+02	7.941744115669280e-06 7.941744115669280e-06 7.672454557905439e-06	1.000000000000000e+00	12	0	114
115	 3.651151299879372e+02  6.976688850411617e+02 -5.772651291066384e+02	-4.925751272821799e-05 -4.925751272821799e-05 -4.938053098157980e-05	1.000000000000000e+00	12	0	115
116	 1.270878524272788e+03 -6.413055672832536e+02 -1.434853034407032e+02	-1.221927050210070e-06 -1.221927050210070e-06 -1.223341087097651e-06	1.000000000000000e+00	12	0	116
117	 1.504057352694051e+03 -4.081267388619906e+02 -6.091886923460985e+02	3.917145659215748e-05 3.917145659215748e-05 3.927485522581264e-05	1.000000000000000e+00	12	0	117
0	-5.773502691896258e-01  5.773502691896258e-01  5.773502691896258e-01	-7.071067811865476e-01  3.124842898819631e-18 -7.071067811865476e-01	 1.198001808568474e+03 -5.294203851356715e-15  1.198001808568474e+03	1	0	0.000000000000000e+00	0.000000000000000e+00	0.000000000000000e+00
1	-5.773502691896258e-01  5.773502691896258e-01  5.773502691896258e-01	 0.000000000000000e+00  7.071067811865476e-01 -7.071067811865476e-01	 0.000000000000000e+00 -9.214510296266430e+02  9.214510296266430e+02	1	0	0.000000000000000e+00	0.000000000000000e+00	0.000000000000000e+00
2	-5.773502691896258e-01  5.773502691896258e-01  5.773502691896258e-01	 7.071067811865476e-01  7.071067811865476e-01 -3.124842898819631e-18	-7.193784354102739e+02 -7.193784354102739e+02  3.179073734356852e-15	1	0	0.000000000000000e+00	0.000000000000000e+00	0.000000000000000e+00
3	-5.773502691896258e-01  5.773502691896258e-01  5.773502691896258e-01	 7.071067811865476e-01 -3.124842898819631e-18  7.071067811865476e-01	 8.030942244427697e+02 -3.549030148066116e-15  8.030942244427697e+02	1	0	0.000000000000000e+00	0.000000000000000e+00	0.000000000000000e+00
4	-5.773502691896258e-01  5.773502691896258e-01  5.773502691896258e-01	 0.000000000000000e+00  7.071067811865476e-01 -7.071067811865476e-01	 0.000000000000000e+00 -8.625613021693013e+02  8.625613021693013e+02	1	0	0.000000000000000e+00	0.000000000000000e+00	0.000000000000000e+00
5	-5.773502691896258e-01  5.773502691896258e-01  5.773502691896258e-01	-7.071067811865476e-01 -7.071067811865476e-01  3.124842898819631e-18	 9.364621366255734e+02  9.364621366255734e+02 -4.138408986458117e-15	1	0	0.000000000000000e+00	0.000000000000000e+00	0.000000000000000e+00
6	 5.773502691896258e-01 -5.773502691896258e-01 -5.773502691896258e-01	0.000000000000000e+00 0.000000000000000e+00 0.000000000000000e+00	1.570392732195782e+03 3.025315410553647e+02 8.256108849411653e+02	1	1	0.000000000000000e+00	0.000000000000000e+00	0.000000000000000e+00
7	-5.773502691896258e-01 -5.773502691896258e-01 -5.773502691896258e-01	-7.071067811865476e-01  0.000000000000000e+00  7.071067811865476e-01	-4.024131376251693e+02  0.000000000000000e+00  4.024131376251693e+02	1	0	0.000000000000000e+00	0.000000000000000e+00	0.000000000000000e+00
8	-5.773502691896258e-01 -5.773502691896258e-01 -5.773502691896258e-01	 0.000000000000000e+00 -7.071067811865476e-01  7.071067811865476e-01	 0.000000000000000e+00 -7.730720104449091e+02  7.730720104449091e+02	1	0	0.000000000000000e+00	0.000000000000000e+00	0.000000000000000e+00
9	-5.773502691896258e-01 -5.773502691896258e-01 -5.773502691896258e-01	 7.071067811865476e-01 -7.071067811865476e-01  0.000000000000000e+00	 9.560920457780206e+02 -9.560920457780206e+02  0.000000000000000e+00	1	0	0.000000000000000e+00	0.000000000000000e+00	0.000000000000000e+00
10	-5.773502691896258e-01 -5.773502691896258e-01 -5.773502691896258e-01	 7.071067811865476e-01  0.000000000000000e+00 -7.071067811865476e-01	 1.580785037041196e+03  0.000000000000000e+00 -1.580785037041196e+03	1	0	0.000000000000000e+00	0.000000000000000e+00	0.000000000000000e+00
11	-5.773502691896258e-01 -5.773502691896258e-01 -5.773502691896258e-01	 0.000000000000000e+00  7.071067811865476e-01 -7.071067811865476e-01	 0.000000000000000e+00  1.161628741609527e+03 -1.161628741609527e+03	1	0	0.000000000000000e+00	0.000000000000000e+00	0.000000000000000e+00
12	-5.773502691896258e-01 -5.773502691896258e-01 -5.773502691896258e-01	-7.071067811865476e-01  7.071067811865476e-01  0.000000000000000e+00	-1.662768775266123e+02  1.662768775266123e+02  0.000000000000000e+00	1	0	0.000000000000000e+00	0.000000000000000e+00	0.000000000000000e+00
13	5.773502691896258e-01 5.773502691896258e-01 5.773502691896258e-01	0.000000000000000e+00 0.000000000000000e+00 0.000000000000000e+00	-2.170837012152994e+02  1.154700538379251e+02  5.877425740350395e+02	1	1	0.000000000000000e+00	0.000000000000000e+00	0.000000000000000e+00
14	-5.773502691896258e-01  5.773502691896258e-01 -5.773502691896258e-01	 7.071067811865476e-01  0.000000000000000e+00 -7.071067811865476e-01	-5.328942984620248e+02  0.000000000000000e+00  5.328942984620248e+02	1	0	0.000000000000000e+00	0.000000000000000e+00	0.000000000000000e+00
15	-5.773502691896258e-01  5.773502691896258e-01 -5.773502691896258e-01	-3.124842898819631e-18  7.071067811865476e-01  7.071067811865476e-01	 8.547268868455420e-16 -1.934123401785247e+02 -1.934123401785247e+02	1	0	0.000000000000000e+00	0.000000000000000e+00	0.000000000000000e+00
16	-5.773502691896258e-01  5.773502691896258e-01 -5.773502691896258e-01	 7.071067811865476e-01  7.071067811865476e-01 -3.124842898819631e-18	 5.519468573452824e+02  5.519468573452824e+02 -2.439160906938323e-15	1	0	0.000000000000000e+00	0.000000000000000e+00	0.000000000000000e+00
17	-5.773502691896258e-01  5.773502691896258e-01 -5.773502691896258e-01	-7.071067811865476e-01  0.000000000000000e+00  7.071067811865476e-01	 1.412198758437825e+03  0.000000000000000e+00 -1.412198758437825e+03	1	0	0.000000000000000e+00	0.000000000000000e+00	0.000000000000000e+00
18	-5.773502691896258e-01  5.773502691896258e-01 -5.773502691896258e-01	-3.124842898819631e-18  7.071067811865476e-01  7.071067811865476e-01	 9.389238637586849e-16 -2.124648990617823e+02 -2.124648990617823e+02	1	0	0.000000000000000e+00	0.000000000000000e+00	0.000000000000000e+00
19	-5.773502691896258e-01  5.773502691896258e-01 -5.773502691896258e-01	-7.071067811865476e-01 -7.071067811865476e-01  3.124842898819631e-18	-7.851963660978913e+01 -7.851963660978913e+01  3.469936018238618e-16	1	0	0.000000000000000e+00	0.000000000000000e+00	0.000000000000000e+00
20	 5.773502691896258e-01 -5.773502691896258e-01  5.773502691896258e-01	0.000000000000000e+00 0.000000000000000e+00 0.000000000000000e+00	-7.597929542535472e+02  6.027536810339691e+02  3.059956426705008e+02	1	1	0.000000000000000e+00	0.000000000000000e+00	0.000000000000000e+00
0	0	1	0
6	0	1	0
5	5	0	0
6	5	0	0
0	6	0	0
5	0	6	0
1	1	2	0
6	1	2	0
0	1	7	0
1	7	1	0
2	2	3	0
6	2	3	0
1	2	8	0
2	8	2	0
3	3	4	0
6	3	4	0
2	3	9	0
3	9	3	0
4	4	5	0
6	4	5	0
3	4	10	0
4	10	4	0
4	5	11	0
5	11	5	0
5	6	66	0
0	67	6	0
0	7	42	0
1	68	7	0
2	69	8	0
1	8	70	0
2	9	71	0
3	72	9	0
3	10	38	0
4	73	10	0
5	74	11	0
4	11	75	0
7	12	13	0
13	12	13	0
12	17	12	0
13	17	12	0
7	18	12	0
12	12	18	0
8	13	14	0
13	13	14	0
7	13	19	0
8	19	13	0
9	14	15	0
13	14	15	0
8	14	20	0
9	20	14	0
10	15	16	0
13	15	16	0
9	15	21	0
10	21	15	0
11	16	17	0
13	16	17	0
10	16	22	0
11	22	16	0
11	17	23	0
12	23	17	0
7	76	18	0
12	18	110	0
7	19	78	0
8	79	19	0
8	20	80	0
9	111	20	0
10	83	21	0
9	21	112	0
10	22	84	0
11	85	22	0
11	23	87	0
12	113	23	0
14	24	25	0
20	24	25	0
19	29	24	0
20	29	24	0
14	30	24	0
19	24	30	0
15	25	26	0
20	25	26	0
14	25	31	0
15	31	25	0
16	26	27	0
20	26	27	0
15	26	32	0
16	32	26	0
17	27	28	0
20	27	28	0
16	27	33	0
17	33	27	0
18	28	29	0
20	28	29	0
17	28	34	0
18	34	28	0
18	29	35	0
19	35	29	0
14	88	30	0
19	30	89	0
14	31	90	0
15	91	31	0
16	40	32	0
15	32	92	0
17	93	33	0
16	33	94	0
17	34	95	0
18	96	34	0
19	36	35	0
18	35	97	0
19	98	36	0
15	36	99	0
15	100	36	0
1	38	101	0
1	102	38	0
3	38	103	0
16	104	40	0
18	40	105	0
18	106	40	0
0	42	107	0
4	42	108	0
4	109	42	0
5	66	44	0
5	44	74	0
0	45	67	0
0	107	45	0
1	46	68	0
1	101	46	0
2	47	69	0
2	71	47	0
1	70	48	0
1	48	102	0
3	49	72	0
3	103	49	0
4	50	73	0
4	108	50	0
4	75	51	0
4	51	109	0
7	52	76	0
7	78	52	0
12	114	53	0
12	53	115	0
8	54	79	0
8	80	54	0
9	55	116	0
9	117	55	0
10	56	83	0
10	84	56	0
11	57	85	0
11	87	57	0
14	58	88	0
14	90	58	0
19	89	59	0
19	59	98	0
15	60	91	0
15	99	60	0
15	92	61	0
15	61	100	0
17	62	93	0
17	95	62	0
16	94	63	0
16	63	104	0
18	64	96	0
18	105	64	0
18	97	65	0
18	65	106	0
12	110	77	0
12	77	114	0
9	81	111	0
9	116	81	0
9	112	82	0
9	82	117	0
12	86	113	0
12	115	86	0
