16
1
16
0	0.000000000000000e+00 0.000000000000000e+00 -8.795079037288962e+03	0.000000000000000e+00 0.000000000000000e+00 0.000000000000000e+00	1.000000000000000e+00	0	0	0
1	0.000000000000000e+00 0.000000000000000e+00 -7.441989954629122e+03	0.000000000000000e+00 0.000000000000000e+00 0.000000000000000e+00	1.000000000000000e+00	0	0	1
2	0.000000000000000e+00 0.000000000000000e+00 -6.088900871969281e+03	0.000000000000000e+00 0.000000000000000e+00 0.000000000000000e+00	1.000000000000000e+00	0	0	2
3	0.000000000000000e+00 0.000000000000000e+00 -4.735811789309441e+03	0.000000000000000e+00 0.000000000000000e+00 0.000000000000000e+00	1.000000000000000e+00	0	0	3
4	0.000000000000000e+00 0.000000000000000e+00 -3.382722706649601e+03	0.000000000000000e+00 0.000000000000000e+00 0.000000000000000e+00	1.000000000000000e+00	0	0	4
5	0.000000000000000e+00 0.000000000000000e+00 -2.029633623989760e+03	0.000000000000000e+00 0.000000000000000e+00 0.000000000000000e+00	1.000000000000000e+00	0	0	5
6	0.000000000000000e+00 0.000000000000000e+00 -6.765445413299199e+02	0.000000000000000e+00 0.000000000000000e+00 0.000000000000000e+00	1.000000000000000e+00	0	0	6
7	0.000000000000000e+00 0.000000000000000e+00 6.765445413299205e+02	0.000000000000000e+00 0.000000000000000e+00 0.000000000000000e+00	1.000000000000000e+00	0	0	7
8	0.000000000000000e+00 0.000000000000000e+00 2.029633623989761e+03	0.000000000000000e+00 0.000000000000000e+00 0.000000000000000e+00	1.000000000000000e+00	0	0	8
9	0.000000000000000e+00 0.000000000000000e+00 3.382722706649602e+03	0.000000000000000e+00 0.000000000000000e+00 0.000000000000000e+00	1.000000000000000e+00	0	0	9
10	0.000000000000000e+00 0.000000000000000e+00 4.735811789309442e+03	0.000000000000000e+00 0.000000000000000e+00 0.000000000000000e+00	1.000000000000000e+00	0	0	10
11	0.000000000000000e+00 0.000000000000000e+00 6.088900871969282e+03	0.000000000000000e+00 0.000000000000000e+00 0.000000000000000e+00	1.000000000000000e+00	0	0	11
12	0.000000000000000e+00 0.000000000000000e+00 7.441989954629123e+03	0.000000000000000e+00 0.000000000000000e+00 0.000000000000000e+00	1.000000000000000e+00	0	0	12
13	0.000000000000000e+00 0.000000000000000e+00 8.795079037288962e+03	0.000000000000000e+00 0.000000000000000e+00 0.000000000000000e+00	1.000000000000000e+00	0	0	13
14	-2.060320907491232e+04 0.000000000000000e+00 8.795079037288962e+03	0.000000000000000e+00 0.000000000000000e+00 0.000000000000000e+00	1.000000000000000e+00	0	0	14
15	-2.060320907491232e+04 0.000000000000000e+00 -8.795079037288962e+03	0.000000000000000e+00 0.000000000000000e+00 0.000000000000000e+00	1.000000000000000e+00	0	0	15
0	0.000000000000000e+00 1.000000000000000e+00 0.000000000000000e+00	1.000000000000000e+00 0.000000000000000e+00 0.000000000000000e+00	0.000000000000000e+00 0.000000000000000e+00 0.000000000000000e+00	0	0	0.000000000000000e+00	0.000000000000000e+00	0.000000000000000e+00
0	0	1	0
0	1	2	0
0	2	3	0
0	3	4	0
0	4	5	0
0	5	6	0
0	6	7	0
0	7	8	0
0	8	9	0
0	9	10	0
0	10	11	0
0	11	12	0
0	12	13	0
0	13	14	1
0	14	15	1
0	15	0	1
