24
1
24
0	0.000000000000000e+00 0.000000000000000e+00 -1.093193850767109e+03	0.000000000000000e+00 0.000000000000000e+00 0.000000000000000e+00	1.000000000000000e+00	0	0	0
1	-1.000000000000000e+01 0.000000000000000e+00 -9.250101814183226e+02	0.000000000000000e+00 0.000000000000000e+00 0.000000000000000e+00	1.000000000000000e+00	0	0	1
2	-1.000000000000000e+01 0.000000000000000e+00 -7.568265120695368e+02	0.000000000000000e+00 0.000000000000000e+00 0.000000000000000e+00	1.000000000000000e+00	0	0	2
3	0.000000000000000e+00 0.000000000000000e+00 -5.886428427207509e+02	0.000000000000000e+00 0.000000000000000e+00 0.000000000000000e+00	1.000000000000000e+00	0	0	3
4	0.000000000000000e+00 0.000000000000000e+00 -4.204591733719649e+02	0.000000000000000e+00 0.000000000000000e+00 0.000000000000000e+00	1.000000000000000e+00	0	0	4
5	0.000000000000000e+00 0.000000000000000e+00 -2.522755040231789e+02	0.000000000000000e+00 0.000000000000000e+00 0.000000000000000e+00	1.000000000000000e+00	0	0	5
6	-3.000000000000000e+01 0.000000000000000e+00 -8.409183467439300e+01	0.000000000000000e+00 0.000000000000000e+00 0.000000000000000e+00	1.000000000000000e+00	0	0	6
7	-3.000000000000000e+01 0.000000000000000e+00 8.409183467439294e+01	0.000000000000000e+00 0.000000000000000e+00 0.000000000000000e+00	1.000000000000000e+00	0	0	7
8	-1.000000000000000e+01 0.000000000000000e+00 2.522755040231789e+02	0.000000000000000e+00 0.000000000000000e+00 0.000000000000000e+00	1.000000000000000e+00	0	0	8
9	-1.000000000000000e+01 0.000000000000000e+00 4.204591733719648e+02	0.000000000000000e+00 0.000000000000000e+00 0.000000000000000e+00	1.000000000000000e+00	0	0	9
10	-1.000000000000000e+01 0.000000000000000e+00 5.886428427207508e+02	0.000000000000000e+00 0.000000000000000e+00 0.000000000000000e+00	1.000000000000000e+00	0	0	10
11	-1.000000000000000e+01 0.000000000000000e+00 7.568265120695366e+02	0.000000000000000e+00 0.000000000000000e+00 0.000000000000000e+00	1.000000000000000e+00	0	0	11
12	0.000000000000000e+00 0.000000000000000e+00 9.250101814183226e+02	0.000000000000000e+00 0.000000000000000e+00 0.000000000000000e+00	1.000000000000000e+00	0	0	12
13	0.000000000000000e+00 0.000000000000000e+00 1.093193850767109e+03	0.000000000000000e+00 0.000000000000000e+00 0.000000000000000e+00	1.000000000000000e+00	0	0	13
14	-2.560898130792231e+03 0.000000000000000e+00 1.093193850767109e+03	0.000000000000000e+00 0.000000000000000e+00 0.000000000000000e+00	1.000000000000000e+00	0	0	14
15	-2.560898130792231e+03 0.000000000000000e+00 -1.093193850767109e+03	0.000000000000000e+00 0.000000000000000e+00 0.000000000000000e+00	1.000000000000000e+00	0	0	15
16	0.000000000000000e+00 0.000000000000000e+00 -8.409183467439300e+01	0.000000000000000e+00 0.000000000000000e+00 0.000000000000000e+00	1.000000000000000e+00	0	0	16
17	0.000000000000000e+00 0.000000000000000e+00 8.409183467439294e+01	0.000000000000000e+00 0.000000000000000e+00 0.000000000000000e+00	1.000000000000000e+00	0	0	17
18	0.000000000000000e+00 0.000000000000000e+00 -9.250101814183226e+02	0.000000000000000e+00 0.000000000000000e+00 0.000000000000000e+00	1.000000000000000e+00	0	0	18
19	0.000000000000000e+00 0.000000000000000e+00 -7.568265120695368e+02	0.000000000000000e+00 0.000000000000000e+00 0.000000000000000e+00	1.000000000000000e+00	0	0	19
20	0.000000000000000e+00 0.000000000000000e+00 5.886428427207508e+02	0.000000000000000e+00 0.000000000000000e+00 0.000000000000000e+00	1.000000000000000e+00	0	0	20
21	0.000000000000000e+00 0.000000000000000e+00 7.568265120695366e+02	0.000000000000000e+00 0.000000000000000e+00 0.000000000000000e+00	1.000000000000000e+00	0	0	21
22	0.000000000000000e+00 0.000000000000000e+00 4.204591733719648e+02	0.000000000000000e+00 0.000000000000000e+00 0.000000000000000e+00	1.000000000000000e+00	0	0	22
23	0.000000000000000e+00 0.000000000000000e+00 2.522755040231789e+02	0.000000000000000e+00 0.000000000000000e+00 0.000000000000000e+00	1.000000000000000e+00	0	0	23
0	0.000000000000000e+00 1.000000000000000e+00 0.000000000000000e+00	1.000000000000000e+00 0.000000000000000e+00 0.000000000000000e+00	0.000000000000000e+00 0.000000000000000e+00 0.000000000000000e+00	0	0	0.000000000000000e+00	0.000000000000000e+00	0.000000000000000e+00
0	0	18	0
0	1	2	0
0	2	19	0
0	3	4	0
0	4	5	0
0	5	16	0
0	6	7	0
0	7	17	0
0	8	9	0
0	9	22	0
0	10	11	0
0	11	21	0
0	12	13	0
0	13	14	1
0	14	15	1
0	15	0	1
0	16	6	0
0	17	23	0
0	18	1	0
0	19	3	0
0	20	10	0
0	21	12	0
0	22	20	0
0	23	8	0
