392
53
499
0	 3.142458965529481e+02 -2.704283503160278e+02  4.000000000000000e+03	-7.395514985546470e-03 -7.395514985546471e-03  1.259636259433070e-18	1.000000000000000e+00	463	1	0
1	1.000000000000000e+03 4.153257531310242e+02 4.000000000000000e+03	0.000000000000000e+00 0.000000000000000e+00 0.000000000000000e+00	1.000000000000000e+00	463	1	1
2	1.000000000000000e+03 1.000000000000000e+03 3.415325753131025e+03	0.000000000000000e+00 0.000000000000000e+00 0.000000000000000e+00	1.000000000000000e+00	463	1	2
4	-1.000000000000000e+03 -8.399305000665197e+01  3.772718345987000e+03	 6.546686865670880e-18 -7.924355217255650e-03 -7.924355217255654e-03	1.000000000000000e+00	463	1	4
5	-1.000000000000000e+03 -1.000000000000000e+03  2.856711395993652e+03	0.000000000000000e+00 0.000000000000000e+00 0.000000000000000e+00	1.000000000000000e+00	463	1	5
7	5.795104294339981e+02 1.000000000000000e+03 1.796997295235011e+03	 5.801678635179996e-03 -4.493981922709494e-19  5.801678635179996e-03	1.000000000000000e+00	463	1	7
8	1.000000000000000e+03 1.000000000000000e+03 2.217486865801013e+03	0.000000000000000e+00 0.000000000000000e+00 0.000000000000000e+00	1.000000000000000e+00	463	1	8
9	 1.000000000000000e+03 -7.825131341989875e+02  4.000000000000000e+03	0.000000000000000e+00 0.000000000000000e+00 0.000000000000000e+00	1.000000000000000e+00	463	1	9
10	 7.825131341989878e+02 -1.000000000000000e+03  4.000000000000000e+03	0.000000000000000e+00 0.000000000000000e+00 0.000000000000000e+00	1.000000000000000e+00	463	1	10
11	-5.593122300788983e+00 -1.000000000000000e+03  3.211893743500224e+03	-1.483743661083281e-03 -2.984183073102592e-20 -1.483743661083281e-03	1.000000000000000e+00	463	1	11
12	 1.000000000000000e+03 -1.458336842864879e+02  7.407272079192207e+02	-2.632828560818045e-18 -9.584038052707903e-04 -9.584038052707927e-04	1.000000000000000e+00	12	1	12
13	 1.000000000000000e+03 -8.865608922057086e+02  0.000000000000000e+00	0.000000000000000e+00 0.000000000000000e+00 0.000000000000000e+00	1.000000000000000e+00	12	1	13
14	 8.865608922057086e+02 -1.000000000000000e+03  0.000000000000000e+00	0.000000000000000e+00 0.000000000000000e+00 0.000000000000000e+00	1.000000000000000e+00	12	1	14
15	 1.595298782308306e+02 -1.000000000000000e+03  7.270310139748780e+02	 9.550910443067551e-03  1.705674349277682e-18 -9.550910443067551e-03	1.000000000000000e+00	12	1	15
16	 3.715572323751646e+02 -1.963525740899313e+02  4.000000000000000e+03	-3.524533240124582e-03 -3.524533240124585e-03 -4.422421302726037e-18	1.000000000000000e+00	16	1	16
17	-4.320901935349040e+02 -1.000000000000000e+03  4.000000000000000e+03	0.000000000000000e+00 0.000000000000000e+00 0.000000000000000e+00	1.000000000000000e+00	16	1	17
18	-3.068249345481005e+01 -1.000000000000000e+03  3.598592299919906e+03	 3.549255779944360e-03  1.188237612171417e-19 -3.549255779944360e-03	1.000000000000000e+00	16	1	18
19	6.313816877306498e+02 1.000000000000000e+03 3.632493878488579e+03	-4.261664149680655e-03 -1.701105258440703e-18 -4.261664149680655e-03	1.000000000000000e+00	19	1	19
20	-1.000000000000000e+03  1.000000000000000e+03  2.001112190757930e+03	0.000000000000000e+00 0.000000000000000e+00 0.000000000000000e+00	1.000000000000000e+00	19	1	20
21	-1.000000000000000e+03 -1.000000000000000e+03  1.112190757929056e+00	0.000000000000000e+00 0.000000000000000e+00 0.000000000000000e+00	1.000000000000000e+00	19	1	21
23	-1.000000000000000e+03 -3.546721182293203e+02  7.889866932800825e+02	 4.797723502854982e-20  2.536884043365717e-03 -2.536884043365717e-03	1.000000000000000e+00	453	1	23
24	-1.000000000000000e+03  4.343145750507622e+02  0.000000000000000e+00	0.000000000000000e+00 0.000000000000000e+00 0.000000000000000e+00	1.000000000000000e+00	453	1	24
26	1.000000000000000e+03 3.281546455801041e+02 2.514679824411131e+03	-3.476492269388019e-18  1.066803326830268e-02  1.066803326830268e-02	1.000000000000000e+00	26	1	26
27	1.000000000000000e+03 1.000000000000000e+03 3.186525178831027e+03	0.000000000000000e+00 0.000000000000000e+00 0.000000000000000e+00	1.000000000000000e+00	26	1	27
28	4.768241923898348e+02 1.000000000000000e+03 2.663349371220862e+03	 1.052379002794623e-02 -6.437736873484739e-19  1.052379002794623e-02	1.000000000000000e+00	26	1	28
29	-4.294443100634673e+02  1.000000000000000e+03  2.036141928321525e+03	 4.807208199053999e-03 -7.587251672794423e-18 -4.807208199054005e-03	1.000000000000000e+00	463	1	29
30	1.000000000000000e+03 1.000000000000000e+03 6.066976182580577e+02	0.000000000000000e+00 0.000000000000000e+00 0.000000000000000e+00	1.000000000000000e+00	463	1	30
31	1.000000000000000e+03 3.933023817419428e+02 0.000000000000000e+00	0.000000000000000e+00 0.000000000000000e+00 0.000000000000000e+00	1.000000000000000e+00	463	1	31
32	7.189165791436368e+02 1.122189608855789e+02 0.000000000000000e+00	 1.234879391267896e-02  1.234879391267896e-02 -6.746700014594731e-20	1.000000000000000e+00	463	1	32
33	1.000000000000000e+03 8.602075572838739e+02 1.999912677154367e+03	-3.046935958913226e-19  7.513724500313400e-03  7.513724500313401e-03	1.000000000000000e+00	463	1	33
34	 1.000000000000000e+03 -1.000000000000000e+03  1.397051198704921e+02	0.000000000000000e+00 0.000000000000000e+00 0.000000000000000e+00	1.000000000000000e+00	463	1	34
35	-1.000000000000000e+03 -1.000000000000000e+03  2.139705119870493e+03	0.000000000000000e+00 0.000000000000000e+00 0.000000000000000e+00	1.000000000000000e+00	463	1	35
36	-1.000000000000000e+03  2.617096055734782e+02  3.401414725443970e+03	 1.266620025557797e-19 -4.943460226058960e-03 -4.943460226058960e-03	1.000000000000000e+00	463	1	36
37	-5.395224740453357e+02  2.679934700697016e+02  1.091772870152029e+03	0.000000000000000e+00 0.000000000000000e+00 0.000000000000000e+00	1.000000000000000e+00	55	0	37
38	 2.192031021678289e+02 -4.907321061434643e+02  2.609224022578360e+03	0.000000000000000e+00 0.000000000000000e+00 0.000000000000000e+00	1.000000000000000e+00	55	0	38
39	-1.088944443027285e+02 -1.626345596729055e+02  2.937321569048918e+03	0.000000000000000e+00 0.000000000000000e+00 0.000000000000000e+00	1.000000000000000e+00	55	0	39
40	-8.676200205158938e+02  5.960910165402597e+02  1.419870416622587e+03	0.000000000000000e+00 0.000000000000000e+00 0.000000000000000e+00	1.000000000000000e+00	55	0	40
41	-1.441566316810418e+02 -9.805936861678592e+01  1.853191551202811e+03	7.323655261037250e-03 6.458083206477265e-03 8.655720545599859e-04	1.000000000000000e+00	55	0	41
42	-5.009075669069652e+02  2.031819828145104e+02  2.179491903957265e+03	-4.538562595068167e-03 -5.084172841937591e-03  5.456102468694251e-04	1.000000000000000e+00	55	0	42
43	-6.102331521639902e+02 -7.551900423072325e+02  1.997576656851997e+03	0.000000000000000e+00 0.000000000000000e+00 0.000000000000000e+00	1.000000000000000e+00	463	0	43
44	1.824335495461293e+02 3.747665940288730e+01 3.582910060272236e+03	0.000000000000000e+00 0.000000000000000e+00 0.000000000000000e+00	1.000000000000000e+00	463	0	44
45	9.984347750354049e+02 8.534778848921627e+02 2.766908834782960e+03	0.000000000000000e+00 0.000000000000000e+00 0.000000000000000e+00	1.000000000000000e+00	463	0	45
46	2.057680733252850e+02 6.081118318204345e+01 1.181575431362721e+03	0.000000000000000e+00 0.000000000000000e+00 0.000000000000000e+00	1.000000000000000e+00	463	0	46
47	-1.988737333004827e+02 -3.446801435766219e+02  2.819445974446115e+03	-1.293215434998274e-02  2.286881767213345e-02  9.936663322150707e-03	1.000000000000000e+00	463	0	47
48	6.692672043741413e+02 3.902195292133323e+02 1.974482908442866e+03	 1.208949731274818e-02 -1.262656515852238e-02 -5.370678457741939e-04	1.000000000000000e+00	463	0	48
49	-7.756961389616431e+02  2.248599564173224e+02  3.792213667503454e+03	0.000000000000000e+00 0.000000000000000e+00 0.000000000000000e+00	1.000000000000000e+00	463	0	49
50	 9.142890680742061e+02 -6.201326471006022e+02  2.947221063985530e+03	0.000000000000000e+00 0.000000000000000e+00 0.000000000000000e+00	1.000000000000000e+00	463	0	50
51	 6.965001794687494e+02 -8.379215357060586e+02  2.729432175380073e+03	0.000000000000000e+00 0.000000000000000e+00 0.000000000000000e+00	1.000000000000000e+00	463	0	51
52	-9.934850275670996e+02  7.071067811865916e+00  3.574424778897997e+03	0.000000000000000e+00 0.000000000000000e+00 0.000000000000000e+00	1.000000000000000e+00	463	0	52
53	 6.854368831760344e+01 -2.066649447045196e+02  3.379498741346049e+03	-3.382114615912238e-04 -1.817189545060198e-03  2.155401006651422e-03	1.000000000000000e+00	463	0	53
54	-1.486275444134206e+02 -5.061354086101509e+02  3.242773772166335e+03	-3.853107142883041e-04 -1.270748291669103e-02  1.309279363097933e-02	1.000000000000000e+00	463	0	54
55	-3.705239533417505e+02 -6.554879861599293e+02  2.054145199346920e+03	0.000000000000000e+00 0.000000000000000e+00 0.000000000000000e+00	1.000000000000000e+00	55	0	55
56	3.577960312803930e+02 7.283199846221450e+01 5.975052301026326e+02	0.000000000000000e+00 0.000000000000000e+00 0.000000000000000e+00	1.000000000000000e+00	55	0	56
57	6.279108216936542e+02 3.429467888754754e+02 8.676200205158938e+02	0.000000000000000e+00 0.000000000000000e+00 0.000000000000000e+00	1.000000000000000e+00	55	0	57
58	-1.004091629284902e+02 -3.853731957466687e+02  2.324259989760182e+03	0.000000000000000e+00 0.000000000000000e+00 0.000000000000000e+00	1.000000000000000e+00	55	0	58
59	 1.213659815167451e+02 -3.766069103655931e+02  1.283374188694088e+03	 2.348523555944363e-02 -1.322057129194339e-02 -1.026466426750024e-02	1.000000000000000e+00	55	0	59
60	 2.442611655557119e+02 -1.249412668751573e+00  1.595465878198063e+03	-1.361093129768657e-03  1.516155204929722e-03 -1.550620751610647e-04	1.000000000000000e+00	55	0	60
205	 3.142458965529481e+02 -2.704283503160278e+02  4.500000000000000e+03	0.000000000000000e+00 0.000000000000000e+00 0.000000000000000e+00	1.000000000000000e+00	463	-1	0
206	1.353553390593274e+03 4.153257531310242e+02 4.353553390593273e+03	0.000000000000000e+00 0.000000000000000e+00 0.000000000000000e+00	1.000000000000000e+00	463	-1	1
207	1.353553390593274e+03 1.353553390593274e+03 3.415325753131025e+03	0.000000000000000e+00 0.000000000000000e+00 0.000000000000000e+00	1.000000000000000e+00	463	-1	2
209	-1.500000000000000e+03 -8.399305000665197e+01  3.772718345987000e+03	0.000000000000000e+00 0.000000000000000e+00 0.000000000000000e+00	1.000000000000000e+00	463	-1	4
210	-1.353553390593274e+03 -1.353553390593274e+03  2.856711395993652e+03	0.000000000000000e+00 0.000000000000000e+00 0.000000000000000e+00	1.000000000000000e+00	463	-1	5
212	5.795104294339981e+02 1.500000000000000e+03 1.796997295235011e+03	0.000000000000000e+00 0.000000000000000e+00 0.000000000000000e+00	1.000000000000000e+00	463	-1	7
213	1.353553390593274e+03 1.353553390593274e+03 2.217486865801013e+03	0.000000000000000e+00 0.000000000000000e+00 0.000000000000000e+00	1.000000000000000e+00	463	-1	8
214	 1.353553390593274e+03 -7.825131341989875e+02  4.353553390593273e+03	0.000000000000000e+00 0.000000000000000e+00 0.000000000000000e+00	1.000000000000000e+00	463	-1	9
215	 7.825131341989878e+02 -1.353553390593274e+03  4.353553390593273e+03	0.000000000000000e+00 0.000000000000000e+00 0.000000000000000e+00	1.000000000000000e+00	463	-1	10
216	-5.593122300788985e+00 -1.500000000000000e+03  3.211893743500224e+03	0.000000000000000e+00 0.000000000000000e+00 0.000000000000000e+00	1.000000000000000e+00	463	-1	11
217	 1.500000000000000e+03 -1.458336842864879e+02  7.407272079192207e+02	0.000000000000000e+00 0.000000000000000e+00 0.000000000000000e+00	1.000000000000000e+00	12	-1	12
218	 1.353553390593274e+03 -8.865608922057086e+02 -3.535533905932737e+02	0.000000000000000e+00 0.000000000000000e+00 0.000000000000000e+00	1.000000000000000e+00	12	-1	13
219	 8.865608922057086e+02 -1.353553390593274e+03 -3.535533905932737e+02	0.000000000000000e+00 0.000000000000000e+00 0.000000000000000e+00	1.000000000000000e+00	12	-1	14
220	 1.595298782308306e+02 -1.500000000000000e+03  7.270310139748780e+02	0.000000000000000e+00 0.000000000000000e+00 0.000000000000000e+00	1.000000000000000e+00	12	-1	15
221	 3.715572323751646e+02 -1.963525740899313e+02  4.500000000000000e+03	0.000000000000000e+00 0.000000000000000e+00 0.000000000000000e+00	1.000000000000000e+00	16	-1	16
222	-4.320901935349040e+02 -1.353553390593274e+03  4.353553390593273e+03	0.000000000000000e+00 0.000000000000000e+00 0.000000000000000e+00	1.000000000000000e+00	16	-1	17
223	-3.068249345481005e+01 -1.500000000000000e+03  3.598592299919906e+03	0.000000000000000e+00 0.000000000000000e+00 0.000000000000000e+00	1.000000000000000e+00	16	-1	18
224	6.313816877306498e+02 1.500000000000000e+03 3.632493878488579e+03	0.000000000000000e+00 0.000000000000000e+00 0.000000000000000e+00	1.000000000000000e+00	19	-1	19
225	-1.353553390593274e+03  1.353553390593274e+03  2.001112190757930e+03	0.000000000000000e+00 0.000000000000000e+00 0.000000000000000e+00	1.000000000000000e+00	19	-1	20
226	-1.353553390593274e+03 -1.353553390593274e+03  1.112190757929058e+00	0.000000000000000e+00 0.000000000000000e+00 0.000000000000000e+00	1.000000000000000e+00	19	-1	21
228	-1.500000000000000e+03 -3.546721182293203e+02  7.889866932800825e+02	0.000000000000000e+00 0.000000000000000e+00 0.000000000000000e+00	1.000000000000000e+00	453	-1	23
229	-1.353553390593274e+03  4.343145750507622e+02 -3.535533905932737e+02	0.000000000000000e+00 0.000000000000000e+00 0.000000000000000e+00	1.000000000000000e+00	453	-1	24
231	1.500000000000000e+03 3.281546455801041e+02 2.514679824411131e+03	0.000000000000000e+00 0.000000000000000e+00 0.000000000000000e+00	1.000000000000000e+00	26	-1	26
232	1.353553390593274e+03 1.353553390593274e+03 3.186525178831027e+03	0.000000000000000e+00 0.000000000000000e+00 0.000000000000000e+00	1.000000000000000e+00	26	-1	27
233	4.768241923898348e+02 1.500000000000000e+03 2.663349371220862e+03	0.000000000000000e+00 0.000000000000000e+00 0.000000000000000e+00	1.000000000000000e+00	26	-1	28
234	-4.294443100634673e+02  1.500000000000000e+03  2.036141928321525e+03	0.000000000000000e+00 0.000000000000000e+00 0.000000000000000e+00	1.000000000000000e+00	463	-1	29
235	1.353553390593274e+03 1.353553390593274e+03 6.066976182580577e+02	0.000000000000000e+00 0.000000000000000e+00 0.000000000000000e+00	1.000000000000000e+00	463	-1	30
236	 1.353553390593274e+03  3.933023817419428e+02 -3.535533905932737e+02	0.000000000000000e+00 0.000000000000000e+00 0.000000000000000e+00	1.000000000000000e+00	463	-1	31
237	 7.189165791436368e+02  1.122189608855789e+02 -5.000000000000000e+02	0.000000000000000e+00 0.000000000000000e+00 0.000000000000000e+00	1.000000000000000e+00	463	-1	32
238	1.500000000000000e+03 8.602075572838739e+02 1.999912677154367e+03	0.000000000000000e+00 0.000000000000000e+00 0.000000000000000e+00	1.000000000000000e+00	463	-1	33
239	 1.353553390593274e+03 -1.353553390593274e+03  1.397051198704921e+02	0.000000000000000e+00 0.000000000000000e+00 0.000000000000000e+00	1.000000000000000e+00	463	-1	34
240	-1.353553390593274e+03 -1.353553390593274e+03  2.139705119870493e+03	0.000000000000000e+00 0.000000000000000e+00 0.000000000000000e+00	1.000000000000000e+00	463	-1	35
241	-1.500000000000000e+03  2.617096055734782e+02  3.401414725443970e+03	0.000000000000000e+00 0.000000000000000e+00 0.000000000000000e+00	1.000000000000000e+00	463	-1	36
242	-5.476176909141874e+01  4.150959575240975e+02  2.945468026515508e+03	1.012104689531649e-03 7.243325720385958e-04 2.877721174930533e-04	1.000000000000000e+00	463	0	242
243	-2.531442276647838e+02 -3.501240261247249e+02  2.759731597533711e+03	-2.456383452924742e-18  1.904145674780011e-02  1.904145674780012e-02	1.000000000000000e+00	463	0	243
244	 2.152863243000525e+02 -3.245995670606617e+01  2.465233146807131e+03	-7.556289900094271e-03 -3.519463818520308e-03 -4.036826081573963e-03	1.000000000000000e+00	463	0	244
245	 5.846364709431808e+02 -6.006274719724759e+02  7.012969492900519e+02	 7.246787659823895e-03 -7.313334383070470e-03 -1.456012204289436e-02	1.000000000000000e+00	12	0	245
246	 1.161647976403807e+02 -5.921987740300709e+02  3.859546234794645e+03	-1.176431115406255e-02 -2.075291083504756e-03  9.689020070557794e-03	1.000000000000000e+00	16	0	246
247	3.812941579143645e+02 2.907915869539844e+01 2.411485507367692e+03	-4.585015092743561e-03  4.269853263394907e-03 -3.151618293486534e-04	1.000000000000000e+00	19	0	247
248	-3.265264375624402e+02 -6.180363285646949e+02  3.788773411778972e+02	-1.032772163550059e-03  5.862906652813157e-03 -4.830134489263097e-03	1.000000000000000e+00	453	0	248
249	7.417719840910788e+02 6.520931692053134e+02 2.580390332127419e+03	1.076620817184448e-02 4.540132358670235e-03 1.530634053051472e-02	1.000000000000000e+00	26	0	249
250	1.349497780570882e+02 5.776713223204514e+02 1.049419162521421e+03	8.480602099249760e-03 9.639027373244366e-03 1.158425273994605e-03	1.000000000000000e+00	463	0	250
251	2.698352748577149e+00 5.544974440519244e+02 2.691504211173840e+03	3.817051765508950e-04 1.893945300253108e-03 1.512240123702213e-03	1.000000000000000e+00	463	0	251
252	-3.065720136019298e+02  1.244070454660878e+02  1.468309755199049e+03	 7.405002193991095e-03  8.085331821348518e-03 -6.803296273574232e-04	1.000000000000000e+00	55	0	252
253	 1.596154875225445e+01 -3.165612271560963e+02  2.231811590175417e+03	2.743535126986292e-04 2.111295495221081e-04 6.322396317652117e-05	1.000000000000000e+00	55	0	253
254	-2.754677938742229e+02  5.200555308278271e+01  2.556108106721735e+03	 3.877374071938296e-03  4.597127942057948e-03 -7.197538701196512e-04	1.000000000000000e+00	55	0	254
255	-7.177438059733781e+02  3.652962854876792e+02  1.800541362217683e+03	-1.029669394483790e-02 -1.096115546533838e-02  6.644615205004809e-04	1.000000000000000e+00	55	0	255
256	-2.953301894807285e+02 -6.843379462113999e+02  2.383331715631091e+03	 1.500715484144166e-02 -1.420857495395467e-02  7.985798874869942e-04	1.000000000000000e+00	463	0	256
257	-4.554799480089350e+01 -1.297294188692099e+02  3.187722437653117e+03	-3.085891958714152e-03  2.843853076531862e-03 -2.420388821822903e-04	1.000000000000000e+00	463	0	257
258	9.036778642229170e+02 5.538935859667741e+02 2.372567625045084e+03	 2.038669256338229e-02 -2.208194652727494e-02 -1.695253963892659e-03	1.000000000000000e+00	463	0	258
259	4.291389379205072e+02 2.304470413525042e+02 1.574582154128404e+03	 1.811466315605988e-03 -2.472291448308776e-03 -6.608251327027878e-04	1.000000000000000e+00	463	0	259
260	-3.520037602885936e+02  6.047779727908505e+01  3.532903447968642e+03	 3.991498767087857e-04  8.210630194904903e-03 -8.609780071613690e-03	1.000000000000000e+00	463	0	260
261	 4.885487277247284e+02 -4.382957989239571e+02  3.191124556158362e+03	-9.200041725610695e-04 -5.561602786959459e-03  6.481606959520529e-03	1.000000000000000e+00	463	0	261
262	 1.852619766708759e+02 -4.034676413885821e+02  2.806216483860471e+03	-8.800788720264581e-18  5.885837972164153e-02 -5.885837972164155e-02	1.000000000000000e+00	463	0	262
263	-5.526932093090242e+02 -2.234673218680390e+02  3.364171350319827e+03	 1.174403540790081e-02  8.398514240980148e-03 -2.014254964888096e-02	1.000000000000000e+00	463	0	263
264	 3.059841222337464e+01 -7.007945841494929e+02  1.698329431771358e+03	 2.426917653065175e-02 -2.457985852379352e-02  3.106819931417707e-04	1.000000000000000e+00	55	0	264
265	 1.991540070322870e+02 -1.329793098845923e+02  9.619585626975454e+02	 7.472824809762339e-03 -7.148086054561039e-03 -3.247387552013000e-04	1.000000000000000e+00	55	0	265
266	4.462809848894395e+02 1.617716798440659e+02 1.230424966351518e+03	 6.688810584212964e-04 -5.275115787905330e-04 -1.413694796307633e-04	1.000000000000000e+00	55	0	266
267	 4.103971532027779e+01 -1.601876676280326e+02  1.957625583392778e+03	-4.850373205651219e-03  5.205184153358762e-03 -3.548109477075437e-04	1.000000000000000e+00	55	0	267
268	3.574455233094859e+01 2.616295090390249e+01 3.424907354558070e+03	-1.361232507042586e-02  5.869076415916044e-18 -1.361232507042587e-02	1.000000000000000e+00	463	0	268
269	-2.826822970107198e+02  7.180512128391150e+02  2.414592243281189e+03	8.114079013466835e-03 6.755832582712173e-03 1.358246430754662e-03	1.000000000000000e+00	463	0	269
270	-5.648781882002631e+02 -1.656906766932898e+02  3.255898907500625e+03	9.004975669085979e-03 1.110235974192619e-02 2.097384072840214e-03	1.000000000000000e+00	463	0	270
271	-6.898756720524609e+01 -8.027551611328763e+02  2.122943802066021e+03	-1.317118418713411e-02 -1.176422337690989e-02  1.406960810224215e-03	1.000000000000000e+00	463	0	271
272	3.936115806091022e+02 4.942661035585548e+02 2.116832342851560e+03	-4.520211766551559e-03 -4.565211517425875e-04 -4.063690614808972e-03	1.000000000000000e+00	463	0	272
274	 8.033116450540125e+02 -3.866432800862153e+02  6.966059670654806e+02	 6.980592384934424e-03 -7.942110300064087e-03 -1.492270268499851e-02	1.000000000000000e+00	12	0	274
275	 3.658916590182722e+02 -8.176917206121043e+02  7.029775125753321e+02	 5.393090037008127e-03 -5.911271863927444e-03 -1.130436190093557e-02	1.000000000000000e+00	12	0	275
276	 2.130512378046446e+02 -3.623895241404658e+02  3.992469044519986e+03	-1.361673294256131e-02  1.232368002335230e-02  2.594041296591361e-02	1.000000000000000e+00	16	0	276
277	 4.978790801164226e+01 -7.963293353730593e+02  3.721792563080395e+03	-4.042569179243098e-03 -8.430420033012828e-04  3.199527175941815e-03	1.000000000000000e+00	16	0	277
278	5.417733745055855e+02 4.951751025309633e+02 3.038060667794478e+03	-1.085433759726584e-03  6.915985140949488e-04 -3.938352456316352e-04	1.000000000000000e+00	19	0	278
279	 2.960829832208902e+02 -4.971417675966248e+02  1.800053406382195e+03	-2.889224015234504e-05  1.515998246759409e-05 -1.373225768475095e-05	1.000000000000000e+00	19	0	279
280	-6.614575887904844e+02 -4.890180818090989e+02  5.847902456503454e+02	-4.803977790288628e-04  4.181153693934903e-03 -3.700755914906040e-03	1.000000000000000e+00	453	0	280
281	 3.477488136171070e+00 -7.237105206297242e+02  1.545476075443151e+02	-2.909169532358646e-03  1.229991484433413e-02 -9.390745311975479e-03	1.000000000000000e+00	453	0	281
282	8.834616826945941e+02 4.788754925859009e+02 2.548862354111522e+03	6.953888650362690e-03 3.865074211110671e-03 1.081896286147336e-02	1.000000000000000e+00	26	0	282
283	6.090074510592896e+02 8.309501224278422e+02 2.626482752318158e+03	9.328007853279511e-03 3.636558229724566e-03 1.296456608300408e-02	1.000000000000000e+00	26	0	283
284	-1.534296057083557e+02  8.062179607698814e+02  1.566345184736295e+03	 1.132247526402352e-02  1.120587881450774e-02 -1.165964495157825e-04	1.000000000000000e+00	463	0	284
285	4.044216473836884e+02 3.247022756551526e+02 5.269782465295218e+02	1.008315857810279e-02 1.136380519407491e-02 1.280646615972121e-03	1.000000000000000e+00	463	0	285
286	5.120613277032495e+02 7.088525817277701e+02 2.336496373895013e+03	8.996890780205528e-04 3.188079009608676e-03 2.288389931588123e-03	1.000000000000000e+00	463	0	286
287	-4.930280050388063e+02  4.407993212735598e+02  3.073532446182859e+03	3.199100683559664e-05 8.671920659253374e-05 5.472819611895829e-05	1.000000000000000e+00	463	0	287
288	-4.233638886446106e+02  1.966830118601071e+02  1.279241913762349e+03	 5.512217040328930e-03  6.436151937426378e-03 -9.239348970974486e-04	1.000000000000000e+00	55	0	288
289	 1.307260090922695e+02 -3.896596954315850e+02  2.419674518790921e+03	-1.281828149330977e-04 -1.949221255017619e-04  6.673931056866422e-05	5.625000000000000e-01	55	0	289
290	-1.576518718098915e+02 -2.049186671924936e+01  2.746421448588098e+03	 8.169224488180285e-03  8.270044808644647e-03 -1.008203204643603e-04	1.000000000000000e+00	55	0	290
291	-8.170856944766279e+02  4.567587247892980e+02  1.609737034412815e+03	-1.001208374509588e-02 -9.498619416262954e-03 -5.134643288329244e-04	1.000000000000000e+00	55	0	291
292	-2.128958260430381e+02  2.135162121898685e+01  1.665041367005041e+03	7.683539336236814e-03 6.670205815074345e-03 1.013333521162470e-03	1.000000000000000e+00	55	0	292
293	-5.479397079634673e+01 -1.998224238568615e+02  2.044317267327581e+03	6.057241543506582e-03 4.232376270617048e-03 1.824865272889535e-03	1.000000000000000e+00	55	0	293
294	-3.897824391466077e+02  1.255598035764779e+02  2.368239210955655e+03	-5.914081096610365e-04 -6.673428603486778e-04  7.593475068764138e-05	1.000000000000000e+00	55	0	294
295	-6.108149513208708e+02  2.823468956776014e+02  1.990419606680269e+03	-7.920828764326870e-03 -8.747670683078468e-03  8.268419187515975e-04	1.000000000000000e+00	55	0	295
296	-4.216492435937576e+02 -7.588861463948643e+02  2.182464461334598e+03	 6.774292405073842e-03 -9.306671020264426e-03 -2.532378615190586e-03	1.000000000000000e+00	463	0	296
297	 4.245963314221648e+01 -3.323249174041224e+01  3.372226992725025e+03	-1.301087435179701e-02  1.116461683219920e-02 -1.846257519597809e-03	1.000000000000000e+00	463	0	297
298	1.000000000000000e+03 6.592384996329015e+02 2.574234674488294e+03	-5.445877814558483e-18 -6.531531573273240e-03 -6.531531573273243e-03	1.000000000000000e+00	463	1	298
299	2.739145560017321e+02 1.911981186397274e+02 1.380108849496852e+03	-1.131110358983278e-03  7.859791512601078e-04 -3.451312077231705e-04	1.000000000000000e+00	463	0	299
301	-9.020140579260629e+01 -2.822470604355130e+02  2.990551385095100e+03	-7.827796197185913e-03  5.364576199402411e-03 -2.463219997783502e-03	1.000000000000000e+00	463	0	301
302	7.771032907622322e+02 4.726003457689123e+02 2.164699811386537e+03	 1.513632084243000e-02 -1.764934905804694e-02 -2.513028215616941e-03	1.000000000000000e+00	463	0	302
303	5.595022455588062e+02 2.986561112337869e+02 1.773154531647986e+03	 6.616350243954608e-03 -7.484862600297978e-03 -8.685123563433684e-04	1.000000000000000e+00	463	0	303
304	-5.662879844308441e+02  1.661495178214245e+02  3.641515951568553e+03	-6.959560560062527e-04  7.869918656069785e-03 -7.173962600063533e-03	1.000000000000000e+00	463	0	304
305	 7.027449718178780e+02 -5.617016737960370e+02  3.100334186937293e+03	 1.953759735139711e-04 -7.891324280838791e-03  7.695948307324822e-03	1.000000000000000e+00	463	0	305
306	 4.980241725297828e+02 -6.771143350831614e+02  2.767100981696142e+03	 5.315791194637616e-03  1.219536441688736e-02 -1.751115561152498e-02	1.000000000000000e+00	463	0	306
307	-7.641759822844107e+02 -1.343502884254438e+02  3.486537089852619e+03	-1.750316005200148e-04  3.836334126364857e-20  1.750316005200147e-04	1.000000000000000e+00	463	0	307
308	-1.394563380062233e+02 -6.158130890088507e+01  3.442415131866242e+03	 1.028558394561211e-03  5.376556810612479e-03 -6.405115205173692e-03	1.000000000000000e+00	463	0	308
309	 2.806260557413238e+02 -3.149436377195433e+02  3.275695066937353e+03	-1.356096375578394e-04 -3.378669736169589e-03  3.514279373727428e-03	1.000000000000000e+00	463	0	309
310	 9.376994610200707e+01 -6.342486205553114e+02  3.128489493596068e+03	-3.305297344923019e-03 -2.684324234724045e-02  3.014853969216347e-02	1.000000000000000e+00	463	0	310
311	-3.632305039259614e+02 -3.831169568575730e+02  3.334358279926298e+03	-6.969215270752708e-04 -3.353724818831930e-03  4.050646345907201e-03	1.000000000000000e+00	463	0	311
312	-1.538698278729977e+02 -7.476932738194880e+02  1.929696361537726e+03	 6.176854794224103e-03 -1.512786947811643e-02  8.951014683892330e-03	1.000000000000000e+00	55	0	312
313	 2.921818561139772e+02 -4.394444287511474e+01  7.798958466063776e+02	 2.345080948240744e-03 -2.317434647314561e-03 -2.764630092618370e-05	1.000000000000000e+00	55	0	313
314	5.249976999959794e+02 2.639663299294039e+02 1.049513601159640e+03	-3.660238292771585e-04  3.578907923535250e-04  8.133036923633577e-06	1.000000000000000e+00	55	0	314
315	-3.040559159102146e+01 -2.606089225597550e+02  2.129492145235800e+03	-2.625479389550192e-19  2.017453080043195e-03 -2.017453080043198e-03	1.000000000000000e+00	55	0	315
316	 9.956705310332228e+01 -5.345651239495975e+02  1.463131330691515e+03	 2.346242622782787e-02 -1.516824743400017e-02 -8.294178793827692e-03	1.000000000000000e+00	55	0	316
317	 1.371116638043428e+02 -2.419302508676944e+02  1.132951846908592e+03	 1.966532521570722e-02 -1.325199737523993e-02 -6.413327840467294e-03	1.000000000000000e+00	55	0	317
318	3.651774015604126e+02 6.189291830869486e+01 1.411407311215916e+03	 1.007786534804230e-04  5.430746799296079e-04 -6.438533334100308e-04	1.000000000000000e+00	55	0	318
319	 1.468581696621665e+02 -8.600651108958694e+01  1.777625972512443e+03	-3.063215345415907e-03  3.244930010017318e-03 -1.817146646014105e-04	1.000000000000000e+00	55	0	319
320	 2.706709877613694e+02 -5.115707506323785e+01  3.737153815955631e+03	-9.120034519582987e-04 -7.923623197712004e-04 -1.196411321870983e-04	1.000000000000000e+00	463	0	320
321	-3.611566597381196e+02  8.928649607235972e+02  2.161304132669307e+03	7.058788983461758e-03 5.293498320194582e-03 1.765290663267175e-03	1.000000000000000e+00	463	0	321
323	 6.400641687218794e+01 -9.613735314997444e+02  1.831331447621719e+03	-7.899027327463653e-03 -8.306903754904244e-03 -4.078764274405939e-04	1.000000000000000e+00	463	0	323
324	4.884528101300031e+02 7.492672386677282e+02 1.956672437263288e+03	-1.740854058880359e-04 -3.192049189237878e-05 -1.421649212716147e-04	1.000000000000000e+00	463	0	324
325	 1.335535079595495e+02 -7.557194852677696e+02  3.106759859028332e+03	 2.543172830094894e-02 -7.838205744822819e-03  3.326993404577176e-02	1.000000000000000e+00	463	0	325
326	 9.161209681521959e+02 -2.791826734128200e+02  6.912572506406925e+02	 7.284626830369234e-03 -7.230168674141169e-03 -1.451479550451040e-02	1.000000000000000e+00	12	0	326
327	 2.518458336385007e+02 -9.264123777624937e+02  7.083026808047140e+02	 3.322223977496226e-03 -5.752053422232469e-03 -9.074277399728695e-03	1.000000000000000e+00	12	0	327
328	 3.181109655612362e+02 -2.659327484591168e+02  3.983866092444743e+03	7.261929024631779e-03 9.874399829035005e-03 2.612470804403226e-03	1.000000000000000e+00	16	0	328
329	 1.283692277989826e+01 -9.024132648515304e+02  3.652659618833668e+03	-1.561735407449305e-04 -3.245603875257075e-04 -1.683868467807770e-04	1.000000000000000e+00	16	0	329
330	5.787960704935081e+02 7.586916776223545e+02 3.338599938873792e+03	-6.993473973125219e-03  3.906836267560720e-03 -3.086637705564499e-03	1.000000000000000e+00	19	0	330
331	 3.129052283203820e+02 -7.901394378418065e+02  1.523877981236505e+03	 1.109935700272520e-02 -5.172900079439084e-03  5.926456923286120e-03	1.000000000000000e+00	19	0	331
332	-8.296415811852935e+02 -4.190053714982434e+02  6.829615277342989e+02	-4.100551789936921e-04  3.759759662595267e-03 -3.349704483601575e-03	1.000000000000000e+00	453	0	332
333	 1.738910060496432e+02 -7.782766824712210e+02  3.870025147233974e+01	 2.096002145359914e-03  9.756758731479446e-03 -1.185276087683936e-02	1.000000000000000e+00	453	0	333
334	9.564815146341351e+02 3.880311453364498e+02 2.531037838801612e+03	7.335875726615389e-03 2.613669571777185e-03 9.949545298392573e-03	1.000000000000000e+00	26	0	334
335	5.391762610071675e+02 9.241519424198451e+02 2.649853382258039e+03	7.848158556347093e-03 3.826331192006668e-03 1.167448974835376e-02	1.000000000000000e+00	26	0	335
336	-2.893810270097919e+02  9.351389539043993e+02  1.831217599172249e+03	9.963854972738773e-03 1.083618419943377e-02 8.723292266950011e-04	1.000000000000000e+00	463	0	336
337	5.676029798687733e+02 2.331030171348219e+02 2.721976555241062e+02	1.031126819240550e-02 1.259624965799352e-02 2.284981465588013e-03	1.000000000000000e+00	463	0	337
338	7.582288691383861e+02 7.780339894000697e+02 2.159510240132176e+03	1.160035841166973e-03 6.155595649033785e-03 4.995559807866812e-03	1.000000000000000e+00	463	0	338
339	-7.482394603604155e+02  3.577072127276504e+02  3.245651792958558e+03	-3.992576966993511e-04 -2.461512078298256e-03 -2.062254381598905e-03	1.000000000000000e+00	463	0	339
340	-4.799393146608793e+02  2.338334707115179e+02  1.185516028894669e+03	 3.887036970506112e-03  4.598541728531321e-03 -7.115047580252091e-04	1.000000000000000e+00	55	0	340
341	 1.899663779447164e+02 -4.288548140930160e+02  2.518110006304799e+03	 1.631983517048259e-04 -5.883133174696317e-04  7.515116691744576e-04	1.000000000000000e+00	55	0	341
342	-1.089633971373652e+02 -7.797205993851314e+01  2.852590116479889e+03	7.461475130791466e-03 4.311459216599663e-03 3.150015914191802e-03	1.000000000000000e+00	55	0	342
343	-8.605912305473580e+02  5.160019360006235e+02  1.506988287130759e+03	-6.909119508539637e-03 -4.183701627577345e-03 -2.725417880962293e-03	1.000000000000000e+00	55	0	343
344	-1.790039782680656e+02 -4.001901197085472e+01  1.760303847969855e+03	7.559306415108343e-03 6.303243377866845e-03 1.256063037241498e-03	1.000000000000000e+00	55	0	344
345	-1.035489820118941e+02 -1.500984547055855e+02  1.945838286960758e+03	6.553589958154286e-03 6.268476475573455e-03 2.851134825808307e-04	1.000000000000000e+00	55	0	345
346	-4.455016497794225e+02  1.641805617166240e+02  2.273899242182694e+03	-2.632380676611016e-03 -2.961750860170772e-03  3.293701835597555e-04	1.000000000000000e+00	55	0	346
347	-5.560468550133538e+02  2.425105600198320e+02  2.085024038645555e+03	-6.324521653975050e-03 -7.047429758434494e-03  7.229081044594448e-04	1.000000000000000e+00	55	0	347
348	-5.090049086935975e+02 -7.792392088337110e+02  2.074755733795911e+03	 1.241822183753053e-03 -3.968094902423521e-03 -2.726272718670468e-03	1.000000000000000e+00	463	0	348
350	1.000000000000000e+03 7.538717599180045e+02 2.668867934773397e+03	-7.247339050286038e-18  4.900656640529641e-04  4.900656640529624e-04	1.000000000000000e+00	463	1	350
351	2.228846553799392e+02 1.388394629315799e+02 1.276720293166912e+03	-1.374496738814438e-03  9.777118587711204e-04 -3.967848800433179e-04	1.000000000000000e+00	463	0	351
353	-1.231146235087276e+02 -3.406282629228062e+02  2.899256964891686e+03	-1.381872035562992e-02  1.883729733526707e-02  5.018576979637146e-03	1.000000000000000e+00	463	0	353
354	7.214310513759220e+02 4.344481888497820e+02 2.070875415081096e+03	 1.414995912152032e-02 -1.548998251867791e-02 -1.340023397157589e-03	1.000000000000000e+00	463	0	354
355	6.167707917352287e+02 3.425862525315315e+02 1.874353219122153e+03	 9.284376108553261e-03 -9.848002402577549e-03 -5.636262940242889e-04	1.000000000000000e+00	463	0	355
356	-6.756574674521529e+02  2.088360987478834e+02  3.708198853663403e+03	-1.847602970277270e-03  5.657946729722123e-03 -3.810343759444852e-03	1.000000000000000e+00	463	0	356
357	 8.158309844016570e+02 -6.100036610318550e+02  3.035550161589331e+03	 2.414802244553963e-03 -6.697736758117874e-03  4.282934513563911e-03	1.000000000000000e+00	463	0	357
358	 5.989203139736225e+02 -7.525455379361720e+02  2.741636043105314e+03	 4.147956147789955e-03  7.387150079011917e-03 -1.153510622680187e-02	1.000000000000000e+00	463	0	358
359	-9.373860101278160e+02 -1.343502884254438e+02  3.659747117696024e+03	-4.195756278932097e-03 -1.293117978172885e-18  4.195756278932094e-03	1.000000000000000e+00	463	0	359
360	-3.524000865084987e+01 -1.312771662244451e+02  3.407894659834428e+03	 1.165565384629493e-04  1.097420460913175e-03 -1.213976999376124e-03	1.000000000000000e+00	463	0	360
361	 1.741375265432359e+02 -2.630151224740492e+02  3.330255080889947e+03	-8.939010634397464e-05 -1.982666367742544e-03  2.072056474086518e-03	1.000000000000000e+00	463	0	361
362	-4.305907105241419e+01 -5.599705985774435e+02  3.191040488772621e+03	-4.171664089274903e-04 -1.586773850916264e-02  1.628490491809013e-02	1.000000000000000e+00	463	0	362
363	-2.565813240313689e+02 -4.483616468322286e+02  3.292953790006361e+03	-8.790383581072092e-04 -9.065562742762268e-03  9.944601100869477e-03	1.000000000000000e+00	463	0	363
364	-2.664921654002246e+02 -7.134655390022211e+02  2.008090964247686e+03	 8.801907145728669e-04 -6.088716482433180e-03  5.208525767860313e-03	1.000000000000000e+00	55	0	364
365	3.374919953421031e+02 6.981803099809757e+00 6.836594614033272e+02	 1.142995664849877e-03 -3.392499056644738e-04 -8.037457591854036e-04	1.000000000000000e+00	55	0	365
366	5.720833276414504e+02 3.088722432143483e+02 9.575220602292245e+02	-3.379461462221419e-04  5.567640134055788e-04 -2.188178671834370e-04	1.000000000000000e+00	55	0	366
367	-8.485545562563107e+01 -3.180351593509175e+02  2.241368246061572e+03	-1.056034603000929e-03 -5.351581688349446e-04  1.591192771835874e-03	1.000000000000000e+00	55	0	367
368	 1.139180212897523e+02 -4.531391398069470e+02  1.367354378362435e+03	 2.323803522934516e-02 -1.387486948321263e-02 -9.363165746132534e-03	1.000000000000000e+00	55	0	368
369	 1.266696788389798e+02 -3.066317336176798e+02  1.208095314623940e+03	 2.288860610375802e-02 -1.328061645229657e-02 -9.607989651461441e-03	1.000000000000000e+00	55	0	369
370	2.990110285785231e+02 3.478035050094812e+01 1.504686252005552e+03	-7.621299640353149e-04  9.402588426989192e-04 -1.781288786636045e-04	1.000000000000000e+00	55	0	370
371	 1.947046179978728e+02 -4.311781974069816e+01  1.686890832827849e+03	-2.189555401855614e-03  2.296196100360248e-03 -1.066406985046341e-04	1.000000000000000e+00	55	0	371
372	-1.108849004795025e+01  2.103994223173169e+02  3.193837840765757e+03	-6.247716878230373e-03 -3.698428704713782e-03 -2.549288173516592e-03	1.000000000000000e+00	463	0	372
373	-1.722000851512522e+02  5.653279210475747e+02  2.677797746932197e+03	4.514936901008089e-03 4.022128336752455e-03 4.928085642556349e-04	1.000000000000000e+00	463	0	373
374	-3.910235382733927e+02 -2.595635336412824e+02  2.988171400625762e+03	1.019973579483728e-02 1.257790353459617e-02 2.378167739758889e-03	1.000000000000000e+00	463	0	374
375	-2.198064813851461e+02 -6.761336928624740e+02  2.400384184516323e+03	-1.763564317176739e-02 -1.373391722639402e-02  3.901725945373377e-03	1.000000000000000e+00	463	0	375
376	2.866556565943167e+02 2.340724123463288e+02 2.270070110049001e+03	-6.481679622083902e-03 -8.453088812530040e-04 -5.636370740830898e-03	1.000000000000000e+00	463	0	376
377	 2.154426406715762e+02 -2.589187336138303e+02  2.691848240086419e+03	-1.550976658472791e-02 -6.734138529282063e-03 -8.775628055445850e-03	5.625000000000000e-01	463	0	377
378	 6.933382404862342e+02 -4.925877993716549e+02  7.006348523478193e+02	 7.418660447001457e-03 -7.914002053439617e-03 -1.533266250044107e-02	1.000000000000000e+00	12	0	378
379	 4.757636514127211e+02 -7.095042697753506e+02  7.012929710176368e+02	 6.543075200170279e-03 -6.694544572383165e-03 -1.323761977255344e-02	1.000000000000000e+00	12	0	379
380	 1.555627430070585e+02 -4.858261544580797e+02  3.926520908999958e+03	-1.507534075062722e-02 -1.276256283745170e-03  1.379908446688205e-02	1.000000000000000e+00	16	0	380
381	 8.227595393835459e+01 -6.948864518127227e+02  3.790747400714019e+03	-8.002497216997048e-03 -1.657910101736585e-03  6.344587115260461e-03	1.000000000000000e+00	16	0	381
382	4.773885449436490e+02 2.492113600502936e+02 2.727712095751872e+03	-1.931273359029243e-03  1.334619029269864e-03 -5.966543297593792e-04	1.000000000000000e+00	19	0	382
383	 2.940511290525137e+02 -2.126259169613724e+02  2.082537402849071e+03	-7.790145386631290e-03  4.046676758055885e-03 -3.743468628575404e-03	1.000000000000000e+00	19	0	383
384	-4.936481282619636e+02 -5.558948866008471e+02  4.838575899135728e+02	-6.532570890461405e-04  4.624515752463291e-03 -3.971258663417150e-03	1.000000000000000e+00	453	0	384
385	-1.609363014405328e+02 -6.739137987400768e+02  2.691646752313717e+02	-1.853979037453731e-03  8.605276156837741e-03 -6.751297119384010e-03	1.000000000000000e+00	453	0	385
386	8.090294274246561e+02 5.663875196260340e+02 2.561942125881716e+03	8.922164173175892e-03 4.802783330281576e-03 1.372494750345747e-02	1.000000000000000e+00	26	0	386
387	6.759104752496131e+02 7.404860232518791e+02 2.602921677332519e+03	1.053245753670732e-02 4.057890425125758e-03 1.459034796183308e-02	1.000000000000000e+00	26	0	387
388	-1.748257547630668e+01  6.840465478232530e+02  1.308226741557618e+03	9.151548030786216e-03 9.959700633771718e-03 8.081526029855013e-04	1.000000000000000e+00	463	0	388
389	2.810806372050578e+02 4.552849319079387e+02 7.809019129609386e+02	 9.928441596760726e-03  9.558553817138696e-03 -3.698877796220283e-04	1.000000000000000e+00	463	0	389
390	2.584201536213635e+02 6.389802941091355e+02 2.520265260358265e+03	3.371312826250990e-04 1.476503074324379e-03 1.139371791699280e-03	1.000000000000000e+00	463	0	390
391	-2.409022259260726e+02  5.027862430928978e+02  2.883393588889463e+03	6.862179919456441e-04 2.051651982280115e-03 1.365433990334471e-03	1.000000000000000e+00	463	0	391
392	-3.648890397703890e+02  1.616776929636247e+02  1.372722081533053e+03	 6.579298914099733e-03  7.689128241812189e-03 -1.109829327712456e-03	1.000000000000000e+00	55	0	392
393	-2.542432634731747e+02  7.826386339874273e+01  1.566781687395149e+03	7.796973567261982e-03 7.563669122949553e-03 2.333044443124285e-04	1.000000000000000e+00	55	0	393
394	 6.875007099160648e+01 -3.573574990841969e+02  2.325396384342870e+03	-1.056599712683237e-04 -7.243021900649182e-05 -3.322975021546881e-05	5.625000000000000e-01	55	0	394
396	-2.160525283668084e+02  1.759387888798171e+01  2.649935046423951e+03	 6.120251103614767e-03  7.143416830028097e-03 -1.023165726413329e-03	1.000000000000000e+00	55	0	396
397	-3.333676391040444e+02  8.783304429024329e+01  2.462380770284453e+03	 1.610732278398548e-03  1.871259776332105e-03 -2.605274979335566e-04	1.000000000000000e+00	55	0	397
398	-7.690089469205494e+02  4.092080409973278e+02  1.705364465760863e+03	-1.069199192958573e-02 -1.099171031576892e-02  2.997183861831821e-04	1.000000000000000e+00	55	0	398
399	-6.649199132804780e+02  3.230908758364525e+02  1.895570664561810e+03	-9.258602939856550e-03 -1.006740964173029e-02  8.088067018737396e-04	1.000000000000000e+00	55	0	399
400	-3.561812377067498e+02 -7.217582660298812e+02  2.285060347586589e+03	 1.004696819776048e-02 -1.194784142232190e-02 -1.900873224561413e-03	1.000000000000000e+00	463	0	400
402	-8.282694777653113e-02 -7.579325366831286e+01  3.287123770707130e+03	-7.281742951211830e-03  6.911001206996541e-03 -3.707417442152897e-04	1.000000000000000e+00	463	0	402
403	-7.175519800472637e+01 -2.046853732707045e+02  3.086559280047789e+03	-3.329652400376896e-03  2.314708156821629e-03 -1.014944243555268e-03	1.000000000000000e+00	463	0	403
404	9.574974936122748e+02 6.018418854711938e+02 2.474335553938861e+03	 2.435244076574842e-02 -2.310764029001196e-02  1.244800475736459e-03	1.000000000000000e+00	463	0	404
405	8.406298302862134e+02 5.094546732017993e+02 2.265080678343405e+03	 1.670465059578419e-02 -1.924395747482777e-02 -2.539306879043580e-03	1.000000000000000e+00	463	0	405
406	3.556211269620864e+02 2.093256392234125e+02 1.479942941040892e+03	 4.123558634698080e-04 -4.966597310461415e-04 -8.430386757633337e-05	1.000000000000000e+00	463	0	406
407	4.969213174600426e+02 2.612662522743183e+02 1.673183744589753e+03	 4.060467685728024e-03 -4.970632978559782e-03 -9.101652928317588e-04	1.000000000000000e+00	463	0	407
408	-4.589041445843011e+02  1.158866642439862e+02  3.584394965299448e+03	-8.429783823279045e-05  8.634386637519734e-03 -8.550088799286945e-03	1.000000000000000e+00	463	0	408
409	-2.453852756944967e+02  1.405211406199809e+00  3.485357549247430e+03	 7.363004842773080e-04  7.123640214558691e-03 -7.859940698835999e-03	1.000000000000000e+00	463	0	409
410	 5.944970650343136e+02 -5.029567823307483e+02  3.149837202255568e+03	-6.994646585856875e-04 -6.928623207689573e-03  7.628087866275261e-03	1.000000000000000e+00	463	0	410
411	 3.844104336717218e+02 -3.736238829777600e+02  3.230590934265172e+03	-6.378518883138896e-04 -4.504296579398215e-03  5.142148467712104e-03	1.000000000000000e+00	463	0	411
412	 3.990087583991176e+02 -5.993226637822368e+02  2.788324724525883e+03	 8.769335225224495e-03  1.624194532632828e-02 -2.501128055155277e-02	1.000000000000000e+00	463	0	412
413	 1.852619766708759e+02 -6.900043366206800e+02  3.092753179092569e+03	-2.276694311633282e-18 -5.307772196829320e-02  5.307772196829318e-02	1.000000000000000e+00	463	0	413
414	-6.265922986776733e+02 -1.343502884254438e+02  3.348953406245882e+03	 2.212422480806708e-02 -6.541985210390600e-19 -2.212422480806709e-02	1.000000000000000e+00	463	0	414
415	-4.647988247311721e+02 -3.082476697506837e+02  3.361057313624619e+03	 3.086808603256941e-03  4.329294897615910e-03 -7.416103500872850e-03	1.000000000000000e+00	463	0	415
416	-5.245897222330721e+01 -7.438553582555195e+02  1.824447590324066e+03	 1.491861790418625e-02 -2.197076566517353e-02  7.052147760987282e-03	1.000000000000000e+00	55	0	416
417	 7.737525086484945e+01 -6.222991633352701e+02  1.573057172315661e+03	 2.545220948134859e-02 -1.967657931769888e-02 -5.775630163649718e-03	1.000000000000000e+00	55	0	417
418	 2.449440195799451e+02 -8.816861590214542e+01  8.713578561674404e+02	 4.258303291862831e-03 -4.320092644775286e-03  6.178935291245570e-05	1.000000000000000e+00	55	0	418
419	 1.609447782042537e+02 -1.833075926207717e+02  1.050496074261758e+03	 1.315178349614143e-02 -1.083977427333593e-02 -2.312009222805500e-03	1.000000000000000e+00	55	0	419
420	4.823236299226201e+02 2.156082555032099e+02 1.140545745659193e+03	 1.156985963461921e-04 -1.142239052569494e-04 -1.474687223890214e-06	1.000000000000000e+00	55	0	420
421	4.134432734945079e+02 1.007732507610096e+02 1.324261106829506e+03	 2.043780308061590e-04 -7.060927406807119e-04  5.017147098745530e-04	1.000000000000000e+00	55	0	421
422	-9.549652607341933e+00 -2.035036217588112e+02  2.051530905451176e+03	-4.950041824486107e-03  4.374039417598397e-03  5.760024068877101e-04	1.000000000000000e+00	55	0	422
423	 9.653818601351264e+01 -1.250725709897714e+02  1.867012016061282e+03	-3.844986669719219e-03  4.350099246948957e-03 -5.051125772297382e-04	1.000000000000000e+00	55	0	423
424	 3.153094763750598e+02 -1.387937579412743e+02  3.869428987447358e+03	-2.342738463388135e-03 -1.638917116603503e-03 -7.038213467846314e-04	1.000000000000000e+00	463	0	424
425	-4.100101009638006e+02  9.943039664726828e+02  2.011011685694541e+03	 1.761612016707655e-03  1.761612016707663e-03 -4.777184632669470e-18	1.000000000000000e+00	463	0	425
427	 1.655966592879501e+02 -1.000000000000000e+03  1.691114736705701e+03	-1.512031536549331e-03  2.459147175680998e-18  1.512031536549331e-03	1.000000000000000e+00	463	1	427
428	5.339074458517017e+02 8.773477318202490e+02 1.874046579832465e+03	2.623696792094658e-03 4.277980964009960e-04 2.195898695693662e-03	1.000000000000000e+00	463	0	428
429	 5.705685453237137e+01 -8.812844745251651e+02  3.155828194858549e+03	 1.035826843387137e-02 -1.120703217263023e-03  1.147897165113439e-02	1.000000000000000e+00	463	0	429
430	5.852604427248339e+02 8.972247099311149e+02 3.483597343413878e+03	-6.874251645058393e-03  4.286749288439751e-03 -2.587502356618642e-03	1.000000000000000e+00	19	0	430
431	 3.115562122905603e+02 -9.393121043507823e+02  1.373356298697707e+03	 1.465785022204121e-02 -1.201943603033821e-02  2.638414191703002e-03	1.000000000000000e+00	19	0	431
432	-9.167363463755071e+02 -3.831113398054161e+02  7.341622612316851e+02	-5.480669206008316e-04  3.534013929311186e-03 -2.985947008710355e-03	1.000000000000000e+00	453	0	432
433	 2.589076331800970e+02 -8.245930581293347e+02  0.000000000000000e+00	-1.189466682262719e-02  1.189466682262719e-02  5.927913076279956e-18	1.000000000000000e+00	453	1	433
434	-3.771655491670281e+02  9.861566767297694e+02  1.970019844154855e+03	5.786607468811174e-03 6.177684331002335e-03 3.910768621911606e-04	1.000000000000000e+00	463	0	434
435	6.526892695361400e+02 1.854374627688632e+02 1.394458114907807e+02	1.573171854640047e-02 1.793617367123564e-02 2.204455124835174e-03	1.000000000000000e+00	463	0	435
436	8.901478698754712e+02 8.255076752453876e+02 2.075064925240409e+03	1.243418004984657e-03 5.865312608269353e-03 4.621894603284697e-03	1.000000000000000e+00	463	0	436
437	-8.769608710338615e+02  3.090470814980537e+02  3.325713072402408e+03	-5.141302632788817e-04 -3.525692465094229e-03 -3.011562201815347e-03	1.000000000000000e+00	463	0	437
438	-2.770055971426472e+01  3.157322838799129e+02  3.071892909536847e+03	-1.981314756752302e-03 -1.251426506011436e-03 -7.298882507408658e-04	1.000000000000000e+00	463	0	438
439	-1.165443730485567e+02  5.212659435817092e+02  2.777515436500758e+03	 3.101837501162662e-03  3.101837501162664e-03 -8.519010242389329e-19	1.000000000000000e+00	463	0	439
440	-3.012619628045805e+02 -3.085191252396253e+02  2.849454233558607e+03	1.156071111715088e-02 1.211670409732809e-02 5.559929801772041e-04	1.000000000000000e+00	463	0	440
441	-2.531442276647838e+02 -6.297065914661065e+02  2.480149032192329e+03	 6.608478473389590e-18 -1.836626278236508e-02 -1.836626278236509e-02	1.000000000000000e+00	463	0	441
442	2.348600032179240e+02 1.002078496706349e+02 2.352139019348302e+03	-7.981168028588096e-03 -2.356636182715496e-03 -5.624531845872601e-03	1.000000000000000e+00	463	0	442
443	 2.149200271436746e+02 -1.470256682903115e+02  2.579432561234999e+03	-8.576459251344204e-03 -4.310684278607368e-03 -4.265774972736835e-03	1.000000000000000e+00	463	0	443
444	4.388133263068643e+02 1.308295318976605e+02 2.570755048962454e+03	-3.662470029667020e-03  2.749070525169373e-03 -9.133995044976474e-04	1.000000000000000e+00	19	0	444
445	 3.107904836497534e+02 -7.282961753653056e+01  2.239073056871152e+03	-8.178812296440205e-03  5.964602498958508e-03 -2.214209797481696e-03	1.000000000000000e+00	19	0	445
446	-4.099789183596606e+02 -5.876438037310540e+02  4.319372971414766e+02	-8.025863595927754e-04  5.090402458639195e-03 -4.287816099046418e-03	1.000000000000000e+00	453	0	446
447	-2.435180242769257e+02 -6.468060395968980e+02  3.246386389245857e+02	-1.381712267175317e-03  7.041209260933101e-03 -5.659496993757784e-03	1.000000000000000e+00	453	0	447
448	5.723846249422492e+01 6.297540688661753e+02 1.179213224630008e+03	8.520463597960770e-03 9.631699766032398e-03 1.111236168071628e-03	1.000000000000000e+00	463	0	448
449	2.121381404164281e+02 5.217921111888085e+02 9.163515890304380e+02	9.084871834299216e-03 9.695239500918737e-03 6.103676666195191e-04	1.000000000000000e+00	463	0	449
450	1.306913799428874e+02 5.979431545942828e+02 2.606956894521888e+03	3.235888240548471e-04 1.533724241501962e-03 1.210135417447115e-03	1.000000000000000e+00	463	0	450
452	1.903531802157287e+02 2.616295090390254e+01 3.579515982442850e+03	-4.604365676641680e-05 -8.936394564943438e-19 -4.604365676641249e-05	1.000000000000000e+00	463	0	452
453	1.659102133411941e+00 9.961316420580015e+01 3.317371691058636e+03	-9.658944793045521e-03 -8.511396124958992e-03 -1.147548668086529e-03	1.000000000000000e+00	463	0	453
454	-3.252677029695717e+02  8.033700367964651e+02  2.286688013364987e+03	8.869102224707603e-03 6.814507301896811e-03 2.054594922810792e-03	1.000000000000000e+00	463	0	454
455	-2.313918930315028e+02  6.389220176764586e+02  2.545011842423063e+03	6.324325222522020e-03 5.693130195140839e-03 6.311950273811816e-04	1.000000000000000e+00	463	0	455
457	-4.785980780718247e+02 -2.141807634151619e+02  3.121128710650314e+03	1.054152551417550e-02 1.292690929646293e-02 2.385383782287439e-03	1.000000000000000e+00	463	0	457
458	-7.891746216875572e+00 -8.870412846549832e+02  1.977561857555544e+03	-1.205277258607869e-02 -1.124365253296370e-02  8.091200531149907e-04	1.000000000000000e+00	463	0	458
459	-1.313826890458415e+02 -7.280695545285581e+02  2.260024530510935e+03	-1.431955406830336e-02 -1.511239343866085e-02 -7.928393703574935e-04	1.000000000000000e+00	463	0	459
460	4.438840357708067e+02 6.213142904601274e+02 2.040056611111692e+03	-3.119490400422364e-03 -5.158967105671763e-04 -2.603593689855188e-03	1.000000000000000e+00	463	0	460
461	3.377077409559764e+02 3.631073685729959e+02 2.192087238183993e+03	-5.341469717677683e-03 -6.563974311575295e-04 -4.685072286520153e-03	1.000000000000000e+00	463	0	461
464	5.640088794306763e+02 6.249586744002423e+02 3.190079744588847e+03	-3.543676498035590e-03  2.111004277442893e-03 -1.432672220592697e-03	1.000000000000000e+00	19	0	464
465	5.114030916102685e+02 3.709189329147198e+02 2.883434215282918e+03	-8.322221013562133e-04  5.659184632046769e-04 -2.663036381515364e-04	1.000000000000000e+00	19	0	465
466	 3.010165785648750e+02 -6.413327776137170e+02  1.660795991709088e+03	 4.289142787456512e-03 -1.884979428723455e-03  2.404163358733058e-03	1.000000000000000e+00	19	0	466
467	 2.948865172560377e+02 -3.546910860548338e+02  1.941307621959133e+03	-4.320055712014437e-03  2.128623425960541e-03 -2.191432286053896e-03	1.000000000000000e+00	19	0	467
468	-7.454488454131587e+02 -4.543742834653843e+02  6.341377039293050e+02	-4.202953617398937e-04  3.961706514625500e-03 -3.541411152885606e-03	1.000000000000000e+00	453	0	468
469	-5.775112078456659e+02 -5.229670294331373e+02  5.347928123295652e+02	-5.511404015123844e-04  4.347771406173706e-03 -3.796631004661322e-03	1.000000000000000e+00	453	0	469
470	 8.646630087570006e+01 -7.487486718626246e+02  9.659694603768658e+01	-2.617965762813886e-03  1.216888443256418e-02 -9.550918669750292e-03	1.000000000000000e+00	453	0	470
471	-7.875627164490380e+01 -6.994403880689987e+02  2.125112347646645e+02	-2.446392395844062e-03  1.049237690555553e-02 -8.045984509711463e-03	1.000000000000000e+00	453	0	471
472	-2.180872256746773e+02  8.729543530998875e+02  1.697739197032623e+03	1.179189529890815e-02 1.195161401604613e-02 1.597187171379727e-04	1.000000000000000e+00	463	0	472
473	-8.794276598962770e+01  7.426250412058877e+02  1.437265425453573e+03	1.025082255364396e-02 1.063292575418018e-02 3.821032005362213e-04	1.000000000000000e+00	463	0	473
474	4.839966385135323e+02 2.779595590008221e+02 4.006605387453475e+02	9.654889581725001e-03 1.177762658335268e-02 2.122737001627684e-03	1.000000000000000e+00	463	0	474
475	3.403818074004877e+02 3.832960426969481e+02 6.496118535545180e+02	 1.042414467277316e-02  9.967684639074529e-03 -4.564600336986281e-04	1.000000000000000e+00	463	0	475
476	6.372172724014482e+02 7.402691664887718e+02 2.242757013957816e+03	1.505904908602437e-03 5.713043773236373e-03 4.207138864633938e-03	1.000000000000000e+00	463	0	476
477	3.851691181905093e+02 6.753381585144001e+02 2.429874160194383e+03	4.645063503024479e-04 1.849338887647415e-03 1.384832537344967e-03	1.000000000000000e+00	463	0	477
478	-6.203043513679102e+02  4.018047408526230e+02  3.161814212091026e+03	-2.329947019461542e-04 -1.155154299340211e-03 -9.221595973940565e-04	1.000000000000000e+00	463	0	478
479	-3.670355455334084e+02  4.744370945957101e+02  2.981177759999611e+03	2.999674567642311e-04 1.134194802337637e-03 8.342273455734054e-04	1.000000000000000e+00	463	0	479
481	 3.215108880337668e+02 -1.941053916449973e+02  3.930942032809789e+03	-3.913654053273301e-03 -1.342486202095946e-03 -2.571167851177354e-03	1.000000000000000e+00	463	0	481
484	5.990387066281792e+02 9.676483962936451e+02 3.567799293679754e+03	-2.782264258712530e-03  2.122206380590796e-03 -6.600578781217337e-04	1.000000000000000e+00	19	0	484
485	 2.775637023096111e+02 -1.000000000000000e+03  1.278675893067541e+03	9.740560897625981e-03 4.998032681992930e-18 9.740560897625984e-03	1.000000000000000e+00	19	1	485
487	7.022584536587451e+02 1.491900343919768e+02 5.362919899128926e+01	 1.848393523444732e-02  1.597809760520856e-02 -2.505837629238764e-03	1.000000000000000e+00	463	0	487
488	-3.958676613171764e+01  3.664931496462509e+02  3.009245837353056e+03	-3.839850542135537e-04 -2.435446804156527e-04 -1.404403737979010e-04	1.000000000000000e+00	463	0	488
489	-7.432720251978182e+01  4.653557499974738e+02  2.875642800613768e+03	 1.909549251043548e-03  2.557023176147292e-03 -6.474739251037438e-04	1.000000000000000e+00	463	0	489
492	4.137767133441491e+02 7.680889970741673e+01 2.491697803809495e+03	-4.278973288213213e-03  3.540665532151858e-03 -7.383077560613553e-04	1.000000000000000e+00	19	0	492
493	 3.413382413653895e+02 -1.668199716992416e+01  2.325768434953395e+03	-6.073108777248611e-03  5.133902285403262e-03 -9.392064918453493e-04	1.000000000000000e+00	19	0	493
494	9.582847158834197e+01 6.037076950426923e+02 1.114576841712408e+03	8.418935622709492e-03 9.606043536526462e-03 1.187107913816968e-03	1.000000000000000e+00	463	0	494
496	-3.050541717397043e+02  7.599717392337413e+02  2.350299842157578e+03	8.713259439294537e-03 6.963516042257349e-03 1.749743397037188e-03	1.000000000000000e+00	463	0	496
497	-2.580626670180609e+02  6.776517123975431e+02  2.479611373715420e+03	7.274081445454310e-03 6.303925552250196e-03 9.701558932041126e-04	1.000000000000000e+00	463	0	497
499	-5.219202439928786e+02 -1.906253265692401e+02  3.188006313417290e+03	1.053431917292376e-02 1.271369393604497e-02 2.179374763121208e-03	1.000000000000000e+00	463	0	499
500	-3.945274180670275e+01 -8.453358261832468e+02  2.050828311617107e+03	-1.284356302736948e-02 -1.155967564166834e-02  1.283887385701140e-03	1.000000000000000e+00	463	0	500
501	-9.856393636427383e+01 -7.623729530246308e+02  2.192902379333294e+03	-1.384676816329981e-02 -1.296354354902481e-02  8.832246142749987e-04	1.000000000000000e+00	463	0	501
502	5.538646224990468e+02 5.594962774986526e+02 3.114473090755629e+03	-2.058532069592426e-03  1.267202101492633e-03 -7.913299680997928e-04	1.000000000000000e+00	19	0	502
503	5.275359809052674e+02 4.324056458806191e+02 2.961053817543816e+03	-7.466290359540532e-04  4.970371858992925e-04 -2.495918500547608e-04	1.000000000000000e+00	19	0	503
504	 2.971810328052711e+02 -5.685675915472631e+02  1.729725632015937e+03	 2.029120456427336e-03 -9.619484189897776e-04  1.067172037437558e-03	1.000000000000000e+00	19	0	504
505	 2.955714987298967e+02 -4.259432539641764e+02  1.870740435523650e+03	-2.191155683249235e-03  1.081081340089440e-03 -1.110074343159795e-03	1.000000000000000e+00	19	0	505
506	-1.853286683669436e+02  8.395795582933229e+02  1.631605844918324e+03	 1.181697274538844e-02  1.169498276916177e-02 -1.219899762266623e-04	1.000000000000000e+00	463	0	506
507	-1.213424309724141e+02  7.736889364250428e+02  1.501728985655515e+03	1.091142264825370e-02 1.101535292643045e-02 1.039302781767521e-04	1.000000000000000e+00	463	0	507
508	 2.960125792441835e+02 -9.249237876495241e+01  3.803830711140160e+03	-1.475570480882501e-03 -1.206422001511479e-03 -2.691484793710212e-04	1.000000000000000e+00	463	0	508
509	 2.321110313841085e+02 -4.675772921003075e+00  3.652112557436136e+03	-6.393336807377636e-04 -2.839383669197559e-04 -3.553953138180077e-04	1.000000000000000e+00	463	0	509
510	-3.796804607302362e+02  9.386662619668294e+02  2.096979030433959e+03	5.355493670019011e-03 4.374570640114446e-03 9.809230299045641e-04	1.000000000000000e+00	463	0	510
511	-3.433927209842385e+02  8.480572393028853e+02  2.223875792843900e+03	8.236932801082730e-03 6.179077317938209e-03 2.057855483144522e-03	1.000000000000000e+00	463	0	511
514	 1.095021690972874e+02 -9.963867470067448e+02  1.750822479889619e+03	 6.856906693428754e-04 -6.955645862035453e-03 -7.641336531378329e-03	1.000000000000000e+00	463	0	514
515	 2.658277386778225e+01 -9.262235142828335e+02  1.903905107843036e+03	-1.037186954151063e-02 -1.028903748859496e-02  8.283205291566738e-05	1.000000000000000e+00	463	0	515
516	5.833068576496032e+02 8.266674398142081e+02 3.411086488221741e+03	-7.663918115819494e-03  4.097656890129049e-03 -3.566261225690444e-03	1.000000000000000e+00	19	0	516
517	5.722016131350466e+02 6.915200098392422e+02 3.264833813732218e+03	-5.299578032766779e-03  3.060356636221210e-03 -2.239221396545569e-03	1.000000000000000e+00	19	0	517
518	 3.143327963214643e+02 -8.632488988206227e+02  1.452196088258771e+03	 1.337545271962881e-02 -6.815788801759481e-03  6.559663917869329e-03	1.000000000000000e+00	19	0	518
519	 3.076091540013297e+02 -7.158205003188567e+02  1.592900844440402e+03	 7.618022616952658e-03 -3.351694438606500e-03  4.266328178346157e-03	1.000000000000000e+00	19	0	519
520	-3.287805670097247e+02  9.641774671172616e+02  1.899655652385044e+03	7.834385265596211e-03 9.442929062061012e-03 1.608543796464801e-03	1.000000000000000e+00	463	0	520
521	-2.529251811243497e+02  9.048293132033216e+02  1.764452112585729e+03	1.123484862425054e-02 1.174921649120127e-02 5.143678669507306e-04	1.000000000000000e+00	463	0	521
522	6.097440965939415e+02 2.101530574634368e+02 2.071065791275529e+02	1.218915148638189e-02 1.470459462143481e-02 2.515443135052919e-03	1.000000000000000e+00	463	0	522
523	-1.850016033252079e+01  2.635301982358326e+02  3.133295394562671e+03	-3.867446716564397e-03 -2.345614096460243e-03 -1.521832620104154e-03	1.000000000000000e+00	463	0	523
524	-4.370222044392515e+00  1.566367778047284e+02  3.254318753281903e+03	-9.260560463493070e-03 -5.386622079337637e-03 -3.873938384155433e-03	1.000000000000000e+00	463	0	524
526	-2.027550270314761e+02  6.018914908812108e+02  2.610679235218337e+03	5.349987264101705e-03 4.984287467474738e-03 3.656997966269650e-04	1.000000000000000e+00	463	0	526
527	-3.469556580921790e+02 -2.829478843697366e+02  2.920719169716094e+03	1.032632201289137e-02 1.257481348390380e-02 2.248491471012433e-03	1.000000000000000e+00	463	0	527
528	-4.349761937820060e+02 -2.369430696315932e+02  3.054744520144064e+03	1.027598154420654e-02 1.270753409092625e-02 2.431552546719710e-03	1.000000000000000e+00	463	0	528
530	-1.688379428545593e+02 -7.020146848685833e+02  2.323534653979627e+03	-1.407500565983355e-02 -1.681288122199476e-02 -2.737875562161207e-03	1.000000000000000e+00	463	0	530
531	4.592670670351787e+02 1.891099220843433e+02 2.649489179877452e+03	-2.815495031730582e-03  1.998924398018668e-03 -8.165706337119143e-04	1.000000000000000e+00	19	0	531
532	4.945145037359222e+02 3.099880404170348e+02 2.805614734910886e+03	-1.173792610643432e-03  8.029449672903866e-04 -3.708476433530450e-04	1.000000000000000e+00	19	0	532
533	 2.972520468032790e+02 -1.412144085407551e+02  2.157149829020453e+03	-8.673100654656688e-03  5.160961843406160e-03 -3.512138811250527e-03	1.000000000000000e+00	19	0	533
534	 2.941996351173726e+02 -2.836461904991791e+02  2.011665635376123e+03	-6.250692531466484e-03  3.100128844380379e-03 -3.150563687086105e-03	1.000000000000000e+00	19	0	534
535	1.939960190998494e+01 6.564307550236127e+02 1.243728771371686e+03	8.755005643858263e-03 9.730890645490339e-03 9.758850016320743e-04	1.000000000000000e+00	463	0	535
536	-5.329329832183465e+01  7.127495056760673e+02  1.372740422255960e+03	9.653240170640251e-03 1.026248307122538e-02 6.092429005851351e-04	1.000000000000000e+00	463	0	536
537	-6.926955393229527e+01  5.316848225981785e+02  2.740659496400966e+03	9.290779416915032e-05 2.091209629725199e-03 1.998301835556049e-03	1.000000000000000e+00	463	0	537
538	-4.688602106485666e+02  1.000000000000000e+03  1.946465542482458e+03	 1.904840581119059e-03 -7.362819288107087e-18  1.904840581119064e-03	1.000000000000000e+00	463	1	538
539	 9.964291896362149e+02 -1.951061090324815e+02  6.950255935370120e+02	 1.437190097446243e-02  5.028950360914072e-03 -9.342950613548359e-03	1.000000000000000e+00	12	0	539
540	4.425981426875168e+02 3.008719785393444e+02 4.649714541098851e+02	9.745049251553914e-03 1.160905793464432e-02 1.864008683090409e-03	1.000000000000000e+00	463	0	540
541	3.112926995431935e+02 4.188547487225404e+02 7.142596674374047e+02	 1.022319427769010e-02  9.587975897981474e-03 -6.352183797086276e-04	1.000000000000000e+00	463	0	541
542	1.739621106181709e+02 5.507662374432484e+02 9.835017450831352e+02	8.709136338438839e-03 9.681681229267269e-03 9.725448908284309e-04	1.000000000000000e+00	463	0	542
543	3.707557278831690e+02 3.514886812303594e+02 5.874305716052480e+02	1.042427946231328e-02 1.072281334199943e-02 2.985338796861467e-04	1.000000000000000e+00	463	0	543
544	2.617040505094119e+02 1.708375670049870e+02 2.308353349305437e+03	-7.104985881596804e-03 -1.019351650029421e-03 -6.085634231567383e-03	1.000000000000000e+00	463	0	544
545	2.188222761090104e+02 3.296020177296965e+01 2.403348940137053e+03	-7.745370268821716e-03 -2.449846360832453e-03 -5.295523907989264e-03	1.000000000000000e+00	463	0	545
546	2.480133872971057e+02 4.900942811929223e+02 8.487785121538742e+02	9.527509275358170e-03 9.639360767323524e-03 1.118514919653536e-04	1.000000000000000e+00	463	0	546
547	4.486479429264036e+02 6.924512489034711e+02 2.383508425847560e+03	6.414745391036073e-04 2.355282854599257e-03 1.713808315495650e-03	1.000000000000000e+00	463	0	547
548	8.227514426346402e+02 8.014385165281783e+02 2.118392193764031e+03	9.985856401423614e-04 5.830988598366578e-03 4.832402958224217e-03	1.000000000000000e+00	463	0	548
549	 2.148830817948312e+02 -9.045930685031827e+01  2.522829254446162e+03	-6.831787604217728e-03 -3.400002062941591e-03 -3.431785541276137e-03	1.000000000000000e+00	463	0	549
551	-9.725593163220386e+02 -5.876177333427213e+01  3.619331908799074e+03	-1.964028439639757e-03  1.054152283662309e-03  9.098761559774479e-04	1.000000000000000e+00	463	0	551
552	-3.042206600366483e+02  4.892820724066290e+02  2.933207852313770e+03	5.050257702047627e-04 1.608113428422560e-03 1.103087658217798e-03	1.000000000000000e+00	463	0	552
553	-8.442856917932809e+02 -1.281183219199722e+02  3.560414832856016e+03	-1.012585688537608e-03  5.951996621054907e-04  4.173860264321168e-04	1.000000000000000e+00	463	0	553
554	1.446731272103897e+02 1.815826157868875e+01 3.525831240112298e+03	 9.818174973285447e-04 -7.297421592132499e-04  2.520753381152948e-04	1.000000000000000e+00	463	0	554
558	 3.350825367542253e+02 -5.443616525827656e+02  2.797289934971304e+03	 1.461560713748137e-02  1.943680519858996e-02 -3.405241233607133e-02	1.000000000000000e+00	463	0	558
562	3.655655661383090e+02 4.292739090945201e+02 2.153778522844802e+03	-4.836425185203552e-03 -4.551340825855731e-04 -4.381291102617979e-03	1.000000000000000e+00	463	0	562
563	-7.234256101919628e+02 -1.365615529443888e+02  3.447997982279115e+03	 2.987643795980451e-04 -4.071875324977252e-04  1.084231528996800e-04	1.000000000000000e+00	463	0	563
564	1.500000000000000e+03 7.538717599180045e+02 2.668867934773397e+03	0.000000000000000e+00 0.000000000000000e+00 0.000000000000000e+00	1.000000000000000e+00	463	-1	350
566	-4.688602106485666e+02  1.500000000000000e+03  1.946465542482458e+03	0.000000000000000e+00 0.000000000000000e+00 0.000000000000000e+00	1.000000000000000e+00	463	-1	538
568	 2.589076331800970e+02 -8.245930581293347e+02 -5.000000000000000e+02	0.000000000000000e+00 0.000000000000000e+00 0.000000000000000e+00	1.000000000000000e+00	453	-1	433
570	 1.655966592879501e+02 -1.500000000000000e+03  1.691114736705701e+03	0.000000000000000e+00 0.000000000000000e+00 0.000000000000000e+00	1.000000000000000e+00	463	-1	427
572	-9.785909075670687e+02 -1.125637181612110e+02  3.722738585399509e+03	-4.638834390789270e-03 -4.575811326503754e-04  4.181253258138895e-03	1.000000000000000e+00	463	0	572
573	-1.790400800991966e+02  5.142144548639848e+02  2.832959654833674e+03	1.097724928210179e-03 2.469660442632934e-03 1.371935514422754e-03	1.000000000000000e+00	463	0	573
574	 2.724478192998591e+02 -4.845880188780666e+02  2.800151018720971e+03	 2.065672725439072e-02  2.510084584355354e-02 -4.575757309794426e-02	1.000000000000000e+00	463	0	574
575	 2.203923687185555e+01 -5.946628886448793e+02  3.160634470915787e+03	-1.161125022917986e-03 -1.938430755399168e-02  2.054543257690966e-02	1.000000000000000e+00	463	0	575
576	1.500000000000000e+03 6.592384996329015e+02 2.574234674488294e+03	0.000000000000000e+00 0.000000000000000e+00 0.000000000000000e+00	1.000000000000000e+00	463	-1	298
577	 2.775637023096111e+02 -1.500000000000000e+03  1.278675893067541e+03	0.000000000000000e+00 0.000000000000000e+00 0.000000000000000e+00	1.000000000000000e+00	19	-1	485
578	 2.009875279683849e+02 -3.345660358502622e+02  2.753040429619660e+03	7.861677634840211e-03 2.323522853354613e-03 5.538154781485598e-03	1.000000000000000e+00	463	0	578
2	 0.000000000000000e+00  7.071067811865475e-01 -7.071067811865475e-01	 5.773502691896257e-01 -5.773502691896257e-01 -5.773502691896257e-01	-7.391622886003375e+02  7.391622886003375e+02  7.391622886003375e+02	1	0	0.000000000000000e+00	0.000000000000000e+00	0.000000000000000e+00
3	-7.071067811865475e-01  0.000000000000000e+00  7.071067811865475e-01	-5.773502691896257e-01  5.773502691896257e-01 -5.773502691896257e-01	 6.288536307352362e+02 -6.288536307352362e+02  6.288536307352362e+02	1	0	0.000000000000000e+00	0.000000000000000e+00	0.000000000000000e+00
4	0.000000000000000e+00 7.071067811865475e-01 7.071067811865475e-01	 5.773502691896257e-01 -5.773502691896257e-01  5.773502691896257e-01	 1.522636602155032e+03 -1.522636602155032e+03  1.522636602155032e+03	1	0	0.000000000000000e+00	0.000000000000000e+00	0.000000000000000e+00
5	 7.071067811865475e-01 -7.071067811865475e-01  0.000000000000000e+00	-5.773502691896257e-01 -5.773502691896257e-01  5.773502691896257e-01	-6.670373969193098e+02 -6.670373969193098e+02  6.670373969193098e+02	1	0	0.000000000000000e+00	0.000000000000000e+00	0.000000000000000e+00
7	-7.071067811865475e-01  7.071067811865475e-01  0.000000000000000e+00	-5.773502691896257e-01 -5.773502691896257e-01  5.773502691896257e-01	-3.955083929436755e+02 -3.955083929436755e+02  3.955083929436755e+02	1	0	0.000000000000000e+00	0.000000000000000e+00	0.000000000000000e+00
8	 0.000000000000000e+00 -7.071067811865475e-01 -7.071067811865475e-01	-5.773502691896257e-01  5.773502691896257e-01 -5.773502691896257e-01	 2.022325394193525e+02 -2.022325394193525e+02  2.022325394193525e+02	1	0	0.000000000000000e+00	0.000000000000000e+00	0.000000000000000e+00
9	-7.071067811865475e-01  0.000000000000000e+00  7.071067811865475e-01	-5.773502691896257e-01  5.773502691896257e-01 -5.773502691896257e-01	 7.132350399568309e+02 -7.132350399568309e+02  7.132350399568309e+02	1	0	0.000000000000000e+00	0.000000000000000e+00	0.000000000000000e+00
10	-7.071067811865475e-01 -7.071067811865475e-01  0.000000000000000e+00	-5.773502691896257e-01  5.773502691896257e-01  5.773502691896257e-01	-6.330962714223555e+02  6.330962714223555e+02  6.330962714223555e+02	1	0	0.000000000000000e+00	0.000000000000000e+00	0.000000000000000e+00
11	-7.071067811865475e-01 -7.071067811865475e-01  0.000000000000000e+00	0.000000000000000e+00 0.000000000000000e+00 0.000000000000000e+00	 2.192031021678289e+02 -4.907321061434643e+02  2.609224022578360e+03	1	1	0.000000000000000e+00	0.000000000000000e+00	0.000000000000000e+00
12	-7.071067811865475e-01 -7.071067811865475e-01  0.000000000000000e+00	-5.773502691896257e-01  5.773502691896257e-01  5.773502691896257e-01	-9.611938178929136e+02  9.611938178929136e+02  9.611938178929136e+02	1	0	0.000000000000000e+00	0.000000000000000e+00	0.000000000000000e+00
13	-7.071067811865475e-01  7.071067811865475e-01  0.000000000000000e+00	 5.773502691896257e-01  5.773502691896257e-01 -5.773502691896257e-01	-1.120999950441073e+03 -1.120999950441073e+03  1.120999950441073e+03	1	0	0.000000000000000e+00	0.000000000000000e+00	0.000000000000000e+00
14	-7.071067811865475e-01  7.071067811865475e-01  0.000000000000000e+00	0.000000000000000e+00 0.000000000000000e+00 0.000000000000000e+00	1.824335495461293e+02 3.747665940288730e+01 3.582910060272236e+03	1	1	0.000000000000000e+00	0.000000000000000e+00	0.000000000000000e+00
15	-7.071067811865475e-01  7.071067811865475e-01  0.000000000000000e+00	-5.773502691896257e-01 -5.773502691896257e-01  5.773502691896257e-01	-3.049987249517975e+02 -3.049987249517975e+02  3.049987249517975e+02	1	0	0.000000000000000e+00	0.000000000000000e+00	0.000000000000000e+00
16	 0.000000000000000e+00 -7.071067811865475e-01  7.071067811865475e-01	5.773502691896257e-01 5.773502691896257e-01 5.773502691896257e-01	1.080459161653044e+03 1.080459161653044e+03 1.080459161653044e+03	1	0	0.000000000000000e+00	0.000000000000000e+00	0.000000000000000e+00
17	 0.000000000000000e+00 -7.071067811865475e-01  7.071067811865475e-01	0.000000000000000e+00 0.000000000000000e+00 0.000000000000000e+00	 9.142890680742061e+02 -6.201326471006022e+02  2.947221063985530e+03	1	1	0.000000000000000e+00	0.000000000000000e+00	0.000000000000000e+00
18	 0.000000000000000e+00 -7.071067811865475e-01  7.071067811865475e-01	5.773502691896257e-01 5.773502691896257e-01 5.773502691896257e-01	8.626702730475879e+02 8.626702730475879e+02 8.626702730475879e+02	1	0	0.000000000000000e+00	0.000000000000000e+00	0.000000000000000e+00
19	 7.071067811865475e-01 -7.071067811865475e-01  0.000000000000000e+00	-5.773502691896257e-01 -5.773502691896257e-01 -5.773502691896257e-01	3.427110866150800e+02 3.427110866150800e+02 3.427110866150800e+02	1	0	0.000000000000000e+00	0.000000000000000e+00	0.000000000000000e+00
20	 7.071067811865475e-01 -7.071067811865475e-01  0.000000000000000e+00	0.000000000000000e+00 0.000000000000000e+00 0.000000000000000e+00	3.577960312803930e+02 7.283199846221450e+01 5.975052301026326e+02	1	1	0.000000000000000e+00	0.000000000000000e+00	0.000000000000000e+00
21	 7.071067811865475e-01 -7.071067811865475e-01  0.000000000000000e+00	-5.773502691896257e-01 -5.773502691896257e-01 -5.773502691896257e-01	6.128258770283411e+02 6.128258770283411e+02 6.128258770283411e+02	1	0	0.000000000000000e+00	0.000000000000000e+00	0.000000000000000e+00
22	-7.071067811865475e-01  0.000000000000000e+00 -7.071067811865475e-01	0.000000000000000e+00 0.000000000000000e+00 0.000000000000000e+00	1.000000000000000e+03 4.153257531310242e+02 4.000000000000000e+03	1	2	0.000000000000000e+00	0.000000000000000e+00	0.000000000000000e+00
23	-7.071067811865475e-01  0.000000000000000e+00 -7.071067811865475e-01	0.000000000000000e+00 0.000000000000000e+00 0.000000000000000e+00	1.000000000000000e+03 1.000000000000000e+03 3.415325753131025e+03	1	2	0.000000000000000e+00	0.000000000000000e+00	0.000000000000000e+00
25	-7.071067811865475e-01  0.000000000000000e+00  7.071067811865475e-01	0.000000000000000e+00 0.000000000000000e+00 0.000000000000000e+00	-1.000000000000000e+03 -1.000000000000000e+03  2.856711395993652e+03	1	2	0.000000000000000e+00	0.000000000000000e+00	0.000000000000000e+00
27	 0.000000000000000e+00  7.071067811865475e-01 -7.071067811865475e-01	0.000000000000000e+00 0.000000000000000e+00 0.000000000000000e+00	1.000000000000000e+03 1.000000000000000e+03 2.217486865801013e+03	1	2	0.000000000000000e+00	0.000000000000000e+00	0.000000000000000e+00
28	 0.000000000000000e+00  7.071067811865475e-01 -7.071067811865475e-01	0.000000000000000e+00 0.000000000000000e+00 0.000000000000000e+00	 1.000000000000000e+03 -7.825131341989875e+02  4.000000000000000e+03	1	2	0.000000000000000e+00	0.000000000000000e+00	0.000000000000000e+00
29	 0.000000000000000e+00  7.071067811865475e-01 -7.071067811865475e-01	0.000000000000000e+00 0.000000000000000e+00 0.000000000000000e+00	 7.825131341989878e+02 -1.000000000000000e+03  4.000000000000000e+03	1	2	0.000000000000000e+00	0.000000000000000e+00	0.000000000000000e+00
30	 0.000000000000000e+00  7.071067811865475e-01 -7.071067811865475e-01	0.000000000000000e+00 0.000000000000000e+00 0.000000000000000e+00	-5.593122300788983e+00 -1.000000000000000e+03  3.211893743500224e+03	1	2	0.000000000000000e+00	0.000000000000000e+00	0.000000000000000e+00
31	-7.071067811865475e-01  0.000000000000000e+00  7.071067811865475e-01	0.000000000000000e+00 0.000000000000000e+00 0.000000000000000e+00	 1.000000000000000e+03 -8.865608922057086e+02  0.000000000000000e+00	1	2	0.000000000000000e+00	0.000000000000000e+00	0.000000000000000e+00
32	-7.071067811865475e-01  0.000000000000000e+00  7.071067811865475e-01	0.000000000000000e+00 0.000000000000000e+00 0.000000000000000e+00	 8.865608922057086e+02 -1.000000000000000e+03  0.000000000000000e+00	1	2	0.000000000000000e+00	0.000000000000000e+00	0.000000000000000e+00
33	-7.071067811865475e-01  0.000000000000000e+00  7.071067811865475e-01	0.000000000000000e+00 0.000000000000000e+00 0.000000000000000e+00	 1.595298782308306e+02 -1.000000000000000e+03  7.270310139748780e+02	1	2	0.000000000000000e+00	0.000000000000000e+00	0.000000000000000e+00
34	0.000000000000000e+00 7.071067811865475e-01 7.071067811865475e-01	0.000000000000000e+00 0.000000000000000e+00 0.000000000000000e+00	-4.320901935349040e+02 -1.000000000000000e+03  4.000000000000000e+03	1	2	0.000000000000000e+00	0.000000000000000e+00	0.000000000000000e+00
35	0.000000000000000e+00 7.071067811865475e-01 7.071067811865475e-01	0.000000000000000e+00 0.000000000000000e+00 0.000000000000000e+00	-3.068249345481005e+01 -1.000000000000000e+03  3.598592299919906e+03	1	2	0.000000000000000e+00	0.000000000000000e+00	0.000000000000000e+00
36	 7.071067811865475e-01 -7.071067811865475e-01  0.000000000000000e+00	0.000000000000000e+00 0.000000000000000e+00 0.000000000000000e+00	-1.000000000000000e+03  1.000000000000000e+03  2.001112190757930e+03	1	2	0.000000000000000e+00	0.000000000000000e+00	0.000000000000000e+00
37	 7.071067811865475e-01 -7.071067811865475e-01  0.000000000000000e+00	0.000000000000000e+00 0.000000000000000e+00 0.000000000000000e+00	-1.000000000000000e+03 -1.000000000000000e+03  1.112190757929056e+00	1	2	0.000000000000000e+00	0.000000000000000e+00	0.000000000000000e+00
39	 7.071067811865475e-01 -7.071067811865475e-01  0.000000000000000e+00	0.000000000000000e+00 0.000000000000000e+00 0.000000000000000e+00	-1.000000000000000e+03  4.343145750507622e+02  0.000000000000000e+00	1	2	0.000000000000000e+00	0.000000000000000e+00	0.000000000000000e+00
41	-7.071067811865475e-01  7.071067811865475e-01  0.000000000000000e+00	0.000000000000000e+00 0.000000000000000e+00 0.000000000000000e+00	1.000000000000000e+03 1.000000000000000e+03 3.186525178831027e+03	1	2	0.000000000000000e+00	0.000000000000000e+00	0.000000000000000e+00
42	-7.071067811865475e-01  7.071067811865475e-01  0.000000000000000e+00	0.000000000000000e+00 0.000000000000000e+00 0.000000000000000e+00	4.768241923898348e+02 1.000000000000000e+03 2.663349371220862e+03	1	2	0.000000000000000e+00	0.000000000000000e+00	0.000000000000000e+00
43	 0.000000000000000e+00 -7.071067811865475e-01 -7.071067811865475e-01	0.000000000000000e+00 0.000000000000000e+00 0.000000000000000e+00	1.000000000000000e+03 1.000000000000000e+03 6.066976182580577e+02	1	2	0.000000000000000e+00	0.000000000000000e+00	0.000000000000000e+00
44	 0.000000000000000e+00 -7.071067811865475e-01 -7.071067811865475e-01	0.000000000000000e+00 0.000000000000000e+00 0.000000000000000e+00	1.000000000000000e+03 3.933023817419428e+02 0.000000000000000e+00	1	2	0.000000000000000e+00	0.000000000000000e+00	0.000000000000000e+00
45	 0.000000000000000e+00 -7.071067811865475e-01 -7.071067811865475e-01	0.000000000000000e+00 0.000000000000000e+00 0.000000000000000e+00	7.189165791436368e+02 1.122189608855789e+02 0.000000000000000e+00	1	2	0.000000000000000e+00	0.000000000000000e+00	0.000000000000000e+00
46	-7.071067811865475e-01  0.000000000000000e+00  7.071067811865475e-01	0.000000000000000e+00 0.000000000000000e+00 0.000000000000000e+00	 1.000000000000000e+03 -1.000000000000000e+03  1.397051198704921e+02	1	2	0.000000000000000e+00	0.000000000000000e+00	0.000000000000000e+00
47	-7.071067811865475e-01  0.000000000000000e+00  7.071067811865475e-01	0.000000000000000e+00 0.000000000000000e+00 0.000000000000000e+00	-1.000000000000000e+03 -1.000000000000000e+03  2.139705119870493e+03	1	2	0.000000000000000e+00	0.000000000000000e+00	0.000000000000000e+00
48	-7.071067811865475e-01  0.000000000000000e+00  7.071067811865475e-01	0.000000000000000e+00 0.000000000000000e+00 0.000000000000000e+00	-1.000000000000000e+03  2.617096055734782e+02  3.401414725443970e+03	1	2	0.000000000000000e+00	0.000000000000000e+00	0.000000000000000e+00
49	-7.071067811865475e-01  7.071067811865475e-01  0.000000000000000e+00	5.773502691896257e-01 5.773502691896257e-01 5.773502691896257e-01	8.626702730475879e+02 8.626702730475879e+02 8.626702730475879e+02	1	0	0.000000000000000e+00	0.000000000000000e+00	0.000000000000000e+00
50	 0.000000000000000e+00 -7.071067811865475e-01 -7.071067811865475e-01	-5.773502691896257e-01 -5.773502691896257e-01  5.773502691896257e-01	-1.120999950441073e+03 -1.120999950441073e+03  1.120999950441073e+03	1	0	0.000000000000000e+00	0.000000000000000e+00	0.000000000000000e+00
53	 7.071067811865475e-01 -7.071067811865475e-01  0.000000000000000e+00	5.773502691896257e-01 5.773502691896257e-01 5.773502691896257e-01	8.626702730475879e+02 8.626702730475879e+02 8.626702730475879e+02	1	0	0.000000000000000e+00	0.000000000000000e+00	0.000000000000000e+00
54	-7.071067811865475e-01  0.000000000000000e+00 -7.071067811865475e-01	-5.773502691896257e-01  5.773502691896257e-01  5.773502691896257e-01	-1.138441917710341e+03  1.138441917710341e+03  1.138441917710341e+03	1	0	0.000000000000000e+00	0.000000000000000e+00	0.000000000000000e+00
55	-7.071067811865475e-01  0.000000000000000e+00 -7.071067811865475e-01	0.000000000000000e+00 0.000000000000000e+00 0.000000000000000e+00	1.000000000000000e+03 1.000000000000000e+03 3.415325753131025e+03	1	2	0.000000000000000e+00	0.000000000000000e+00	0.000000000000000e+00
56	 7.071067811865475e-01 -7.071067811865475e-01  0.000000000000000e+00	-5.773502691896257e-01 -5.773502691896257e-01 -5.773502691896257e-01	-1.885618083164127e+02 -1.885618083164127e+02 -1.885618083164127e+02	1	0	0.000000000000000e+00	0.000000000000000e+00	0.000000000000000e+00
57	 7.071067811865475e-01 -7.071067811865475e-01  0.000000000000000e+00	0.000000000000000e+00 0.000000000000000e+00 0.000000000000000e+00	-1.000000000000000e+03  4.343145750507622e+02  0.000000000000000e+00	1	2	0.000000000000000e+00	0.000000000000000e+00	0.000000000000000e+00
58	-7.071067811865475e-01  0.000000000000000e+00  7.071067811865475e-01	 5.773502691896257e-01 -5.773502691896257e-01  5.773502691896257e-01	 9.522371319978838e+02 -9.522371319978838e+02  9.522371319978838e+02	1	0	0.000000000000000e+00	0.000000000000000e+00	0.000000000000000e+00
59	-7.071067811865475e-01  0.000000000000000e+00  7.071067811865475e-01	0.000000000000000e+00 0.000000000000000e+00 0.000000000000000e+00	-1.000000000000000e+03 -1.000000000000000e+03  2.856711395993652e+03	1	2	0.000000000000000e+00	0.000000000000000e+00	0.000000000000000e+00
60	-7.071067811865475e-01  7.071067811865475e-01  0.000000000000000e+00	0.000000000000000e+00 0.000000000000000e+00 0.000000000000000e+00	1.000000000000000e+03 7.538717599180045e+02 2.668867934773397e+03	1	2	0.000000000000000e+00	0.000000000000000e+00	0.000000000000000e+00
61	 7.071067811865475e-01 -7.071067811865475e-01  0.000000000000000e+00	0.000000000000000e+00 0.000000000000000e+00 0.000000000000000e+00	-1.000000000000000e+03 -1.000000000000000e+03  1.112190757929056e+00	1	2	0.000000000000000e+00	0.000000000000000e+00	0.000000000000000e+00
54	0	1	1
22	1	0	1
22	0	205	-1
54	481	0	0
54	1	2	1
23	2	1	1
22	206	1	-1
23	1	206	-1
23	207	2	-1
55	2	207	-1
54	2	538	1
55	538	2	1
58	4	5	1
25	5	4	1
25	4	209	-1
58	572	4	0
25	210	5	-1
59	5	210	-1
58	5	427	1
59	427	5	1
2	7	8	1
27	8	7	1
27	7	212	-1
2	428	7	0
2	8	9	1
28	9	8	1
27	213	8	-1
28	8	213	-1
2	9	10	1
29	10	9	1
28	214	9	-1
29	9	214	-1
2	10	11	1
30	11	10	1
29	215	10	-1
30	10	215	-1
30	216	11	-1
2	11	429	0
3	12	13	1
31	13	12	1
31	12	217	-1
3	539	12	0
3	13	14	1
32	14	13	1
31	218	13	-1
32	13	218	-1
3	14	15	1
33	15	14	1
32	219	14	-1
33	14	219	-1
33	220	15	-1
3	15	327	0
4	16	17	1
34	17	16	1
34	16	221	-1
4	328	16	0
4	17	18	1
35	18	17	1
34	222	17	-1
35	17	222	-1
35	223	18	-1
4	18	329	0
5	19	20	1
36	20	19	1
36	19	224	-1
5	484	19	0
5	20	21	1
37	21	20	1
36	225	20	-1
37	20	225	-1
37	226	21	-1
61	21	226	-1
5	21	485	1
61	485	21	1
56	23	24	1
39	24	23	1
39	23	228	-1
56	432	23	0
39	229	24	-1
57	24	229	-1
56	24	433	1
57	433	24	1
7	26	27	1
41	27	26	1
41	26	231	-1
7	334	26	0
7	27	28	1
42	28	27	1
41	232	27	-1
42	27	232	-1
42	233	28	-1
7	28	335	0
8	29	30	1
43	30	29	1
43	29	234	-1
8	425	29	0
8	30	31	1
44	31	30	1
43	235	30	-1
44	30	235	-1
8	31	32	1
45	32	31	1
44	236	31	-1
45	31	236	-1
45	237	32	-1
8	32	487	0
9	33	34	1
46	34	33	1
46	33	238	-1
9	436	33	0
9	34	35	1
47	35	34	1
46	239	34	-1
47	34	239	-1
9	35	36	1
48	36	35	1
47	240	35	-1
48	35	240	-1
48	241	36	-1
9	36	437	0
10	37	38	0
11	38	37	0
11	37	40	0
10	340	37	0
11	39	38	0
10	38	341	0
11	40	39	0
12	39	40	0
12	342	39	0
12	40	343	0
10	41	344	0
10	345	41	0
12	42	346	0
12	347	42	0
13	43	44	0
14	44	43	0
14	43	46	0
13	348	43	0
14	45	44	0
13	44	452	0
14	46	45	0
15	45	46	0
15	350	45	0
15	46	351	0
13	47	243	0
13	353	47	0
15	48	354	0
15	355	48	0
16	49	50	0
17	50	49	0
17	49	52	0
16	356	49	0
17	51	50	0
16	50	357	0
17	52	51	0
18	51	52	0
18	358	51	0
18	52	551	0
16	53	360	0
16	361	53	0
18	54	362	0
18	363	54	0
19	55	56	0
20	56	55	0
20	55	58	0
19	364	55	0
20	57	56	0
19	56	365	0
20	58	57	0
21	57	58	0
21	366	57	0
21	58	367	0
19	59	368	0
19	369	59	0
21	60	370	0
21	371	60	0
22	205	206	-1
23	206	207	-1
55	207	566	-1
25	209	210	-1
59	210	570	-1
27	212	213	-1
28	213	214	-1
29	214	215	-1
30	215	216	-1
31	217	218	-1
32	218	219	-1
33	219	220	-1
34	221	222	-1
35	222	223	-1
36	224	225	-1
37	225	226	-1
61	226	577	-1
39	228	229	-1
57	229	568	-1
41	231	232	-1
42	232	233	-1
43	234	235	-1
44	235	236	-1
45	236	237	-1
46	238	239	-1
47	239	240	-1
48	240	241	-1
54	242	488	0
54	489	242	0
58	243	440	0
58	441	243	0
13	243	441	0
2	244	545	0
2	549	244	0
3	245	378	0
3	379	245	0
4	246	380	0
4	381	246	0
5	247	492	0
5	493	247	0
56	248	446	0
56	447	248	0
7	249	386	0
7	387	249	0
8	250	494	0
8	542	250	0
9	251	450	0
9	537	251	0
10	252	392	0
10	393	252	0
10	253	315	0
10	394	253	0
12	254	396	0
12	397	254	0
12	398	255	0
12	255	399	0
13	256	400	0
13	441	256	0
13	402	257	0
13	257	403	0
15	258	404	0
15	405	258	0
15	406	259	0
15	259	407	0
16	260	408	0
16	409	260	0
16	410	261	0
16	261	411	0
18	413	262	0
2	413	262	0
18	262	574	0
2	262	578	0
18	414	263	0
18	263	415	0
19	264	416	0
19	417	264	0
19	418	265	0
19	265	419	0
21	266	420	0
21	421	266	0
21	422	267	0
21	267	423	0
13	268	297	0
54	268	452	0
13	452	268	0
50	452	268	0
54	453	268	0
50	268	554	0
54	496	269	0
54	269	497	0
58	270	414	0
58	499	270	0
58	500	271	0
58	271	501	0
2	272	460	0
2	562	272	0
3	274	326	0
3	378	274	0
3	327	275	0
3	275	379	0
4	276	328	0
4	380	276	0
4	329	277	0
4	277	381	0
5	278	502	0
5	503	278	0
5	504	279	0
5	279	505	0
56	280	468	0
56	469	280	0
56	470	281	0
56	281	471	0
7	282	334	0
7	386	282	0
7	335	283	0
7	283	387	0
8	284	506	0
8	507	284	0
8	540	285	0
8	285	543	0
9	286	476	0
9	547	286	0
9	478	287	0
9	287	479	0
10	288	340	0
10	392	288	0
10	341	289	0
10	289	394	0
12	290	342	0
12	396	290	0
12	343	291	0
12	291	398	0
10	344	292	0
10	292	393	0
10	315	293	0
10	293	345	0
12	346	294	0
12	294	397	0
12	295	347	0
12	399	295	0
13	296	348	0
13	400	296	0
13	297	402	0
15	298	350	1
60	350	298	1
15	404	298	0
60	298	576	-1
15	351	299	0
15	299	406	0
13	301	353	0
13	403	301	0
15	354	302	0
15	302	405	0
15	303	355	0
15	407	303	0
16	304	356	0
16	408	304	0
16	357	305	0
16	305	410	0
18	306	358	0
18	412	306	0
18	359	307	0
58	307	359	0
49	359	307	0
18	307	414	0
58	414	307	0
53	414	307	0
49	307	553	0
53	307	563	0
16	360	308	0
16	308	409	0
16	309	361	0
16	411	309	0
18	310	413	0
18	575	310	0
18	311	363	0
18	415	311	0
19	312	364	0
19	416	312	0
19	365	313	0
19	313	418	0
21	314	366	0
21	420	314	0
21	367	315	0
21	315	422	0
19	368	316	0
19	316	417	0
19	317	369	0
19	419	317	0
21	370	318	0
21	318	421	0
21	319	371	0
21	423	319	0
54	320	508	0
54	509	320	0
54	510	321	0
54	321	511	0
58	514	323	0
58	323	515	0
2	324	428	0
2	460	324	0
2	325	413	0
2	429	325	0
3	326	539	0
5	330	516	0
5	517	330	0
5	518	331	0
5	331	519	0
56	332	432	0
56	468	332	0
56	433	333	0
56	333	470	0
8	336	520	0
8	521	336	0
8	337	474	0
8	522	337	0
9	476	338	0
9	338	548	0
9	437	339	0
9	339	478	0
60	564	350	-1
18	551	359	0
49	553	359	0
58	359	572	0
18	362	575	0
54	523	372	0
54	372	524	0
54	373	439	0
54	526	373	0
58	527	374	0
58	374	528	0
58	375	441	0
58	530	375	0
2	376	461	0
2	544	376	0
2	377	443	0
2	578	377	0
5	531	382	0
5	382	532	0
5	383	533	0
5	534	383	0
56	446	384	0
56	384	469	0
56	385	447	0
56	471	385	0
8	535	388	0
8	388	536	0
8	541	389	0
8	389	546	0
9	450	390	0
9	390	477	0
9	552	391	0
9	391	573	0
18	558	412	0
53	563	414	0
54	424	481	0
54	508	424	0
8	434	425	0
54	425	510	0
54	538	425	0
58	427	514	0
59	570	427	-1
5	430	484	0
5	516	430	0
5	485	431	0
5	431	518	0
57	568	433	-1
8	520	434	0
8	487	435	0
8	435	522	0
9	548	436	0
54	488	438	0
54	438	523	0
54	439	489	0
9	439	537	0
9	573	439	0
58	440	527	0
2	442	544	0
2	545	442	0
2	443	549	0
5	492	444	0
5	444	531	0
5	445	493	0
5	533	445	0
8	494	448	0
8	448	535	0
8	449	542	0
8	546	449	0
54	452	509	0
50	554	452	0
54	524	453	0
54	454	496	0
54	511	454	0
54	497	455	0
54	455	526	0
58	457	499	0
58	528	457	0
58	458	500	0
58	515	458	0
58	501	459	0
58	459	530	0
2	461	562	0
5	502	464	0
5	464	517	0
5	465	503	0
5	532	465	0
5	466	504	0
5	519	466	0
5	505	467	0
5	467	534	0
8	506	472	0
8	472	521	0
8	473	507	0
8	536	473	0
8	474	540	0
8	475	541	0
8	543	475	0
9	477	547	0
9	479	552	0
61	577	485	-1
55	566	538	-1
18	574	558	0
60	576	564	-1
