392
53
498
0	 3.114763617796796e+02 -2.731978850892963e+02  4.000000000000000e+03	-3.765162196941674e-03 -3.765162196941674e-03  5.722092110853789e-19	1.000000000000000e+00	488	1	0
1	1.000000000000000e+03 4.153257531310242e+02 4.000000000000000e+03	0.000000000000000e+00 0.000000000000000e+00 0.000000000000000e+00	1.000000000000000e+00	488	1	1
2	1.000000000000000e+03 1.000000000000000e+03 3.415325753131025e+03	0.000000000000000e+00 0.000000000000000e+00 0.000000000000000e+00	1.000000000000000e+00	488	1	2
4	-1.000000000000000e+03 -8.674800457181641e+01  3.769963391421836e+03	 3.597642463982821e-18 -7.561542501207440e-03 -7.561542501207442e-03	1.000000000000000e+00	488	1	4
5	-1.000000000000000e+03 -1.000000000000000e+03  2.856711395993652e+03	0.000000000000000e+00 0.000000000000000e+00 0.000000000000000e+00	1.000000000000000e+00	488	1	5
7	5.814834550194452e+02 1.000000000000000e+03 1.798970320820458e+03	 4.907226422801614e-03 -4.339006026284371e-19  4.907226422801614e-03	1.000000000000000e+00	488	1	7
8	1.000000000000000e+03 1.000000000000000e+03 2.217486865801013e+03	0.000000000000000e+00 0.000000000000000e+00 0.000000000000000e+00	1.000000000000000e+00	488	1	8
9	 1.000000000000000e+03 -7.825131341989875e+02  4.000000000000000e+03	0.000000000000000e+00 0.000000000000000e+00 0.000000000000000e+00	1.000000000000000e+00	488	1	9
10	 7.825131341989878e+02 -1.000000000000000e+03  4.000000000000000e+03	0.000000000000000e+00 0.000000000000000e+00 0.000000000000000e+00	1.000000000000000e+00	488	1	10
11	-5.934577703559823e+00 -1.000000000000000e+03  3.211552288097453e+03	 2.600677544251084e-05 -2.454969092013926e-06  2.846174538717605e-05	7.500000000000000e-01	488	1	11
13	 1.000000000000000e+03 -8.865608922057086e+02  0.000000000000000e+00	0.000000000000000e+00 0.000000000000000e+00 0.000000000000000e+00	1.000000000000000e+00	487	1	13
14	 8.865608922057086e+02 -1.000000000000000e+03  0.000000000000000e+00	0.000000000000000e+00 0.000000000000000e+00 0.000000000000000e+00	1.000000000000000e+00	487	1	14
15	 1.630692916151614e+02 -1.000000000000000e+03  7.234916005905471e+02	 1.005565561354160e-02  3.314218936928717e-18 -1.005565561354160e-02	1.000000000000000e+00	487	1	15
16	 3.702521525474411e+02 -1.976576539176548e+02  4.000000000000000e+03	-3.468008944764733e-03 -3.468008944764733e-03 -5.868462303589792e-18	1.000000000000000e+00	16	1	16
17	-4.320901935349040e+02 -1.000000000000000e+03  4.000000000000000e+03	0.000000000000000e+00 0.000000000000000e+00 0.000000000000000e+00	1.000000000000000e+00	16	1	17
18	-2.935204266063135e+01 -1.000000000000000e+03  3.597261849125727e+03	 4.040216677822173e-03  9.113958299525340e-20 -4.040216677822173e-03	1.000000000000000e+00	16	1	18
19	6.299027166206719e+02 1.000000000000000e+03 3.631014907378601e+03	-4.132379734073766e-03 -1.819142007016325e-18 -4.132379734073766e-03	1.000000000000000e+00	19	1	19
20	-1.000000000000000e+03  1.000000000000000e+03  2.001112190757930e+03	0.000000000000000e+00 0.000000000000000e+00 0.000000000000000e+00	1.000000000000000e+00	19	1	20
21	-1.000000000000000e+03 -1.000000000000000e+03  1.112190757929056e+00	0.000000000000000e+00 0.000000000000000e+00 0.000000000000000e+00	1.000000000000000e+00	19	1	21
23	-1.000000000000000e+03 -3.537392041089010e+02  7.880537791596632e+02	 1.979504555838311e-19  2.656031399965286e-03 -2.656031399965286e-03	1.000000000000000e+00	453	1	23
24	-1.000000000000000e+03  4.343145750507622e+02  0.000000000000000e+00	0.000000000000000e+00 0.000000000000000e+00 0.000000000000000e+00	1.000000000000000e+00	453	1	24
26	1.000000000000000e+03 3.320990999436240e+02 2.518624278774651e+03	-3.929543263729427e-18  1.138767646625638e-02  1.138767646625638e-02	1.000000000000000e+00	26	1	26
27	1.000000000000000e+03 1.000000000000000e+03 3.186525178831027e+03	0.000000000000000e+00 0.000000000000000e+00 0.000000000000000e+00	1.000000000000000e+00	26	1	27
28	4.807136403511725e+02 1.000000000000000e+03 2.667238819182200e+03	 1.139795221388340e-02 -1.460661859484990e-18  1.139795221388340e-02	1.000000000000000e+00	26	1	28
29	-4.277656818248625e+02  1.000000000000000e+03  2.034463300082921e+03	 3.974583465605975e-03 -5.262891218545037e-18 -3.974583465605975e-03	1.000000000000000e+00	488	1	29
30	1.000000000000000e+03 1.000000000000000e+03 6.066976182580577e+02	0.000000000000000e+00 0.000000000000000e+00 0.000000000000000e+00	1.000000000000000e+00	488	1	30
31	1.000000000000000e+03 3.933023817419428e+02 0.000000000000000e+00	0.000000000000000e+00 0.000000000000000e+00 0.000000000000000e+00	1.000000000000000e+00	488	1	31
32	7.229137212361452e+02 1.162161029780873e+02 0.000000000000000e+00	8.775199297815561e-03 8.775199297815561e-03 5.051448142388261e-19	1.000000000000000e+00	488	1	32
33	1.000000000000000e+03 8.630230493837721e+02 2.002728169254265e+03	-8.141756939723775e-19  8.027648087590933e-03  8.027648087590933e-03	1.000000000000000e+00	488	1	33
34	 1.000000000000000e+03 -1.000000000000000e+03  1.397051198704921e+02	0.000000000000000e+00 0.000000000000000e+00 0.000000000000000e+00	1.000000000000000e+00	488	1	34
35	-1.000000000000000e+03 -1.000000000000000e+03  2.139705119870493e+03	0.000000000000000e+00 0.000000000000000e+00 0.000000000000000e+00	1.000000000000000e+00	488	1	35
36	-1.000000000000000e+03  2.597595938380810e+02  3.399464713708573e+03	 2.567033430312113e-19 -6.419483572244644e-03 -6.419483572244644e-03	1.000000000000000e+00	488	1	36
37	-5.395224740453357e+02  2.679934700697016e+02  1.091772870152029e+03	0.000000000000000e+00 0.000000000000000e+00 0.000000000000000e+00	1.000000000000000e+00	55	0	37
38	 2.192031021678289e+02 -4.907321061434643e+02  2.609224022578360e+03	0.000000000000000e+00 0.000000000000000e+00 0.000000000000000e+00	1.000000000000000e+00	55	0	38
39	-1.088944443027285e+02 -1.626345596729055e+02  2.937321569048918e+03	0.000000000000000e+00 0.000000000000000e+00 0.000000000000000e+00	1.000000000000000e+00	55	0	39
40	-8.676200205158938e+02  5.960910165402597e+02  1.419870416622587e+03	0.000000000000000e+00 0.000000000000000e+00 0.000000000000000e+00	1.000000000000000e+00	55	0	40
41	-1.415055309827826e+02 -9.572277211292419e+01  1.853506055397208e+03	5.920426473797609e-03 5.206863376467179e-03 7.135630973304312e-04	1.000000000000000e+00	55	0	41
42	-5.026108712665387e+02  2.012673050605763e+02  2.179703277351626e+03	-4.743401465627055e-03 -5.368100906101366e-03  6.246994404743115e-04	1.000000000000000e+00	55	0	42
43	-6.102331521639902e+02 -7.551900423072325e+02  1.997576656851997e+03	0.000000000000000e+00 0.000000000000000e+00 0.000000000000000e+00	1.000000000000000e+00	488	0	43
44	1.824335495461293e+02 3.747665940288732e+01 3.582910060272236e+03	0.000000000000000e+00 0.000000000000000e+00 0.000000000000000e+00	1.000000000000000e+00	488	0	44
45	9.984347750354048e+02 8.534778848921626e+02 2.766908834782960e+03	0.000000000000000e+00 0.000000000000000e+00 0.000000000000000e+00	1.000000000000000e+00	488	0	45
46	2.057680733252850e+02 6.081118318204351e+01 1.181575431362721e+03	0.000000000000000e+00 0.000000000000000e+00 0.000000000000000e+00	1.000000000000000e+00	488	0	46
47	-2.036111098150846e+02 -3.363862399054669e+02  2.823002501602668e+03	-1.375780720263720e-02  2.355889603495598e-02  9.801088832318783e-03	1.000000000000000e+00	488	0	47
48	6.737680620623692e+02 3.854973372923295e+02 1.974261574210091e+03	 1.372722251107916e-02 -1.454223698237911e-02 -8.150144712999455e-04	1.000000000000000e+00	488	0	48
49	-7.756961389616431e+02  2.248599564173224e+02  3.792213667503454e+03	0.000000000000000e+00 0.000000000000000e+00 0.000000000000000e+00	1.000000000000000e+00	488	0	49
50	 9.142890680742061e+02 -6.201326471006022e+02  2.947221063985530e+03	0.000000000000000e+00 0.000000000000000e+00 0.000000000000000e+00	1.000000000000000e+00	488	0	50
51	 6.965001794687494e+02 -8.379215357060586e+02  2.729432175380073e+03	0.000000000000000e+00 0.000000000000000e+00 0.000000000000000e+00	1.000000000000000e+00	488	0	51
52	-9.934850275670996e+02  7.071067811865933e+00  3.574424778897997e+03	0.000000000000000e+00 0.000000000000000e+00 0.000000000000000e+00	1.000000000000000e+00	488	0	52
53	 6.842528645674497e+01 -2.072556354442427e+02  3.380207833946631e+03	-2.381655406982948e-04 -9.175070493559663e-04  1.155672590054261e-03	1.000000000000000e+00	488	0	53
54	-1.487910322569422e+02 -5.107391141909553e+02  3.247540965590661e+03	-6.375753243143356e-04 -1.368043185599769e-02  1.431800718031203e-02	1.000000000000000e+00	488	0	54
55	-3.705239533417505e+02 -6.554879861599293e+02  2.054145199346920e+03	0.000000000000000e+00 0.000000000000000e+00 0.000000000000000e+00	1.000000000000000e+00	55	0	55
56	3.577960312803930e+02 7.283199846221450e+01 5.975052301026326e+02	0.000000000000000e+00 0.000000000000000e+00 0.000000000000000e+00	1.000000000000000e+00	55	0	56
57	6.279108216936542e+02 3.429467888754754e+02 8.676200205158938e+02	0.000000000000000e+00 0.000000000000000e+00 0.000000000000000e+00	1.000000000000000e+00	55	0	57
58	-1.004091629284902e+02 -3.853731957466687e+02  2.324259989760182e+03	0.000000000000000e+00 0.000000000000000e+00 0.000000000000000e+00	1.000000000000000e+00	55	0	58
59	 1.299056294456944e+02 -3.814125145379080e+02  1.279640144937454e+03	 2.552068823327621e-02 -1.435684474805991e-02 -1.116384348521630e-02	1.000000000000000e+00	55	0	59
60	 2.437649719713703e+02 -6.959947105712507e-01  1.595408653824224e+03	-1.837984382291324e-03  2.046388384769671e-03 -2.084040024783462e-04	1.000000000000000e+00	55	0	60
205	 3.114763617796796e+02 -2.731978850892963e+02  4.500000000000000e+03	0.000000000000000e+00 0.000000000000000e+00 0.000000000000000e+00	1.000000000000000e+00	488	-1	0
206	1.353553390593274e+03 4.153257531310242e+02 4.353553390593273e+03	0.000000000000000e+00 0.000000000000000e+00 0.000000000000000e+00	1.000000000000000e+00	488	-1	1
207	1.353553390593274e+03 1.353553390593274e+03 3.415325753131025e+03	0.000000000000000e+00 0.000000000000000e+00 0.000000000000000e+00	1.000000000000000e+00	488	-1	2
209	-1.500000000000000e+03 -8.674800457181641e+01  3.769963391421836e+03	0.000000000000000e+00 0.000000000000000e+00 0.000000000000000e+00	1.000000000000000e+00	488	-1	4
210	-1.353553390593274e+03 -1.353553390593274e+03  2.856711395993652e+03	0.000000000000000e+00 0.000000000000000e+00 0.000000000000000e+00	1.000000000000000e+00	488	-1	5
212	5.814834550194452e+02 1.500000000000000e+03 1.798970320820458e+03	0.000000000000000e+00 0.000000000000000e+00 0.000000000000000e+00	1.000000000000000e+00	488	-1	7
213	1.353553390593274e+03 1.353553390593274e+03 2.217486865801013e+03	0.000000000000000e+00 0.000000000000000e+00 0.000000000000000e+00	1.000000000000000e+00	488	-1	8
214	 1.353553390593274e+03 -7.825131341989875e+02  4.353553390593273e+03	0.000000000000000e+00 0.000000000000000e+00 0.000000000000000e+00	1.000000000000000e+00	488	-1	9
215	 7.825131341989878e+02 -1.353553390593274e+03  4.353553390593273e+03	0.000000000000000e+00 0.000000000000000e+00 0.000000000000000e+00	1.000000000000000e+00	488	-1	10
216	-5.934577703559825e+00 -1.500000000000000e+03  3.211552288097453e+03	0.000000000000000e+00 0.000000000000000e+00 0.000000000000000e+00	1.000000000000000e+00	488	-1	11
218	 1.353553390593274e+03 -8.865608922057086e+02 -3.535533905932737e+02	0.000000000000000e+00 0.000000000000000e+00 0.000000000000000e+00	1.000000000000000e+00	487	-1	13
219	 8.865608922057086e+02 -1.353553390593274e+03 -3.535533905932737e+02	0.000000000000000e+00 0.000000000000000e+00 0.000000000000000e+00	1.000000000000000e+00	487	-1	14
220	 1.630692916151614e+02 -1.500000000000000e+03  7.234916005905471e+02	0.000000000000000e+00 0.000000000000000e+00 0.000000000000000e+00	1.000000000000000e+00	487	-1	15
221	 3.702521525474411e+02 -1.976576539176548e+02  4.500000000000000e+03	0.000000000000000e+00 0.000000000000000e+00 0.000000000000000e+00	1.000000000000000e+00	16	-1	16
222	-4.320901935349040e+02 -1.353553390593274e+03  4.353553390593273e+03	0.000000000000000e+00 0.000000000000000e+00 0.000000000000000e+00	1.000000000000000e+00	16	-1	17
223	-2.935204266063135e+01 -1.500000000000000e+03  3.597261849125727e+03	0.000000000000000e+00 0.000000000000000e+00 0.000000000000000e+00	1.000000000000000e+00	16	-1	18
224	6.299027166206719e+02 1.500000000000000e+03 3.631014907378601e+03	0.000000000000000e+00 0.000000000000000e+00 0.000000000000000e+00	1.000000000000000e+00	19	-1	19
225	-1.353553390593274e+03  1.353553390593274e+03  2.001112190757930e+03	0.000000000000000e+00 0.000000000000000e+00 0.000000000000000e+00	1.000000000000000e+00	19	-1	20
226	-1.353553390593274e+03 -1.353553390593274e+03  1.112190757929058e+00	0.000000000000000e+00 0.000000000000000e+00 0.000000000000000e+00	1.000000000000000e+00	19	-1	21
228	-1.500000000000000e+03 -3.537392041089010e+02  7.880537791596632e+02	0.000000000000000e+00 0.000000000000000e+00 0.000000000000000e+00	1.000000000000000e+00	453	-1	23
229	-1.353553390593274e+03  4.343145750507622e+02 -3.535533905932737e+02	0.000000000000000e+00 0.000000000000000e+00 0.000000000000000e+00	1.000000000000000e+00	453	-1	24
231	1.500000000000000e+03 3.320990999436240e+02 2.518624278774651e+03	0.000000000000000e+00 0.000000000000000e+00 0.000000000000000e+00	1.000000000000000e+00	26	-1	26
232	1.353553390593274e+03 1.353553390593274e+03 3.186525178831027e+03	0.000000000000000e+00 0.000000000000000e+00 0.000000000000000e+00	1.000000000000000e+00	26	-1	27
233	4.807136403511725e+02 1.500000000000000e+03 2.667238819182200e+03	0.000000000000000e+00 0.000000000000000e+00 0.000000000000000e+00	1.000000000000000e+00	26	-1	28
234	-4.277656818248625e+02  1.500000000000000e+03  2.034463300082921e+03	0.000000000000000e+00 0.000000000000000e+00 0.000000000000000e+00	1.000000000000000e+00	488	-1	29
235	1.353553390593274e+03 1.353553390593274e+03 6.066976182580577e+02	0.000000000000000e+00 0.000000000000000e+00 0.000000000000000e+00	1.000000000000000e+00	488	-1	30
236	 1.353553390593274e+03  3.933023817419428e+02 -3.535533905932737e+02	0.000000000000000e+00 0.000000000000000e+00 0.000000000000000e+00	1.000000000000000e+00	488	-1	31
237	 7.229137212361452e+02  1.162161029780873e+02 -5.000000000000000e+02	0.000000000000000e+00 0.000000000000000e+00 0.000000000000000e+00	1.000000000000000e+00	488	-1	32
238	1.500000000000000e+03 8.630230493837721e+02 2.002728169254265e+03	0.000000000000000e+00 0.000000000000000e+00 0.000000000000000e+00	1.000000000000000e+00	488	-1	33
239	 1.353553390593274e+03 -1.353553390593274e+03  1.397051198704921e+02	0.000000000000000e+00 0.000000000000000e+00 0.000000000000000e+00	1.000000000000000e+00	488	-1	34
240	-1.353553390593274e+03 -1.353553390593274e+03  2.139705119870493e+03	0.000000000000000e+00 0.000000000000000e+00 0.000000000000000e+00	1.000000000000000e+00	488	-1	35
241	-1.500000000000000e+03  2.597595938380810e+02  3.399464713708573e+03	0.000000000000000e+00 0.000000000000000e+00 0.000000000000000e+00	1.000000000000000e+00	488	-1	36
242	-5.443440930900215e+01  4.153293495713110e+02  2.945561994250711e+03	1.035612057118366e-03 7.352300065880021e-04 3.003820505303641e-04	1.000000000000000e+00	488	0	242
243	-2.531442276647838e+02 -3.433357833887505e+02  2.766519840269685e+03	-1.802293421254053e-18  1.857902994379401e-02  1.857902994379402e-02	1.000000000000000e+00	488	0	243
244	 2.125726584253559e+02 -3.372579105888386e+01  2.463785315285252e+03	-8.146511313195029e-03 -3.811486841489871e-03 -4.335024471705159e-03	1.000000000000000e+00	488	0	244
245	 5.873180867740126e+02 -6.033433530445903e+02  6.958994523871056e+02	 5.746576624612014e-03 -5.859605191896359e-03 -1.160618181650837e-02	1.000000000000000e+00	487	0	245
246	 1.113376778632020e+02 -5.930738255853939e+02  3.863498303016500e+03	-1.713088713586330e-02 -3.397755324840545e-03  1.373313181102276e-02	1.000000000000000e+00	16	0	246
247	3.796087765281674e+02 3.065041453710222e+01 2.411371381823199e+03	-5.300934377980107e-03  4.947585102248317e-03 -3.533492757317923e-04	1.000000000000000e+00	19	0	247
248	-3.269162660770590e+02 -6.158414207362335e+02  3.770722618640546e+02	-1.197989176337917e-03  6.637051274689536e-03 -5.439062098351617e-03	1.000000000000000e+00	453	0	248
249	7.456085456633270e+02 6.537074313071563e+02 2.585841155801510e+03	1.094459571565191e-02 4.556913549701373e-03 1.550150926535328e-02	1.000000000000000e+00	26	0	249
250	1.380082456466700e+02 5.811482844393557e+02 1.049837657050743e+03	9.063963894732296e-03 1.030665810685605e-02 1.242694212123752e-03	1.000000000000000e+00	488	0	250
251	2.840139814355846e+00 5.551996297644317e+02 2.692064609820568e+03	4.429473386456569e-04 2.186910462720940e-03 1.743963124075284e-03	1.000000000000000e+00	488	0	251
252	-3.039043851750708e+02  1.273207292971977e+02  1.468063699794798e+03	 7.042568681451182e-03  7.697483020213743e-03 -6.549143387625614e-04	1.000000000000000e+00	55	0	252
253	 1.608562696398963e+01 -3.164596465899922e+02  2.231834087821048e+03	-1.065307429598761e-03 -1.112976764488849e-03  4.766933489008804e-05	7.500000000000000e-01	55	0	253
254	-2.740932068269045e+02  5.364227548574339e+01  2.555845971366093e+03	 4.077204076262812e-03  4.896277057317396e-03 -8.190729810545841e-04	1.000000000000000e+00	55	0	254
255	-7.216017493881433e+02  3.611855409059823e+02  1.800794163384615e+03	-1.135915341243769e-02 -1.212998935564732e-02  7.708359432096283e-04	1.000000000000000e+00	55	0	255
256	-2.896827518254351e+02 -6.896056570186635e+02  2.383711442479121e+03	 1.709361191994200e-02 -1.535696253025283e-02  1.736649389689168e-03	1.000000000000000e+00	488	0	256
257	-4.669943696745278e+01 -1.286805309963092e+02  3.187619883359458e+03	-3.584751830203459e-03  3.187131864251569e-03 -3.976199659518898e-04	1.000000000000000e+00	488	0	257
258	9.122591430089350e+02 5.445737695561891e+02 2.371829087420517e+03	 2.989370352588594e-02 -3.286675759591162e-02 -2.973054070025682e-03	1.000000000000000e+00	488	0	258
259	4.297783539158156e+02 2.295715138458190e+02 1.574346042617027e+03	 2.193801337853074e-03 -3.025610698387027e-03 -8.318093605339527e-04	1.000000000000000e+00	488	0	259
260	-3.518570011144338e+02  6.344736421509835e+01  3.529787121858469e+03	 4.404178471304475e-04  8.611919329268858e-03 -9.052337176399305e-03	1.000000000000000e+00	488	0	260
261	 4.882158596613004e+02 -4.402821496455280e+02  3.193443774943361e+03	-8.420095546171067e-04 -4.900618048850447e-03  5.742627603467554e-03	1.000000000000000e+00	488	0	261
262	 1.852619766708759e+02 -3.824913690140207e+02  2.785240211485909e+03	-9.151809049964520e-18  5.594503320753574e-02 -5.594503320753576e-02	1.000000000000000e+00	488	0	262
263	-5.484414874681603e+02 -2.205182969648422e+02  3.356970603575766e+03	 1.165171060711145e-02  7.575285620987415e-03 -1.922699622809887e-02	1.000000000000000e+00	488	0	263
264	 3.923937820899678e+01 -7.095630228570907e+02  1.698456904493334e+03	 9.744974629332622e-03 -4.431692107270162e-03 -5.313282522062461e-03	1.000000000000000e+00	55	0	264
265	 2.020180525392051e+02 -1.356982828638752e+02  9.618134901699102e+02	 9.078311753304055e-03 -8.490852060882995e-03 -5.874596924210586e-04	1.000000000000000e+00	55	0	265
266	4.464891668346323e+02 1.616091136019906e+02 1.230379350648400e+03	 7.432229370654871e-04 -5.938461496649931e-04 -1.493767874004940e-04	1.000000000000000e+00	55	0	266
267	 3.929171050490866e+01 -1.583133492183196e+02  1.957499269798434e+03	-6.136299130351593e-03  6.610691062329958e-03 -4.743919319783649e-04	1.000000000000000e+00	55	0	267
268	3.087179766010867e+01 2.616295090390249e+01 3.420034599887230e+03	-1.338306767866015e-02  4.334244169042885e-18 -1.338306767866016e-02	1.000000000000000e+00	488	0	268
269	-2.797363957564765e+02  7.205004833731858e+02  2.415088874001362e+03	8.610019499125579e-03 7.136897610810895e-03 1.473121888314684e-03	1.000000000000000e+00	488	0	269
270	-5.618352778884371e+02 -1.619220605973326e+02  3.256624613284756e+03	7.684747222810984e-03 9.596599265933037e-03 1.911852043122053e-03	1.000000000000000e+00	488	0	270
271	-7.378320729864278e+01 -8.070442074213277e+02  2.123450395870967e+03	-1.013224292546511e-02 -9.068321436643600e-03  1.063921488821507e-03	1.000000000000000e+00	488	0	271
272	3.919852792912419e+02 4.941030206579928e+02 2.115369124434262e+03	-4.408782833100607e-03 -4.336382650459806e-04 -3.975144568054627e-03	1.000000000000000e+00	488	0	272
274	 8.060035991700017e+02 -3.897013398784805e+02  6.908559531572263e+02	 7.205820642411710e-03 -8.300453424453735e-03 -1.550627406686544e-02	1.000000000000000e+00	487	0	274
275	 3.679581628004329e+02 -8.199751310030986e+02  6.986275984021770e+02	 4.783608329792817e-03 -5.339652144660552e-03 -1.012326047445337e-02	1.000000000000000e+00	487	0	275
276	 2.084226803466046e+02 -3.594871261184913e+02  4.000000000000000e+03	-7.365077733993529e-03 -7.365077733993531e-03 -1.232166886799739e-17	1.000000000000000e+00	16	1	276
277	 4.807974960175943e+01 -7.966919192650549e+02  3.723138137598282e+03	-5.594033709106346e-03 -1.232880090052883e-03  4.361153619053463e-03	1.000000000000000e+00	16	0	277
278	5.412888038804515e+02 4.954835711039366e+02 3.037884565742318e+03	-2.066753533047935e-03  1.313846247891585e-03 -7.529072851563493e-04	1.000000000000000e+00	19	0	278
279	 2.960954482201686e+02 -4.971475013272493e+02  1.800060137650849e+03	-1.766097586369142e-03  8.538613910786808e-04 -9.122361952904612e-04	7.500000000000000e-01	19	0	279
280	-6.616361799058873e+02 -4.874678476894204e+02  5.834186026460696e+02	-4.929330122346680e-04  4.256772246056546e-03 -3.763839233821879e-03	1.000000000000000e+00	453	0	280
281	 2.460299022688250e+00 -7.194253962736556e+02  1.512796723017294e+02	-2.676748360196750e-03  1.137209388737877e-02 -8.695345527182022e-03	1.000000000000000e+00	453	0	281
282	8.865330955673318e+02 4.805556469765523e+02 2.553613921374911e+03	1.082876790314913e-02 6.014437414705752e-03 1.684320531785488e-02	1.000000000000000e+00	26	0	282
283	6.126779947442225e+02 8.323952259840800e+02 2.631598399559329e+03	1.162484909097354e-02 4.609441074232260e-03 1.623429016520580e-02	1.000000000000000e+00	26	0	283
284	-1.490823147184392e+02  8.105158276801536e+02  1.566295760656651e+03	 1.379858888685703e-02  1.356970611959696e-02 -2.288827672600744e-04	1.000000000000000e+00	488	0	284
285	4.080436174189156e+02 3.287854323664392e+02 5.274394332055813e+02	1.071780927789708e-02 1.208761047261457e-02 1.369801194717487e-03	1.000000000000000e+00	488	0	285
286	5.123900339635135e+02 7.100256124723111e+02 2.337340698379290e+03	1.047469442710280e-03 3.793801646679640e-03 2.746332203969359e-03	1.000000000000000e+00	488	0	286
287	-4.930184010744564e+02  4.408229675591568e+02  3.073546488504106e+03	 7.067282012940268e-06 -3.511562113089894e-06 -1.057884446709068e-05	7.500000000000000e-01	488	0	287
288	-4.213723176537604e+02  1.990141230848638e+02  1.278902373528442e+03	 5.391364936561634e-03  6.341461538492392e-03 -9.500966019307573e-04	1.000000000000000e+00	55	0	288
289	 1.306717213184013e+02 -3.897449285791375e+02  2.419705464164605e+03	-1.260141017458712e-03 -1.574075092018272e-03  3.139340745595594e-04	1.000000000000000e+00	55	0	289
290	-1.547283028862910e+02 -1.753893017722547e+01  2.746392080969675e+03	 8.356762847445983e-03  8.412193709470253e-03 -5.543086202427145e-05	1.000000000000000e+00	55	0	290
291	-8.209073002712545e+02  4.531499534947826e+02  1.609524199912704e+03	-1.175612589577213e-02 -1.101079111685976e-02 -7.453347789123657e-04	1.000000000000000e+00	55	0	291
292	-2.101172386750351e+02  2.376231362404094e+01  1.665409261967990e+03	6.925627220577250e-03 6.010584436201801e-03 9.150427843754491e-04	1.000000000000000e+00	55	0	292
293	-5.256578211368351e+01 -1.982869766580698e+02  2.045010008811453e+03	4.274750128388405e-03 2.459827344864607e-03 1.814922783523798e-03	1.000000000000000e+00	55	0	293
294	-3.900334762745151e+02  1.252750739795908e+02  2.368272903424635e+03	-4.964718197394783e-04 -5.656748010854548e-04  6.920298134597637e-05	1.000000000000000e+00	55	0	294
295	-6.137701817320603e+02  2.790747067174023e+02  1.990736565229278e+03	-8.497046229119102e-03 -9.457534256701669e-03  9.604880275825658e-04	1.000000000000000e+00	55	0	295
296	-4.191941117786299e+02 -7.622815629858815e+02  2.181524176558708e+03	 6.736619320387642e-03 -9.451661336546143e-03 -2.715042016158501e-03	1.000000000000000e+00	488	0	296
297	 3.768300502142296e+01 -2.919621402357310e+01  3.371486642321070e+03	-1.283739798236638e-02  1.093982055317611e-02 -1.897577429190278e-03	1.000000000000000e+00	488	0	297
298	1.000000000000000e+03 6.569438165083583e+02 2.571939991363751e+03	-3.099492666521781e-18 -5.583100137300788e-03 -5.583100137300791e-03	1.000000000000000e+00	488	1	298
299	2.734898307127240e+02 1.915013560349278e+02 1.379987361603044e+03	-7.244339697839071e-04  2.751567323381702e-04 -4.492772374457369e-04	1.000000000000000e+00	488	0	299
301	-9.316843247640044e+01 -2.801851177853644e+02  2.989646301061455e+03	-9.220604707176486e-03  6.586914959674080e-03 -2.633689747502407e-03	1.000000000000000e+00	488	0	301
302	7.828590048264622e+02 4.658704647892448e+02 2.163725644471100e+03	 1.820978661999106e-02 -2.147294813767076e-02 -3.263161517679690e-03	1.000000000000000e+00	488	0	302
303	5.619089853845971e+02 2.959227499513696e+02 1.772827910191359e+03	 7.323318083460132e-03 -8.388890031104287e-03 -1.065571947644154e-03	1.000000000000000e+00	488	0	303
304	-5.665483646592221e+02  1.690104075678924e+02  3.638915442050463e+03	-8.000862241412198e-04  8.338036035032323e-03 -7.537949810891101e-03	1.000000000000000e+00	488	0	304
305	 7.028206707741858e+02 -5.645446095765001e+02  3.103101423761448e+03	 2.223184177031122e-04 -7.289439478578666e-03  7.067121060875555e-03	1.000000000000000e+00	488	0	305
306	 5.000495985204168e+02 -6.726271283855473e+02  2.760588349007894e+03	 5.789840593934059e-03  1.199734956026077e-02 -1.778719015419483e-02	1.000000000000000e+00	488	0	306
307	-7.642411600198521e+02 -1.343502884254438e+02  3.486602267588060e+03	-2.020745887421073e-04 -8.996619301510045e-20  2.020745887421070e-04	1.000000000000000e+00	488	0	307
308	-1.390750634587559e+02 -5.965381631788022e+01  3.440106364735770e+03	 1.188354799523950e-03  5.628622253425419e-03 -6.816977052949369e-03	1.000000000000000e+00	488	0	308
309	 2.805748021661229e+02 -3.161468306531582e+02  3.276949513446169e+03	-1.345591347975036e-04 -2.772664408742761e-03  2.907223543540264e-03	1.000000000000000e+00	488	0	309
310	 9.223577190918620e+01 -6.438721272045428e+02  3.139647174438120e+03	-6.179517445464929e-03 -2.721928603326281e-02  3.339880347872774e-02	1.000000000000000e+00	488	0	310
311	-3.634636864449058e+02 -3.842125210356264e+02  3.335687026623296e+03	-6.790203042328357e-04 -2.912040101364255e-03  3.591060405597091e-03	1.000000000000000e+00	488	0	311
312	-1.517278793220392e+02 -7.530182059478386e+02  1.932879345115118e+03	 1.161410038669904e-02 -2.827753654370705e-02  1.666343615700801e-02	1.000000000000000e+00	55	0	312
313	 2.931097972661938e+02 -4.485885727609893e+01  7.798823198551453e+02	 2.675923326023621e-03 -2.624846954859095e-03 -5.107637116452684e-05	1.000000000000000e+00	55	0	313
314	5.248758733698969e+02 2.640851610382519e+02 1.049516596676875e+03	 2.508055092107497e-04 -2.519254360890955e-04  1.119926878345718e-06	7.500000000000000e-01	55	0	314
315	-3.040559159102146e+01 -2.598865292252200e+02  2.128769751901265e+03	 1.086350250400180e-19  1.886653619294520e-03 -1.886653619294521e-03	1.000000000000000e+00	55	0	315
316	 1.080037074981011e+02 -5.400061589957276e+02  1.460135711342866e+03	 2.600658126175404e-02 -1.670986786484718e-02 -9.296713396906853e-03	1.000000000000000e+00	55	0	316
317	 1.443634842341927e+02 -2.467780111668592e+02  1.130547786777907e+03	 2.178349920238058e-02 -1.434062126403053e-02 -7.442877938350041e-03	1.000000000000000e+00	55	0	317
318	3.651866596852057e+02 6.211967283830020e+01 1.411171298561517e+03	-1.419622082418451e-04  8.332804475988572e-04 -6.913182393570120e-04	1.000000000000000e+00	55	0	318
319	 1.457615197885046e+02 -8.484288492898960e+01  1.777558996225508e+03	-3.909540352954840e-03  4.166310197130466e-03 -2.567698441756270e-04	1.000000000000000e+00	55	0	319
320	 2.702726492078245e+02 -5.150480938025154e+01  3.737103211719100e+03	-1.473412955723082e-03 -1.289680144206310e-03 -1.837328115167717e-04	1.000000000000000e+00	488	0	320
321	-3.582993308050067e+02  8.950156818476554e+02  2.162010740478362e+03	1.057982716398934e-02 7.955547499780854e-03 2.624279664208491e-03	1.000000000000000e+00	488	0	321
323	 5.944945493404029e+01 -9.662431628376389e+02  1.831018778221972e+03	-1.105614200544854e-02 -1.211131449478368e-02 -1.055172489335140e-03	1.000000000000000e+00	488	0	323
324	4.883948343035592e+02 7.492567404119626e+02 1.956624959692609e+03	-3.852548616123386e-06 -1.409994411005755e-06 -2.442553977743955e-06	1.000000000000000e+00	488	0	324
325	 1.425953205306581e+02 -7.587779847381140e+02  3.118860171069784e+03	 2.428386298318704e-02 -9.648629774649937e-03  3.393249275783698e-02	1.000000000000000e+00	488	0	325
326	 9.193780031034685e+02 -2.823400433434257e+02  6.848428457588143e+02	 1.786967366933823e-02 -1.602130755782127e-02 -3.389098122715950e-02	1.000000000000000e+00	487	0	326
327	 2.532360314200719e+02 -9.287935085797823e+02  7.045313522058543e+02	 3.445275438328584e-03 -6.218833460782965e-03 -9.664108899111548e-03	1.000000000000000e+00	487	0	327
328	 3.200213743369229e+02 -2.605518973975795e+02  3.987336534730594e+03	1.736866853510340e-03 1.398939573361228e-02 1.225252888010194e-02	1.000000000000000e+00	16	0	328
329	 1.279443362339072e+01 -9.025438845856321e+02  3.652571488256073e+03	 2.487520396243780e-05 -4.361975079518743e-04 -4.610727119143121e-04	1.000000000000000e+00	16	0	329
330	5.761614806365294e+02 7.601595009072499e+02 3.337433172301709e+03	-8.334552946810922e-03  4.611413382614653e-03 -3.723139564196269e-03	1.000000000000000e+00	19	0	330
331	 3.169935370533069e+02 -7.920320300304616e+02  1.526073697780775e+03	 5.003969650715590e-03 -2.288846066221595e-03  2.715123584493995e-03	1.000000000000000e+00	19	0	331
332	-8.297960736913321e+02 -4.175918880059938e+02  6.817025367480879e+02	-4.318069744234283e-04  3.956948038345824e-03 -3.525141063922395e-03	1.000000000000000e+00	453	0	332
333	 1.747369291150522e+02 -7.759331678575605e+02  3.551081379327035e+01	 2.226649317890406e-03  3.870154730975628e-03 -6.096804048866034e-03	1.000000000000000e+00	453	0	333
334	9.603594727635552e+02 3.894686431084498e+02 2.536353294703032e+03	1.321149493257205e-02 4.341443690160910e-03 1.755293862273296e-02	1.000000000000000e+00	26	0	334
335	5.424387628028020e+02 9.257405555856556e+02 2.654704497219484e+03	1.029478091125687e-02 5.093749923010667e-03 1.538853083426754e-02	1.000000000000000e+00	26	0	335
336	-2.845884175090873e+02  9.403743053474420e+02  1.831660341114587e+03	2.111119955467681e-02 2.292782076013585e-02 1.816621205459039e-03	1.000000000000000e+00	488	0	336
337	5.713715779416287e+02 2.377179792622379e+02 2.730440195786668e+02	1.115546841174364e-02 1.371452305465937e-02 2.559054642915726e-03	1.000000000000000e+00	488	0	337
338	7.586684650391155e+02 7.803542067865329e+02 2.161390861617910e+03	1.482221608360608e-03 7.744626530135672e-03 6.262404921775063e-03	1.000000000000000e+00	488	0	338
339	-7.483816790828556e+02  3.568232539200466e+02  3.244910052873395e+03	-4.170050766939919e-04 -2.638923256502797e-03 -2.221918179808806e-03	1.000000000000000e+00	488	0	339
340	-4.785377290744865e+02  2.355025299518561e+02  1.185248555240724e+03	 3.777736545695613e-03  4.561495520950605e-03 -7.837589752549927e-04	1.000000000000000e+00	55	0	340
341	 1.899810819964447e+02 -4.291017383603763e+02  2.518371634623888e+03	-1.127704046666622e-03 -1.777218189090490e-03  6.495141424238682e-04	1.000000000000000e+00	55	0	341
342	-1.063132259928086e+02 -7.646106511970774e+01  2.853729292805640e+03	7.468403782695532e-03 4.192719236016273e-03 3.275684546679258e-03	1.000000000000000e+00	55	0	342
343	-8.633728516131717e+02  5.143090585935752e+02  1.505899543471994e+03	-9.160169400274754e-03 -5.602741613984108e-03 -3.557427786290646e-03	1.000000000000000e+00	55	0	343
344	-1.762656476132649e+02 -3.773624118239596e+01  1.760759407836197e+03	6.503639354680975e-03 5.416114736969273e-03 1.087524617711703e-03	1.000000000000000e+00	55	0	344
345	-1.011795723915784e+02 -1.478353728408341e+02  1.945944614716322e+03	4.847699281526729e-03 4.611679381923750e-03 2.360198996029795e-04	1.000000000000000e+00	55	0	345
346	-4.465025292517084e+02  1.630501903182304e+02  2.274028734108802e+03	-2.672132085232685e-03 -3.039457156167676e-03  3.673250709349911e-04	1.000000000000000e+00	55	0	346
347	-5.584087684564195e+02  2.398705032576114e+02  2.085302181964710e+03	-6.710351483585934e-03 -7.546630183545251e-03  8.362786999593180e-04	1.000000000000000e+00	55	0	347
348	-5.085376290067865e+02 -7.807067467829509e+02  2.073755475533482e+03	 1.353178095693389e-03 -4.213409110282858e-03 -2.860231014589468e-03	1.000000000000000e+00	488	0	348
350	1.000000000000000e+03 7.540462549956319e+02 2.669042429851025e+03	-1.060557227573232e-17  4.753451794385936e-04  4.753451794385884e-04	1.000000000000000e+00	488	1	350
351	2.223560064416881e+02 1.392173828577635e+02 1.276569564154844e+03	-9.091911391199877e-04  5.912828006936858e-04 -3.179083384263018e-04	1.000000000000000e+00	488	0	351
353	-1.281693213385834e+02 -3.336586187373001e+02  2.901171911247336e+03	-1.461739558726549e-02  2.058156765997410e-02  5.964172072708606e-03	1.000000000000000e+00	488	0	353
354	7.267390987525140e+02 4.286153408339413e+02 2.070350614441848e+03	 1.641549495980144e-02 -1.819238113239408e-02 -1.776886172592640e-03	1.000000000000000e+00	488	0	354
355	6.201837939800694e+02 3.389505227993980e+02 1.874130491634860e+03	 1.035215794884910e-02 -1.112951155907164e-02 -7.773536102225380e-04	1.000000000000000e+00	488	0	355
356	-6.763431511955496e+02  2.109033548620868e+02  3.706817281292596e+03	-2.073045819997787e-03  6.105862092226744e-03 -4.032816272228956e-03	1.000000000000000e+00	488	0	356
357	 8.167284303594490e+02 -6.124554622601763e+02  3.037104516859861e+03	 2.463246152425806e-03 -6.332455746208628e-03  3.869209593782822e-03	1.000000000000000e+00	488	0	357
358	 6.005104426687184e+02 -7.498367236491283e+02  2.737337100123174e+03	 4.383815297236045e-03  6.768525888522466e-03 -1.115234118575851e-02	1.000000000000000e+00	488	0	358
359	-9.388024187771630e+02 -1.343502884254438e+02  3.661163526345371e+03	-3.680833615362649e-03  3.136828461158291e-18  3.680833615362641e-03	1.000000000000000e+00	488	0	359
360	-3.519542930139004e+01 -1.308825272511613e+02  3.407455441511685e+03	 2.485073443191747e-04  1.422778363727654e-03 -1.671285708046829e-03	1.000000000000000e+00	488	0	360
361	 1.741061796008294e+02 -2.637020803403112e+02  3.330973385698616e+03	-7.495476165786380e-05 -1.290264743147418e-03  1.365219504805282e-03	1.000000000000000e+00	488	0	361
362	-4.325562021208234e+01 -5.658029146316225e+02  3.197069353986469e+03	-8.690505443761751e-04 -1.766884144550810e-02  1.853789198988428e-02	1.000000000000000e+00	488	0	362
363	-2.569157805885857e+02 -4.515758605352513e+02  3.296502460266600e+03	-1.106233491251866e-03 -9.258222688610354e-03  1.036445617986222e-02	1.000000000000000e+00	488	0	363
364	-2.661949669189970e+02 -7.155901467038500e+02  2.009918373468087e+03	 1.197236822918057e-03 -1.040159643162042e-02  9.204359608702362e-03	1.000000000000000e+00	55	0	364
365	3.379680358491239e+02 6.804896894657581e+00 6.833603271014587e+02	 1.007807673886418e-03 -2.460904070176184e-04 -7.617172668687999e-04	1.000000000000000e+00	55	0	365
366	5.719824257588251e+02 3.090504068090875e+02 9.574447985171106e+02	 4.045788336952683e-04 -3.019140604010317e-04 -1.026647732942365e-04	7.500000000000000e-01	55	0	366
367	-8.520920824760493e+01 -3.182461006803364e+02  2.241932940012965e+03	-2.030878560617566e-03  3.204866079613567e-04  1.710391952656210e-03	1.000000000000000e+00	55	0	367
368	 1.223355513918671e+02 -4.581636328439995e+02  1.363961341297372e+03	 2.548933060218890e-02 -1.522006994734208e-02 -1.026926065484683e-02	1.000000000000000e+00	55	0	368
369	 1.350184122032776e+02 -3.114593732764876e+02  1.204574220918450e+03	 2.477797276029984e-02 -1.423535527040561e-02 -1.054261748989423e-02	1.000000000000000e+00	55	0	369
370	2.987194208345945e+02 3.514107338630961e+01 1.504617136864119e+03	-1.107963869192948e-03  1.370187712988506e-03 -2.622238437955578e-04	1.000000000000000e+00	55	0	370
371	 1.939186312747584e+02 -4.229230394332206e+01  1.686851303753587e+03	-2.835499389523951e-03  2.985189169218453e-03 -1.496897796945026e-04	1.000000000000000e+00	55	0	371
372	-1.335275483233598e+01  2.090684425849459e+02  3.192904555713742e+03	-5.961811558033030e-03 -3.460883473356565e-03 -2.500928084676465e-03	1.000000000000000e+00	488	0	372
373	-1.705841266874929e+02  5.667621081789745e+02  2.677979518264557e+03	4.753151811504116e-03 4.227388747191677e-03 5.257630643124380e-04	1.000000000000000e+00	488	0	373
374	-3.873555451227964e+02 -2.550404169355252e+02  2.989026524180922e+03	1.037186562704543e-02 1.279114939582845e-02 2.419283768783013e-03	1.000000000000000e+00	488	0	374
375	-2.263152878891563e+02 -6.810976361079258e+02  2.401929047774882e+03	-1.784499160324534e-02 -1.261007521922390e-02  5.234916384021441e-03	1.000000000000000e+00	488	0	375
376	2.843261751113214e+02 2.337713617651374e+02 2.268041679147197e+03	-6.471409462392330e-03 -8.213669061660767e-04 -5.650042556226254e-03	1.000000000000000e+00	488	0	376
377	 2.092395701188383e+02 -2.616560328092158e+02  2.688382468729067e+03	-1.683517731726170e-02 -7.487188093364239e-03 -9.347989223897457e-03	1.000000000000000e+00	488	0	377
378	 6.960967042117650e+02 -4.955326674177010e+02  6.949315205762426e+02	 6.117753218859434e-03 -6.566715892404318e-03 -1.268446911126375e-02	1.000000000000000e+00	487	0	378
379	 4.782044718340920e+02 -7.120157478243226e+02  6.963406725472939e+02	 5.338563428570827e-03 -5.543990371127923e-03 -1.088255379969875e-02	1.000000000000000e+00	487	0	379
380	 1.483957595211991e+02 -4.864767144176337e+02  3.933037332526263e+03	-2.569932676851749e-02 -2.069676294922828e-03  2.362965047359467e-02	1.000000000000000e+00	16	0	380
381	 7.910096585417637e+01 -6.955602312449636e+02  3.793248609365956e+03	-1.055855304002762e-02 -2.354213036596775e-03  8.204340003430843e-03	1.000000000000000e+00	16	0	381
382	4.766427100482963e+02 2.497276788130610e+02 2.727482579619287e+03	-2.654895419254899e-03  1.843854202888906e-03 -8.110412163659931e-04	1.000000000000000e+00	19	0	382
383	 2.912726391538130e+02 -2.111864086019741e+02  2.081198421309768e+03	-8.357199064145485e-03  4.302592327197393e-03 -4.054606736948093e-03	1.000000000000000e+00	19	0	383
384	-4.938934243257945e+02 -5.541653790193667e+02  4.823733783959231e+02	-7.159742138658960e-04  5.005345660417031e-03 -4.289371446551134e-03	1.000000000000000e+00	453	0	384
385	-1.616306032906701e+02 -6.707276609351433e+02  2.666728392765754e+02	-2.130723558366298e-03  9.581103920936584e-03 -7.450380362570286e-03	1.000000000000000e+00	453	0	385
386	8.122550671772511e+02 5.681062626586298e+02 2.566886508666908e+03	9.965985237310329e-03 5.294687735537688e-03 1.526067297284802e-02	1.000000000000000e+00	26	0	386
387	6.798497754993118e+02 7.420143928693491e+02 2.608389347199688e+03	1.166329470773538e-02 4.529524904986223e-03 1.619281961272160e-02	1.000000000000000e+00	26	0	387
388	-1.412916148790356e+01  6.876928347401616e+02  1.308519614486123e+03	1.004343656434988e-02 1.089848215148474e-02 8.550455871348578e-04	1.000000000000000e+00	488	0	388
389	2.846400791953692e+02 4.587132483267228e+02 7.807707873894112e+02	 1.052489972789772e-02  1.014407255570404e-02 -3.808271721936765e-04	1.000000000000000e+00	488	0	389
390	2.585458260481245e+02 6.395313388033837e+02 2.520690632625752e+03	4.295055987313390e-04 1.882132026366889e-03 1.452626427635550e-03	1.000000000000000e+00	488	0	390
391	-2.406572982348313e+02  5.035199140480650e+02  2.883882332153389e+03	6.799023055161039e-04 2.045195743752023e-03 1.365293438235919e-03	1.000000000000000e+00	488	0	391
392	-3.625163007272222e+02  1.644545979626945e+02  1.372317915577150e+03	 6.356478086672723e-03  7.459953543730080e-03 -1.103475457057357e-03	1.000000000000000e+00	55	0	392
393	-2.514280830802044e+02  8.099340572409500e+01  1.566867325462767e+03	7.275682388960073e-03 7.054040693522742e-03 2.216416954373322e-04	1.000000000000000e+00	55	0	393
394	 6.872151465692782e+01 -3.573705909673332e+02  2.325380919891327e+03	-6.028431437243853e-04 -6.576412886261096e-04  5.479814490172431e-05	4.218750000000000e-01	55	0	394
396	-2.138701114645100e+02  2.014875944638121e+01  2.649562582767850e+03	 6.296746393976112e-03  7.418358737292389e-03 -1.121612343316277e-03	1.000000000000000e+00	55	0	396
397	-3.328148992143479e+02  8.847804321766721e+01  2.462288511246726e+03	 1.788219204172492e-03  2.104055602103472e-03 -3.158363979309797e-04	1.000000000000000e+00	55	0	397
398	-7.730451130600836e+02  4.050624424356347e+02  1.705473898183022e+03	-1.210268400609493e-02 -1.241461932659149e-02  3.119353204965593e-04	1.000000000000000e+00	55	0	398
399	-6.683794485976621e+02  3.193217490701897e+02  1.895880256010889e+03	-1.006926045132180e-02 -1.101473431723813e-02  9.454738659163316e-04	1.000000000000000e+00	55	0	399
400	-3.525350251788083e+02 -7.261167942725712e+02  2.284348031871840e+03	 1.004883095932504e-02 -1.213899060773353e-02 -2.090159648408492e-03	1.000000000000000e+00	488	0	400
402	-2.688971621897085e+00 -7.333662070471105e+01  3.286974258996611e+03	-7.351878060338398e-03  6.840993223401408e-03 -5.108848369369904e-04	1.000000000000000e+00	488	0	402
403	-7.305005985498698e+01 -2.037829331907608e+02  3.086166858277472e+03	-4.285646680121620e-03  3.003617903838555e-03 -1.282028776283065e-03	1.000000000000000e+00	488	0	403
404	9.681413762707457e+02 5.918908376809283e+02 2.475028388807067e+03	 3.638832635867099e-02 -3.262094416034719e-02  3.767382198323806e-03	1.000000000000000e+00	488	0	404
405	8.472388908410085e+02 5.018129977935792e+02 2.264048063489980e+03	 2.210464902843038e-02 -2.590551956867178e-02 -3.800870540241400e-03	1.000000000000000e+00	488	0	405
406	3.557573938502323e+02 2.091638671033328e+02 1.479917435808958e+03	 7.802155644943317e-04 -1.062812264232586e-03 -2.825966997382542e-04	1.000000000000000e+00	488	0	406
407	4.983798528220926e+02 2.594740258354100e+02 1.672850053512895e+03	 4.538275146236022e-03 -5.626295382777850e-03 -1.088020236541828e-03	1.000000000000000e+00	488	0	407
408	-4.589369291979353e+02  1.190162509625479e+02  3.581298163194521e+03	-1.065857553233706e-04  9.078092679070929e-03 -8.971506923747560e-03	1.000000000000000e+00	488	0	408
409	-2.451142839057272e+02  3.975791520260339e+00  3.482515977344600e+03	 8.198355790227655e-04  7.476001163013279e-03 -8.295836742036045e-03	1.000000000000000e+00	488	0	409
410	 5.942438899539709e+02 -5.054364351475792e+02  3.152570030152741e+03	-6.479693111032244e-04 -6.234388914890587e-03  6.882358225993812e-03	1.000000000000000e+00	488	0	410
411	 3.841791314122850e+02 -3.752315334276398e+02  3.232429886974488e+03	-5.814373337974149e-04 -3.887803720620771e-03  4.469241054418187e-03	1.000000000000000e+00	488	0	411
412	 4.023570554223103e+02 -5.933952394633093e+02  2.779049003183763e+03	 9.776941811045011e-03  1.593413048734267e-02 -2.571107229838769e-02	1.000000000000000e+00	488	0	412
413	 1.852619766708760e+02 -7.083458342121835e+02  3.111094676684072e+03	-1.187384965624821e-18 -4.736221954226494e-02  4.736221954226494e-02	1.000000000000000e+00	488	0	413
414	-6.186724847748842e+02 -1.343502884254438e+02  3.341033592343093e+03	 2.168047148734331e-02 -3.159956949388428e-18 -2.168047148734331e-02	1.000000000000000e+00	488	0	414
415	-4.635828582507613e+02 -3.066167273932107e+02  3.358210404786736e+03	 3.702670180549224e-03  4.515584868689378e-03 -8.218255049238602e-03	1.000000000000000e+00	488	0	415
416	-4.720639581545002e+01 -7.516485290669231e+02  1.826988184727613e+03	 5.158730720480283e-02 -8.683889235059421e-02  3.525158514579137e-02	1.000000000000000e+00	55	0	416
417	 8.646744812301405e+01 -6.293174004352566e+02  1.570983212157483e+03	 2.841407200321555e-02 -2.184282848611474e-02 -6.571243517100811e-03	1.000000000000000e+00	55	0	417
418	 2.465947259299238e+02 -8.983532444127606e+01  8.713738583565923e+02	 5.146771064005407e-03 -5.148618156113116e-03  1.847092107709630e-06	1.000000000000000e+00	55	0	418
419	 1.658966634728720e+02 -1.873492585827032e+02  1.049585854955071e+03	 1.536910786914329e-02 -1.230839275134106e-02 -3.060715117802222e-03	1.000000000000000e+00	55	0	419
420	4.823561166905731e+02 2.155754046716696e+02 1.140546109722781e+03	 5.243570061187105e-04 -4.913712752265079e-04 -3.298573089220250e-05	1.000000000000000e+00	55	0	420
421	4.134793586376221e+02 1.005549196465010e+02 1.324443352800900e+03	 6.364149157889189e-05 -5.606553604593500e-04  4.970138688804582e-04	1.000000000000000e+00	55	0	421
422	-1.131407469463420e+01 -2.019435227727188e+02  2.051735228552376e+03	-6.440787537333866e-03  5.682721772852044e-03  7.580657644818226e-04	1.000000000000000e+00	55	0	422
423	 9.515940949716371e+01 -1.235099207664727e+02  1.866828142354332e+03	-4.885915162352224e-03  5.551872348102431e-03 -6.659571857502062e-04	1.000000000000000e+00	55	0	423
424	 3.143700330481421e+02 -1.394639253257947e+02  3.869159711504961e+03	-4.504899416739742e-03 -3.244553304587801e-03 -1.260346112151941e-03	1.000000000000000e+00	488	0	424
425	-4.088720667723444e+02  9.954420006641390e+02  2.011011685694541e+03	 4.946578526869412e-03  4.946578526869421e-03 -2.637089067001544e-18	1.000000000000000e+00	488	0	425
428	5.347876669652687e+02 8.774892665716181e+02 1.874785266194663e+03	2.358281286433339e-03 3.691439051181077e-04 1.989137381315231e-03	1.000000000000000e+00	488	0	428
429	 6.114556475762935e+01 -8.818193896516689e+02  3.160451820210311e+03	 1.252187136560678e-02 -2.155163325369358e-03  1.467703469097614e-02	1.000000000000000e+00	488	0	429
430	5.820655409187133e+02 8.992106204026588e+02 3.482388352079301e+03	-1.215586081768076e-02  7.544999786963065e-03 -4.610861030717690e-03	1.000000000000000e+00	19	0	430
431	 3.179242361747146e+02 -9.444733982934074e+02  1.374563028639237e+03	 1.538203090118865e-02 -1.346036799562474e-02  1.921662905563910e-03	1.000000000000000e+00	19	0	431
432	-9.169585543937063e+02 -3.816771768373279e+02  7.329503062817962e+02	-6.379903061315416e-04  4.071286006364971e-03 -3.433295700233430e-03	1.000000000000000e+00	453	0	432
433	 2.547809540234440e+02 -8.204663789726817e+02  0.000000000000000e+00	-1.090148056391627e-02  1.090148056391627e-02  7.013149187826000e-18	1.000000000000000e+00	453	1	433
434	-3.735810892967878e+02  9.904220443833599e+02  1.970700751938205e+03	1.647708425298333e-02 2.078241435810924e-02 4.305330105125904e-03	1.000000000000000e+00	488	0	434
435	6.576815956608397e+02 1.911442047842927e+02 1.401602273815107e+02	1.028519504082700e-02 1.157806619691352e-02 1.292871156086524e-03	1.000000000000000e+00	488	0	435
436	8.906961310884038e+02 8.281332057418430e+02 2.077142194523932e+03	1.832815663268169e-03 8.845744576926032e-03 7.012928913657864e-03	1.000000000000000e+00	488	0	436
437	-8.771664675789660e+02  3.076172625764343e+02  3.324488850025893e+03	-6.899303601433832e-04 -4.934795239629845e-03 -4.244864879486461e-03	1.000000000000000e+00	488	0	437
438	-2.846062393359550e+01  3.152541846009772e+02  3.071610944596451e+03	-2.028319732441256e-03 -1.263664589108278e-03 -7.646551433329781e-04	1.000000000000000e+00	488	0	438
439	-1.154459133797440e+02  5.223644032505219e+02  2.777515436500758e+03	 3.173571662046015e-03  3.173571662046016e-03 -4.095106742195347e-19	1.000000000000000e+00	488	0	439
440	-2.971243716657708e+02 -3.042008471284239e+02  2.849634920530998e+03	1.187944979756139e-02 1.231819755048491e-02 4.387477529235186e-04	1.000000000000000e+00	488	0	440
441	-2.531442276647838e+02 -6.361930627922939e+02  2.473662560866142e+03	 3.237116477009612e-18 -1.722171739675104e-02 -1.722171739675105e-02	1.000000000000000e+00	488	0	441
442	2.319834606699986e+02 9.935799534076092e+01 2.350112331130250e+03	-8.165810257196426e-03 -2.407480962574482e-03 -5.758329294621944e-03	1.000000000000000e+00	488	0	442
443	 2.117943497366849e+02 -1.485814902585487e+02  2.577862705796246e+03	-1.021954510360956e-02 -4.983963444828987e-03 -5.235581658780575e-03	1.000000000000000e+00	488	0	443
444	4.374421478637112e+02 1.318605192201313e+02 2.570414857841772e+03	-4.476438703325887e-03  3.377966854410867e-03 -1.098471848915021e-03	1.000000000000000e+00	19	0	444
445	 3.078523905927078e+02 -7.068262328413934e+01  2.238281958066498e+03	-8.688756264746189e-03  6.369486916810274e-03 -2.319269347935915e-03	1.000000000000000e+00	19	0	445
446	-4.102814133597702e+02 -5.857366079258995e+02  4.303325963364317e+02	-9.089964830006163e-04  5.662187953324367e-03 -4.753191470323752e-03	1.000000000000000e+00	453	0	446
447	-2.440384344984306e+02 -6.441808344245962e+02  3.225338439737889e+02	-1.614549119646350e-03  7.989487571952244e-03 -6.374938452305893e-03	1.000000000000000e+00	453	0	447
448	6.033263523900870e+01 6.332508067254219e+02 1.179615789744471e+03	9.216737040939430e-03 1.040730062716951e-02 1.190563586230079e-03	1.000000000000000e+00	488	0	448
449	2.154022806524972e+02 5.252770816653784e+02 9.165724192709388e+02	9.653049482343098e-03 1.031443108028422e-02 6.613815979411205e-04	1.000000000000000e+00	488	0	449
450	1.308135628884100e+02 5.985230158455322e+02 2.607414572827615e+03	4.066693169685701e-04 1.937929531171297e-03 1.531260214202727e-03	1.000000000000000e+00	488	0	450
452	1.903324036155417e+02 2.616295090390254e+01 3.579495205842663e+03	-3.230944275856194e-05 -3.420167105377623e-18 -3.230944275855842e-05	1.000000000000000e+00	488	0	452
453	-1.716373680666884e+00  9.662198801634537e+01  3.316987391434012e+03	-8.622996625490487e-03 -7.771337754093111e-03 -8.516588713973757e-04	1.000000000000000e+00	488	0	453
454	-3.220240595767227e+02  8.058638762601731e+02  2.287437817294128e+03	9.758525605623921e-03 7.499544338012734e-03 2.258981267611186e-03	1.000000000000000e+00	488	0	454
455	-2.291030449928478e+02  6.409781919263380e+02  2.545244516211838e+03	6.722843196863930e-03 6.014053321753939e-03 7.087898751099903e-04	1.000000000000000e+00	488	0	455
457	-4.749078996166334e+02 -2.096546909762162e+02  3.121964604634069e+03	9.892969547460476e-03 1.215200762574871e-02 2.259038078288238e-03	1.000000000000000e+00	488	0	457
458	-1.251308242618123e+01 -8.913655510458473e+02  1.977858927373985e+03	-9.336155936277160e-03 -8.731802828454724e-03  6.043531078224386e-04	1.000000000000000e+00	488	0	458
459	-1.365876497669421e+02 -7.335797157708913e+02  2.259719329989702e+03	-1.272520774121707e-02 -1.357520113621528e-02 -8.499933949982123e-04	1.000000000000000e+00	488	0	459
460	4.427749120425276e+02 6.211338288705620e+02 2.039127948972978e+03	-2.893151967631032e-03 -4.556361042583982e-04 -2.437515863372634e-03	1.000000000000000e+00	488	0	460
461	3.357862080551982e+02 3.628734017984966e+02 2.190399672057714e+03	-5.294175314096113e-03 -6.331609717259805e-04 -4.661014342370133e-03	1.000000000000000e+00	488	0	461
464	5.626238377961289e+02 6.257808355991517e+02 3.189516864153210e+03	-4.658716730773449e-03  2.747293328866363e-03 -1.911423401907086e-03	1.000000000000000e+00	19	0	464
465	5.110519804718919e+02 3.711577265716325e+02 2.883321897801454e+03	-1.542518497444689e-03  1.049016951583326e-03 -4.935015458613634e-04	1.000000000000000e+00	19	0	465
466	 3.025486946255577e+02 -6.420005669727644e+02  1.661660318410723e+03	-7.550815571448766e-04  3.400517889531329e-04 -4.150297681917437e-04	7.500000000000000e-01	19	0	466
467	 2.933570979677041e+02 -3.539413605391907e+02  1.940527928186443e+03	-5.357638389493029e-03  2.598761192833384e-03 -2.758877196659645e-03	1.000000000000000e+00	19	0	467
468	-7.456060459370653e+02 -4.528978945974636e+02  6.328185155852909e+02	-4.339365987107159e-04  4.056901612784714e-03 -3.622965014073998e-03	1.000000000000000e+00	453	0	468
469	-5.777172884441735e+02 -5.213457685506515e+02  5.333776320455870e+02	-5.831199232488870e-04  4.559638327918947e-03 -3.976518404670060e-03	1.000000000000000e+00	453	0	469
470	 8.566242167435239e+01 -7.450438316342525e+02  9.369598501066206e+01	-1.655038834239046e-03  7.652419114795824e-03 -5.997380280556778e-03	1.000000000000000e+00	453	0	470
471	-7.965723037217786e+01 -6.956157287640126e+02  2.095875341869525e+02	-2.662555159380038e-03  1.112880363749961e-02 -8.466248478119573e-03	1.000000000000000e+00	453	0	471
472	-2.132711364022475e+02  8.778380704328523e+02  1.697806825093158e+03	1.569533370881497e-02 1.586334198267044e-02 1.680082738554720e-04	1.000000000000000e+00	488	0	472
473	-8.416952855530840e+01  7.465341210091721e+02  1.437401267822538e+03	1.139790193216565e-02 1.177440489603517e-02 3.765029638695220e-04	1.000000000000000e+00	488	0	473
474	4.874821400884108e+02 2.822148028678616e+02 4.014302810375085e+02	1.037122115182380e-02 1.268445335639020e-02 2.313232204566399e-03	1.000000000000000e+00	488	0	474
475	3.441193017270894e+02 3.868728154507368e+02 6.494511319817051e+02	 1.105854841686475e-02  1.060298183195603e-02 -4.555665849087138e-04	1.000000000000000e+00	488	0	475
476	6.377681510350216e+02 7.423800895964101e+02 2.244317058431881e+03	1.709875107432405e-03 6.705372555491825e-03 4.995497448059420e-03	1.000000000000000e+00	488	0	476
477	3.853376658640101e+02 6.760101213742006e+02 2.430377575380683e+03	5.555518049125869e-04 2.215960101845364e-03 1.660408296932777e-03	1.000000000000000e+00	488	0	477
478	-6.203880055030600e+02  4.013876171904843e+02  3.161480742564037e+03	-2.458230592310429e-04 -1.239624107256532e-03 -9.938010480254889e-04	1.000000000000000e+00	488	0	478
479	-3.669306436700596e+02  4.748357688083656e+02  2.981471532348918e+03	2.746831936140856e-04 1.054719565824295e-03 7.800363722102096e-04	1.000000000000000e+00	488	0	479
481	 3.187798246242876e+02 -1.951374969984367e+02  3.929243074753748e+03	-1.204506587237120e-02 -4.698072094470263e-03 -7.346993777900934e-03	1.000000000000000e+00	488	0	481
484	5.973203742973619e+02 9.689449560917855e+02 3.567377521147077e+03	-9.363291940341393e-03  7.555786830683549e-03 -1.807505109657844e-03	1.000000000000000e+00	19	0	484
485	 2.811043348778850e+02 -1.000000000000000e+03  1.282216525635814e+03	9.337109746411441e-03 5.027273734726508e-19 9.337109746411443e-03	1.000000000000000e+00	19	1	485
487	7.062266541279587e+02 1.525219924922070e+02 5.299295662230594e+01	 3.065778208110714e-03  2.578915471531218e-03 -4.868627365794964e-04	5.625000000000000e-01	488	0	487
488	-3.976448318341036e+01  3.663792070712932e+02  3.009182062876321e+03	-3.850875946227461e-04 -2.409385488135740e-04 -1.441490458091721e-04	1.000000000000000e+00	488	0	488
489	-7.367491049314037e+01  4.662471604861668e+02  2.875403682151717e+03	 1.963004256443431e-03  2.605034717513869e-03 -6.420304610704383e-04	1.000000000000000e+00	488	0	489
492	4.121887721052962e+02 7.812441144802871e+01 2.491425374311254e+03	-5.079556295337777e-03  4.219389016119142e-03 -8.601672792186338e-04	1.000000000000000e+00	19	0	492
493	 3.391408542176401e+02 -1.481915036502489e+01  2.325433894610544e+03	-6.639079734062155e-03  5.676393319542210e-03 -9.626864145199459e-04	1.000000000000000e+00	19	0	493
494	9.887518979318324e+01 6.071839562361638e+02 1.115006384701038e+03	9.044281983127197e-03 1.031680606926481e-02 1.272524086137613e-03	1.000000000000000e+00	488	0	494
496	-3.018922965621784e+02  7.624971160628114e+02  2.350936340506034e+03	9.261238311106959e-03 7.384854912136992e-03 1.876383398969968e-03	1.000000000000000e+00	488	0	496
497	-2.554260404502537e+02  6.799324318786031e+02  2.479967280802167e+03	7.724040265505512e-03 6.655634768928091e-03 1.068405496577422e-03	1.000000000000000e+00	488	0	497
499	-5.183346879994569e+02 -1.862888611780592e+02  3.188757222815049e+03	9.249072366704542e-03 1.124092206979791e-02 1.991849703093370e-03	1.000000000000000e+00	488	0	499
500	-4.431666458983690e+01 -8.497181162149066e+02  2.051309944368582e+03	-9.488799686854085e-03 -8.549015891427795e-03  9.397837954262894e-04	1.000000000000000e+00	488	0	500
501	-1.035926159022458e+02 -7.670937786337034e+02  2.193210233262194e+03	-1.152778595375518e-02 -1.087097924513122e-02  6.568067086239655e-04	1.000000000000000e+00	488	0	501
502	5.530158166123066e+02 5.600175221552545e+02 3.114145529525490e+03	-3.149655686380962e-03  1.925971902286013e-03 -1.223683784094949e-03	1.000000000000000e+00	19	0	502
503	5.271996683913613e+02 4.326292579971834e+02 2.960941117146474e+03	-1.568210078403354e-03  1.040573697537184e-03 -5.276363808661699e-04	1.000000000000000e+00	19	0	503
504	 2.979277076169924e+02 -5.689197442989952e+02  1.730120154075927e+03	-1.175972633063793e-03  5.407184507930651e-04 -6.352541822707281e-04	7.500000000000000e-01	19	0	504
505	 2.948049819815319e+02 -4.255671142532194e+02  1.870350058486242e+03	-3.727057250216603e-03  1.809146022424102e-03 -1.917911227792502e-03	1.000000000000000e+00	19	0	505
506	-1.806509476980315e+02  8.442062884777473e+02  1.631554854433836e+03	 1.534166538234179e-02  1.510430055592830e-02 -2.373648264134918e-04	1.000000000000000e+00	488	0	506
507	-1.173087832546866e+02  7.777565758559901e+02  1.501762977368734e+03	1.248153840545759e-02 1.253641320969715e-02 5.487480423956487e-05	1.000000000000000e+00	488	0	507
508	 2.953632735066008e+02 -9.301934037555102e+01  3.803708367013176e+03	-2.559692366048694e-03 -2.048321533948183e-03 -5.113708321005106e-04	1.000000000000000e+00	488	0	508
509	 2.318340425016331e+02 -4.826063662543603e+00  3.651985859295201e+03	-8.564242064797630e-04 -5.078845521590362e-04 -3.485396543207268e-04	1.000000000000000e+00	488	0	509
510	-3.768016920604073e+02  9.410293596174338e+02  2.097494701453183e+03	1.161116186995059e-02 9.693933534435928e-03 1.917228335514665e-03	1.000000000000000e+00	488	0	510
511	-3.402373625065610e+02  8.504302243417731e+02  2.224658166282690e+03	1.005654122369985e-02 7.576651017492016e-03 2.479890206207832e-03	1.000000000000000e+00	488	0	511
514	 1.083808528382957e+02 -1.000000000000000e+03  1.748330543155356e+03	-2.237218577647581e-03  1.597385909035223e-18  2.237218577647582e-03	1.000000000000000e+00	488	1	514
515	 2.211164882721909e+01 -9.306894919274288e+02  1.903910255239004e+03	-1.033998476971950e-02 -1.028840047608052e-02  5.158429363897646e-05	1.000000000000000e+00	488	0	515
516	5.802762542486987e+02 8.282866672011733e+02 3.409675112207801e+03	-1.035216900830468e-02  5.491736500213543e-03 -4.860432508091131e-03	1.000000000000000e+00	19	0	516
517	5.701749359234414e+02 6.926858083202496e+02 3.263972935001620e+03	-6.492824216062824e-03  3.706878128771981e-03 -2.785946087290843e-03	1.000000000000000e+00	19	0	517
518	 3.195434244919632e+02 -8.658949717770529e+02  1.454760643472840e+03	 9.724929773559174e-03 -4.875051944206159e-03  4.849877829353015e-03	1.000000000000000e+00	19	0	518
519	 3.103239656794864e+02 -7.170037478827636e+02  1.594432408554652e+03	 1.019889741049459e-03 -4.479372097800176e-04  5.719525312694410e-04	1.000000000000000e+00	19	0	519
520	-3.241417371671999e+02  9.698076845922445e+02  1.900647040017502e+03	2.110160716498892e-02 2.578760295485457e-02 4.685995789865653e-03	1.000000000000000e+00	488	0	520
521	-2.479520657940725e+02  9.100427974546203e+02  1.764692481506750e+03	1.933039858704433e-02 2.019836619729176e-02 8.679676102474331e-04	1.000000000000000e+00	488	0	521
522	6.140307323975459e+02 2.153560372922881e+02 2.080229231527999e+02	1.132485293783247e-02 1.382577675394714e-02 2.500923816114664e-03	1.000000000000000e+00	488	0	522
523	-1.994471554699185e+01  2.626590342415910e+02  3.132722003342441e+03	-3.909640984299283e-03 -2.331756715041896e-03 -1.577884269257387e-03	1.000000000000000e+00	488	0	523
524	-7.542979870335805e+00  1.547998261170587e+02  3.252982947143630e+03	-7.872155945127210e-03 -4.517279022062818e-03 -3.354876923064391e-03	1.000000000000000e+00	488	0	524
526	-2.008246001185925e+02  6.036861071543846e+02  2.610815045858047e+03	5.683035124093294e-03 5.259211640805006e-03 4.238234832882881e-04	1.000000000000000e+00	488	0	526
527	-3.432393435680141e+02 -2.784215790997499e+02  2.921529160461916e+03	1.059377581502000e-02 1.290396119778355e-02 2.310185382763545e-03	1.000000000000000e+00	488	0	527
528	-4.313055253482975e+02 -2.324049548896910e+02  3.055611966452258e+03	1.018417525726060e-02 1.259300958675643e-02 2.408834329495828e-03	1.000000000000000e+00	488	0	528
530	-1.739791768372441e+02 -7.081604663163905e+02  2.322530106514505e+03	-1.322885036158065e-02 -1.585289471161862e-02 -2.624044350037972e-03	1.000000000000000e+00	488	0	530
531	4.582013647975582e+02 1.898679216540685e+02 2.649181477209556e+03	-3.593900008127093e-03  2.565577160567045e-03 -1.028322847560048e-03	1.000000000000000e+00	19	0	531
532	4.940416188370797e+02 3.103119120031549e+02 2.805465721598164e+03	-1.880251802504063e-03  1.290441723540425e-03 -5.898100789636374e-04	1.000000000000000e+00	19	0	532
533	 2.941507182265934e+02 -1.393689504610445e+02  2.155893958523478e+03	-9.161389432847500e-03  5.441813264042139e-03 -3.719576168805361e-03	1.000000000000000e+00	19	0	533
534	 2.919758082671455e+02 -2.825480160395632e+02  2.010539982985512e+03	-6.992829032242298e-03  3.422152018174529e-03 -3.570677014067769e-03	1.000000000000000e+00	19	0	534
535	2.259561868551054e+01 6.599808949087283e+02 1.244082894481275e+03	9.564041082436839e-03 1.060808364612361e-02 1.044042563686768e-03	1.000000000000000e+00	488	0	535
536	-4.974394458465606e+01  7.165189002944182e+02  1.372960463137132e+03	1.064671102600793e-02 1.127997793567677e-02 6.332669096688433e-04	1.000000000000000e+00	488	0	536
537	-6.922736640353028e+01  5.324679599334547e+02  2.741400446207478e+03	1.486181766570856e-04 2.279722621703210e-03 2.131104445046125e-03	1.000000000000000e+00	488	0	537
538	-4.681971053028946e+02  1.000000000000000e+03  1.947128647828130e+03	 1.533053349703548e-03 -5.755405603442708e-18  1.533053349703553e-03	1.000000000000000e+00	488	1	538
539	 1.000000000000000e+03 -1.956642832728469e+02  6.908966089328617e+02	-2.896932559604787e-18 -2.185450028628111e-02 -2.185450028628111e-02	1.000000000000000e+00	487	1	539
540	4.461077950821118e+02 3.050536255360711e+02 4.656434487120169e+02	1.041853715044757e-02 1.241806048589448e-02 1.999523335446914e-03	1.000000000000000e+00	488	0	540
541	3.149572649122987e+02 4.222934968386130e+02 7.140338501843719e+02	 1.084381997740517e-02  1.018636576676120e-02 -6.574542106439669e-04	1.000000000000000e+00	488	0	541
542	1.770959762625629e+02 5.542512884942656e+02 9.838529304897603e+02	9.284337904925147e-03 1.033151902568837e-02 1.047181120763222e-03	1.000000000000000e+00	488	0	542
543	3.744948000858276e+02 3.553380371295614e+02 5.875408553017913e+02	1.105133637126225e-02 1.139767088655693e-02 3.463345152946808e-04	1.000000000000000e+00	488	0	543
544	2.591531997305415e+02 1.704736928616689e+02 2.306166372669885e+03	-7.158246939070523e-03 -1.009242841973901e-03 -6.149004097096622e-03	1.000000000000000e+00	488	0	544
545	2.160412015888535e+02 3.208166972914746e+01 2.401446397660719e+03	-8.018027991056442e-03 -2.552717458456755e-03 -5.465310532599688e-03	1.000000000000000e+00	488	0	545
546	2.514327642798517e+02 4.935552524029534e+02 8.488201063811593e+02	1.010579151625279e-02 1.023624649678823e-02 1.304549805354328e-04	1.000000000000000e+00	488	0	546
547	4.488797269510411e+02 6.933060218950022e+02 2.384131414814454e+03	7.524886944641670e-04 2.801876553955177e-03 2.049387859491011e-03	1.000000000000000e+00	488	0	547
548	8.231403407341337e+02 8.037044433811517e+02 2.120269222517511e+03	1.387995667755604e-03 8.229880593717098e-03 6.841884925961494e-03	1.000000000000000e+00	488	0	548
549	 2.121430608808674e+02 -9.182046773882043e+01  2.521450394420700e+03	-8.932534450044235e-03 -4.420979103694359e-03 -4.511555346349875e-03	1.000000000000000e+00	488	0	549
551	-9.739662480674855e+02 -5.827798400908831e+01  3.620255051219338e+03	-3.457009132641057e-03  1.403441264604529e-03  2.053567868036529e-03	1.000000000000000e+00	488	0	551
552	-3.040416787118182e+02  4.898532154732591e+02  2.933600014055570e+03	4.877830700327952e-04 1.563482199950765e-03 1.075699129917969e-03	1.000000000000000e+00	488	0	552
553	-8.446131047823570e+02 -1.279811663398172e+02  3.560605090264939e+03	-6.572664691096483e-04 -1.199736191968744e-04  7.772400883065226e-04	1.000000000000000e+00	488	0	553
554	1.450166932446041e+02 1.790918304897241e+01 3.525925727616796e+03	 8.456340292468667e-04 -5.025978898629546e-04  3.430361393839121e-04	1.000000000000000e+00	488	0	554
558	 3.405457569937157e+02 -5.375088670356342e+02  2.784973929184682e+03	 1.530034405489763e-02  1.743764833857616e-02 -3.273799239347378e-02	1.000000000000000e+00	488	0	558
562	3.638308955810969e+02 4.291120886713523e+02 2.152205672710757e+03	-4.748203655860077e-03 -4.352253939335546e-04 -4.312978261926522e-03	1.000000000000000e+00	488	0	562
563	-7.233224774136847e+02 -1.366987682258806e+02  3.448032064782329e+03	 3.434043998519579e-04 -4.931118940779319e-04  1.497074942259739e-04	1.000000000000000e+00	488	0	563
564	1.500000000000000e+03 7.540462549956319e+02 2.669042429851025e+03	0.000000000000000e+00 0.000000000000000e+00 0.000000000000000e+00	1.000000000000000e+00	488	-1	350
566	-4.681971053028946e+02  1.500000000000000e+03  1.947128647828130e+03	0.000000000000000e+00 0.000000000000000e+00 0.000000000000000e+00	1.000000000000000e+00	488	-1	538
568	 2.547809540234440e+02 -8.204663789726817e+02 -5.000000000000000e+02	0.000000000000000e+00 0.000000000000000e+00 0.000000000000000e+00	1.000000000000000e+00	453	-1	433
572	-9.792609157544282e+02 -1.117076379540174e+02  3.724264673794062e+03	-3.076429478824139e-03 -8.272807463072238e-04  2.249148732516915e-03	7.500000000000000e-01	488	0	572
573	-1.786403630868174e+02  5.151164537705939e+02  2.833461936727904e+03	1.116787549108267e-03 2.523734932765365e-03 1.406947383657098e-03	1.000000000000000e+00	488	0	573
574	 2.797249977797593e+02 -4.762737123592123e+02  2.784559533722217e+03	 1.872827112674713e-02  1.890660822391510e-02 -3.763487935066223e-02	1.000000000000000e+00	488	0	574
575	 2.149259577860740e+01 -6.018060371178585e+02  3.168324260482015e+03	-2.346840221434832e-03 -2.150264731608331e-02  2.384948753751814e-02	1.000000000000000e+00	488	0	575
576	1.500000000000000e+03 6.569438165083583e+02 2.571939991363751e+03	0.000000000000000e+00 0.000000000000000e+00 0.000000000000000e+00	1.000000000000000e+00	488	-1	298
577	 2.811043348778850e+02 -1.500000000000000e+03  1.282216525635814e+03	0.000000000000000e+00 0.000000000000000e+00 0.000000000000000e+00	1.000000000000000e+00	19	-1	485
578	 1.997036016955832e+02 -3.351758342417053e+02  2.752366301738301e+03	-1.734577879930536e-02 -6.594855648775896e-03 -1.075092315052946e-02	1.000000000000000e+00	488	0	578
579	 2.084226803466046e+02 -3.594871261184913e+02  4.500000000000000e+03	0.000000000000000e+00 0.000000000000000e+00 0.000000000000000e+00	1.000000000000000e+00	478	-1	276
580	 1.083808528382957e+02 -1.500000000000000e+03  1.748330543155356e+03	0.000000000000000e+00 0.000000000000000e+00 0.000000000000000e+00	1.000000000000000e+00	488	-1	514
581	 1.500000000000000e+03 -1.956642832728469e+02  6.908966089328617e+02	0.000000000000000e+00 0.000000000000000e+00 0.000000000000000e+00	1.000000000000000e+00	487	-1	539
584	-3.983508803226623e+00 -7.306057759620069e+02  1.762722544610474e+03	 2.745819852376977e-02 -3.459731473897894e-02  7.139116215209166e-03	1.000000000000000e+00	55	0	584
2	 0.000000000000000e+00  7.071067811865475e-01 -7.071067811865475e-01	 5.773502691896257e-01 -5.773502691896257e-01 -5.773502691896257e-01	-7.391622886003375e+02  7.391622886003375e+02  7.391622886003375e+02	1	0	0.000000000000000e+00	0.000000000000000e+00	0.000000000000000e+00
3	-7.071067811865475e-01  0.000000000000000e+00  7.071067811865475e-01	-5.773502691896257e-01  5.773502691896257e-01 -5.773502691896257e-01	 6.288536307352362e+02 -6.288536307352362e+02  6.288536307352362e+02	1	0	0.000000000000000e+00	0.000000000000000e+00	0.000000000000000e+00
4	0.000000000000000e+00 7.071067811865475e-01 7.071067811865475e-01	 5.773502691896257e-01 -5.773502691896257e-01  5.773502691896257e-01	 1.522636602155032e+03 -1.522636602155032e+03  1.522636602155032e+03	1	0	0.000000000000000e+00	0.000000000000000e+00	0.000000000000000e+00
5	 7.071067811865475e-01 -7.071067811865475e-01  0.000000000000000e+00	-5.773502691896257e-01 -5.773502691896257e-01  5.773502691896257e-01	-6.670373969193098e+02 -6.670373969193098e+02  6.670373969193098e+02	1	0	0.000000000000000e+00	0.000000000000000e+00	0.000000000000000e+00
7	-7.071067811865475e-01  7.071067811865475e-01  0.000000000000000e+00	-5.773502691896257e-01 -5.773502691896257e-01  5.773502691896257e-01	-3.955083929436755e+02 -3.955083929436755e+02  3.955083929436755e+02	1	0	0.000000000000000e+00	0.000000000000000e+00	0.000000000000000e+00
8	 0.000000000000000e+00 -7.071067811865475e-01 -7.071067811865475e-01	-5.773502691896257e-01  5.773502691896257e-01 -5.773502691896257e-01	 2.022325394193525e+02 -2.022325394193525e+02  2.022325394193525e+02	1	0	0.000000000000000e+00	0.000000000000000e+00	0.000000000000000e+00
9	-7.071067811865475e-01  0.000000000000000e+00  7.071067811865475e-01	-5.773502691896257e-01  5.773502691896257e-01 -5.773502691896257e-01	 7.132350399568309e+02 -7.132350399568309e+02  7.132350399568309e+02	1	0	0.000000000000000e+00	0.000000000000000e+00	0.000000000000000e+00
10	-7.071067811865475e-01 -7.071067811865475e-01  0.000000000000000e+00	-5.773502691896257e-01  5.773502691896257e-01  5.773502691896257e-01	-6.330962714223555e+02  6.330962714223555e+02  6.330962714223555e+02	1	0	0.000000000000000e+00	0.000000000000000e+00	0.000000000000000e+00
11	-7.071067811865475e-01 -7.071067811865475e-01  0.000000000000000e+00	0.000000000000000e+00 0.000000000000000e+00 0.000000000000000e+00	 2.192031021678289e+02 -4.907321061434643e+02  2.609224022578360e+03	1	1	0.000000000000000e+00	0.000000000000000e+00	0.000000000000000e+00
12	-7.071067811865475e-01 -7.071067811865475e-01  0.000000000000000e+00	-5.773502691896257e-01  5.773502691896257e-01  5.773502691896257e-01	-9.611938178929136e+02  9.611938178929136e+02  9.611938178929136e+02	1	0	0.000000000000000e+00	0.000000000000000e+00	0.000000000000000e+00
13	-7.071067811865475e-01  7.071067811865475e-01  0.000000000000000e+00	 5.773502691896257e-01  5.773502691896257e-01 -5.773502691896257e-01	-1.120999950441073e+03 -1.120999950441073e+03  1.120999950441073e+03	1	0	0.000000000000000e+00	0.000000000000000e+00	0.000000000000000e+00
14	-7.071067811865475e-01  7.071067811865475e-01  0.000000000000000e+00	0.000000000000000e+00 0.000000000000000e+00 0.000000000000000e+00	1.824335495461293e+02 3.747665940288732e+01 3.582910060272236e+03	1	1	0.000000000000000e+00	0.000000000000000e+00	0.000000000000000e+00
15	-7.071067811865475e-01  7.071067811865475e-01  0.000000000000000e+00	-5.773502691896257e-01 -5.773502691896257e-01  5.773502691896257e-01	-3.049987249517975e+02 -3.049987249517975e+02  3.049987249517975e+02	1	0	0.000000000000000e+00	0.000000000000000e+00	0.000000000000000e+00
16	 0.000000000000000e+00 -7.071067811865475e-01  7.071067811865475e-01	5.773502691896257e-01 5.773502691896257e-01 5.773502691896257e-01	1.080459161653044e+03 1.080459161653044e+03 1.080459161653044e+03	1	0	0.000000000000000e+00	0.000000000000000e+00	0.000000000000000e+00
17	 0.000000000000000e+00 -7.071067811865475e-01  7.071067811865475e-01	0.000000000000000e+00 0.000000000000000e+00 0.000000000000000e+00	 9.142890680742061e+02 -6.201326471006022e+02  2.947221063985530e+03	1	1	0.000000000000000e+00	0.000000000000000e+00	0.000000000000000e+00
18	 0.000000000000000e+00 -7.071067811865475e-01  7.071067811865475e-01	5.773502691896257e-01 5.773502691896257e-01 5.773502691896257e-01	8.626702730475879e+02 8.626702730475879e+02 8.626702730475879e+02	1	0	0.000000000000000e+00	0.000000000000000e+00	0.000000000000000e+00
19	 7.071067811865475e-01 -7.071067811865475e-01  0.000000000000000e+00	-5.773502691896257e-01 -5.773502691896257e-01 -5.773502691896257e-01	3.427110866150800e+02 3.427110866150800e+02 3.427110866150800e+02	1	0	0.000000000000000e+00	0.000000000000000e+00	0.000000000000000e+00
20	 7.071067811865475e-01 -7.071067811865475e-01  0.000000000000000e+00	0.000000000000000e+00 0.000000000000000e+00 0.000000000000000e+00	3.577960312803930e+02 7.283199846221450e+01 5.975052301026326e+02	1	1	0.000000000000000e+00	0.000000000000000e+00	0.000000000000000e+00
21	 7.071067811865475e-01 -7.071067811865475e-01  0.000000000000000e+00	-5.773502691896257e-01 -5.773502691896257e-01 -5.773502691896257e-01	6.128258770283411e+02 6.128258770283411e+02 6.128258770283411e+02	1	0	0.000000000000000e+00	0.000000000000000e+00	0.000000000000000e+00
22	-7.071067811865475e-01  0.000000000000000e+00 -7.071067811865475e-01	0.000000000000000e+00 0.000000000000000e+00 0.000000000000000e+00	1.000000000000000e+03 4.153257531310242e+02 4.000000000000000e+03	1	2	0.000000000000000e+00	0.000000000000000e+00	0.000000000000000e+00
23	-7.071067811865475e-01  0.000000000000000e+00 -7.071067811865475e-01	0.000000000000000e+00 0.000000000000000e+00 0.000000000000000e+00	1.000000000000000e+03 1.000000000000000e+03 3.415325753131025e+03	1	2	0.000000000000000e+00	0.000000000000000e+00	0.000000000000000e+00
25	-7.071067811865475e-01  0.000000000000000e+00  7.071067811865475e-01	0.000000000000000e+00 0.000000000000000e+00 0.000000000000000e+00	-1.000000000000000e+03 -1.000000000000000e+03  2.856711395993652e+03	1	2	0.000000000000000e+00	0.000000000000000e+00	0.000000000000000e+00
27	 0.000000000000000e+00  7.071067811865475e-01 -7.071067811865475e-01	0.000000000000000e+00 0.000000000000000e+00 0.000000000000000e+00	1.000000000000000e+03 1.000000000000000e+03 2.217486865801013e+03	1	2	0.000000000000000e+00	0.000000000000000e+00	0.000000000000000e+00
28	 0.000000000000000e+00  7.071067811865475e-01 -7.071067811865475e-01	0.000000000000000e+00 0.000000000000000e+00 0.000000000000000e+00	 1.000000000000000e+03 -7.825131341989875e+02  4.000000000000000e+03	1	2	0.000000000000000e+00	0.000000000000000e+00	0.000000000000000e+00
29	 0.000000000000000e+00  7.071067811865475e-01 -7.071067811865475e-01	0.000000000000000e+00 0.000000000000000e+00 0.000000000000000e+00	 7.825131341989878e+02 -1.000000000000000e+03  4.000000000000000e+03	1	2	0.000000000000000e+00	0.000000000000000e+00	0.000000000000000e+00
30	 0.000000000000000e+00  7.071067811865475e-01 -7.071067811865475e-01	0.000000000000000e+00 0.000000000000000e+00 0.000000000000000e+00	-5.934577703559823e+00 -1.000000000000000e+03  3.211552288097453e+03	1	2	0.000000000000000e+00	0.000000000000000e+00	0.000000000000000e+00
32	-7.071067811865475e-01  0.000000000000000e+00  7.071067811865475e-01	0.000000000000000e+00 0.000000000000000e+00 0.000000000000000e+00	 8.865608922057086e+02 -1.000000000000000e+03  0.000000000000000e+00	1	2	0.000000000000000e+00	0.000000000000000e+00	0.000000000000000e+00
33	-7.071067811865475e-01  0.000000000000000e+00  7.071067811865475e-01	0.000000000000000e+00 0.000000000000000e+00 0.000000000000000e+00	 1.630692916151614e+02 -1.000000000000000e+03  7.234916005905471e+02	1	2	0.000000000000000e+00	0.000000000000000e+00	0.000000000000000e+00
34	0.000000000000000e+00 7.071067811865475e-01 7.071067811865475e-01	0.000000000000000e+00 0.000000000000000e+00 0.000000000000000e+00	-4.320901935349040e+02 -1.000000000000000e+03  4.000000000000000e+03	1	2	0.000000000000000e+00	0.000000000000000e+00	0.000000000000000e+00
35	0.000000000000000e+00 7.071067811865475e-01 7.071067811865475e-01	0.000000000000000e+00 0.000000000000000e+00 0.000000000000000e+00	-2.935204266063135e+01 -1.000000000000000e+03  3.597261849125727e+03	1	2	0.000000000000000e+00	0.000000000000000e+00	0.000000000000000e+00
36	 7.071067811865475e-01 -7.071067811865475e-01  0.000000000000000e+00	0.000000000000000e+00 0.000000000000000e+00 0.000000000000000e+00	-1.000000000000000e+03  1.000000000000000e+03  2.001112190757930e+03	1	2	0.000000000000000e+00	0.000000000000000e+00	0.000000000000000e+00
37	 7.071067811865475e-01 -7.071067811865475e-01  0.000000000000000e+00	0.000000000000000e+00 0.000000000000000e+00 0.000000000000000e+00	-1.000000000000000e+03 -1.000000000000000e+03  1.112190757929056e+00	1	2	0.000000000000000e+00	0.000000000000000e+00	0.000000000000000e+00
39	 7.071067811865475e-01 -7.071067811865475e-01  0.000000000000000e+00	0.000000000000000e+00 0.000000000000000e+00 0.000000000000000e+00	-1.000000000000000e+03  4.343145750507622e+02  0.000000000000000e+00	1	2	0.000000000000000e+00	0.000000000000000e+00	0.000000000000000e+00
41	-7.071067811865475e-01  7.071067811865475e-01  0.000000000000000e+00	0.000000000000000e+00 0.000000000000000e+00 0.000000000000000e+00	1.000000000000000e+03 1.000000000000000e+03 3.186525178831027e+03	1	2	0.000000000000000e+00	0.000000000000000e+00	0.000000000000000e+00
42	-7.071067811865475e-01  7.071067811865475e-01  0.000000000000000e+00	0.000000000000000e+00 0.000000000000000e+00 0.000000000000000e+00	4.807136403511725e+02 1.000000000000000e+03 2.667238819182200e+03	1	2	0.000000000000000e+00	0.000000000000000e+00	0.000000000000000e+00
43	 0.000000000000000e+00 -7.071067811865475e-01 -7.071067811865475e-01	0.000000000000000e+00 0.000000000000000e+00 0.000000000000000e+00	1.000000000000000e+03 1.000000000000000e+03 6.066976182580577e+02	1	2	0.000000000000000e+00	0.000000000000000e+00	0.000000000000000e+00
44	 0.000000000000000e+00 -7.071067811865475e-01 -7.071067811865475e-01	0.000000000000000e+00 0.000000000000000e+00 0.000000000000000e+00	1.000000000000000e+03 3.933023817419428e+02 0.000000000000000e+00	1	2	0.000000000000000e+00	0.000000000000000e+00	0.000000000000000e+00
45	 0.000000000000000e+00 -7.071067811865475e-01 -7.071067811865475e-01	0.000000000000000e+00 0.000000000000000e+00 0.000000000000000e+00	7.229137212361452e+02 1.162161029780873e+02 0.000000000000000e+00	1	2	0.000000000000000e+00	0.000000000000000e+00	0.000000000000000e+00
46	-7.071067811865475e-01  0.000000000000000e+00  7.071067811865475e-01	0.000000000000000e+00 0.000000000000000e+00 0.000000000000000e+00	 1.000000000000000e+03 -1.000000000000000e+03  1.397051198704921e+02	1	2	0.000000000000000e+00	0.000000000000000e+00	0.000000000000000e+00
47	-7.071067811865475e-01  0.000000000000000e+00  7.071067811865475e-01	0.000000000000000e+00 0.000000000000000e+00 0.000000000000000e+00	-1.000000000000000e+03 -1.000000000000000e+03  2.139705119870493e+03	1	2	0.000000000000000e+00	0.000000000000000e+00	0.000000000000000e+00
48	-7.071067811865475e-01  0.000000000000000e+00  7.071067811865475e-01	0.000000000000000e+00 0.000000000000000e+00 0.000000000000000e+00	-1.000000000000000e+03  2.597595938380810e+02  3.399464713708573e+03	1	2	0.000000000000000e+00	0.000000000000000e+00	0.000000000000000e+00
49	-7.071067811865475e-01  7.071067811865475e-01  0.000000000000000e+00	5.773502691896257e-01 5.773502691896257e-01 5.773502691896257e-01	8.626702730475879e+02 8.626702730475879e+02 8.626702730475879e+02	1	0	0.000000000000000e+00	0.000000000000000e+00	0.000000000000000e+00
50	 0.000000000000000e+00 -7.071067811865475e-01 -7.071067811865475e-01	-5.773502691896257e-01 -5.773502691896257e-01  5.773502691896257e-01	-1.120999950441073e+03 -1.120999950441073e+03  1.120999950441073e+03	1	0	0.000000000000000e+00	0.000000000000000e+00	0.000000000000000e+00
53	 7.071067811865475e-01 -7.071067811865475e-01  0.000000000000000e+00	5.773502691896257e-01 5.773502691896257e-01 5.773502691896257e-01	8.626702730475879e+02 8.626702730475879e+02 8.626702730475879e+02	1	0	0.000000000000000e+00	0.000000000000000e+00	0.000000000000000e+00
54	-7.071067811865475e-01  0.000000000000000e+00 -7.071067811865475e-01	-5.773502691896257e-01  5.773502691896257e-01  5.773502691896257e-01	-1.138441917710341e+03  1.138441917710341e+03  1.138441917710341e+03	1	0	0.000000000000000e+00	0.000000000000000e+00	0.000000000000000e+00
55	-7.071067811865475e-01  0.000000000000000e+00 -7.071067811865475e-01	0.000000000000000e+00 0.000000000000000e+00 0.000000000000000e+00	1.000000000000000e+03 1.000000000000000e+03 3.415325753131025e+03	1	2	0.000000000000000e+00	0.000000000000000e+00	0.000000000000000e+00
56	 7.071067811865475e-01 -7.071067811865475e-01  0.000000000000000e+00	-5.773502691896257e-01 -5.773502691896257e-01 -5.773502691896257e-01	-1.885618083164127e+02 -1.885618083164127e+02 -1.885618083164127e+02	1	0	0.000000000000000e+00	0.000000000000000e+00	0.000000000000000e+00
57	 7.071067811865475e-01 -7.071067811865475e-01  0.000000000000000e+00	0.000000000000000e+00 0.000000000000000e+00 0.000000000000000e+00	-1.000000000000000e+03  4.343145750507622e+02  0.000000000000000e+00	1	2	0.000000000000000e+00	0.000000000000000e+00	0.000000000000000e+00
60	-7.071067811865475e-01  7.071067811865475e-01  0.000000000000000e+00	0.000000000000000e+00 0.000000000000000e+00 0.000000000000000e+00	1.000000000000000e+03 7.540462549956319e+02 2.669042429851025e+03	1	2	0.000000000000000e+00	0.000000000000000e+00	0.000000000000000e+00
61	 7.071067811865475e-01 -7.071067811865475e-01  0.000000000000000e+00	0.000000000000000e+00 0.000000000000000e+00 0.000000000000000e+00	-1.000000000000000e+03 -1.000000000000000e+03  1.112190757929056e+00	1	2	0.000000000000000e+00	0.000000000000000e+00	0.000000000000000e+00
62	-7.071067811865475e-01  0.000000000000000e+00  7.071067811865475e-01	 5.773502691896257e-01 -5.773502691896257e-01  5.773502691896257e-01	 9.522371319978838e+02 -9.522371319978838e+02  9.522371319978838e+02	1	0	0.000000000000000e+00	0.000000000000000e+00	0.000000000000000e+00
64	-7.071067811865475e-01  0.000000000000000e+00  7.071067811865475e-01	0.000000000000000e+00 0.000000000000000e+00 0.000000000000000e+00	-1.000000000000000e+03 -1.000000000000000e+03  2.856711395993652e+03	1	2	0.000000000000000e+00	0.000000000000000e+00	0.000000000000000e+00
65	 7.071067811865475e-01  0.000000000000000e+00 -7.071067811865475e-01	0.000000000000000e+00 0.000000000000000e+00 0.000000000000000e+00	 1.000000000000000e+03 -8.865608922057086e+02  0.000000000000000e+00	1	2	0.000000000000000e+00	0.000000000000000e+00	0.000000000000000e+00
54	0	1	1
22	1	0	1
22	0	205	-1
54	481	0	0
54	1	2	1
23	2	1	1
22	206	1	-1
23	1	206	-1
23	207	2	-1
55	2	207	-1
54	2	538	1
55	538	2	1
62	4	5	1
25	5	4	1
25	4	209	-1
62	572	4	0
25	210	5	-1
64	5	210	-1
62	5	514	1
64	514	5	1
2	7	8	1
27	8	7	1
27	7	212	-1
2	428	7	0
2	8	9	1
28	9	8	1
27	213	8	-1
28	8	213	-1
2	9	10	1
29	10	9	1
28	214	9	-1
29	9	214	-1
2	10	11	1
30	11	10	1
29	215	10	-1
30	10	215	-1
30	216	11	-1
2	11	429	0
3	13	14	1
32	14	13	1
32	13	218	-1
65	13	218	-1
3	539	13	1
65	539	13	1
3	14	15	1
33	15	14	1
32	219	14	-1
33	14	219	-1
33	220	15	-1
3	15	327	0
4	16	17	1
34	17	16	1
34	16	221	-1
4	328	16	0
4	17	18	1
35	18	17	1
34	222	17	-1
35	17	222	-1
35	223	18	-1
4	18	329	0
5	19	20	1
36	20	19	1
36	19	224	-1
5	484	19	0
5	20	21	1
37	21	20	1
36	225	20	-1
37	20	225	-1
37	226	21	-1
61	21	226	-1
5	21	485	1
61	485	21	1
56	23	24	1
39	24	23	1
39	23	228	-1
56	432	23	0
39	229	24	-1
57	24	229	-1
56	24	433	1
57	433	24	1
7	26	27	1
41	27	26	1
41	26	231	-1
7	334	26	0
7	27	28	1
42	28	27	1
41	232	27	-1
42	27	232	-1
42	233	28	-1
7	28	335	0
8	29	30	1
43	30	29	1
43	29	234	-1
8	425	29	0
8	30	31	1
44	31	30	1
43	235	30	-1
44	30	235	-1
8	31	32	1
45	32	31	1
44	236	31	-1
45	31	236	-1
45	237	32	-1
8	32	487	0
9	33	34	1
46	34	33	1
46	33	238	-1
9	436	33	0
9	34	35	1
47	35	34	1
46	239	34	-1
47	34	239	-1
9	35	36	1
48	36	35	1
47	240	35	-1
48	35	240	-1
48	241	36	-1
9	36	437	0
10	37	38	0
11	38	37	0
11	37	40	0
10	340	37	0
11	39	38	0
10	38	341	0
11	40	39	0
12	39	40	0
12	342	39	0
12	40	343	0
10	41	344	0
10	345	41	0
12	42	346	0
12	347	42	0
13	43	44	0
14	44	43	0
14	43	46	0
13	348	43	0
14	45	44	0
13	44	452	0
14	46	45	0
15	45	46	0
15	350	45	0
15	46	351	0
13	47	243	0
13	353	47	0
15	48	354	0
15	355	48	0
16	49	50	0
17	50	49	0
17	49	52	0
16	356	49	0
17	51	50	0
16	50	357	0
17	52	51	0
18	51	52	0
18	358	51	0
18	52	551	0
16	53	360	0
16	361	53	0
18	54	362	0
18	363	54	0
19	55	56	0
20	56	55	0
20	55	58	0
19	364	55	0
20	57	56	0
19	56	365	0
20	58	57	0
21	57	58	0
21	366	57	0
21	58	367	0
19	59	368	0
19	369	59	0
21	60	370	0
21	371	60	0
22	205	206	-1
23	206	207	-1
55	207	566	-1
25	209	210	-1
64	210	580	-1
27	212	213	-1
28	213	214	-1
29	214	215	-1
30	215	216	-1
32	218	219	-1
65	218	581	-1
33	219	220	-1
34	221	222	-1
35	222	223	-1
36	224	225	-1
37	225	226	-1
61	226	577	-1
39	228	229	-1
57	229	568	-1
41	231	232	-1
42	232	233	-1
43	234	235	-1
44	235	236	-1
45	236	237	-1
46	238	239	-1
47	239	240	-1
48	240	241	-1
54	242	488	0
54	489	242	0
62	243	440	0
62	441	243	0
13	243	441	0
2	244	545	0
2	549	244	0
3	245	378	0
3	379	245	0
4	246	380	0
4	381	246	0
5	247	492	0
5	493	247	0
56	248	446	0
56	447	248	0
7	249	386	0
7	387	249	0
8	250	494	0
8	542	250	0
9	251	450	0
9	537	251	0
10	252	392	0
10	393	252	0
10	253	315	0
10	394	253	0
12	254	396	0
12	397	254	0
12	398	255	0
12	255	399	0
13	256	400	0
13	441	256	0
13	402	257	0
13	257	403	0
15	258	404	0
15	405	258	0
15	406	259	0
15	259	407	0
16	260	408	0
16	409	260	0
16	410	261	0
16	261	411	0
18	413	262	0
2	413	262	0
18	262	574	0
2	262	578	0
18	414	263	0
18	263	415	0
19	417	264	0
19	264	584	0
19	418	265	0
19	265	419	0
21	266	420	0
21	421	266	0
21	422	267	0
21	267	423	0
13	268	297	0
54	268	452	0
13	452	268	0
50	452	268	0
54	453	268	0
50	268	554	0
54	496	269	0
54	269	497	0
62	270	414	0
62	499	270	0
62	500	271	0
62	271	501	0
2	272	460	0
2	562	272	0
3	274	326	0
3	378	274	0
3	327	275	0
3	275	379	0
4	276	328	0
4	380	276	0
4	329	277	0
4	277	381	0
5	278	502	0
5	503	278	0
5	504	279	0
5	279	505	0
56	280	468	0
56	469	280	0
56	470	281	0
56	281	471	0
7	282	334	0
7	386	282	0
7	335	283	0
7	283	387	0
8	284	506	0
8	507	284	0
8	540	285	0
8	285	543	0
9	286	476	0
9	547	286	0
9	478	287	0
9	287	479	0
10	288	340	0
10	392	288	0
10	341	289	0
10	289	394	0
12	290	342	0
12	396	290	0
12	343	291	0
12	291	398	0
10	344	292	0
10	292	393	0
10	315	293	0
10	293	345	0
12	346	294	0
12	294	397	0
12	295	347	0
12	399	295	0
13	296	348	0
13	400	296	0
13	297	402	0
15	298	350	1
60	350	298	1
15	404	298	0
60	298	576	-1
15	351	299	0
15	299	406	0
13	301	353	0
13	403	301	0
15	354	302	0
15	302	405	0
15	303	355	0
15	407	303	0
16	304	356	0
16	408	304	0
16	357	305	0
16	305	410	0
18	306	358	0
18	412	306	0
18	359	307	0
62	307	359	0
49	359	307	0
18	307	414	0
62	414	307	0
53	414	307	0
49	307	553	0
53	307	563	0
16	360	308	0
16	308	409	0
16	309	361	0
16	411	309	0
18	310	413	0
18	575	310	0
18	311	363	0
18	415	311	0
19	312	364	0
19	416	312	0
19	365	313	0
19	313	418	0
21	314	366	0
21	420	314	0
21	367	315	0
21	315	422	0
19	368	316	0
19	316	417	0
19	317	369	0
19	419	317	0
21	370	318	0
21	318	421	0
21	319	371	0
21	423	319	0
54	320	508	0
54	509	320	0
54	510	321	0
54	321	511	0
62	514	323	0
62	323	515	0
2	324	428	0
2	460	324	0
2	325	413	0
2	429	325	0
3	326	539	0
5	330	516	0
5	517	330	0
5	518	331	0
5	331	519	0
56	332	432	0
56	468	332	0
56	433	333	0
56	333	470	0
8	336	520	0
8	521	336	0
8	337	474	0
8	522	337	0
9	476	338	0
9	338	548	0
9	437	339	0
9	339	478	0
60	564	350	-1
18	551	359	0
49	553	359	0
62	359	572	0
18	362	575	0
54	523	372	0
54	372	524	0
54	373	439	0
54	526	373	0
62	527	374	0
62	374	528	0
62	375	441	0
62	530	375	0
2	376	461	0
2	544	376	0
2	377	443	0
2	578	377	0
5	531	382	0
5	382	532	0
5	383	533	0
5	534	383	0
56	446	384	0
56	384	469	0
56	385	447	0
56	471	385	0
8	535	388	0
8	388	536	0
8	541	389	0
8	389	546	0
9	450	390	0
9	390	477	0
9	552	391	0
9	391	573	0
18	558	412	0
53	563	414	0
19	584	416	0
54	424	481	0
54	508	424	0
8	434	425	0
54	425	510	0
54	538	425	0
5	430	484	0
5	516	430	0
5	485	431	0
5	431	518	0
57	568	433	-1
8	520	434	0
8	487	435	0
8	435	522	0
9	548	436	0
54	488	438	0
54	438	523	0
54	439	489	0
9	439	537	0
9	573	439	0
62	440	527	0
2	442	544	0
2	545	442	0
2	443	549	0
5	492	444	0
5	444	531	0
5	445	493	0
5	533	445	0
8	494	448	0
8	448	535	0
8	449	542	0
8	546	449	0
54	452	509	0
50	554	452	0
54	524	453	0
54	454	496	0
54	511	454	0
54	497	455	0
54	455	526	0
62	457	499	0
62	528	457	0
62	458	500	0
62	515	458	0
62	501	459	0
62	459	530	0
2	461	562	0
5	502	464	0
5	464	517	0
5	465	503	0
5	532	465	0
5	466	504	0
5	519	466	0
5	505	467	0
5	467	534	0
8	506	472	0
8	472	521	0
8	473	507	0
8	536	473	0
8	474	540	0
8	475	541	0
8	543	475	0
9	477	547	0
9	479	552	0
61	577	485	-1
64	580	514	-1
55	566	538	-1
65	581	539	-1
18	574	558	0
60	576	564	-1
