361
55
472
0	 4.093269522783876e+02 -1.753472945905883e+02  4.000000000000000e+03	 2.946860156953335e-03  2.946860156953335e-03 -1.627719390848398e-19	1.000000000000000e+00	722	1	0
1	1.000000000000000e+03 4.153257531310242e+02 4.000000000000000e+03	0.000000000000000e+00 0.000000000000000e+00 0.000000000000000e+00	1.000000000000000e+00	722	1	1
2	1.000000000000000e+03 1.000000000000000e+03 3.415325753131025e+03	0.000000000000000e+00 0.000000000000000e+00 0.000000000000000e+00	1.000000000000000e+00	722	1	2
4	-1.000000000000000e+03 -1.472696204127778e+02  3.709441775580874e+03	-6.682558705506381e-06 -2.444445453875232e-05 -1.776189674274065e-05	1.000000000000000e+00	722	1	4
5	-1.000000000000000e+03 -1.000000000000000e+03  2.856711395993652e+03	0.000000000000000e+00 0.000000000000000e+00 0.000000000000000e+00	1.000000000000000e+00	722	1	5
7	6.450612725042895e+02 1.000000000000000e+03 1.862548138305302e+03	 2.782557159662247e-03 -2.098831831528185e-19  2.782557159662247e-03	1.000000000000000e+00	722	1	7
8	1.000000000000000e+03 1.000000000000000e+03 2.217486865801013e+03	0.000000000000000e+00 0.000000000000000e+00 0.000000000000000e+00	1.000000000000000e+00	722	1	8
9	 1.000000000000000e+03 -7.825131341989875e+02  4.000000000000000e+03	0.000000000000000e+00 0.000000000000000e+00 0.000000000000000e+00	1.000000000000000e+00	722	1	9
10	 7.825131341989878e+02 -1.000000000000000e+03  4.000000000000000e+03	0.000000000000000e+00 0.000000000000000e+00 0.000000000000000e+00	1.000000000000000e+00	722	1	10
13	 1.000000000000000e+03 -8.865608922057086e+02  0.000000000000000e+00	0.000000000000000e+00 0.000000000000000e+00 0.000000000000000e+00	1.000000000000000e+00	679	1	13
14	 8.865608922057086e+02 -1.000000000000000e+03  0.000000000000000e+00	0.000000000000000e+00 0.000000000000000e+00 0.000000000000000e+00	1.000000000000000e+00	679	1	14
15	 3.445815116075663e+02 -1.000000000000000e+03  5.419793805981423e+02	 9.825098502915354e-03  5.653178998853359e-18 -9.825098502915351e-03	1.000000000000000e+00	679	1	15
17	-4.320901935349040e+02 -1.000000000000000e+03  4.000000000000000e+03	0.000000000000000e+00 0.000000000000000e+00 0.000000000000000e+00	1.000000000000000e+00	684	1	17
18	-1.026367529966041e+02 -1.000000000000000e+03  3.670546559461700e+03	-6.505172234028578e-03  9.572054789477393e-19  6.505172234028579e-03	1.000000000000000e+00	684	1	18
20	-1.000000000000000e+03  1.000000000000000e+03  2.001112190757930e+03	0.000000000000000e+00 0.000000000000000e+00 0.000000000000000e+00	1.000000000000000e+00	722	1	20
21	-1.000000000000000e+03 -1.000000000000000e+03  1.112190757929056e+00	0.000000000000000e+00 0.000000000000000e+00 0.000000000000000e+00	1.000000000000000e+00	722	1	21
23	-1.000000000000000e+03 -2.740295584271194e+02  7.083441334778815e+02	 7.874048549379885e-19  5.635826382786036e-03 -5.635826382786036e-03	1.000000000000000e+00	643	1	23
24	-1.000000000000000e+03  4.343145750507622e+02  0.000000000000000e+00	0.000000000000000e+00 0.000000000000000e+00 0.000000000000000e+00	1.000000000000000e+00	643	1	24
27	1.000000000000000e+03 1.000000000000000e+03 3.186525178831027e+03	0.000000000000000e+00 0.000000000000000e+00 0.000000000000000e+00	1.000000000000000e+00	757	1	27
28	6.730722375924826e+02 1.000000000000000e+03 2.859597416423510e+03	 9.939210256561637e-03 -9.327193023565133e-19  9.939210256561637e-03	1.000000000000000e+00	757	1	28
30	1.000000000000000e+03 1.000000000000000e+03 6.066976182580577e+02	0.000000000000000e+00 0.000000000000000e+00 0.000000000000000e+00	1.000000000000000e+00	739	1	30
31	1.000000000000000e+03 3.933023817419428e+02 0.000000000000000e+00	0.000000000000000e+00 0.000000000000000e+00 0.000000000000000e+00	1.000000000000000e+00	739	1	31
32	9.017487287357269e+02 2.950511104776690e+02 0.000000000000000e+00	1.051867706701159e-02 1.051867706701159e-02 4.570454456495592e-19	1.000000000000000e+00	739	1	32
33	1.000000000000000e+03 9.936209796275825e+02 2.133326099498075e+03	-3.173426536634298e-19  6.846496369689703e-03  6.846496369689703e-03	1.000000000000000e+00	722	1	33
34	 1.000000000000000e+03 -1.000000000000000e+03  1.397051198704921e+02	0.000000000000000e+00 0.000000000000000e+00 0.000000000000000e+00	1.000000000000000e+00	722	1	34
35	-1.000000000000000e+03 -1.000000000000000e+03  2.139705119870493e+03	0.000000000000000e+00 0.000000000000000e+00 0.000000000000000e+00	1.000000000000000e+00	722	1	35
36	-1.000000000000000e+03  2.100128286440665e+02  3.349717948514558e+03	-7.416800584339248e-21  3.229120047762990e-04  3.229120047762990e-04	1.000000000000000e+00	722	1	36
37	-5.395224740453357e+02  2.679934700697016e+02  1.091772870152029e+03	0.000000000000000e+00 0.000000000000000e+00 0.000000000000000e+00	1.000000000000000e+00	743	0	37
38	 2.192031021678290e+02 -4.907321061434644e+02  2.609224022578360e+03	0.000000000000000e+00 0.000000000000000e+00 0.000000000000000e+00	1.000000000000000e+00	743	0	38
39	-1.088944443027283e+02 -1.626345596729053e+02  2.937321569048918e+03	0.000000000000000e+00 0.000000000000000e+00 0.000000000000000e+00	1.000000000000000e+00	743	0	39
40	-8.676200205158938e+02  5.960910165402597e+02  1.419870416622587e+03	0.000000000000000e+00 0.000000000000000e+00 0.000000000000000e+00	1.000000000000000e+00	743	0	40
41	-9.332990683941816e+01 -5.470495345387985e+01  1.860663860881528e+03	-1.260241595446132e-03 -1.066072043613531e-03 -1.941695518326015e-04	1.000000000000000e+00	743	0	41
42	-6.174537233915115e+02  1.706091499913922e+01  2.249066815288090e+03	-6.672231480479240e-03 -1.519167236983776e-02  8.519440889358521e-03	1.000000000000000e+00	743	0	42
43	-6.102331521639902e+02 -7.551900423072325e+02  1.997576656851997e+03	0.000000000000000e+00 0.000000000000000e+00 0.000000000000000e+00	1.000000000000000e+00	722	0	43
44	1.824335495461295e+02 3.747665940288720e+01 3.582910060272236e+03	0.000000000000000e+00 0.000000000000000e+00 0.000000000000000e+00	1.000000000000000e+00	722	0	44
45	9.984347750354049e+02 8.534778848921627e+02 2.766908834782960e+03	0.000000000000000e+00 0.000000000000000e+00 0.000000000000000e+00	1.000000000000000e+00	722	0	45
46	2.057680733252845e+02 6.081118318204407e+01 1.181575431362721e+03	0.000000000000000e+00 0.000000000000000e+00 0.000000000000000e+00	1.000000000000000e+00	722	0	46
48	8.946442723415848e+02 1.059046256496101e+01 1.820230909761938e+03	 3.345041768625379e-03 -7.230641320347786e-03 -3.885599551722408e-03	1.000000000000000e+00	722	0	48
49	-7.756961389616431e+02  2.248599564173224e+02  3.792213667503454e+03	0.000000000000000e+00 0.000000000000000e+00 0.000000000000000e+00	1.000000000000000e+00	722	0	49
50	 9.142890680742061e+02 -6.201326471006022e+02  2.947221063985530e+03	0.000000000000000e+00 0.000000000000000e+00 0.000000000000000e+00	1.000000000000000e+00	722	0	50
51	 6.965001794687494e+02 -8.379215357060586e+02  2.729432175380073e+03	0.000000000000000e+00 0.000000000000000e+00 0.000000000000000e+00	1.000000000000000e+00	722	0	51
52	-9.934850275670996e+02  7.071067811866257e+00  3.574424778897997e+03	0.000000000000000e+00 0.000000000000000e+00 0.000000000000000e+00	1.000000000000000e+00	722	0	52
53	 6.558994042302483e+01 -2.103227272448952e+02  3.386110271781004e+03	-4.242845461703837e-04 -8.655600831843913e-04  1.289844629354775e-03	1.000000000000000e+00	722	0	53
54	-1.751166225029523e+02 -5.760556088461155e+02  3.339183050491832e+03	-6.288296863203868e-04 -2.237102598883212e-04  8.525399462087080e-04	7.500000000000000e-01	722	0	54
55	-3.705239533417505e+02 -6.554879861599293e+02  2.054145199346920e+03	0.000000000000000e+00 0.000000000000000e+00 0.000000000000000e+00	1.000000000000000e+00	743	0	55
56	3.577960312803930e+02 7.283199846221450e+01 5.975052301026326e+02	0.000000000000000e+00 0.000000000000000e+00 0.000000000000000e+00	1.000000000000000e+00	743	0	56
57	6.279108216936542e+02 3.429467888754754e+02 8.676200205158938e+02	0.000000000000000e+00 0.000000000000000e+00 0.000000000000000e+00	1.000000000000000e+00	743	0	57
58	-1.004091629284902e+02 -3.853731957466687e+02  2.324259989760182e+03	0.000000000000000e+00 0.000000000000000e+00 0.000000000000000e+00	1.000000000000000e+00	743	0	58
59	 4.462478879266972e+02 -5.690229721031241e+02  1.150908344021667e+03	 1.301095463956396e-02 -7.145893139143785e-03 -5.865061500420173e-03	1.000000000000000e+00	743	0	59
60	2.388894694458091e+02 4.585418316885455e+00 1.595002743322329e+03	 1.048575844227647e-03 -1.288872454703475e-03  2.402966104758282e-04	1.000000000000000e+00	743	0	60
205	 4.093269522783876e+02 -1.753472945905883e+02  4.500000000000000e+03	0.000000000000000e+00 0.000000000000000e+00 0.000000000000000e+00	1.000000000000000e+00	722	-1	0
206	1.353553390593274e+03 4.153257531310242e+02 4.353553390593273e+03	0.000000000000000e+00 0.000000000000000e+00 0.000000000000000e+00	1.000000000000000e+00	722	-1	1
207	1.353553390593274e+03 1.353553390593274e+03 3.415325753131025e+03	0.000000000000000e+00 0.000000000000000e+00 0.000000000000000e+00	1.000000000000000e+00	722	-1	2
209	-1.500000000000000e+03 -1.472696204127778e+02  3.709441775580874e+03	0.000000000000000e+00 0.000000000000000e+00 0.000000000000000e+00	1.000000000000000e+00	722	-1	4
210	-1.353553390593274e+03 -1.353553390593274e+03  2.856711395993652e+03	0.000000000000000e+00 0.000000000000000e+00 0.000000000000000e+00	1.000000000000000e+00	722	-1	5
212	6.450612725042895e+02 1.500000000000000e+03 1.862548138305302e+03	0.000000000000000e+00 0.000000000000000e+00 0.000000000000000e+00	1.000000000000000e+00	722	-1	7
213	1.353553390593274e+03 1.353553390593274e+03 2.217486865801013e+03	0.000000000000000e+00 0.000000000000000e+00 0.000000000000000e+00	1.000000000000000e+00	722	-1	8
214	 1.353553390593274e+03 -7.825131341989875e+02  4.353553390593273e+03	0.000000000000000e+00 0.000000000000000e+00 0.000000000000000e+00	1.000000000000000e+00	722	-1	9
215	 7.825131341989878e+02 -1.353553390593274e+03  4.353553390593273e+03	0.000000000000000e+00 0.000000000000000e+00 0.000000000000000e+00	1.000000000000000e+00	722	-1	10
218	 1.353553390593274e+03 -8.865608922057086e+02 -3.535533905932737e+02	0.000000000000000e+00 0.000000000000000e+00 0.000000000000000e+00	1.000000000000000e+00	679	-1	13
219	 8.865608922057086e+02 -1.353553390593274e+03 -3.535533905932737e+02	0.000000000000000e+00 0.000000000000000e+00 0.000000000000000e+00	1.000000000000000e+00	679	-1	14
220	 3.445815116075663e+02 -1.500000000000000e+03  5.419793805981423e+02	0.000000000000000e+00 0.000000000000000e+00 0.000000000000000e+00	1.000000000000000e+00	679	-1	15
222	-4.320901935349040e+02 -1.353553390593274e+03  4.353553390593273e+03	0.000000000000000e+00 0.000000000000000e+00 0.000000000000000e+00	1.000000000000000e+00	684	-1	17
223	-1.026367529966041e+02 -1.500000000000000e+03  3.670546559461700e+03	0.000000000000000e+00 0.000000000000000e+00 0.000000000000000e+00	1.000000000000000e+00	684	-1	18
225	-1.353553390593274e+03  1.353553390593274e+03  2.001112190757930e+03	0.000000000000000e+00 0.000000000000000e+00 0.000000000000000e+00	1.000000000000000e+00	722	-1	20
226	-1.353553390593274e+03 -1.353553390593274e+03  1.112190757929058e+00	0.000000000000000e+00 0.000000000000000e+00 0.000000000000000e+00	1.000000000000000e+00	722	-1	21
228	-1.500000000000000e+03 -2.740295584271194e+02  7.083441334778815e+02	0.000000000000000e+00 0.000000000000000e+00 0.000000000000000e+00	1.000000000000000e+00	643	-1	23
229	-1.353553390593274e+03  4.343145750507622e+02 -3.535533905932737e+02	0.000000000000000e+00 0.000000000000000e+00 0.000000000000000e+00	1.000000000000000e+00	643	-1	24
232	1.353553390593274e+03 1.353553390593274e+03 3.186525178831027e+03	0.000000000000000e+00 0.000000000000000e+00 0.000000000000000e+00	1.000000000000000e+00	757	-1	27
233	6.730722375924826e+02 1.500000000000000e+03 2.859597416423510e+03	0.000000000000000e+00 0.000000000000000e+00 0.000000000000000e+00	1.000000000000000e+00	757	-1	28
235	1.353553390593274e+03 1.353553390593274e+03 6.066976182580577e+02	0.000000000000000e+00 0.000000000000000e+00 0.000000000000000e+00	1.000000000000000e+00	739	-1	30
236	 1.353553390593274e+03  3.933023817419428e+02 -3.535533905932737e+02	0.000000000000000e+00 0.000000000000000e+00 0.000000000000000e+00	1.000000000000000e+00	739	-1	31
237	 9.017487287357269e+02  2.950511104776690e+02 -5.000000000000000e+02	0.000000000000000e+00 0.000000000000000e+00 0.000000000000000e+00	1.000000000000000e+00	739	-1	32
238	1.500000000000000e+03 9.936209796275825e+02 2.133326099498075e+03	0.000000000000000e+00 0.000000000000000e+00 0.000000000000000e+00	1.000000000000000e+00	722	-1	33
239	 1.353553390593274e+03 -1.353553390593274e+03  1.397051198704921e+02	0.000000000000000e+00 0.000000000000000e+00 0.000000000000000e+00	1.000000000000000e+00	722	-1	34
240	-1.353553390593274e+03 -1.353553390593274e+03  2.139705119870493e+03	0.000000000000000e+00 0.000000000000000e+00 0.000000000000000e+00	1.000000000000000e+00	722	-1	35
241	-1.500000000000000e+03  2.100128286440665e+02  3.349717948514558e+03	0.000000000000000e+00 0.000000000000000e+00 0.000000000000000e+00	1.000000000000000e+00	722	-1	36
242	-4.603879759237374e+01  4.203171745655821e+02  2.948969780973068e+03	1.357976230792701e-03 7.371614337898791e-04 6.208147970028222e-04	1.000000000000000e+00	722	0	242
245	 6.956097813119208e+02 -7.598964334733677e+02  4.310546774204200e+02	 4.106833289066950e-03 -8.307904625932375e-03 -1.241473791499933e-02	1.000000000000000e+00	679	0	245
247	2.666514778337223e+02 1.356615174585788e+02 2.403425186050230e+03	-2.086144173517823e-03  1.291779219172895e-03 -7.943649543449283e-04	1.000000000000000e+00	722	0	247
248	-3.922492429211935e+02 -3.919620939654214e+02  2.185259119373770e+02	-6.378086283802986e-03  1.704346761107445e-02 -1.066538132727146e-02	1.000000000000000e+00	643	0	248
249	9.001751592869821e+02 7.119576525720714e+02 2.798657990690080e+03	1.300879598905643e-02 4.190706958373387e-03 1.719950294742982e-02	1.000000000000000e+00	757	0	249
250	3.165764858150674e+02 7.701996592294444e+02 1.060320791672435e+03	 1.200046473726009e-02  1.122514447585369e-02 -7.753202614064016e-04	1.000000000000000e+00	739	0	250
251	2.328237309449591e+00 5.875091048442282e+02 2.724885987405271e+03	-3.625319610970715e-04  1.803669855386640e-03  2.166201816483711e-03	1.000000000000000e+00	722	0	251
252	-2.510279703995628e+02  1.850418051650566e+02  1.463219038702447e+03	-1.703267354362955e-03 -1.883155530473838e-03  1.798881761108836e-04	1.000000000000000e+00	743	0	252
253	 2.433309039334647e+01 -3.030543206208598e+02  2.226676225281273e+03	 2.027687674853951e-03  2.907170623075217e-03 -8.794829482212663e-04	1.000000000000000e+00	743	0	253
254	-2.727866174752485e+02  4.570823427371577e+01  2.565086601929776e+03	-3.663357812911272e-03 -7.461367174983025e-03  3.798009362071753e-03	1.000000000000000e+00	743	0	254
255	-1.000000000000000e+03  4.171845883114289e+01  1.841862994847598e+03	 2.954894926633570e-18 -7.461611938197166e-03  7.461611938197166e-03	1.000000000000000e+00	743	1	255
257	-1.553739814215851e+02 -3.962947338985149e+01  3.167996396511783e+03	-1.384341963178789e-03  1.135515058801199e-03 -2.488269043775896e-04	1.000000000000000e+00	722	0	257
259	5.002231347413936e+02 9.001735335955502e+01 1.505236662956341e+03	 3.982613328844309e-03 -1.123938336968422e-02 -7.256770040839911e-03	1.000000000000000e+00	722	0	259
260	-3.463036149606449e+02  1.351089371955316e+02  3.452572162724247e+03	-2.287916504428721e-05  6.175966136652278e-04 -5.947174486209406e-04	1.000000000000000e+00	722	0	260
261	 4.820801905906471e+02 -4.747873004567505e+02  3.234084594825237e+03	-5.538420858404910e-05 -6.296352815600889e-04  6.850194901441379e-04	1.000000000000000e+00	722	0	261
262	1.852619766708758e+02 1.146121574472641e+02 2.288136685024625e+03	-5.709431133627480e-18  1.880958443507511e-04 -1.880958443507593e-04	1.000000000000000e+00	722	0	262
263	-4.042787873134509e+02 -1.921208763435215e+02  3.184410482799736e+03	 6.805311577409157e-04 -2.507974022591951e-05 -6.554514175149961e-04	5.625000000000000e-01	722	0	263
265	 4.352480196069827e+02 -2.807069099366812e+02  8.735921501749386e+02	 7.556343916803598e-03 -3.116117790341378e-03 -4.440226126462221e-03	1.000000000000000e+00	743	0	265
266	4.239592227241898e+02 1.799970920240578e+02 1.234521316336776e+03	 2.202240779297426e-03 -1.881236996268854e-03 -3.210037830285729e-04	1.000000000000000e+00	743	0	266
267	-4.977622262893805e+00 -1.246506746821737e+02  1.968105928030091e+03	 1.532523462628888e-03 -1.620098127204983e-03  8.757466457609556e-05	5.625000000000000e-01	743	0	267
268	-1.214897788623409e+02  2.616295090390244e+01  3.267673023364781e+03	-4.085707478225231e-03  3.249157529665085e-19 -4.085707478225231e-03	1.000000000000000e+00	722	0	268
269	-1.789792934057081e+02  7.978062036607719e+02  2.438540256064544e+03	4.865296185016632e-03 3.390199504792690e-03 1.475096680223942e-03	1.000000000000000e+00	722	0	269
272	3.763214024072251e+02 4.929411060079414e+02 2.100867162200296e+03	-7.337729906187936e-04  1.394323893085433e-05 -7.477162295496479e-04	1.000000000000000e+00	722	0	272
274	 9.556913503940929e+02 -5.307897708408648e+02  4.000797709707508e+02	 4.418425218318589e-03 -1.693438680376857e-04 -4.587769086356275e-03	1.000000000000000e+00	679	0	274
275	 4.367658250081837e+02 -9.521026295050647e+02  4.976924376924601e+02	-1.327072735875845e-03 -5.796349607408047e-03 -4.469276871532202e-03	1.000000000000000e+00	679	0	275
277	-9.772779210640631e+01 -8.566444195717098e+02  3.808993178999793e+03	-7.529417518526316e-03 -3.669679397717118e-03  3.859738120809197e-03	1.000000000000000e+00	684	0	277
278	4.464614066018058e+02 5.528473150897961e+02 3.000420912449531e+03	-6.768530157084267e-03  3.986348941301306e-03 -2.782181215782960e-03	1.000000000000000e+00	722	0	278
279	 2.998817772723501e+02 -4.985294426988762e+02  1.802464525331404e+03	-2.033437563416858e-03  4.510458481187622e-04 -1.582391715298096e-03	1.000000000000000e+00	722	0	279
280	-6.938383142563209e+02 -3.328263228378688e+02  4.609792121449518e+02	-3.742068695525328e-03  1.219820122544964e-02 -8.456132529924313e-03	1.000000000000000e+00	643	0	280
281	-8.624603442033069e+01 -4.794393905289071e+02  0.000000000000000e+00	-2.842558082193136e-03  2.842558082193138e-03  6.971842907096554e-18	1.000000000000000e+00	643	1	281
283	7.532244037417278e+02 9.042998666006026e+02 2.844049449173357e+03	6.512705779944858e-03 3.545619857807954e-03 1.005832563775281e-02	1.000000000000000e+00	757	0	283
285	5.714550309082401e+02 5.119559068726179e+02 5.471984942224352e+02	1.011348892158518e-02 1.131763025963058e-02 1.204141338045398e-03	1.000000000000000e+00	739	0	285
286	5.263208157321448e+02 7.942600438262682e+02 2.407644347964616e+03	3.475109309268494e-04 4.473503688738371e-03 4.125992757811521e-03	1.000000000000000e+00	722	0	286
287	-4.940217788286197e+02  4.356816717367853e+02  3.069408570435898e+03	4.338022699812427e-05 2.767316436802503e-04 2.333514166821260e-04	1.000000000000000e+00	722	0	287
288	-3.829034099416085e+02  2.480102938549600e+02  1.268375110470498e+03	-9.015609296814849e-04 -1.274261400491620e-03  3.727004708101352e-04	1.000000000000000e+00	743	0	288
289	 1.553454857049917e+02 -3.606962696094747e+02  2.415330569581533e+03	 3.894152750338738e-03  4.100898814310010e-03 -2.067460639712711e-04	1.000000000000000e+00	743	0	289
290	-1.188361019817452e+02  1.020420673906765e+01  2.754541144957928e+03	-2.918796380981803e-03 -3.397478489205241e-03  4.786821082234383e-04	1.000000000000000e+00	743	0	290
292	-1.581298635219455e+02  6.853276695463623e+01  1.672626183790485e+03	-1.854520514219378e-03 -1.521192384340490e-03 -3.333281298788886e-04	1.000000000000000e+00	743	0	292
293	-3.548540795959767e+01 -1.825706823856579e+02  2.046374088693126e+03	4.183870153369185e-03 2.644922145748296e-03 1.538948007620888e-03	7.508468627929688e-02	743	0	293
294	-4.406764278808271e+02  3.378175259582856e+01  2.409123273202085e+03	-4.623490696152051e-03 -1.088629678512613e-02  6.262806088974078e-03	1.000000000000000e+00	743	0	294
295	-8.027167315482691e+02  6.716777667806871e+00  2.074147944462665e+03	-9.333434514701366e-03 -1.921669952571392e-02  9.883265011012554e-03	1.000000000000000e+00	743	0	295
296	-3.410449521940811e+02 -9.425675590467946e+02  2.079387340082344e+03	 7.391997302571932e-04 -1.461848170341303e-03 -7.226484400841097e-04	1.000000000000000e+00	722	0	296
299	3.368270256801023e+02 1.064919209204989e+02 1.358315121455994e+03	 6.986091883542637e-03 -7.376802580741544e-03 -3.907106971989074e-04	1.000000000000000e+00	722	0	299
301	-2.206633000459428e+02 -1.339512771104897e+02  3.008385274166787e+03	-1.281242691523706e-03  1.135705514267708e-03 -1.455371772559980e-04	1.000000000000000e+00	722	0	301
303	6.892810890049636e+02 4.947640452556296e+01 1.653753668385919e+03	 4.092146021624406e-03 -1.312321160609523e-02 -9.031065584470829e-03	1.000000000000000e+00	722	0	303
304	-5.787363381780772e+02  2.330692794663199e+02  3.587044543670891e+03	 2.454017703712435e-06  7.237841577989457e-04 -7.262381755026581e-04	1.000000000000000e+00	722	0	304
305	 7.054253366682151e+02 -5.883571875308713e+02  3.124309335821790e+03	-9.589669207343830e-05  5.723904287151527e-04 -4.764937366417143e-04	7.500000000000000e-01	722	0	305
306	 5.952663730896292e+02 -6.098214791530155e+02  2.602565925206150e+03	 3.279525095422287e-03  6.571783160325141e-05 -3.345242927025538e-03	1.000000000000000e+00	722	0	306
307	-7.730690508620502e+02 -1.343502884254438e+02  3.495430158430258e+03	-4.301180597394706e-04  2.089557407079470e-19  4.301180597394704e-04	1.000000000000000e+00	722	0	307
308	-1.297177613365993e+02 -3.524309106271595e+01  3.406338337358448e+03	-2.352018685390552e-04 -3.239900009551396e-04  5.591918694941947e-04	1.000000000000000e+00	722	0	308
309	 2.759363340646485e+02 -3.522767387679449e+02  3.317717889662429e+03	-2.406518809342136e-04 -1.347356713570965e-03  1.588008594505179e-03	1.000000000000000e+00	722	0	309
310	 2.520010379179079e+00 -8.011041685797798e+02  3.386594977343364e+03	-1.906779439498981e-03 -1.293441474748155e-03  3.200220914247135e-03	1.000000000000000e+00	722	0	310
311	-3.141611277628060e+02 -3.659476376880439e+02  3.268119584593614e+03	 1.619955553906038e-03  1.772008254192770e-04 -1.797156379325315e-03	1.000000000000000e+00	722	0	311
312	-1.516599621619399e+02 -8.462562416604983e+02  2.026049463667678e+03	-3.248896915465594e-03 -6.614638958126307e-03  9.863535873591900e-03	1.000000000000000e+00	743	0	312
313	 4.124744849399539e+02 -1.201055923363086e+02  7.357643672415949e+02	 3.842795034870505e-03 -1.309472834691405e-03 -2.533322200179100e-03	1.000000000000000e+00	743	0	313
314	4.982529034861267e+02 2.915264594956801e+02 1.048698268103217e+03	 1.482152753548386e-03 -1.372689589819250e-03 -1.094631637291362e-04	1.000000000000000e+00	743	0	314
315	-3.040559159102147e+01 -2.390615654125019e+02  2.107944788088547e+03	 6.704604361076363e-18  1.298218965530399e-03 -1.298218965530392e-03	1.000000000000000e+00	743	0	315
316	 4.239327694571111e+02 -7.413030003108986e+02  1.345503490699027e+03	 1.582670367012421e-02 -9.481178907056650e-03 -6.345524763067563e-03	1.000000000000000e+00	743	0	316
317	 4.464993685628716e+02 -4.171856555040878e+02  9.988195467864564e+02	 1.028893236070871e-02 -4.782491829246283e-03 -5.506440531462431e-03	1.000000000000000e+00	743	0	317
318	3.661132936691398e+02 7.339615933391354e+01 1.398968178081970e+03	 1.691061654128134e-03 -2.481709234416485e-03  7.906475802883506e-04	1.000000000000000e+00	743	0	318
319	 1.225846020286309e+02 -5.865424390035591e+01  1.774547272956748e+03	 9.011852186328422e-04 -1.126248612611865e-03  2.250633939790229e-04	1.000000000000000e+00	743	0	319
320	 2.925880230386231e+02 -2.861852517861172e+01  3.736532301348259e+03	 7.161130730916435e-04  8.482807364392405e-04 -1.321676633475969e-04	1.000000000000000e+00	722	0	320
324	5.100061857233219e+02 7.492594655492902e+02 1.978233585975044e+03	 5.510363334906287e-04 -3.080208261962981e-05  5.818384161102585e-04	1.000000000000000e+00	722	0	324
329	-9.968339922632522e+01 -9.473879454698579e+02  3.720205260221564e+03	-7.144499492521088e-03 -3.305039213349422e-03  3.839460279171666e-03	1.000000000000000e+00	684	0	329
330	4.546031932545423e+02 8.212571556188974e+02 3.276972539631369e+03	-5.726268514990807e-03  2.741385484114289e-03 -2.984883030876517e-03	1.000000000000000e+00	722	0	330
331	 4.089812201782921e+02 -8.193965075254567e+02  1.590696903410765e+03	-3.255051580102494e-03  3.404699188346664e-04 -2.914581661267827e-03	1.000000000000000e+00	722	0	331
332	-8.546555317725233e+02 -2.952738973279971e+02  5.842440041512824e+02	-2.768933928261200e-03  8.767094540720185e-03 -5.998160612458983e-03	1.000000000000000e+00	643	0	332
337	7.245533269631734e+02 4.197909032616221e+02 3.019351945565065e+02	1.080616478187343e-02 1.322370107906560e-02 2.417536297192176e-03	1.000000000000000e+00	739	0	337
338	7.775336268901452e+02 9.105686551813195e+02 2.272740148161667e+03	3.639642770091691e-04 6.714762731765708e-03 6.350798454756537e-03	1.000000000000000e+00	722	0	338
339	-7.512600524240507e+02  3.286967090127968e+02  3.219661881307340e+03	 5.701622853848676e-06 -3.645058859547134e-05 -4.215221042613848e-05	5.625000000000000e-01	722	0	339
340	-4.627181052527543e+02  2.686245095446057e+02  1.167946199469706e+03	-8.966084472679843e-04 -6.138386185436200e-04 -2.827698287243645e-04	1.000000000000000e+00	743	0	340
341	 2.158500842106291e+02 -4.152723027086986e+02  2.530411201186394e+03	2.014159186122318e-03 1.136369459951917e-03 8.777897261704007e-04	1.000000000000000e+00	743	0	341
342	-9.140221333090355e+01 -7.031555874500766e+01  2.862494799092845e+03	-1.246528690292810e-03 -9.664336200027416e-04 -2.800950702900687e-04	1.000000000000000e+00	743	0	342
343	-9.515123924076800e+02  4.990682906438765e+02  1.433000770627184e+03	-4.163802543189377e-03 -7.074725581333042e-04 -3.456329985056072e-03	1.000000000000000e+00	743	0	343
344	-1.250241531759601e+02  4.309476659204261e+00  1.769955184431902e+03	-1.510410210660969e-03 -1.227836250715579e-03 -2.825739599453906e-04	1.000000000000000e+00	743	0	344
345	-5.660958220810058e+01 -1.137584973231227e+02  1.956437729382088e+03	7.862684133215225e-04 2.428121115372051e-04 5.434563017843175e-04	4.218750000000000e-01	743	0	345
346	-5.281235183125267e+02  2.504680601649814e+01  2.330411129349716e+03	-5.501373670995235e-03 -1.291764248162508e-02  7.416268810629845e-03	1.000000000000000e+00	743	0	346
347	-7.086817069541955e+02  1.086145043899186e+01  2.164038296285553e+03	-8.085642941296101e-03 -1.767986826598644e-02  9.594225324690342e-03	1.000000000000000e+00	743	0	347
348	-5.091485482342873e+02 -8.318564850380775e+02  2.021994818050855e+03	-1.571072352817282e-04  1.972336904145777e-04  4.012645877082832e-05	1.000000000000000e+00	722	0	348
350	1.000000000000000e+03 7.630759736456805e+02 2.678072148501073e+03	-9.492557991427175e-18  5.301972851157208e-04  5.301972851157169e-04	1.000000000000000e+00	722	1	350
351	2.829951065417831e+02 7.503822486197663e+01 1.273029506259152e+03	 3.749465104192495e-03 -5.844383034855127e-03 -2.094917930662632e-03	1.000000000000000e+00	722	0	351
353	-2.531442276647838e+02 -1.418367093406867e+02  2.968018914317749e+03	-3.539081121515642e-19  2.375224779825657e-03  2.375224779825658e-03	1.000000000000000e+00	722	0	353
354	1.000000000000000e+03 4.497618191179642e+01 1.959972356767189e+03	-1.988185230312886e-18 -6.107310764491558e-03 -6.107310764491558e-03	1.000000000000000e+00	722	1	354
355	7.904116239254134e+02 2.718440459198432e+01 1.732592203372790e+03	 4.075174219906330e-03 -1.176423579454422e-02 -7.689061574637890e-03	1.000000000000000e+00	722	0	355
356	-7.005668042811830e+02  2.443592553682931e+02  3.697585033872023e+03	-1.065861540458475e-03  2.234644877413909e-04  8.423970527170848e-04	1.000000000000000e+00	722	0	356
357	 8.393865188757487e+02 -6.277266696654050e+02  3.029717635748790e+03	 1.326062357596432e-03  3.530973529753585e-04 -1.679159710571791e-03	1.000000000000000e+00	722	0	357
358	 6.572952115929805e+02 -7.331727766910050e+02  2.663888384240788e+03	 1.500269010042151e-03 -3.844548870498935e-04 -1.115814122992257e-03	1.000000000000000e+00	722	0	358
359	-9.507842558284711e+02 -1.343502884254438e+02  3.673145363396679e+03	 5.198828876018053e-05 -4.446115470502633e-18 -5.198828876018996e-05	1.000000000000000e+00	722	0	359
360	-3.042913265921103e+01 -1.280984974347679e+02  3.399905115053113e+03	-3.355150111019611e-04 -6.827946053817868e-04  1.018309616483748e-03	1.000000000000000e+00	722	0	360
361	 1.703823060605034e+02 -2.853114705657202e+02  3.356306649464350e+03	-3.665679638894896e-04 -1.224251590125884e-03  1.590819554015373e-03	1.000000000000000e+00	722	0	361
362	-9.760898048433019e+01 -6.785506842550457e+02  3.364170483882139e+03	-1.431138681558271e-03 -6.125602715959152e-04  2.043698953154186e-03	1.000000000000000e+00	722	0	362
363	-2.507295295307514e+02 -4.676813800537690e+02  3.306421728727284e+03	 5.495981337541404e-04  1.170462298129375e-04 -6.666443635670779e-04	1.000000000000000e+00	722	0	363
364	-2.720857078006738e+02 -7.467826796307606e+02  2.047001647276675e+03	-1.562671813492974e-03 -2.610326705810925e-03  4.172998519303898e-03	1.000000000000000e+00	743	0	364
365	 3.893088589232302e+02 -1.221318185755257e+01  6.510375827795625e+02	 1.251507436487979e-03  7.201439681618164e-05 -1.323521833304161e-03	1.000000000000000e+00	743	0	365
366	5.591149535824060e+02 3.363248217669879e+02 9.430378557356295e+02	 1.179801668816556e-03 -4.959754102552931e-04 -6.838262585612636e-04	1.000000000000000e+00	743	0	366
367	-9.610474553193610e+01 -3.312504088028912e+02  2.265832785419851e+03	-1.591201920139914e-03 -4.717383029249806e-04  2.062940223064895e-03	1.000000000000000e+00	743	0	367
368	 4.373507270541366e+02 -6.574190159638528e+02  1.248201548754956e+03	 1.458547947307428e-02 -8.624707038203875e-03 -5.960772434870402e-03	1.000000000000000e+00	743	0	368
369	 4.485035803512061e+02 -4.884230231863917e+02  1.068052702680426e+03	 1.158987715219458e-02 -5.827140218267838e-03 -5.762736933926742e-03	1.000000000000000e+00	743	0	369
370	2.995175273680987e+02 3.619744540443061e+01 1.502762658312494e+03	 1.671827718382701e-03 -2.031295589404181e-03  3.594678710214794e-04	1.000000000000000e+00	743	0	370
371	 1.800327370726841e+02 -2.714722724124369e+01  1.685592121253583e+03	 9.212117438437418e-04 -1.121947061619721e-03  2.007353177759797e-04	1.000000000000000e+00	743	0	371
372	-7.487349603155555e+01  1.800245370297836e+02  3.160427720069685e+03	-1.628463389351964e-03 -5.679961759597063e-04 -1.060467213392258e-03	1.000000000000000e+00	722	0	372
373	-1.089583140215840e+02  6.114546538599966e+02  2.694912785249443e+03	3.320877944740156e-03 2.104548465770980e-03 1.216329478969177e-03	1.000000000000000e+00	722	0	373
374	-2.928762557139081e+02 -1.367470709400293e+02  3.012840580767530e+03	 7.524121804938962e-04 -2.519321472694477e-04 -1.004344327763344e-03	1.000000000000000e+00	722	0	374
376	2.554385221612466e+02 2.311393706055828e+02 2.241786017356676e+03	-7.466692477464676e-04 -6.813544314354655e-05 -6.785338046029210e-04	1.000000000000000e+00	722	0	376
378	 8.176360261384322e+02 -6.599570394129640e+02  4.089678266543122e+02	 4.504767712205648e-03 -7.689523976296186e-03 -1.219429168850183e-02	1.000000000000000e+00	679	0	378
379	 5.714781798711750e+02 -8.557822766472552e+02  4.593004356872781e+02	 2.932119959344467e-03 -6.992782543723782e-03 -9.924902503068248e-03	1.000000000000000e+00	679	0	379
380	-8.032001615933385e+01 -6.482298226244299e+02  4.000000000000000e+03	-1.041178009472787e-02 -1.041178009472787e-02 -2.201008428607399e-18	1.000000000000000e+00	684	1	380
381	-9.636840351590185e+01 -7.646530179377235e+02  3.899625192043275e+03	-8.423779159784317e-03 -3.984640352427959e-03  4.439138807356358e-03	1.000000000000000e+00	684	0	381
382	3.857486890380469e+02 3.170149055602689e+02 2.703875785356245e+03	-5.256049451418221e-03  3.943788236938417e-03 -1.312261214479804e-03	1.000000000000000e+00	722	0	382
383	 2.110480215858753e+02 -1.750836733488007e+02  2.037076538995004e+03	-1.483638790280869e-03  6.621419258105258e-04 -8.214968644703428e-04	1.000000000000000e+00	722	0	383
384	-5.397887842639085e+02 -3.660303187322430e+02  3.401336780469135e+02	-4.908094803492228e-03  1.459720715259512e-02 -9.689112349102894e-03	1.000000000000000e+00	643	0	384
385	-2.453388988187297e+02 -4.133984081602171e+02  9.305188202970881e+01	-5.415463199218115e-03  1.624762235830228e-02 -1.083215915908416e-02	1.000000000000000e+00	643	0	385
386	9.634250766612173e+02 6.165196894484957e+02 2.766469944940739e+03	 1.227477934056272e-02 -1.012366187448303e-03  1.126241315311442e-02	1.000000000000000e+00	757	0	386
387	8.303516546439705e+02 8.069513479491478e+02 2.823828181424145e+03	8.749445977931222e-03 3.546519981076320e-03 1.229596595900754e-02	1.000000000000000e+00	757	0	387
388	2.151511347475341e+02 9.096621322527386e+02 1.301208615763262e+03	 1.101133595996847e-02  9.701349811318019e-03 -1.309986148650447e-03	1.000000000000000e+00	739	0	388
389	4.500479966646205e+02 6.216767540814398e+02 7.783263756748768e+02	 1.004711620043963e-02  9.871432674117386e-03 -1.756835263222455e-04	1.000000000000000e+00	739	0	389
390	2.694866943767124e+02 6.948114889956773e+02 2.565029914489457e+03	5.055640746528903e-04 3.182959995077302e-03 2.677395920424412e-03	1.000000000000000e+00	722	0	390
391	-2.351066729501527e+02  5.234152868270703e+02  2.898227079647716e+03	2.810399358471234e-04 1.230939068288232e-03 9.498991324411085e-04	1.000000000000000e+00	722	0	391
392	-3.148448230539543e+02  2.221796322437094e+02  1.362264358969403e+03	-1.291895401664078e-03 -1.668189768679440e-03  3.762943670153618e-04	1.000000000000000e+00	743	0	392
393	-1.982460320295134e+02  1.325419051476309e+02  1.568500877089922e+03	-1.966213332101082e-03 -1.780720786579574e-03 -1.854925455215076e-04	1.000000000000000e+00	743	0	393
394	 8.718541167986450e+01 -3.324988469021515e+02  2.318973072849083e+03	 3.343108342960477e-03  4.375012125819921e-03 -1.031903782859445e-03	1.000000000000000e+00	743	0	394
396	-1.904168485095039e+02  4.111195994589853e+01  2.652052645223338e+03	-3.364524804055691e-03 -5.802579224109650e-03  2.438054420053959e-03	1.000000000000000e+00	743	0	396
397	-3.554540781401221e+02  4.147016908013338e+01  2.486657206458485e+03	-4.023100249469280e-03 -9.088570252060890e-03  5.065470002591610e-03	1.000000000000000e+00	743	0	397
399	-9.001052708553132e+02  7.032185605802740e+00  1.976443997217625e+03	-8.562151342630386e-03 -1.615579053759575e-02  7.593639194965363e-03	1.000000000000000e+00	743	0	399
403	-1.860803798192250e+02 -1.023264867104507e+02  3.074592984793544e+03	-1.207336536026560e-03  9.673971944721416e-04 -2.399393415544182e-04	1.000000000000000e+00	722	0	403
406	4.123261247057816e+02 1.022790394645178e+02 1.429601339025692e+03	 3.646203937629859e-03 -8.535181249802312e-03 -4.888977312172453e-03	1.000000000000000e+00	722	0	406
407	5.926945214522793e+02 7.128136481230196e+01 1.578972061119974e+03	 4.040782650311788e-03 -1.266653199369709e-02 -8.625749343385300e-03	1.000000000000000e+00	722	0	407
408	-4.632313369991133e+02  1.979799543753117e+02  3.506628867582935e+03	-8.349690566925952e-05  9.405182766689298e-04 -8.570213709996702e-04	1.000000000000000e+00	722	0	408
409	-2.355635368464000e+02  5.329347508228459e+01  3.423647546723249e+03	-2.753312764980365e-05  1.084902141883504e-04 -8.095708653854672e-05	7.500000000000000e-01	722	0	409
410	 5.915110848644473e+02 -5.350051065667586e+02  3.184871506661445e+03	 1.714539166641771e-05  1.212467736877443e-06 -1.835785906223464e-05	7.500000000000000e-01	722	0	410
411	 3.775437534850676e+02 -4.136108374822599e+02  3.277444568956326e+03	-1.533865385378401e-04 -1.132840620509038e-03  1.286227159046878e-03	1.000000000000000e+00	722	0	411
412	 5.388608223585607e+02 -5.062436924205687e+02  2.555393689204772e+03	 4.538546781986952e-03  2.812375314533711e-04 -4.819784313440323e-03	1.000000000000000e+00	722	0	412
413	 1.852619766708760e+02 -9.769196840247524e+02  3.379668526496641e+03	-3.395129545909370e-20 -3.685375784698410e-03  3.685375784698407e-03	1.000000000000000e+00	722	0	413
414	-4.298591862793538e+02 -1.343502884254439e+02  3.152220293847562e+03	 2.219927962869414e-03  4.508399708284178e-18 -2.219927962869398e-03	1.000000000000000e+00	722	0	414
415	-3.635805395764776e+02 -2.754052486580088e+02  3.226996607377250e+03	 8.588117072273841e-04 -5.102982261936042e-06 -8.537087249654481e-04	1.000000000000000e+00	722	0	415
416	 1.241318319913941e+01 -9.598359511076718e+02  1.975556027753772e+03	 3.163129401703675e-03 -1.085914407546322e-02  7.696014673759540e-03	1.000000000000000e+00	743	0	416
417	 4.127756453823436e+02 -8.334219552992565e+02  1.448779569762153e+03	 1.581033707285921e-02 -8.628072061886391e-03 -7.182265010972818e-03	1.000000000000000e+00	743	0	417
418	 4.258512117833176e+02 -2.048949252091729e+02  8.071769732710952e+02	 5.860090178127090e-03 -2.262950719644626e-03 -3.597139458482464e-03	1.000000000000000e+00	743	0	418
419	 4.419658874334972e+02 -3.499571818252423e+02  9.361245542369852e+02	 9.001851081848145e-03 -3.927022684365511e-03 -5.074828397482634e-03	1.000000000000000e+00	743	0	419
420	4.571346037741941e+02 2.385283312976576e+02 1.142814696013171e+03	 2.069446976141383e-03 -1.779041233627747e-03 -2.904057425136368e-04	1.000000000000000e+00	743	0	420
421	3.977315160510659e+02 8.580817338672445e+01 1.354937941647233e+03	 1.090767715747158e-03 -5.687534770307441e-03  4.596767054560284e-03	1.000000000000000e+00	743	0	421
422	-2.631457162250839e+01 -1.802772750291978e+02  2.045069477736730e+03	 5.023229890731784e-03 -2.757465163405470e-03 -2.265764727326314e-03	7.508468627929688e-02	743	0	422
423	 6.429385574864764e+01 -8.701219684915424e+01  1.861195972185530e+03	 8.069972245721146e-04 -1.043882934027351e-03  2.368857094552368e-04	1.000000000000000e+00	743	0	423
424	 3.639264225859699e+02 -9.882119644441789e+01  3.878073372161412e+03	2.197467717148053e-03 2.039577118315113e-03 1.578905988329400e-04	1.000000000000000e+00	722	0	424
425	-2.433218493070945e+02  1.000000000000000e+03  2.172003903823930e+03	 9.535006829537450e-03 -4.349785285428762e-18  9.535006829537453e-03	1.000000000000000e+00	722	1	425
428	5.800783018395309e+02 8.791484752505098e+02 1.918416692390034e+03	 1.025934131272758e-03 -5.327745263154310e-05  1.079211583904301e-03	1.000000000000000e+00	722	0	428
429	 1.492241766479363e+02 -1.000000000000000e+03  3.366711042448949e+03	5.711418925784528e-03 2.113246717110878e-18 5.711418925784527e-03	1.000000000000000e+00	722	1	429
430	4.577840794514764e+02 9.964942297678309e+02 3.455390499977237e+03	-6.030921358615161e-04  4.268594086170197e-03  3.665501950308681e-03	1.000000000000000e+00	722	0	430
431	 4.835717801592074e+02 -1.000000000000000e+03  1.484683970917137e+03	8.675313554704189e-03 6.886612508270541e-19 8.675313554704189e-03	1.000000000000000e+00	722	1	431
432	-9.444061350413195e+02 -2.768680630441810e+02  6.555887731362626e+02	-3.048700513318181e-03  6.886885035783052e-03 -3.838184522464871e-03	1.000000000000000e+00	643	0	432
435	8.209501908294559e+02 3.690640588697632e+02 1.548114862983650e+02	1.221462440056106e-02 1.442139215456943e-02 2.206767754008372e-03	1.000000000000000e+00	739	0	435
436	9.182197520909895e+02 9.680830541047289e+02 2.189568421884232e+03	1.345086920385559e-03 6.979528387698035e-03 5.634441467312475e-03	1.000000000000000e+00	722	0	436
437	-8.807663277924431e+02  2.690967298595445e+02  3.289568177522480e+03	-6.482249591499567e-05  6.419831333914772e-05  1.290208165301010e-04	1.000000000000000e+00	722	0	437
438	-5.568725168671349e+01  3.010384313482995e+02  3.058600070096011e+03	-1.261421566596255e-04 -4.024151348858140e-05 -8.590064680902287e-05	1.000000000000000e+00	722	0	438
439	-7.425755791145728e+01  5.635527587188086e+02  2.777515436500758e+03	 2.559017913881688e-03  2.559017913881690e-03 -9.503504748832299e-19	1.000000000000000e+00	722	0	439
444	3.346972102136886e+02 2.146027705636639e+02 2.550412171535282e+03	-4.210908877818534e-03  3.607464042336991e-03 -6.034448354815445e-04	1.000000000000000e+00	722	0	444
445	 2.184537596972344e+02 -1.201556982872737e+00  2.218364393472291e+03	8.194384863600135e-04 4.342878237366676e-04 1.253726310096681e-03	1.000000000000000e+00	722	0	445
446	-4.653042261740265e+02 -3.799276857160091e+02  2.795464869407976e+02	-5.604875584443410e-03  1.575211823607485e-02 -1.014724265163143e-02	1.000000000000000e+00	643	0	446
447	-3.194749288695643e+02 -4.025042662204768e+02  1.562937701408031e+02	-6.912795516351859e-03  1.810330928613742e-02 -1.119051376978556e-02	1.000000000000000e+00	643	0	447
448	2.631594503358129e+02 8.397927212358053e+02 1.183330889158050e+03	 1.201388527018329e-02  1.079135846036176e-02 -1.222526809821526e-03	1.000000000000000e+00	739	0	448
449	3.799095428563013e+02 6.971361517132899e+02 9.239242271150462e+02	 1.084204014235487e-02  1.049888231015454e-02 -3.431578322003287e-04	1.000000000000000e+00	739	0	449
450	1.387249739988935e+02 6.442831986199892e+02 2.645263344491588e+03	3.181381422715883e-04 2.662164615079140e-03 2.344026472807551e-03	1.000000000000000e+00	722	0	450
452	1.904816956123903e+02 2.616295090390254e+01 3.579644497839512e+03	-6.133502665776887e-07 -1.064397961697485e-18 -6.133502665746364e-07	2.373046875000000e-01	722	0	452
454	-2.049650664165760e+02  8.920239345865126e+02  2.318336752127936e+03	5.894850085799892e-03 3.947907515491049e-03 1.946942570308844e-03	1.000000000000000e+00	722	0	454
455	-1.483158399138074e+02  7.063303179563821e+02  2.560679595260835e+03	3.981129809593161e-03 2.925110670427481e-03 1.056019139165679e-03	1.000000000000000e+00	722	0	455
460	4.405692753158101e+02 6.198220639301101e+02 2.038234077186713e+03	-1.187451998703182e-04 -7.703078836129862e-06 -1.110421217163093e-04	7.500000000000000e-01	722	0	460
461	3.144184730430725e+02 3.610948152580784e+02 2.170810523586007e+03	-1.019068892977278e-03 -5.466133249380313e-05 -9.644075604834749e-04	1.000000000000000e+00	722	0	461
464	4.554756008327542e+02 6.833328525997159e+02 3.139920644190399e+03	-6.921522707367937e-03  3.593368300547202e-03 -3.328154406820734e-03	1.000000000000000e+00	722	0	464
465	4.231338544822127e+02 4.314199818738470e+02 2.855666027113989e+03	-6.062418300037582e-03  4.074184146399300e-03 -1.988234153638284e-03	1.000000000000000e+00	722	0	465
466	 3.513229648788560e+02 -6.582153756927648e+02  1.694219779944021e+03	-2.011117981358742e-03  3.945035665916899e-04 -1.616614414767052e-03	1.000000000000000e+00	722	0	466
467	 2.514305686316939e+02 -3.384148686673723e+02  1.914127890722251e+03	-2.027481774954746e-03  5.156364835177858e-04 -1.511845291436960e-03	1.000000000000000e+00	722	0	467
468	-7.732610614301876e+02 -3.143090462691347e+02  5.218846827500843e+02	-3.214250939587752e-03  1.065308235896130e-02 -7.438831419373552e-03	1.000000000000000e+00	643	0	468
469	-6.160092766856565e+02 -3.502277919207295e+02  4.005516436571481e+02	-4.306071748336156e-03  1.350155767674247e-02 -9.195485928406319e-03	1.000000000000000e+00	643	0	469
471	-1.315006751888742e+02 -4.396421574645767e+02  5.457407704212898e+00	 3.420801522831122e-03  7.472211883092920e-03 -1.089301340592404e-02	1.000000000000000e+00	643	0	471
473	1.618494459564605e+02 9.845934270068308e+02 1.429441599308428e+03	2.048162122567495e-03 8.751947587976852e-03 6.703785465409358e-03	1.000000000000000e+00	739	0	473
474	6.423803838846384e+02 4.660683373579856e+02 4.303855717314047e+02	1.029371353797615e-02 1.217559375800192e-02 1.881880220025778e-03	1.000000000000000e+00	739	0	474
475	5.142321166859718e+02 5.576521154169479e+02 6.501176169890338e+02	1.014462673144105e-02 1.050242221875427e-02 3.577954873132210e-04	1.000000000000000e+00	739	0	475
476	6.543856708284153e+02 8.526518622616315e+02 2.337971311303709e+03	2.489784771266083e-04 5.571842242109899e-03 5.322863764983292e-03	1.000000000000000e+00	722	0	476
477	3.986097963931766e+02 7.423963637486692e+02 2.483491687225985e+03	5.442152032628657e-04 3.748006129171699e-03 3.203790925908834e-03	1.000000000000000e+00	722	0	477
478	-6.229344435306812e+02  3.846021205685850e+02  3.147241683969758e+03	5.956246013738564e-06 3.078665122302482e-05 2.483040316292318e-05	7.500000000000000e-01	722	0	478
479	-3.658330423143993e+02  4.813280716172017e+02  2.986866233802094e+03	1.097990025300533e-04 6.826925236964598e-04 5.728935211664066e-04	1.000000000000000e+00	722	0	479
484	4.928992186573954e+02 1.000000000000000e+03 3.494011409415325e+03	-1.071859849616885e-03 -4.274746604659801e-18 -1.071859849616885e-03	1.000000000000000e+00	722	1	484
488	-4.907054874100295e+01  3.610206612081465e+02  3.005234543181875e+03	6.403631414286792e-04 2.928889298345894e-04 3.474742115940899e-04	1.000000000000000e+00	722	0	488
489	-5.020275386238200e+01  5.019407171477276e+02  2.863182282120914e+03	 2.023497863168207e-03  2.178518766110453e-03 -1.550209029422451e-04	1.000000000000000e+00	722	0	489
492	3.040000436625683e+02 1.715135699513909e+02 2.476625804371889e+03	-3.192246891558170e-03  2.932446077466011e-03 -2.598008140921593e-04	1.000000000000000e+00	722	0	492
493	2.223795817575401e+02 7.106973243487695e+01 2.294561504950347e+03	-4.721079021692307e-04  4.721079021692245e-04 -7.922290601395014e-19	1.000000000000000e+00	722	0	493
494	2.887966387228062e+02 8.051659449270333e+02 1.123066924462285e+03	 1.239861450934162e-02  1.135786347246418e-02 -1.040751036877433e-03	1.000000000000000e+00	739	0	494
496	-1.923525391845201e+02  8.446515952725604e+02  2.378321618673944e+03	5.442060568990807e-03 3.706320150134464e-03 1.735740418856343e-03	1.000000000000000e+00	722	0	496
497	-1.642666902770021e+02  7.516994491542864e+02  2.499359613699736e+03	4.395519848912954e-03 3.142114961519837e-03 1.253404887393117e-03	1.000000000000000e+00	722	0	497
500	-2.491540364317217e+02 -1.000000000000000e+03  2.105865432425373e+03	-1.437953556887805e-03  5.092128278011943e-19  1.437953556887805e-03	1.000000000000000e+00	722	1	500
501	-2.531442276647839e+02 -9.832752037670814e+02  2.126580419891354e+03	-4.342464410447343e-19 -4.587058327160777e-03 -4.587058327160775e-03	1.000000000000000e+00	722	0	501
502	4.525684839861881e+02 6.169353337922753e+02 3.070616008536393e+03	-6.944944538796942e-03  3.815066845466693e-03 -3.129877693330248e-03	1.000000000000000e+00	722	0	502
503	4.366598931860373e+02 4.912648655379155e+02 2.929036949481882e+03	-6.460196959475677e-03  4.078329851229985e-03 -2.381867108245691e-03	1.000000000000000e+00	722	0	503
504	 3.252253993963077e+02 -5.784957074629913e+02  1.747841882691246e+03	-1.970050662445525e-03  4.165960320581992e-04 -1.553454630387326e-03	1.000000000000000e+00	722	0	504
505	 2.751229619392842e+02 -4.184536463274459e+02  1.857781506369767e+03	-2.076216042041779e-03  4.844224313274026e-04 -1.591793610714376e-03	1.000000000000000e+00	722	0	505
507	1.159198071103287e+02 1.000000000000000e+03 1.490777811147729e+03	 5.735606420785185e-03 -6.595995042207413e-18 -5.735606420785191e-03	1.000000000000000e+00	739	1	507
508	 3.297819549617892e+02 -6.176211009286614e+01  3.806869818185679e+03	1.363481625958229e-03 1.353632078462397e-03 9.849547495832677e-06	1.000000000000000e+00	722	0	508
509	2.376488490127015e+02 9.595257901486168e+00 3.643379344242239e+03	-1.047549740178511e-04  5.681832626578398e-04 -6.729382366756909e-04	1.000000000000000e+00	722	0	509
511	-2.177059122431576e+02  9.445442375861707e+02  2.253075603301696e+03	5.915213764334719e-03 4.913295696799953e-03 1.001918067534765e-03	1.000000000000000e+00	722	0	511
516	4.518522184106924e+02 8.948375436315691e+02 3.347801952800191e+03	-4.500577691942453e-03  2.520160516723990e-03 -1.980417175218463e-03	1.000000000000000e+00	722	0	516
517	4.560220769093709e+02 7.517045651764183e+02 3.208838832843718e+03	-6.623947992920876e-03  3.280012868344784e-03 -3.343935124576092e-03	1.000000000000000e+00	722	0	517
518	 4.576049434570699e+02 -9.315034390539890e+02  1.527213695161010e+03	 1.486248346433664e-03 -1.139758377879237e-03  3.464899685544272e-04	1.000000000000000e+00	722	0	518
519	 3.786986444963462e+02 -7.379722594348548e+02  1.641838575819421e+03	-2.364329266129062e-03  3.935791901312768e-04 -1.970750075997785e-03	1.000000000000000e+00	722	0	519
522	7.692375947604994e+02 3.962985422429193e+02 2.337585657404776e+02	1.101982787561913e-02 1.356334604012469e-02 2.543518164505561e-03	1.000000000000000e+00	739	0	522
523	-6.456594596622416e+01  2.407129197631903e+02  3.110046887401610e+03	-8.899241899295399e-04 -3.268563499053319e-04 -5.630678400242081e-04	1.000000000000000e+00	722	0	523
524	-8.707776651690013e+01  1.159624042623621e+02  3.212285582351762e+03	-2.549301832914352e-03 -1.186421490274370e-03 -1.362880342639983e-03	1.000000000000000e+00	722	0	524
526	-1.308279247863326e+02  6.619133110830074e+02  2.622584517261684e+03	3.576605328513930e-03 2.712839535282304e-03 8.637657932316264e-04	1.000000000000000e+00	722	0	526
528	-3.664959014051776e+02 -1.385645967486145e+02  3.084642700650214e+03	1.281404347537318e-04 5.345705403669854e-04 4.064301056132535e-04	5.625000000000000e-01	722	0	528
531	3.620435301962708e+02 2.637111205035638e+02 2.626866841457764e+03	-4.829053378974398e-03  3.852265343690912e-03 -9.767880352834859e-04	1.000000000000000e+00	722	0	531
532	4.060738864538371e+02 3.731706447036370e+02 2.780356721915403e+03	-5.656267555120090e-03  4.017339514878890e-03 -1.638928040241202e-03	1.000000000000000e+00	722	0	532
533	 2.013432458668875e+02 -8.553954399495053e+01  2.116915892629866e+03	-5.730239057205230e-04  5.470479524471253e-04 -2.597595327339756e-05	1.000000000000000e+00	722	0	533
534	 2.296466777972569e+02 -2.582302412509929e+02  1.972528627304193e+03	-1.861854107119143e-03  5.545052699744700e-04 -1.307348837144673e-03	1.000000000000000e+00	722	0	534
535	2.387109718859480e+02 8.744110481739394e+02 1.242397694546049e+03	 1.183893244403104e-02  1.046830702883502e-02 -1.370625415196021e-03	1.000000000000000e+00	739	0	535
536	1.909252305422183e+02 9.446801144955176e+02 1.360452502211357e+03	 9.359844222975273e-03  8.346991419481736e-03 -1.012852803493540e-03	1.000000000000000e+00	739	0	536
540	6.047061667547883e+02 4.894378877072496e+02 4.914293392105189e+02	1.016127038747072e-02 1.172848325222731e-02 1.567212864756584e-03	1.000000000000000e+00	739	0	540
541	4.835440504645555e+02 5.869099356535945e+02 7.100635034470965e+02	1.006920529440928e-02 1.007324563427877e-02 4.040339869485849e-06	1.000000000000000e+00	739	0	541
542	3.467712229173716e+02 7.342823980889212e+02 9.942087934296072e+02	 1.156363352977981e-02  1.102650728231917e-02 -5.371262474606432e-04	1.000000000000000e+00	739	0	542
543	5.425660574051441e+02 5.336818879681772e+02 5.978134488210907e+02	1.013447798322886e-02 1.092549052555114e-02 7.910125423222777e-04	1.000000000000000e+00	739	0	543
544	2.222530927766482e+02 1.649164680433223e+02 2.274823490534338e+03	-1.663983586089065e-03 -1.453081010064731e-03 -2.109025760243337e-04	1.000000000000000e+00	722	0	544
546	4.148355719122363e+02 6.593099778831502e+02 8.511720242289715e+02	 1.027071922241400e-02  1.002339945019533e-02 -2.473197722186645e-04	1.000000000000000e+00	739	0	546
547	4.627674635579810e+02 7.676501365181099e+02 2.444587792830621e+03	4.796491314967474e-04 4.100000990244250e-03 3.620351858747502e-03	1.000000000000000e+00	722	0	547
548	8.453642311214880e+02 9.402465532990958e+02 2.234587442048100e+03	8.513687644153831e-04 7.103189243935049e-03 6.251820479519665e-03	1.000000000000000e+00	722	0	548
551	-9.829365785064022e+02 -4.551684491542753e+01  3.616464242564594e+03	 1.087182560392344e-05  4.707161266802965e-04 -4.815879522842200e-04	1.000000000000000e+00	722	0	551
552	-3.006292759584261e+02  5.028418736331455e+02  2.943176269462064e+03	2.093926790015151e-04 9.708419626501078e-04 7.614492836485928e-04	1.000000000000000e+00	722	0	552
553	-8.676423228477527e+02 -1.242842440947293e+02  3.579937386085246e+03	-1.443936029318138e-03  2.047909583779986e-05  1.423456933480338e-03	1.000000000000000e+00	722	0	553
554	1.560444858644204e+02 2.135122286685096e+01 3.540395560054491e+03	3.851498574173699e-04 2.686742033498983e-04 6.538240607672682e-04	1.000000000000000e+00	722	0	554
558	 5.074648257395374e+02 -4.487570344492586e+02  2.529303027852485e+03	 5.034502527754133e-03  2.460327426282069e-04 -5.280535270382340e-03	1.000000000000000e+00	722	0	558
562	3.452013724568111e+02 4.278320118889441e+02 2.134856226368880e+03	-9.350176102695210e-04 -3.910597054831064e-05 -8.959116397212105e-04	1.000000000000000e+00	722	0	562
563	-7.220722645307305e+02 -1.389828608569821e+02  3.449065944530476e+03	 3.675450861919671e-04 -8.376319310627878e-04  4.700868448708206e-04	1.000000000000000e+00	722	0	563
564	1.500000000000000e+03 7.630759736456805e+02 2.678072148501073e+03	0.000000000000000e+00 0.000000000000000e+00 0.000000000000000e+00	1.000000000000000e+00	722	-1	350
573	-1.646703062933611e+02  5.443040262296635e+02  2.848679452393517e+03	8.624170635206003e-04 1.816457932970176e-03 9.540408694495757e-04	1.000000000000000e+00	722	0	573
575	-4.984369286392318e+01 -7.382644170459845e+02  3.376118929052671e+03	-1.768039597664028e-03 -9.536298457533120e-04  2.721669443417341e-03	1.000000000000000e+00	722	0	575
584	 1.210488468114128e+02 -1.000000000000000e+03  1.907084413033828e+03	-9.253093041479589e-03  8.109710746233405e-18  9.253093041479586e-03	1.000000000000000e+00	743	1	584
585	8.251327485703123e+01 2.984659946521482e+01 3.475359725645466e+03	-3.899869043380022e-04  7.465482340194285e-04  3.565613296814263e-04	1.000000000000000e+00	722	0	585
589	-6.617841747879189e+02 -1.425912042444040e+02  3.392386198175087e+03	 8.141968476896485e-04 -1.794858583404372e-03  9.806617357147236e-04	1.000000000000000e+00	722	0	589
591	 4.410531675769244e+02 -9.974507736027447e+02  1.584530865871060e+03	 2.430378630136450e-02 -2.785907142485182e-02  3.555285123487314e-03	1.000000000000000e+00	743	0	591
594	 4.594545207647623e+02 -3.575791955625592e+02  2.486135493940561e+03	 5.331752715089047e-03  9.986639876539493e-05 -5.431619113854444e-03	1.000000000000000e+00	722	0	594
595	 1.000000000000000e+03 -4.614708966373532e+02  4.250899955683553e+02	-2.786754485459543e-18 -7.582822465337813e-03 -7.582822465337813e-03	1.000000000000000e+00	679	1	595
596	-2.433218493070945e+02  1.500000000000000e+03  2.172003903823930e+03	0.000000000000000e+00 0.000000000000000e+00 0.000000000000000e+00	1.000000000000000e+00	722	-1	425
603	3.343392513431346e+02 7.184438787043021e+02 2.523809747231660e+03	5.579246596122781e-04 3.443790153445055e-03 2.885865493832777e-03	1.000000000000000e+00	722	0	603
608	-6.018071016726012e+02 -1.461992986816404e+02  3.336017219497005e+03	-2.336100315005751e-04  5.011847952118842e-04 -2.675747637113091e-04	5.625000000000000e-01	722	0	608
609	-8.032001615933385e+01 -6.482298226244299e+02  4.500000000000000e+03	0.000000000000000e+00 0.000000000000000e+00 0.000000000000000e+00	1.000000000000000e+00	684	-1	380
615	4.928992186573954e+02 1.500000000000000e+03 3.494011409415325e+03	0.000000000000000e+00 0.000000000000000e+00 0.000000000000000e+00	1.000000000000000e+00	722	-1	484
617	 6.223564257155604e+01 -8.676318472562448e+02  3.393407023827452e+03	-1.814862635607521e-03 -1.966693710225324e-03  3.781556345832845e-03	1.000000000000000e+00	722	0	617
619	 4.835717801592074e+02 -1.500000000000000e+03  1.484683970917137e+03	0.000000000000000e+00 0.000000000000000e+00 0.000000000000000e+00	1.000000000000000e+00	722	-1	431
623	 4.331209190504571e+02 -3.046161233118073e+02  2.459506023404114e+03	 5.217104662733618e-03 -1.064724783645943e-04 -5.110632184369024e-03	1.000000000000000e+00	722	0	623
624	7.310227461915609e+01 6.169508368726157e+02 2.683553682123952e+03	2.392733197969695e-04 2.264016550422336e-03 2.024743230625366e-03	1.000000000000000e+00	722	0	624
625	-3.006194397749199e+01  5.852783887561466e+01  3.391465746221342e+03	-6.561036221683025e-03  2.490549348294735e-03 -4.070486873388290e-03	1.000000000000000e+00	722	0	625
626	2.039724922037616e+02 6.702582915117016e+02 2.605990919178433e+03	4.120322798068325e-04 2.944677854732921e-03 2.532645574926088e-03	1.000000000000000e+00	722	0	626
628	 3.958391258333028e+02 -1.418910451228473e+02  3.953055924087174e+03	3.328427187322328e-03 2.361791227788975e-03 9.666359595333537e-04	1.000000000000000e+00	722	0	628
632	 3.986839368439924e+02 -2.319761011823536e+02  2.421302983481125e+03	 4.607131690136157e-03 -1.882491342257708e-04 -4.418882555910386e-03	1.000000000000000e+00	722	0	632
633	-6.418765615277010e+01 -2.821676621032559e+02  2.184832949341049e+03	-1.666698502958752e-03  1.489186528488062e-03  1.775119744706899e-04	1.000000000000000e+00	743	0	633
636	-7.517170634882142e+01 -9.031021857621770e+02  2.006407151956238e+03	-2.284586429595947e-03 -7.869965396821499e-03  1.015455182641745e-02	1.000000000000000e+00	743	0	636
637	-4.352559491722629e+02 -8.829971475821528e+02  2.044746754568804e+03	 6.674436250856768e-05 -2.836525139476483e-04 -2.169081514390806e-04	1.000000000000000e+00	722	0	637
640	-5.386183143343825e+02 -1.490482421324551e+02  3.275677375609601e+03	-3.299535329764088e-03  6.669292148823540e-03 -3.369756819059452e-03	1.000000000000000e+00	722	0	640
641	 3.643686482236037e+02 -1.581642508622949e+02  2.381806421781455e+03	 3.706293927583223e-03 -1.053217371615269e-04 -3.600972190421695e-03	1.000000000000000e+00	722	0	641
647	-1.000000000000000e+03  4.213732351103828e+02  1.462208218568358e+03	 6.255785545309425e-18  1.299053756520152e-02 -1.299053756520152e-02	1.000000000000000e+00	743	1	647
648	-2.491540364317217e+02 -1.500000000000000e+03  2.105865432425373e+03	0.000000000000000e+00 0.000000000000000e+00 0.000000000000000e+00	1.000000000000000e+00	722	-1	500
652	 3.283396885808720e+02 -8.400877500161629e+01  2.343679905563508e+03	 2.542483198340051e-03  1.149355957750231e-04 -2.657418794115074e-03	1.000000000000000e+00	722	0	652
653	 3.451013889002215e+02 -1.000000000000000e+03  1.683031870945019e+03	 6.399983540177369e-04  6.696457107693276e-18 -6.399983540177321e-04	1.000000000000000e+00	743	1	653
658	 2.823934340543440e+02 -1.012024336999841e-01  2.305718587522120e+03	-7.602671006073555e-04  3.109541527616481e-03 -2.349274427009126e-03	1.000000000000000e+00	722	0	658
659	 8.822669640195849e+02 -6.025561223274532e+02  4.017378058586705e+02	 5.139376657704512e-03 -6.211562237391869e-03 -1.135093889509638e-02	1.000000000000000e+00	679	0	659
661	 1.500000000000000e+03 -4.614708966373532e+02  4.250899955683553e+02	0.000000000000000e+00 0.000000000000000e+00 0.000000000000000e+00	1.000000000000000e+00	679	-1	595
663	-9.198001051730816e+01 -6.938508480781743e+02  3.966038968904230e+03	-8.210448587002853e-03 -1.625618043666084e-03  6.584830543336769e-03	1.000000000000000e+00	684	0	663
664	-8.624603442033069e+01 -4.794393905289071e+02 -5.000000000000000e+02	0.000000000000000e+00 0.000000000000000e+00 0.000000000000000e+00	1.000000000000000e+00	643	-1	281
666	6.828503197120137e+02 4.426483283632577e+02 3.664956269093015e+02	1.051592997585734e-02 1.267869506652156e-02 2.162765090664228e-03	1.000000000000000e+00	739	0	666
668	 7.694892597661851e+02 -6.108572437751452e+02  3.082745468968094e+03	-1.506558910477906e-04  6.467179773608223e-04 -4.960620863130316e-04	1.000000000000000e+00	722	0	668
671	8.697197202788816e+02 3.370071932921926e+02 7.398509127136866e+01	 1.225115646957420e-02  1.198407626361586e-02 -2.670802059583370e-04	1.000000000000000e+00	739	0	671
674	 1.492241766479363e+02 -1.500000000000000e+03  3.366711042448949e+03	0.000000000000000e+00 0.000000000000000e+00 0.000000000000000e+00	1.000000000000000e+00	722	-1	429
677	9.597273920171810e+02 1.558929635067508e+01 1.890312863223249e+03	 2.680428849998862e-03 -3.439361636992544e-03 -7.589327869936825e-04	1.000000000000000e+00	722	0	677
678	 4.180218356934827e+02 -8.865349234538555e+02  1.496646347605613e+03	 1.550522819161415e-02 -4.824204370379448e-03 -1.068102382123470e-02	1.000000000000000e+00	743	0	678
679	-6.394991772632966e+02  2.414125509603488e+02  3.639464111262081e+03	-2.089610594945649e-04  5.384558947601666e-04 -3.294948352656017e-04	1.000000000000000e+00	722	0	679
680	1.500000000000000e+03 4.497618191179641e+01 1.959972356767189e+03	0.000000000000000e+00 0.000000000000000e+00 0.000000000000000e+00	1.000000000000000e+00	722	-1	354
682	 5.080291371302898e+02 -9.019540112417982e+02  4.765777438336204e+02	 1.910061575472355e-03 -5.555532872676849e-03 -7.465594448149204e-03	1.000000000000000e+00	679	0	682
684	-1.500000000000000e+03  4.213732351103828e+02  1.462208218568358e+03	0.000000000000000e+00 0.000000000000000e+00 0.000000000000000e+00	1.000000000000000e+00	743	-1	647
686	1.000000000000000e+03 5.355561222105945e+02 2.722081301041622e+03	-4.883317791203298e-18  1.034255686681718e-02  1.034255686681718e-02	1.000000000000000e+00	757	1	686
688	1.159198071103287e+02 1.500000000000000e+03 1.490777811147729e+03	0.000000000000000e+00 0.000000000000000e+00 0.000000000000000e+00	1.000000000000000e+00	739	-1	507
690	-9.586685829412131e+02  1.428548963797483e+01  1.910627381099553e+03	-1.336138516974946e-02 -1.525333609121541e-02  1.891950921465953e-03	1.000000000000000e+00	743	0	690
691	 1.207701915526171e+02 -9.232693130152675e+02  3.390509940605414e+03	-2.194082597270608e-03 -2.402605256065726e-03  4.596687853336334e-03	1.000000000000000e+00	722	0	691
692	 3.451013889002215e+02 -1.500000000000000e+03  1.683031870945019e+03	0.000000000000000e+00 0.000000000000000e+00 0.000000000000000e+00	1.000000000000000e+00	743	-1	653
694	-1.500000000000000e+03  4.171845883114289e+01  1.841862994847598e+03	0.000000000000000e+00 0.000000000000000e+00 0.000000000000000e+00	1.000000000000000e+00	743	-1	255
695	 1.210488468114128e+02 -1.500000000000000e+03  1.907084413033828e+03	0.000000000000000e+00 0.000000000000000e+00 0.000000000000000e+00	1.000000000000000e+00	743	-1	584
696	1.500000000000000e+03 5.355561222105945e+02 2.722081301041622e+03	0.000000000000000e+00 0.000000000000000e+00 0.000000000000000e+00	1.000000000000000e+00	757	-1	686
698	-4.827747559438471e+02 -1.466562658852148e+02  3.217441840971826e+03	 4.325992466571431e-03 -5.905684510556360e-03  1.579692043984930e-03	1.000000000000000e+00	722	0	698
3	-7.071067811865475e-01  0.000000000000000e+00  7.071067811865475e-01	-5.773502691896257e-01  5.773502691896257e-01 -5.773502691896257e-01	 6.288536307352362e+02 -6.288536307352362e+02  6.288536307352362e+02	1	0	0.000000000000000e+00	0.000000000000000e+00	0.000000000000000e+00
4	0.000000000000000e+00 7.071067811865475e-01 7.071067811865475e-01	 5.773502691896257e-01 -5.773502691896257e-01  5.773502691896257e-01	 1.522636602155032e+03 -1.522636602155032e+03  1.522636602155032e+03	1	0	0.000000000000000e+00	0.000000000000000e+00	0.000000000000000e+00
5	 7.071067811865475e-01 -7.071067811865475e-01  0.000000000000000e+00	-5.773502691896257e-01 -5.773502691896257e-01  5.773502691896257e-01	-6.670373969193098e+02 -6.670373969193098e+02  6.670373969193098e+02	1	0	0.000000000000000e+00	0.000000000000000e+00	0.000000000000000e+00
7	-7.071067811865475e-01  7.071067811865475e-01  0.000000000000000e+00	-5.773502691896257e-01 -5.773502691896257e-01  5.773502691896257e-01	-3.955083929436755e+02 -3.955083929436755e+02  3.955083929436755e+02	1	0	0.000000000000000e+00	0.000000000000000e+00	0.000000000000000e+00
8	 0.000000000000000e+00 -7.071067811865475e-01 -7.071067811865475e-01	-5.773502691896257e-01  5.773502691896257e-01 -5.773502691896257e-01	 2.022325394193525e+02 -2.022325394193525e+02  2.022325394193525e+02	1	0	0.000000000000000e+00	0.000000000000000e+00	0.000000000000000e+00
9	-7.071067811865475e-01  0.000000000000000e+00  7.071067811865475e-01	-5.773502691896257e-01  5.773502691896257e-01 -5.773502691896257e-01	 7.132350399568309e+02 -7.132350399568309e+02  7.132350399568309e+02	1	0	0.000000000000000e+00	0.000000000000000e+00	0.000000000000000e+00
10	-7.071067811865475e-01 -7.071067811865475e-01  0.000000000000000e+00	-5.773502691896257e-01  5.773502691896257e-01  5.773502691896257e-01	-6.330962714223555e+02  6.330962714223555e+02  6.330962714223555e+02	1	0	0.000000000000000e+00	0.000000000000000e+00	0.000000000000000e+00
11	-7.071067811865475e-01 -7.071067811865475e-01  0.000000000000000e+00	0.000000000000000e+00 0.000000000000000e+00 0.000000000000000e+00	 2.192031021678290e+02 -4.907321061434644e+02  2.609224022578360e+03	1	1	0.000000000000000e+00	0.000000000000000e+00	0.000000000000000e+00
12	-7.071067811865475e-01 -7.071067811865475e-01  0.000000000000000e+00	-5.773502691896257e-01  5.773502691896257e-01  5.773502691896257e-01	-9.611938178929136e+02  9.611938178929136e+02  9.611938178929136e+02	1	0	0.000000000000000e+00	0.000000000000000e+00	0.000000000000000e+00
13	-7.071067811865475e-01  7.071067811865475e-01  0.000000000000000e+00	 5.773502691896257e-01  5.773502691896257e-01 -5.773502691896257e-01	-1.120999950441073e+03 -1.120999950441073e+03  1.120999950441073e+03	1	0	0.000000000000000e+00	0.000000000000000e+00	0.000000000000000e+00
14	-7.071067811865475e-01  7.071067811865475e-01  0.000000000000000e+00	0.000000000000000e+00 0.000000000000000e+00 0.000000000000000e+00	1.824335495461295e+02 3.747665940288720e+01 3.582910060272236e+03	1	1	0.000000000000000e+00	0.000000000000000e+00	0.000000000000000e+00
15	-7.071067811865475e-01  7.071067811865475e-01  0.000000000000000e+00	-5.773502691896257e-01 -5.773502691896257e-01  5.773502691896257e-01	-3.049987249517975e+02 -3.049987249517975e+02  3.049987249517975e+02	1	0	0.000000000000000e+00	0.000000000000000e+00	0.000000000000000e+00
16	 0.000000000000000e+00 -7.071067811865475e-01  7.071067811865475e-01	5.773502691896257e-01 5.773502691896257e-01 5.773502691896257e-01	1.080459161653044e+03 1.080459161653044e+03 1.080459161653044e+03	1	0	0.000000000000000e+00	0.000000000000000e+00	0.000000000000000e+00
17	 0.000000000000000e+00 -7.071067811865475e-01  7.071067811865475e-01	0.000000000000000e+00 0.000000000000000e+00 0.000000000000000e+00	 9.142890680742061e+02 -6.201326471006022e+02  2.947221063985530e+03	1	1	0.000000000000000e+00	0.000000000000000e+00	0.000000000000000e+00
18	 0.000000000000000e+00 -7.071067811865475e-01  7.071067811865475e-01	-5.773502691896257e-01 -5.773502691896257e-01 -5.773502691896257e-01	8.626702730475879e+02 8.626702730475879e+02 8.626702730475879e+02	1	0	0.000000000000000e+00	0.000000000000000e+00	0.000000000000000e+00
19	 7.071067811865475e-01 -7.071067811865475e-01  0.000000000000000e+00	-5.773502691896257e-01 -5.773502691896257e-01 -5.773502691896257e-01	3.427110866150800e+02 3.427110866150800e+02 3.427110866150800e+02	1	0	0.000000000000000e+00	0.000000000000000e+00	0.000000000000000e+00
20	 7.071067811865475e-01 -7.071067811865475e-01  0.000000000000000e+00	0.000000000000000e+00 0.000000000000000e+00 0.000000000000000e+00	3.577960312803930e+02 7.283199846221450e+01 5.975052301026326e+02	1	1	0.000000000000000e+00	0.000000000000000e+00	0.000000000000000e+00
21	 7.071067811865475e-01 -7.071067811865475e-01  0.000000000000000e+00	-5.773502691896257e-01 -5.773502691896257e-01 -5.773502691896257e-01	6.128258770283411e+02 6.128258770283411e+02 6.128258770283411e+02	1	0	0.000000000000000e+00	0.000000000000000e+00	0.000000000000000e+00
22	-7.071067811865475e-01  0.000000000000000e+00 -7.071067811865475e-01	0.000000000000000e+00 0.000000000000000e+00 0.000000000000000e+00	1.000000000000000e+03 4.153257531310242e+02 4.000000000000000e+03	1	2	0.000000000000000e+00	0.000000000000000e+00	0.000000000000000e+00
23	-7.071067811865475e-01  0.000000000000000e+00 -7.071067811865475e-01	0.000000000000000e+00 0.000000000000000e+00 0.000000000000000e+00	1.000000000000000e+03 1.000000000000000e+03 3.415325753131025e+03	1	2	0.000000000000000e+00	0.000000000000000e+00	0.000000000000000e+00
25	-7.071067811865475e-01  0.000000000000000e+00  7.071067811865475e-01	0.000000000000000e+00 0.000000000000000e+00 0.000000000000000e+00	-1.000000000000000e+03 -1.000000000000000e+03  2.856711395993652e+03	1	2	0.000000000000000e+00	0.000000000000000e+00	0.000000000000000e+00
27	 0.000000000000000e+00  7.071067811865475e-01 -7.071067811865475e-01	0.000000000000000e+00 0.000000000000000e+00 0.000000000000000e+00	1.000000000000000e+03 1.000000000000000e+03 2.217486865801013e+03	1	2	0.000000000000000e+00	0.000000000000000e+00	0.000000000000000e+00
28	 0.000000000000000e+00  7.071067811865475e-01 -7.071067811865475e-01	0.000000000000000e+00 0.000000000000000e+00 0.000000000000000e+00	 1.000000000000000e+03 -7.825131341989875e+02  4.000000000000000e+03	1	2	0.000000000000000e+00	0.000000000000000e+00	0.000000000000000e+00
29	 0.000000000000000e+00  7.071067811865475e-01 -7.071067811865475e-01	0.000000000000000e+00 0.000000000000000e+00 0.000000000000000e+00	 7.825131341989878e+02 -1.000000000000000e+03  4.000000000000000e+03	1	2	0.000000000000000e+00	0.000000000000000e+00	0.000000000000000e+00
32	-7.071067811865475e-01  0.000000000000000e+00  7.071067811865475e-01	0.000000000000000e+00 0.000000000000000e+00 0.000000000000000e+00	 8.865608922057086e+02 -1.000000000000000e+03  0.000000000000000e+00	1	2	0.000000000000000e+00	0.000000000000000e+00	0.000000000000000e+00
33	-7.071067811865475e-01  0.000000000000000e+00  7.071067811865475e-01	0.000000000000000e+00 0.000000000000000e+00 0.000000000000000e+00	 3.445815116075663e+02 -1.000000000000000e+03  5.419793805981423e+02	1	2	0.000000000000000e+00	0.000000000000000e+00	0.000000000000000e+00
35	0.000000000000000e+00 7.071067811865475e-01 7.071067811865475e-01	0.000000000000000e+00 0.000000000000000e+00 0.000000000000000e+00	-1.026367529966041e+02 -1.000000000000000e+03  3.670546559461700e+03	1	2	0.000000000000000e+00	0.000000000000000e+00	0.000000000000000e+00
37	 7.071067811865475e-01 -7.071067811865475e-01  0.000000000000000e+00	0.000000000000000e+00 0.000000000000000e+00 0.000000000000000e+00	-1.000000000000000e+03 -1.000000000000000e+03  1.112190757929056e+00	1	2	0.000000000000000e+00	0.000000000000000e+00	0.000000000000000e+00
39	 7.071067811865475e-01 -7.071067811865475e-01  0.000000000000000e+00	0.000000000000000e+00 0.000000000000000e+00 0.000000000000000e+00	-1.000000000000000e+03  4.343145750507622e+02  0.000000000000000e+00	1	2	0.000000000000000e+00	0.000000000000000e+00	0.000000000000000e+00
42	-7.071067811865475e-01  7.071067811865475e-01  0.000000000000000e+00	0.000000000000000e+00 0.000000000000000e+00 0.000000000000000e+00	6.730722375924826e+02 1.000000000000000e+03 2.859597416423510e+03	1	2	0.000000000000000e+00	0.000000000000000e+00	0.000000000000000e+00
44	 0.000000000000000e+00 -7.071067811865475e-01 -7.071067811865475e-01	0.000000000000000e+00 0.000000000000000e+00 0.000000000000000e+00	1.000000000000000e+03 3.933023817419428e+02 0.000000000000000e+00	1	2	0.000000000000000e+00	0.000000000000000e+00	0.000000000000000e+00
45	 0.000000000000000e+00 -7.071067811865475e-01 -7.071067811865475e-01	0.000000000000000e+00 0.000000000000000e+00 0.000000000000000e+00	9.017487287357269e+02 2.950511104776690e+02 0.000000000000000e+00	1	2	0.000000000000000e+00	0.000000000000000e+00	0.000000000000000e+00
46	-7.071067811865475e-01  0.000000000000000e+00  7.071067811865475e-01	0.000000000000000e+00 0.000000000000000e+00 0.000000000000000e+00	 1.000000000000000e+03 -1.000000000000000e+03  1.397051198704921e+02	1	2	0.000000000000000e+00	0.000000000000000e+00	0.000000000000000e+00
47	-7.071067811865475e-01  0.000000000000000e+00  7.071067811865475e-01	0.000000000000000e+00 0.000000000000000e+00 0.000000000000000e+00	-1.000000000000000e+03 -1.000000000000000e+03  2.139705119870493e+03	1	2	0.000000000000000e+00	0.000000000000000e+00	0.000000000000000e+00
48	-7.071067811865475e-01  0.000000000000000e+00  7.071067811865475e-01	0.000000000000000e+00 0.000000000000000e+00 0.000000000000000e+00	-1.000000000000000e+03  2.100128286440665e+02  3.349717948514558e+03	1	2	0.000000000000000e+00	0.000000000000000e+00	0.000000000000000e+00
49	-7.071067811865475e-01  7.071067811865475e-01  0.000000000000000e+00	5.773502691896257e-01 5.773502691896257e-01 5.773502691896257e-01	8.626702730475879e+02 8.626702730475879e+02 8.626702730475879e+02	1	0	0.000000000000000e+00	0.000000000000000e+00	0.000000000000000e+00
50	 0.000000000000000e+00 -7.071067811865475e-01 -7.071067811865475e-01	 5.773502691896257e-01  5.773502691896257e-01 -5.773502691896257e-01	-1.120999950441073e+03 -1.120999950441073e+03  1.120999950441073e+03	1	0	0.000000000000000e+00	0.000000000000000e+00	0.000000000000000e+00
53	 7.071067811865475e-01 -7.071067811865475e-01  0.000000000000000e+00	5.773502691896257e-01 5.773502691896257e-01 5.773502691896257e-01	8.626702730475879e+02 8.626702730475879e+02 8.626702730475879e+02	1	0	0.000000000000000e+00	0.000000000000000e+00	0.000000000000000e+00
69	-7.071067811865475e-01  0.000000000000000e+00 -7.071067811865475e-01	-5.773502691896257e-01  5.773502691896257e-01  5.773502691896257e-01	-1.138441917710341e+03  1.138441917710341e+03  1.138441917710341e+03	1	0	0.000000000000000e+00	0.000000000000000e+00	0.000000000000000e+00
70	-7.071067811865475e-01  0.000000000000000e+00 -7.071067811865475e-01	0.000000000000000e+00 0.000000000000000e+00 0.000000000000000e+00	1.000000000000000e+03 1.000000000000000e+03 3.415325753131025e+03	1	2	0.000000000000000e+00	0.000000000000000e+00	0.000000000000000e+00
78	 0.000000000000000e+00 -7.071067811865475e-01 -7.071067811865475e-01	0.000000000000000e+00 0.000000000000000e+00 0.000000000000000e+00	-4.320901935349040e+02 -1.000000000000000e+03  4.000000000000000e+03	1	2	0.000000000000000e+00	0.000000000000000e+00	0.000000000000000e+00
84	-7.071067811865475e-01  7.071067811865475e-01  0.000000000000000e+00	0.000000000000000e+00 0.000000000000000e+00 0.000000000000000e+00	-1.000000000000000e+03  1.000000000000000e+03  2.001112190757930e+03	1	2	0.000000000000000e+00	0.000000000000000e+00	0.000000000000000e+00
87	 7.071067811865475e-01 -7.071067811865475e-01  0.000000000000000e+00	0.000000000000000e+00 0.000000000000000e+00 0.000000000000000e+00	-1.000000000000000e+03 -1.000000000000000e+03  1.112190757929056e+00	1	2	0.000000000000000e+00	0.000000000000000e+00	0.000000000000000e+00
100	-7.071067811865475e-01  0.000000000000000e+00  7.071067811865475e-01	 5.773502691896257e-01 -5.773502691896257e-01  5.773502691896257e-01	 9.522371319978838e+02 -9.522371319978838e+02  9.522371319978838e+02	1	0	0.000000000000000e+00	0.000000000000000e+00	0.000000000000000e+00
101	-7.071067811865475e-01  0.000000000000000e+00  7.071067811865475e-01	0.000000000000000e+00 0.000000000000000e+00 0.000000000000000e+00	-1.000000000000000e+03 -1.000000000000000e+03  2.856711395993652e+03	1	2	0.000000000000000e+00	0.000000000000000e+00	0.000000000000000e+00
106	 7.071067811865475e-01  0.000000000000000e+00 -7.071067811865475e-01	0.000000000000000e+00 0.000000000000000e+00 0.000000000000000e+00	 1.000000000000000e+03 -8.865608922057086e+02  0.000000000000000e+00	1	2	0.000000000000000e+00	0.000000000000000e+00	0.000000000000000e+00
107	 7.071067811865475e-01 -7.071067811865475e-01  0.000000000000000e+00	-5.773502691896257e-01 -5.773502691896257e-01 -5.773502691896257e-01	-1.885618083164127e+02 -1.885618083164127e+02 -1.885618083164127e+02	1	0	0.000000000000000e+00	0.000000000000000e+00	0.000000000000000e+00
108	 7.071067811865475e-01 -7.071067811865475e-01  0.000000000000000e+00	0.000000000000000e+00 0.000000000000000e+00 0.000000000000000e+00	-1.000000000000000e+03  4.343145750507622e+02  0.000000000000000e+00	1	2	0.000000000000000e+00	0.000000000000000e+00	0.000000000000000e+00
113	 0.000000000000000e+00  7.071067811865475e-01 -7.071067811865475e-01	 5.773502691896257e-01 -5.773502691896257e-01 -5.773502691896257e-01	-7.391622886003375e+02  7.391622886003375e+02  7.391622886003375e+02	1	0	0.000000000000000e+00	0.000000000000000e+00	0.000000000000000e+00
114	 0.000000000000000e+00  7.071067811865475e-01 -7.071067811865475e-01	0.000000000000000e+00 0.000000000000000e+00 0.000000000000000e+00	 7.825131341989878e+02 -1.000000000000000e+03  4.000000000000000e+03	1	2	0.000000000000000e+00	0.000000000000000e+00	0.000000000000000e+00
116	 7.071067811865475e-01 -7.071067811865475e-01  0.000000000000000e+00	0.000000000000000e+00 0.000000000000000e+00 0.000000000000000e+00	1.000000000000000e+03 4.497618191179642e+01 1.959972356767189e+03	1	2	0.000000000000000e+00	0.000000000000000e+00	0.000000000000000e+00
119	0.000000000000000e+00 7.071067811865475e-01 7.071067811865475e-01	0.000000000000000e+00 0.000000000000000e+00 0.000000000000000e+00	1.000000000000000e+03 1.000000000000000e+03 6.066976182580577e+02	1	2	0.000000000000000e+00	0.000000000000000e+00	0.000000000000000e+00
121	7.071067811865475e-01 7.071067811865475e-01 0.000000000000000e+00	0.000000000000000e+00 0.000000000000000e+00 0.000000000000000e+00	-1.000000000000000e+03  4.213732351103828e+02  1.462208218568358e+03	1	2	0.000000000000000e+00	0.000000000000000e+00	0.000000000000000e+00
122	-7.071067811865475e-01  7.071067811865475e-01  0.000000000000000e+00	0.000000000000000e+00 0.000000000000000e+00 0.000000000000000e+00	 3.451013889002215e+02 -1.000000000000000e+03  1.683031870945019e+03	1	2	0.000000000000000e+00	0.000000000000000e+00	0.000000000000000e+00
124	 7.071067811865475e-01 -7.071067811865475e-01  0.000000000000000e+00	0.000000000000000e+00 0.000000000000000e+00 0.000000000000000e+00	1.000000000000000e+03 1.000000000000000e+03 3.186525178831027e+03	1	2	0.000000000000000e+00	0.000000000000000e+00	0.000000000000000e+00
69	0	1	1
22	1	0	1
22	0	205	-1
69	628	0	0
69	1	2	1
23	2	1	1
22	206	1	-1
23	1	206	-1
23	207	2	-1
70	2	207	-1
69	2	425	1
70	425	2	1
100	4	5	1
25	5	4	1
25	4	209	-1
100	359	4	0
25	210	5	-1
101	5	210	-1
100	5	500	1
101	500	5	1
113	7	8	1
27	8	7	1
27	7	212	-1
113	428	7	0
113	8	9	1
28	9	8	1
27	213	8	-1
28	8	213	-1
113	9	10	1
29	10	9	1
28	214	9	-1
29	9	214	-1
29	215	10	-1
114	10	215	-1
113	10	429	1
114	429	10	1
3	13	14	1
32	14	13	1
32	13	218	-1
106	13	218	-1
3	595	13	1
106	595	13	1
3	14	15	1
33	15	14	1
32	219	14	-1
33	14	219	-1
33	220	15	-1
3	15	275	0
4	17	18	1
35	18	17	1
35	17	222	-1
78	17	222	-1
4	380	17	1
78	380	17	1
35	223	18	-1
4	18	329	0
5	20	21	1
37	21	20	1
37	20	225	-1
84	20	225	-1
5	484	20	1
84	484	20	1
37	226	21	-1
87	21	226	-1
5	21	431	1
87	431	21	1
107	23	24	1
39	24	23	1
39	23	228	-1
107	432	23	0
39	229	24	-1
108	24	229	-1
107	24	281	1
108	281	24	1
7	27	28	1
42	28	27	1
42	27	232	-1
124	27	232	-1
7	686	27	1
124	686	27	1
42	233	28	-1
7	28	283	0
8	30	31	1
44	31	30	1
44	30	235	-1
119	30	235	-1
8	507	30	1
119	507	30	1
8	31	32	1
45	32	31	1
44	236	31	-1
45	31	236	-1
45	237	32	-1
8	32	671	0
9	33	34	1
46	34	33	1
46	33	238	-1
9	436	33	0
9	34	35	1
47	35	34	1
46	239	34	-1
47	34	239	-1
9	35	36	1
48	36	35	1
47	240	35	-1
48	35	240	-1
48	241	36	-1
9	36	437	0
10	37	38	0
11	38	37	0
11	37	40	0
10	340	37	0
11	39	38	0
10	38	341	0
11	40	39	0
12	39	40	0
12	342	39	0
12	40	343	0
10	41	344	0
10	345	41	0
12	42	346	0
12	347	42	0
13	43	44	0
14	44	43	0
14	43	46	0
13	348	43	0
14	45	44	0
13	44	452	0
14	46	45	0
15	45	46	0
15	350	45	0
15	46	351	0
15	355	48	0
15	48	677	0
16	49	50	0
17	50	49	0
17	49	52	0
16	356	49	0
17	51	50	0
16	50	357	0
17	52	51	0
18	51	52	0
18	358	51	0
18	52	551	0
16	53	360	0
16	361	53	0
18	54	362	0
18	363	54	0
19	55	56	0
20	56	55	0
20	55	58	0
19	364	55	0
20	57	56	0
19	56	365	0
20	58	57	0
21	57	58	0
21	366	57	0
21	58	367	0
19	59	368	0
19	369	59	0
21	60	370	0
21	371	60	0
22	205	206	-1
23	206	207	-1
70	207	596	-1
25	209	210	-1
101	210	648	-1
27	212	213	-1
28	213	214	-1
29	214	215	-1
114	215	674	-1
32	218	219	-1
106	218	661	-1
33	219	220	-1
35	222	223	-1
78	222	609	-1
37	225	226	-1
84	225	615	-1
87	226	619	-1
39	228	229	-1
108	229	664	-1
42	232	233	-1
124	232	696	-1
44	235	236	-1
119	235	688	-1
45	236	237	-1
46	238	239	-1
47	239	240	-1
48	240	241	-1
69	242	488	0
69	489	242	0
3	245	378	0
3	379	245	0
5	247	492	0
5	493	247	0
107	248	446	0
107	447	248	0
7	249	386	0
7	387	249	0
8	250	494	0
8	542	250	0
9	439	251	0
9	251	624	0
10	252	392	0
10	393	252	0
10	253	315	0
10	394	253	0
12	254	396	0
12	397	254	0
12	647	255	1
121	647	255	1
12	255	690	0
121	255	694	-1
13	268	257	0
13	257	403	0
15	406	259	0
15	259	407	0
16	260	408	0
16	409	260	0
16	410	261	0
16	261	411	0
18	413	262	0
113	413	262	0
18	262	493	0
113	262	544	0
18	414	263	0
18	263	415	0
19	418	265	0
19	265	419	0
21	266	420	0
21	421	266	0
21	422	267	0
21	267	423	0
69	268	452	0
13	452	268	0
50	452	268	0
69	524	268	0
50	268	625	0
69	496	269	0
69	269	497	0
113	272	460	0
113	562	272	0
3	274	595	0
3	659	274	0
3	275	682	0
4	329	277	0
4	277	381	0
5	278	502	0
5	503	278	0
5	504	279	0
5	279	505	0
107	280	468	0
107	469	280	0
107	281	471	0
108	664	281	-1
7	283	387	0
8	540	285	0
8	285	543	0
9	286	476	0
9	547	286	0
9	478	287	0
9	287	479	0
10	288	340	0
10	392	288	0
10	341	289	0
10	289	394	0
12	290	342	0
12	396	290	0
10	344	292	0
10	292	393	0
10	315	293	0
10	293	345	0
12	346	294	0
12	294	397	0
12	295	347	0
12	399	295	0
13	501	296	0
13	296	637	0
15	351	299	0
15	299	406	0
13	301	353	0
13	403	301	0
15	303	355	0
15	407	303	0
16	408	304	0
16	304	679	0
16	305	410	0
16	668	305	0
18	306	358	0
18	412	306	0
18	359	307	0
100	307	359	0
49	359	307	0
18	307	414	0
100	414	307	0
53	414	307	0
49	307	553	0
53	307	563	0
16	360	308	0
16	308	409	0
16	309	361	0
16	411	309	0
18	575	310	0
18	310	617	0
18	311	363	0
18	415	311	0
19	312	364	0
19	636	312	0
19	365	313	0
19	313	418	0
21	314	366	0
21	420	314	0
21	315	422	0
21	633	315	0
19	368	316	0
19	316	417	0
19	317	369	0
19	419	317	0
21	370	318	0
21	318	421	0
21	319	371	0
21	423	319	0
69	320	508	0
69	509	320	0
113	324	428	0
113	460	324	0
5	330	516	0
5	517	330	0
5	518	331	0
5	331	519	0
107	332	432	0
107	468	332	0
8	522	337	0
8	337	666	0
9	476	338	0
9	338	548	0
9	437	339	0
9	339	478	0
12	343	647	0
13	637	348	0
15	354	350	1
116	354	350	1
116	350	564	-1
100	353	374	0
13	353	501	0
100	501	353	0
15	677	354	0
116	680	354	-1
16	679	356	0
16	357	668	0
18	551	359	0
49	553	359	0
18	362	575	0
21	367	633	0
69	523	372	0
69	372	524	0
69	373	439	0
69	526	373	0
100	374	528	0
113	376	461	0
113	544	376	0
3	378	659	0
3	682	379	0
78	609	380	-1
4	663	380	0
4	381	663	0
5	531	382	0
5	382	532	0
5	383	533	0
5	534	383	0
107	446	384	0
107	384	469	0
107	385	447	0
107	471	385	0
7	386	686	0
8	535	388	0
8	388	536	0
8	541	389	0
8	389	546	0
9	390	603	0
9	626	390	0
9	552	391	0
9	391	573	0
12	690	399	0
18	558	412	0
113	429	413	0
18	691	413	0
100	528	414	0
53	698	414	0
19	584	416	0
19	416	636	0
19	417	678	0
69	508	424	0
69	424	628	0
69	425	511	0
70	596	425	-1
114	674	429	-1
5	430	484	0
5	516	430	0
5	431	518	0
87	619	431	-1
8	435	522	0
8	671	435	0
9	548	436	0
69	488	438	0
69	438	523	0
69	439	489	0
9	573	439	0
5	492	444	0
5	444	531	0
5	445	493	0
5	533	445	0
8	494	448	0
8	448	535	0
8	449	542	0
8	546	449	0
9	624	450	0
9	450	626	0
69	452	509	0
50	554	452	0
69	454	496	0
69	511	454	0
69	497	455	0
69	455	526	0
113	461	562	0
5	502	464	0
5	464	517	0
5	465	503	0
5	532	465	0
5	466	504	0
5	519	466	0
5	505	467	0
5	467	534	0
8	473	507	0
8	536	473	0
8	474	540	0
8	666	474	0
8	475	541	0
8	543	475	0
9	477	547	0
9	603	477	0
9	479	552	0
84	615	484	-1
18	493	658	0
100	500	501	0
101	648	500	-1
119	688	507	-1
50	585	554	0
18	594	558	0
53	563	589	0
116	564	680	-1
19	653	584	1
122	653	584	1
122	584	695	-1
50	625	585	0
53	589	608	0
19	591	653	0
19	678	591	0
18	623	594	0
106	661	595	-1
53	608	640	0
18	617	691	0
18	632	623	0
18	641	632	0
53	640	698	0
18	652	641	0
121	684	647	-1
18	658	652	0
122	692	653	-1
121	694	684	-1
124	696	686	-1
122	695	692	-1
