383
53
489
0	 3.286492012025265e+02 -2.560250456664495e+02  4.000000000000000e+03	 1.014032447710633e-02  1.014032447710633e-02 -1.872520900057447e-18	1.000000000000000e+00	539	1	0
1	1.000000000000000e+03 4.153257531310242e+02 4.000000000000000e+03	0.000000000000000e+00 0.000000000000000e+00 0.000000000000000e+00	1.000000000000000e+00	539	1	1
2	1.000000000000000e+03 1.000000000000000e+03 3.415325753131025e+03	0.000000000000000e+00 0.000000000000000e+00 0.000000000000000e+00	1.000000000000000e+00	539	1	2
4	-1.000000000000000e+03 -1.138095448812602e+02  3.742901851112392e+03	 3.299615585943993e-18 -1.047311956062913e-02 -1.047311956062913e-02	1.000000000000000e+00	539	1	4
5	-1.000000000000000e+03 -1.000000000000000e+03  2.856711395993652e+03	0.000000000000000e+00 0.000000000000000e+00 0.000000000000000e+00	1.000000000000000e+00	539	1	5
7	5.934426741807443e+02 1.000000000000000e+03 1.810929539981757e+03	4.584914539009333e-03 9.971621915014287e-20 4.584914539009333e-03	1.000000000000000e+00	539	1	7
8	1.000000000000000e+03 1.000000000000000e+03 2.217486865801013e+03	0.000000000000000e+00 0.000000000000000e+00 0.000000000000000e+00	1.000000000000000e+00	539	1	8
9	 1.000000000000000e+03 -7.825131341989875e+02  4.000000000000000e+03	0.000000000000000e+00 0.000000000000000e+00 0.000000000000000e+00	1.000000000000000e+00	539	1	9
10	 7.825131341989878e+02 -1.000000000000000e+03  4.000000000000000e+03	0.000000000000000e+00 0.000000000000000e+00 0.000000000000000e+00	1.000000000000000e+00	539	1	10
11	-9.692900001801782e-01 -1.000000000000000e+03  3.216517575800832e+03	2.419061391265132e-03 2.826628034693552e-20 2.419061391265132e-03	5.625000000000000e-01	539	1	11
13	 1.000000000000000e+03 -8.865608922057086e+02  0.000000000000000e+00	0.000000000000000e+00 0.000000000000000e+00 0.000000000000000e+00	1.000000000000000e+00	487	1	13
14	 8.865608922057086e+02 -1.000000000000000e+03  0.000000000000000e+00	0.000000000000000e+00 0.000000000000000e+00 0.000000000000000e+00	1.000000000000000e+00	487	1	14
15	 1.894014648585383e+02 -1.000000000000000e+03  6.971594273471702e+02	 9.797685081139207e-03  1.985060387351838e-18 -9.797685081139205e-03	1.000000000000000e+00	487	1	15
17	-4.320901935349040e+02 -1.000000000000000e+03  4.000000000000000e+03	0.000000000000000e+00 0.000000000000000e+00 0.000000000000000e+00	1.000000000000000e+00	497	1	17
18	-2.519981352828048e+01 -1.000000000000000e+03  3.593109619993376e+03	-1.117852025345201e-04 -2.408064915471186e-05  8.770455133344512e-05	5.625000000000000e-01	497	1	18
19	6.209709640194560e+02 1.000000000000000e+03 3.622083154777385e+03	-2.491909428499638e-03 -1.984887012503272e-18 -2.491909428499639e-03	1.000000000000000e+00	19	1	19
20	-1.000000000000000e+03  1.000000000000000e+03  2.001112190757930e+03	0.000000000000000e+00 0.000000000000000e+00 0.000000000000000e+00	1.000000000000000e+00	19	1	20
21	-1.000000000000000e+03 -1.000000000000000e+03  1.112190757929056e+00	0.000000000000000e+00 0.000000000000000e+00 0.000000000000000e+00	1.000000000000000e+00	19	1	21
23	-1.000000000000000e+03 -3.428675512787146e+02  7.771821263294768e+02	 2.164608685474807e-19  5.232936237007380e-03 -5.232936237007380e-03	1.000000000000000e+00	453	1	23
24	-1.000000000000000e+03  4.343145750507622e+02  0.000000000000000e+00	0.000000000000000e+00 0.000000000000000e+00 0.000000000000000e+00	1.000000000000000e+00	453	1	24
26	1.000000000000000e+03 3.590918158079672e+02 2.545616994638995e+03	-4.698343666710394e-18  1.191553345415741e-02  1.191553345415741e-02	1.000000000000000e+00	26	1	26
27	1.000000000000000e+03 1.000000000000000e+03 3.186525178831027e+03	0.000000000000000e+00 0.000000000000000e+00 0.000000000000000e+00	1.000000000000000e+00	26	1	27
28	5.086054982878575e+02 1.000000000000000e+03 2.695130677118885e+03	 9.883825667202473e-03 -1.013315021665120e-18  9.883825667202473e-03	1.000000000000000e+00	26	1	28
30	1.000000000000000e+03 1.000000000000000e+03 6.066976182580577e+02	0.000000000000000e+00 0.000000000000000e+00 0.000000000000000e+00	1.000000000000000e+00	525	1	30
31	1.000000000000000e+03 3.933023817419428e+02 0.000000000000000e+00	0.000000000000000e+00 0.000000000000000e+00 0.000000000000000e+00	1.000000000000000e+00	525	1	31
32	7.464677023215989e+02 1.397700840635411e+02 0.000000000000000e+00	9.082749020308256e-03 9.082749020308256e-03 2.391401053629587e-19	1.000000000000000e+00	525	1	32
33	1.000000000000000e+03 8.791098942118761e+02 2.018815014082369e+03	-5.696604705861304e-19  5.206686910241842e-03  5.206686910241842e-03	1.000000000000000e+00	539	1	33
34	 1.000000000000000e+03 -1.000000000000000e+03  1.397051198704921e+02	0.000000000000000e+00 0.000000000000000e+00 0.000000000000000e+00	1.000000000000000e+00	539	1	34
35	-1.000000000000000e+03 -1.000000000000000e+03  2.139705119870493e+03	0.000000000000000e+00 0.000000000000000e+00 0.000000000000000e+00	1.000000000000000e+00	539	1	35
36	-1.000000000000000e+03  2.450545940546025e+02  3.384759713925095e+03	-2.206860352944372e-19 -5.292410263791679e-03 -5.292410263791681e-03	1.000000000000000e+00	539	1	36
37	-5.395224740453357e+02  2.679934700697016e+02  1.091772870152029e+03	0.000000000000000e+00 0.000000000000000e+00 0.000000000000000e+00	1.000000000000000e+00	55	0	37
38	 2.192031021678289e+02 -4.907321061434643e+02  2.609224022578360e+03	0.000000000000000e+00 0.000000000000000e+00 0.000000000000000e+00	1.000000000000000e+00	55	0	38
39	-1.088944443027284e+02 -1.626345596729055e+02  2.937321569048918e+03	0.000000000000000e+00 0.000000000000000e+00 0.000000000000000e+00	1.000000000000000e+00	55	0	39
40	-8.676200205158938e+02  5.960910165402597e+02  1.419870416622587e+03	0.000000000000000e+00 0.000000000000000e+00 0.000000000000000e+00	1.000000000000000e+00	55	0	40
41	-1.231682588745600e+02 -7.967460594139638e+01  1.855795161333903e+03	6.415621784981340e-03 5.564592371229082e-03 8.510294137522577e-04	1.000000000000000e+00	55	0	41
42	-5.170670169822880e+02  1.842485549170155e+02  2.182265881779437e+03	-6.064130847031872e-03 -7.439424827074011e-03  1.375293980042140e-03	1.000000000000000e+00	55	0	42
43	-6.102331521639902e+02 -7.551900423072325e+02  1.997576656851997e+03	0.000000000000000e+00 0.000000000000000e+00 0.000000000000000e+00	1.000000000000000e+00	539	0	43
44	1.824335495461293e+02 3.747665940288726e+01 3.582910060272236e+03	0.000000000000000e+00 0.000000000000000e+00 0.000000000000000e+00	1.000000000000000e+00	539	0	44
45	9.984347750354048e+02 8.534778848921626e+02 2.766908834782960e+03	0.000000000000000e+00 0.000000000000000e+00 0.000000000000000e+00	1.000000000000000e+00	539	0	45
46	2.057680733252849e+02 6.081118318204357e+01 1.181575431362721e+03	0.000000000000000e+00 0.000000000000000e+00 0.000000000000000e+00	1.000000000000000e+00	539	0	46
48	7.103049321012058e+02 3.442243522030600e+02 1.969525459159658e+03	 1.497963800405462e-02 -1.821309343601267e-02 -3.233455431958039e-03	1.000000000000000e+00	539	0	48
49	-7.756961389616429e+02  2.248599564173225e+02  3.792213667503454e+03	0.000000000000000e+00 0.000000000000000e+00 0.000000000000000e+00	1.000000000000000e+00	539	0	49
50	 9.142890680742061e+02 -6.201326471006022e+02  2.947221063985530e+03	0.000000000000000e+00 0.000000000000000e+00 0.000000000000000e+00	1.000000000000000e+00	539	0	50
51	 6.965001794687494e+02 -8.379215357060586e+02  2.729432175380073e+03	0.000000000000000e+00 0.000000000000000e+00 0.000000000000000e+00	1.000000000000000e+00	539	0	51
52	-9.934850275670998e+02  7.071067811866098e+00  3.574424778897997e+03	0.000000000000000e+00 0.000000000000000e+00 0.000000000000000e+00	1.000000000000000e+00	539	0	52
53	 6.778873960514852e+01 -2.081500696837547e+02  3.381738815037740e+03	-5.546811347206433e-04 -9.722112639186282e-04  1.526892398639272e-03	1.000000000000000e+00	539	0	53
54	-1.528284549999004e+02 -5.418440123573333e+02  3.282683286499998e+03	-2.477278001606464e-03 -9.495627135038376e-03  1.197290513664484e-02	1.000000000000000e+00	539	0	54
55	-3.705239533417505e+02 -6.554879861599293e+02  2.054145199346920e+03	0.000000000000000e+00 0.000000000000000e+00 0.000000000000000e+00	1.000000000000000e+00	55	0	55
56	3.577960312803930e+02 7.283199846221450e+01 5.975052301026326e+02	0.000000000000000e+00 0.000000000000000e+00 0.000000000000000e+00	1.000000000000000e+00	55	0	56
57	6.279108216936542e+02 3.429467888754754e+02 8.676200205158938e+02	0.000000000000000e+00 0.000000000000000e+00 0.000000000000000e+00	1.000000000000000e+00	55	0	57
58	-1.004091629284901e+02 -3.853731957466687e+02  2.324259989760182e+03	0.000000000000000e+00 0.000000000000000e+00 0.000000000000000e+00	1.000000000000000e+00	55	0	58
59	 1.902827780956979e+02 -4.155989868910104e+02  1.253449468640553e+03	 2.153395830343167e-02 -1.237487451483806e-02 -9.159083788593611e-03	1.000000000000000e+00	55	0	59
60	2.403455707822216e+02 3.163367531217188e+00 1.594968692771585e+03	-1.171744700210790e-03  1.332795325045784e-03 -1.610506248349944e-04	1.000000000000000e+00	55	0	60
205	 3.286492012025265e+02 -2.560250456664495e+02  4.500000000000000e+03	0.000000000000000e+00 0.000000000000000e+00 0.000000000000000e+00	1.000000000000000e+00	539	-1	0
206	1.353553390593274e+03 4.153257531310242e+02 4.353553390593273e+03	0.000000000000000e+00 0.000000000000000e+00 0.000000000000000e+00	1.000000000000000e+00	539	-1	1
207	1.353553390593274e+03 1.353553390593274e+03 3.415325753131025e+03	0.000000000000000e+00 0.000000000000000e+00 0.000000000000000e+00	1.000000000000000e+00	539	-1	2
209	-1.500000000000000e+03 -1.138095448812602e+02  3.742901851112392e+03	0.000000000000000e+00 0.000000000000000e+00 0.000000000000000e+00	1.000000000000000e+00	539	-1	4
210	-1.353553390593274e+03 -1.353553390593274e+03  2.856711395993652e+03	0.000000000000000e+00 0.000000000000000e+00 0.000000000000000e+00	1.000000000000000e+00	539	-1	5
212	5.934426741807443e+02 1.500000000000000e+03 1.810929539981757e+03	0.000000000000000e+00 0.000000000000000e+00 0.000000000000000e+00	1.000000000000000e+00	539	-1	7
213	1.353553390593274e+03 1.353553390593274e+03 2.217486865801013e+03	0.000000000000000e+00 0.000000000000000e+00 0.000000000000000e+00	1.000000000000000e+00	539	-1	8
214	 1.353553390593274e+03 -7.825131341989875e+02  4.353553390593273e+03	0.000000000000000e+00 0.000000000000000e+00 0.000000000000000e+00	1.000000000000000e+00	539	-1	9
215	 7.825131341989878e+02 -1.353553390593274e+03  4.353553390593273e+03	0.000000000000000e+00 0.000000000000000e+00 0.000000000000000e+00	1.000000000000000e+00	539	-1	10
216	-9.692900001801800e-01 -1.500000000000000e+03  3.216517575800832e+03	0.000000000000000e+00 0.000000000000000e+00 0.000000000000000e+00	1.000000000000000e+00	539	-1	11
218	 1.353553390593274e+03 -8.865608922057086e+02 -3.535533905932737e+02	0.000000000000000e+00 0.000000000000000e+00 0.000000000000000e+00	1.000000000000000e+00	487	-1	13
219	 8.865608922057086e+02 -1.353553390593274e+03 -3.535533905932737e+02	0.000000000000000e+00 0.000000000000000e+00 0.000000000000000e+00	1.000000000000000e+00	487	-1	14
220	 1.894014648585383e+02 -1.500000000000000e+03  6.971594273471702e+02	0.000000000000000e+00 0.000000000000000e+00 0.000000000000000e+00	1.000000000000000e+00	487	-1	15
222	-4.320901935349040e+02 -1.353553390593274e+03  4.353553390593273e+03	0.000000000000000e+00 0.000000000000000e+00 0.000000000000000e+00	1.000000000000000e+00	497	-1	17
223	-2.519981352828048e+01 -1.500000000000000e+03  3.593109619993376e+03	0.000000000000000e+00 0.000000000000000e+00 0.000000000000000e+00	1.000000000000000e+00	497	-1	18
224	6.209709640194560e+02 1.500000000000000e+03 3.622083154777385e+03	0.000000000000000e+00 0.000000000000000e+00 0.000000000000000e+00	1.000000000000000e+00	19	-1	19
225	-1.353553390593274e+03  1.353553390593274e+03  2.001112190757930e+03	0.000000000000000e+00 0.000000000000000e+00 0.000000000000000e+00	1.000000000000000e+00	19	-1	20
226	-1.353553390593274e+03 -1.353553390593274e+03  1.112190757929058e+00	0.000000000000000e+00 0.000000000000000e+00 0.000000000000000e+00	1.000000000000000e+00	19	-1	21
228	-1.500000000000000e+03 -3.428675512787146e+02  7.771821263294768e+02	0.000000000000000e+00 0.000000000000000e+00 0.000000000000000e+00	1.000000000000000e+00	453	-1	23
229	-1.353553390593274e+03  4.343145750507622e+02 -3.535533905932737e+02	0.000000000000000e+00 0.000000000000000e+00 0.000000000000000e+00	1.000000000000000e+00	453	-1	24
231	1.500000000000000e+03 3.590918158079672e+02 2.545616994638995e+03	0.000000000000000e+00 0.000000000000000e+00 0.000000000000000e+00	1.000000000000000e+00	26	-1	26
232	1.353553390593274e+03 1.353553390593274e+03 3.186525178831027e+03	0.000000000000000e+00 0.000000000000000e+00 0.000000000000000e+00	1.000000000000000e+00	26	-1	27
233	5.086054982878575e+02 1.500000000000000e+03 2.695130677118885e+03	0.000000000000000e+00 0.000000000000000e+00 0.000000000000000e+00	1.000000000000000e+00	26	-1	28
235	1.353553390593274e+03 1.353553390593274e+03 6.066976182580577e+02	0.000000000000000e+00 0.000000000000000e+00 0.000000000000000e+00	1.000000000000000e+00	525	-1	30
236	 1.353553390593274e+03  3.933023817419428e+02 -3.535533905932737e+02	0.000000000000000e+00 0.000000000000000e+00 0.000000000000000e+00	1.000000000000000e+00	525	-1	31
237	 7.464677023215989e+02  1.397700840635411e+02 -5.000000000000000e+02	0.000000000000000e+00 0.000000000000000e+00 0.000000000000000e+00	1.000000000000000e+00	525	-1	32
238	1.500000000000000e+03 8.791098942118761e+02 2.018815014082369e+03	0.000000000000000e+00 0.000000000000000e+00 0.000000000000000e+00	1.000000000000000e+00	539	-1	33
239	 1.353553390593274e+03 -1.353553390593274e+03  1.397051198704921e+02	0.000000000000000e+00 0.000000000000000e+00 0.000000000000000e+00	1.000000000000000e+00	539	-1	34
240	-1.353553390593274e+03 -1.353553390593274e+03  2.139705119870493e+03	0.000000000000000e+00 0.000000000000000e+00 0.000000000000000e+00	1.000000000000000e+00	539	-1	35
241	-1.500000000000000e+03  2.450545940546025e+02  3.384759713925095e+03	0.000000000000000e+00 0.000000000000000e+00 0.000000000000000e+00	1.000000000000000e+00	539	-1	36
242	-5.309067387802271e+01  4.162534734740070e+02  2.945981605778994e+03	-1.880870968307136e-05 -1.414209600625327e-05 -4.666612653636548e-06	7.500000000000000e-01	539	0	242
243	-2.531442276647838e+02 -2.992797597523426e+02  2.810575863906093e+03	-4.481820700003947e-18  1.647307863458991e-02  1.647307863458991e-02	1.000000000000000e+00	539	0	243
244	 1.934759549128900e+02 -4.260874733007011e+01  2.453571568043973e+03	-4.401177245502670e-03 -2.048885139326255e-03 -2.352292106176416e-03	1.000000000000000e+00	539	0	244
245	 6.070044026645614e+02 -6.247263643050726e+02  6.548301252360745e+02	 7.078110861281554e-03 -8.204055173943441e-03 -1.528216603522499e-02	1.000000000000000e+00	487	0	245
246	 6.430852419394760e+01 -6.052950860124379e+02  3.898306196258711e+03	-2.165331752621569e-03 -7.079304341459647e-04  1.457401318475604e-03	5.625000000000000e-01	497	0	246
247	3.658812617651995e+02 4.353886473304286e+01 2.410532317256172e+03	-5.262600723654032e-03  4.950398113578558e-03 -3.122026100754738e-04	1.000000000000000e+00	19	0	247
248	-3.306533814270999e+02 -5.965621001977952e+02  3.615300566756570e+02	-1.649922225624323e-03  8.006675401702523e-03 -6.356753176078200e-03	1.000000000000000e+00	453	0	248
249	7.740166655214241e+02 6.656363158720923e+02 2.626178160224543e+03	6.877238474165400e-03 2.862776008745035e-03 9.740014482910434e-03	1.000000000000000e+00	26	0	249
250	1.590200877984740e+02 6.050421929052403e+02 1.052719723364824e+03	8.588001869308451e-03 9.754879594159624e-03 1.166877724851171e-03	1.000000000000000e+00	525	0	250
251	3.933834262714667e+00 5.605123218007611e+02 2.696283607408539e+03	9.452737246950466e-03 4.187431527922551e-02 3.242157803227504e-02	1.000000000000000e+00	539	0	251
252	-2.856341408412997e+02  1.473285744978640e+02  1.466326098927903e+03	 6.463751662522554e-03  7.092416752129793e-03 -6.286650896072391e-04	1.000000000000000e+00	55	0	252
253	 1.703330376035426e+01 -3.156143274487114e+02  2.231936445476132e+03	3.046603518062814e-04 2.765352261728064e-04 2.812512563347506e-05	1.000000000000000e+00	55	0	253
254	-2.652544032841814e+02  6.471519697899058e+01  2.553611853415568e+03	 2.838858383862923e-03  3.739383323894192e-03 -9.005249400312704e-04	1.000000000000000e+00	55	0	254
255	-7.519441185419356e+02  3.284800112388349e+02  1.803157323897970e+03	-1.162768353242427e-02 -1.262135512661189e-02  9.936715941876175e-04	1.000000000000000e+00	55	0	255
256	-2.531442276647839e+02 -7.275467093166302e+02  2.382308914341805e+03	-1.006431263384532e-18 -1.477327325847000e-02 -1.477327325847000e-02	1.000000000000000e+00	539	0	256
257	-6.106481735711090e+01 -1.168790007917661e+02  3.185056033174342e+03	-6.341303271862368e-03  5.020304078546663e-03 -1.320999193315705e-03	1.000000000000000e+00	539	0	257
258	9.973275158422420e+02 4.621366877774419e+02 2.374460378475077e+03	 3.919894224964082e-02 -3.460790496319533e-03  3.573815175332129e-02	1.000000000000000e+00	539	0	258
259	4.353022217364104e+02 2.216425929632234e+02 1.571940989555026e+03	 2.316403707178930e-03 -3.435636366096636e-03 -1.119232658917705e-03	1.000000000000000e+00	539	0	259
260	-3.506661217255659e+02  8.455351148264182e+01  3.507490095202057e+03	 4.529358896737300e-04  7.148117661320915e-03 -7.601053550994644e-03	1.000000000000000e+00	539	0	260
261	 4.859645335824072e+02 -4.522843652035621e+02  3.207697316580288e+03	-7.854149055977661e-04 -3.966472654913862e-03  4.751887560511629e-03	1.000000000000000e+00	539	0	261
262	 1.852619766708759e+02 -3.036737592303512e+02  2.706422601702240e+03	-2.514432454039096e-18  2.483481075614690e-02 -2.483481075614691e-02	1.000000000000000e+00	539	0	262
263	-5.155409002536665e+02 -2.052729103711210e+02  3.308824629767552e+03	 1.261774636805058e-02  4.240317270159721e-03 -1.685806363821030e-02	1.000000000000000e+00	539	0	263
264	 8.866008180628771e+01 -7.605488258308407e+02  1.700022003869793e+03	 1.565431376608710e-02 -1.779227944401403e-02  2.137965677926938e-03	1.000000000000000e+00	55	0	264
265	 2.329807161125316e+02 -1.621023275321817e+02  9.572548712648902e+02	 1.471211093788346e-02 -1.142643966401617e-02 -3.285671273867289e-03	1.000000000000000e+00	55	0	265
266	4.449821224707531e+02 1.629716845209302e+02 1.230523824093340e+03	-1.627266620441030e-03  1.410685848289480e-03  2.165807721515497e-04	1.000000000000000e+00	55	0	266
267	 2.580659062839580e+01 -1.441050853431700e+02  1.956776125799797e+03	-4.364970605820417e-03  4.398153629153967e-03 -3.318302333354959e-05	1.000000000000000e+00	55	0	267
268	-5.572142522980229e+00  2.616295090390248e+01  3.383590659704142e+03	-1.319989992771297e-02  3.568423608888050e-18 -1.319989992771298e-02	1.000000000000000e+00	539	0	268
269	-2.603694610616426e+02  7.363497304167174e+02  2.418606561652664e+03	6.817615513379375e-03 5.512103981648883e-03 1.305511531730493e-03	1.000000000000000e+00	539	0	269
271	-1.166207054044362e+02 -8.463878121057296e+02  2.126944289292358e+03	-1.739066823696097e-02 -1.623863742376367e-02  1.152030813197296e-03	1.000000000000000e+00	539	0	271
272	3.815649641266460e+02 4.931543628665512e+02 2.105897467061107e+03	-3.392689628526568e-03 -2.780295908451079e-04 -3.114660037681460e-03	1.000000000000000e+00	539	0	272
274	 8.281154907011759e+02 -4.162714303776243e+02  6.421739711269084e+02	 6.603658354530731e-03 -7.594817007581392e-03 -1.419847536211213e-02	1.000000000000000e+00	487	0	274
275	 3.834140573264277e+02 -8.375891991015939e+02  6.655576357776870e+02	 5.754341371357441e-03 -6.870216690003872e-03 -1.262455806136131e-02	1.000000000000000e+00	487	0	275
276	 1.832866333782827e+02 -3.846231730868133e+02  4.000000000000000e+03	-4.045728594064711e-03 -4.045728594064716e-03 -8.580689883116287e-18	1.000000000000000e+00	497	1	276
277	 2.752114701591407e+01 -8.025259512435180e+02  3.737862708205664e+03	-8.169813004011909e-03 -2.754106496771176e-03  5.415706507240732e-03	1.000000000000000e+00	497	0	277
278	5.338164913640693e+02 5.001648705822625e+02 3.035093552704261e+03	-4.220883827656507e-03  2.618582220748067e-03 -1.602301606908441e-03	1.000000000000000e+00	19	0	278
279	 2.960214461434952e+02 -4.971147605823636e+02  1.800018876319061e+03	 4.591732334423189e-04 -2.004708609698961e-04  2.587023724724228e-04	1.000000000000000e+00	19	0	279
280	-6.632219657193568e+02 -4.743664210292685e+02  5.719029617993872e+02	-6.982745059455434e-04  5.444447063685705e-03 -4.746172557740162e-03	1.000000000000000e+00	453	0	280
281	-3.728407055982351e+00 -6.929509111807560e+02  1.309938932875003e+02	-2.809599197159211e-03  1.131592046779891e-02 -8.506321270639697e-03	1.000000000000000e+00	453	0	281
282	9.073743620757747e+02 4.909113401077435e+02 2.584810881014545e+03	4.928090221559008e-03 2.184870963295301e-03 7.112961184854309e-03	1.000000000000000e+00	26	0	282
283	6.384789255836305e+02 8.433405349214999e+02 2.668344639336157e+03	7.612550475945075e-03 3.462008511026700e-03 1.107455898697178e-02	1.000000000000000e+00	26	0	283
284	-1.172661864518060e+02  8.414247261371958e+02  1.565388530847059e+03	 1.426689148259659e-02  1.348756059693794e-02 -7.793308856586619e-04	1.000000000000000e+00	525	0	284
285	4.331553246485497e+02 3.572023324522142e+02 5.307446260617221e+02	9.723903727717698e-03 1.102937094401568e-02 1.305467216297984e-03	1.000000000000000e+00	525	0	285
286	5.152421088068558e+02 7.211978140569329e+02 2.345660825120570e+03	9.359515582521756e-04 3.896055781903367e-03 2.960104223651190e-03	1.000000000000000e+00	539	0	286
287	-4.930990685669858e+02  4.403787315321445e+02  3.073182919969623e+03	-2.431483784069617e-04 -1.112770415299262e-03 -8.696220368922998e-04	1.000000000000000e+00	539	0	287
288	-4.076045157391556e+02  2.156008254079135e+02  1.276083473119997e+03	 4.708034025194745e-03  5.834537519452472e-03 -1.126503494257728e-03	1.000000000000000e+00	55	0	288
289	 1.295450435615881e+02 -3.912299428928122e+02  2.420063800721467e+03	-1.000780165971567e-03 -1.223766691206644e-03  2.229865252350768e-04	1.000000000000000e+00	55	0	289
290	-1.352550847235181e+02  1.424150797144276e+00  2.746902218158078e+03	6.485375236176576e-03 6.006996021217977e-03 4.783792149585981e-04	1.000000000000000e+00	55	0	290
291	-8.504844800223602e+02  4.268482510073885e+02  1.606248722648992e+03	-1.032943666602174e-02 -8.598487668981155e-03 -1.730948997040590e-03	1.000000000000000e+00	55	0	291
292	-1.908749736584125e+02  4.036552737569863e+01  1.668048313232955e+03	6.927154822430263e-03 5.956149330207457e-03 9.710054922228059e-04	1.000000000000000e+00	55	0	292
293	-3.958794382267427e+01 -1.910868455854967e+02  2.050787716029889e+03	5.025757496696315e-03 3.112359265287523e-03 1.913398231408792e-03	2.373046875000000e-01	55	0	293
294	-3.931277971683120e+02  1.215487254708605e+02  2.368904931039568e+03	-1.645206163326899e-03 -2.074371518877645e-03  4.291653555507461e-04	1.000000000000000e+00	55	0	294
295	-6.375401654354059e+02  2.518574709279332e+02  1.994183817315401e+03	-9.516946195314327e-03 -1.121403913324078e-02  1.697092937926451e-03	1.000000000000000e+00	55	0	295
296	-4.027956511498882e+02 -7.873116907230536e+02  2.172892509450278e+03	 6.327657184253137e-03 -1.084070450936755e-02 -4.513047325114409e-03	1.000000000000000e+00	539	0	296
299	2.732198452247515e+02 1.902045250526135e+02 1.378420545132758e+03	 6.005742858784894e-04 -1.365645575181891e-03 -7.650712893034021e-04	1.000000000000000e+00	539	0	299
301	-1.256636785349769e+02 -2.526338665711131e+02  2.984702306217130e+03	-1.372501811905143e-02  1.339742914812329e-02 -3.275889709281420e-04	1.000000000000000e+00	539	0	301
302	8.327666340814270e+02 4.038935595559108e+02 2.151656368492731e+03	 2.517047865937154e-02 -3.299193487813076e-02 -7.821456218759218e-03	1.000000000000000e+00	539	0	302
303	5.801080152561789e+02 2.739870821922698e+02 1.769091272303841e+03	 7.034805137664080e-03 -8.991600014269352e-03 -1.956794876605272e-03	1.000000000000000e+00	539	0	303
304	-5.688790729676161e+02  1.881265846023091e+02  3.622129973324440e+03	-9.695162298157811e-04  6.304825714323670e-03 -5.335309484507889e-03	1.000000000000000e+00	539	0	304
305	 7.035720462231490e+02 -5.801346087246679e+02  3.117940047460652e+03	 3.326772518145542e-04 -4.262645719184850e-03  3.929968467370297e-03	1.000000000000000e+00	539	0	305
306	 5.179108771228819e+02 -6.450739086891115e+02  2.715173850708993e+03	 5.954910224924484e-03  7.094455572466055e-03 -1.304936579739054e-02	1.000000000000000e+00	539	0	306
307	-7.655759720203844e+02 -1.343502884254438e+02  3.487937079588592e+03	-3.142147324979304e-04 -1.689411363393918e-19  3.142147324979306e-04	1.000000000000000e+00	539	0	307
308	-1.353517615152081e+02 -4.635745099981120e+01  3.423086697474153e+03	 1.062610186636448e-03  2.735030371695757e-03 -3.797640558332205e-03	1.000000000000000e+00	539	0	308
309	 2.799553935743168e+02 -3.243156252760865e+02  3.285737716660903e+03	-3.339774945440391e-04 -3.483991090130682e-03  3.817968584674721e-03	1.000000000000000e+00	539	0	309
310	 7.166202929912183e+01 -6.974772986584014e+02  3.213826088502044e+03	-7.048648161192736e-03 -1.474544017886122e-02  2.179408834005396e-02	1.000000000000000e+00	539	0	310
311	-3.618452983800124e+02 -3.837855290461811e+02  3.333641646568957e+03	 2.345919453849395e-03  2.359521187221011e-03 -4.705440641070405e-03	1.000000000000000e+00	539	0	311
312	-1.437672004615743e+02 -7.758197526884121e+02  1.947720212995227e+03	 1.002540811896324e-03 -3.279889468103647e-03  2.277348656207323e-03	1.000000000000000e+00	55	0	312
313	 3.031359575915255e+02 -5.423967519818339e+01  7.792369774518979e+02	 5.304993072059005e-03 -4.706291540060192e-03 -5.987015319988134e-04	1.000000000000000e+00	55	0	313
314	5.229269520068976e+02 2.659904489486349e+02 1.049560230129491e+03	-1.609734024896170e-03  1.581170365170692e-03  2.856365972547794e-05	1.000000000000000e+00	55	0	314
315	-3.040559159102147e+01 -2.553254587405310e+02  2.124208681416576e+03	 1.371875700895557e-18  1.419160980731250e-03 -1.419160980731248e-03	1.000000000000000e+00	55	0	315
316	 1.646411190256005e+02 -5.758652477355569e+02  1.439357388555196e+03	 1.893922469268243e-02 -1.203272988398870e-02 -6.906494808693727e-03	1.000000000000000e+00	55	0	316
317	 2.016564461547301e+02 -2.823120673336352e+02  1.108788881024145e+03	 2.177961915731430e-02 -1.286645513027906e-02 -8.913164027035236e-03	1.000000000000000e+00	55	0	317
318	3.638212009981038e+02 6.543783529113888e+01 1.409218594795781e+03	-8.485540747642517e-04  1.668301993049681e-03 -8.197479182854295e-04	1.000000000000000e+00	55	0	318
319	 1.382716354618611e+02 -7.672123016307680e+01  1.776927225786239e+03	-2.715760589732478e-03  3.014058126912763e-03 -2.982975371802847e-04	1.000000000000000e+00	55	0	319
320	 2.703373569025881e+02 -5.138472995199668e+01  3.737047839985609e+03	1.381037659787884e-03 1.276153702444086e-03 1.048839573437969e-04	1.000000000000000e+00	539	0	320
321	-3.383381741887867e+02  9.102478843176226e+02  2.166739694624615e+03	7.505872286856174e-03 5.756489466875792e-03 1.749382819980383e-03	1.000000000000000e+00	539	0	321
323	 3.374043933900484e+01 -1.000000000000000e+03  1.822970956654647e+03	-7.483066292479633e-03  8.809629226065622e-18  7.483066292479636e-03	1.000000000000000e+00	539	1	323
324	4.880115568109989e+02 7.491958975833196e+02 1.956302525028692e+03	5.711248401591243e-04 6.425782824711253e-05 5.068670119120119e-04	1.000000000000000e+00	539	0	324
326	 9.446808452348796e+02 -2.997357969577124e+02  6.421442500131166e+02	 8.564282984783253e-03 -3.646754038830598e-03 -1.221103702361385e-02	1.000000000000000e+00	487	0	326
327	 2.616314134359816e+02 -9.488197199327595e+02  6.761097588369672e+02	 1.471214617292086e-03 -6.405759059513608e-03 -7.876973676805695e-03	1.000000000000000e+00	487	0	327
329	 5.056869928220892e+00 -9.051315938916322e+02  3.657721342645243e+03	-4.017066676169634e-03 -1.336463494226336e-03  2.680603181943297e-03	1.000000000000000e+00	497	0	329
330	5.574387897025152e+02 7.702292971653067e+02 3.328780277625751e+03	-6.518654525279999e-03  3.427704563364387e-03 -3.090949961915612e-03	1.000000000000000e+00	19	0	330
331	 3.378050593796432e+02 -8.007967914434134e+02  1.538120458694159e+03	 5.454531405121088e-03 -2.131811575964093e-03  3.322719829156995e-03	1.000000000000000e+00	19	0	331
332	-8.310757870807997e+02 -4.062904345133232e+02  6.716807966448849e+02	-5.735425123323997e-04  4.920695015850167e-03 -4.347152503517767e-03	1.000000000000000e+00	453	0	332
333	 1.809611519949040e+02 -7.566112324332188e+02  9.964655489076865e+00	 4.843618255108595e-03  4.728287924081087e-03 -9.571906179189682e-03	1.000000000000000e+00	453	0	333
335	5.641213005929405e+02 9.377878462258531e+02 2.688434325649820e+03	5.788546210775772e-03 3.814015227059523e-03 9.602561437835297e-03	1.000000000000000e+00	26	0	335
336	-2.437797183182874e+02  9.873963108381432e+02  1.837873647414488e+03	3.529834405829509e-03 9.268246746311585e-03 5.738412340482076e-03	1.000000000000000e+00	525	0	336
337	5.952327256588388e+02 2.670118048473950e+02 2.784766974466138e+02	8.999560959637165e-03 1.101563591510057e-02 2.016074955463409e-03	1.000000000000000e+00	525	0	337
338	7.621115859611773e+02 7.982273915954098e+02 2.175820925504725e+03	1.775467225039999e-03 9.060579313275715e-03 7.285112088235716e-03	1.000000000000000e+00	539	0	338
339	-7.493569046857804e+02  3.499950808818840e+02  3.239057105438157e+03	-3.771667252294719e-04 -2.948020322946832e-03 -2.570853597717360e-03	1.000000000000000e+00	539	0	339
340	-4.694667297490154e+02  2.473121486330469e+02  1.182509935885004e+03	 2.781411361259719e-03  4.009593316974740e-03 -1.228181955715020e-03	1.000000000000000e+00	55	0	340
341	 1.866860771426851e+02 -4.332929351581381e+02  2.519267826567890e+03	-2.447730158261644e-03 -2.548256893836272e-03  1.005267355746279e-04	1.000000000000000e+00	55	0	341
342	-9.132475128735636e+01 -6.913500778375280e+01  2.861391710175137e+03	3.618671054330965e-03 1.442622082928816e-03 2.176048971402148e-03	1.000000000000000e+00	55	0	342
343	-8.813744250886815e+02  5.046088995769669e+02  1.497598129013092e+03	-4.796797409653664e-03 -2.098783152177930e-03 -2.698014257475734e-03	1.000000000000000e+00	55	0	343
344	-1.571599914112373e+02 -2.185888658819706e+01  1.763987709444026e+03	6.892293730440239e-03 5.712010858890912e-03 1.180282871549328e-03	1.000000000000000e+00	55	0	344
345	-8.500027193588924e+01 -1.326475633629586e+02  1.946936105694136e+03	5.719192306666325e-03 5.207623840154459e-03 5.115684665118655e-04	1.000000000000000e+00	55	0	345
346	-4.554856394777733e+02  1.523714287690506e+02  2.275724385431917e+03	-3.953335787324856e-03 -4.918288458914806e-03  9.649526715899508e-04	1.000000000000000e+00	55	0	346
347	-5.778287132978800e+02  2.172695711599348e+02  2.088483169220926e+03	-7.925015757791698e-03 -9.556037490256131e-03  1.631021732464433e-03	1.000000000000000e+00	55	0	347
348	-5.060036155959011e+02 -7.901167535620073e+02  2.066879482165311e+03	 9.350134835888942e-04 -3.825287722672025e-03 -2.890274239083131e-03	1.000000000000000e+00	539	0	348
350	1.000000000000000e+03 7.552870567639185e+02 2.670283231619311e+03	-6.013675346860721e-18  4.847031086683276e-04  4.847031086683271e-04	1.000000000000000e+00	539	1	350
351	2.224166952367005e+02 1.388596336902254e+02 1.276272503782318e+03	 8.947142656931344e-04 -8.145415316297051e-04  8.017273406342911e-05	1.000000000000000e+00	539	0	351
353	-1.709792546793890e+02 -2.702619407616497e+02  2.921758655882181e+03	-1.332052424550056e-02  1.838455721735954e-02  5.064032971858978e-03	1.000000000000000e+00	539	0	353
354	7.711619281159582e+02 3.763034327219506e+02 2.062461535693301e+03	 1.861722782875101e-02 -2.349254287158450e-02 -4.875315042833487e-03	1.000000000000000e+00	539	0	354
355	6.471657017399724e+02 3.081997534659844e+02 1.870361630061349e+03	 1.078870714021226e-02 -1.316117766934136e-02 -2.372470529129108e-03	1.000000000000000e+00	539	0	355
356	-6.814451261563349e+02  2.232528563293472e+02  3.699569754786121e+03	-1.813992663907508e-03  3.584603973043462e-03 -1.770611309135954e-03	1.000000000000000e+00	539	0	356
357	 8.225427006664031e+02 -6.247058150711126e+02  3.043540599363843e+03	 1.812539917106430e-03 -2.863900697169205e-03  1.051360780062775e-03	1.000000000000000e+00	539	0	357
358	 6.137092183538188e+02 -7.364200253501756e+02  2.710721626139120e+03	 4.553572895626226e-03  2.704036111632983e-03 -7.257609007259211e-03	1.000000000000000e+00	539	0	358
359	-9.467013750274128e+02 -1.343502884254438e+02  3.669062482595621e+03	-3.212850075215101e-03 -1.090638760508296e-18  3.212850075215102e-03	1.000000000000000e+00	539	0	359
360	-3.462075946307520e+01 -1.285928977709719e+02  3.404591142193181e+03	-1.579906286982199e-04 -8.066376224936297e-04  9.646282511918495e-04	1.000000000000000e+00	539	0	360
361	 1.738667968532641e+02 -2.675168416259383e+02  3.335027529731808e+03	-1.701061943701158e-04 -2.283380187388199e-03  2.453486381758315e-03	1.000000000000000e+00	539	0	361
362	-4.984009927375858e+01 -6.098128393595242e+02  3.247663757776047e+03	-3.913037789364656e-03 -1.433792508517702e-02  1.825096287454168e-02	1.000000000000000e+00	539	0	362
363	-2.602807091199617e+02 -4.678953994482924e+02  3.316186927711018e+03	-1.145825333272417e-03 -3.146750813660522e-03  4.292576146932940e-03	1.000000000000000e+00	539	0	363
364	-2.651587082903536e+02 -7.241414378441089e+02  2.017433405979702e+03	 1.960090109302352e-04 -9.370932287614171e-04  7.410842178311821e-04	1.000000000000000e+00	55	0	364
365	3.425488653975896e+02 4.592063026671769e+00 6.809923314209788e+02	 2.520644377606610e-03 -1.415261028644939e-03 -1.105383348961671e-03	1.000000000000000e+00	55	0	365
366	5.707230387595324e+02 3.109267156769353e+02 9.568278766485556e+02	-1.050394387372459e-03  1.387652931346868e-03 -3.372585439744095e-04	1.000000000000000e+00	55	0	366
367	-8.736412790004754e+01 -3.197685488276973e+02  2.245610307812768e+03	-7.184999412856996e-04 -5.611427477560937e-04  1.279642689041793e-03	1.000000000000000e+00	55	0	367
368	 1.805162287455340e+02 -4.930898497760867e+02  1.340706880875793e+03	 2.027181535959244e-02 -1.237483974546194e-02 -7.896975614130497e-03	1.000000000000000e+00	55	0	368
369	 1.958845676278133e+02 -3.458501806789250e+02  1.178098872896352e+03	 2.218935824930668e-02 -1.245358493179083e-02 -9.735773317515850e-03	1.000000000000000e+00	55	0	369
370	2.960066366793784e+02 3.858254561093414e+01 1.503888448794711e+03	-1.112362476609026e-03  1.440667556986834e-03 -3.283050803778073e-04	1.000000000000000e+00	55	0	370
371	 1.887696966350451e+02 -3.679421984383715e+01  1.686502154293815e+03	-1.762534127919935e-03  1.912821797304787e-03 -1.502876693848520e-04	1.000000000000000e+00	55	0	371
372	-2.844132167056465e+01  2.007073962247778e+02  3.186177035235682e+03	-6.079401277626554e-03 -3.176771181945999e-03 -2.902630095680554e-03	1.000000000000000e+00	539	0	372
373	-1.591281714255989e+02  5.765010362829024e+02  2.679696545422523e+03	1.542744793308278e-02 1.492812383609513e-02 4.993240969876451e-04	1.000000000000000e+00	539	0	373
374	-3.627491109565236e+02 -2.240648534300790e+02  2.995395653520096e+03	5.503786727786064e-03 7.271317299455404e-03 1.767530571669340e-03	1.000000000000000e+00	539	0	374
376	2.695284107142539e+02 2.320688750041658e+02 2.254946401511101e+03	-4.676206076207261e-03 -4.747846008588872e-04 -4.201421475348373e-03	1.000000000000000e+00	539	0	376
378	 7.173170196008630e+02 -5.200313895384467e+02  6.492124830663988e+02	 7.134497476120789e-03 -8.518678912272055e-03 -1.565317638839285e-02	1.000000000000000e+00	487	0	378
379	 4.955511564719171e+02 -7.311734722129462e+02  6.598362635208451e+02	 6.548052808890739e-03 -7.589728261033693e-03 -1.413778106992443e-02	1.000000000000000e+00	487	0	379
380	 1.051857705876422e+02 -4.750789638869259e+02  3.987645071990528e+03	-7.591026602312922e-03  1.107066893018782e-02  1.866169553250074e-02	7.500000000000000e-01	497	0	380
381	 4.521361278300245e+01 -7.054226964537418e+02  3.817273497228352e+03	-9.321710017199319e-03 -3.216672999163468e-03  6.105037018035849e-03	1.000000000000000e+00	497	0	381
382	4.673883674792880e+02 2.562729897967492e+02 2.724773548033967e+03	-4.684443546769519e-03  3.360851008134584e-03 -1.323592538634936e-03	1.000000000000000e+00	19	0	382
383	 2.732143201104536e+02 -2.021320019136276e+02  2.072194508954755e+03	-5.984927915657560e-03  2.907389154036840e-03 -3.077538761620720e-03	1.000000000000000e+00	19	0	383
384	-4.962449698592004e+02 -5.386301329168963e+02  4.691896778268586e+02	-1.054014622544249e-03  6.560721939119200e-03 -5.506707316574951e-03	1.000000000000000e+00	453	0	384
385	-1.672787815558236e+02 -6.466368713881329e+02  2.482302279947185e+02	-2.386826245735089e-03  9.684437963490685e-03 -7.297611717755596e-03	1.000000000000000e+00	453	0	385
386	8.384753593179935e+02 5.808618782505798e+02 2.605862416399600e+03	4.821407531077663e-03 2.052578764657180e-03 6.873986295734842e-03	1.000000000000000e+00	26	0	386
387	7.076460203337570e+02 7.532993786351257e+02 2.647470577799909e+03	7.940966403111815e-03 3.375671338289976e-03 1.131663774140179e-02	1.000000000000000e+00	26	0	387
388	9.925666922577969e+00 7.135233183276432e+02 1.310295269663123e+03	1.025585574097931e-02 1.087082526646554e-02 6.149695254862310e-04	1.000000000000000e+00	525	0	388
389	3.089696977174723e+02 4.822822138607197e+02 7.800101344013050e+02	 9.599406403140165e-03  9.356155860587023e-03 -2.432505425531418e-04	1.000000000000000e+00	525	0	389
390	2.594490439261644e+02 6.437776793743576e+02 2.524033755318686e+03	1.408833079040051e-03 6.504093296825886e-03 5.095260217785835e-03	1.000000000000000e+00	539	0	390
391	-2.391363921824249e+02  5.082042182551277e+02  2.887045730308045e+03	-5.182718450669199e-04 -1.626029144972563e-03 -1.107757299905643e-03	7.500000000000000e-01	539	0	391
392	-3.461505140902290e+02  1.838933770991677e+02  1.369244923077670e+03	 5.729295701409380e-03  6.896179247026642e-03 -1.166883545617263e-03	1.000000000000000e+00	55	0	392
393	-2.321571166985431e+02  9.961231502341008e+01  1.567519382545113e+03	6.849714166795214e-03 6.602165677274267e-03 2.475484895209472e-04	1.000000000000000e+00	55	0	393
394	 6.877268031175741e+01 -3.571531537551207e+02  2.325214648333945e+03	-1.067151752067730e-04 -5.119002526043914e-05 -5.552514630835503e-05	1.000000000000000e+00	55	0	394
396	-1.995404922430936e+02  3.747171859082972e+01  2.646569242844817e+03	 4.770484248486658e-03  5.916443692209820e-03 -1.145959443723162e-03	1.000000000000000e+00	55	0	396
397	-3.298369354513660e+02  9.213875976630926e+01  2.461605758461065e+03	 6.899186555529013e-04  9.051264933077618e-04 -2.152078377548606e-04	1.000000000000000e+00	55	0	397
398	-8.044666319772720e+02  3.731342396767389e+02  1.705980582024730e+03	-1.179164290230498e-02 -1.180092789430394e-02  9.284991998962847e-06	1.000000000000000e+00	55	0	398
399	-6.958667504198494e+02  2.886103120924680e+02  1.899104391166423e+03	-1.073428425782671e-02 -1.224185995912800e-02  1.507575701301296e-03	1.000000000000000e+00	55	0	399
400	-3.208856966086753e+02 -7.669212303952553e+02  2.275192924319289e+03	 1.387731187666456e-02 -1.756674594556292e-02 -3.689434068898359e-03	1.000000000000000e+00	539	0	400
402	-2.664283777190609e+01 -5.295542258959087e+01  3.283401590961723e+03	-5.887988023459911e-03  5.136647727340460e-03 -7.513402961194515e-04	1.000000000000000e+00	539	0	402
403	-9.019028737614617e+01 -1.910047107881345e+02  3.081804853158939e+03	-8.575437706895173e-03  6.749230320565403e-03 -1.826207386329770e-03	1.000000000000000e+00	539	0	403
404	1.000000000000000e+03 5.548787956022585e+02 2.469874970457651e+03	-1.277141984104933e-17 -6.940928287804086e-04 -6.940928287804151e-04	1.000000000000000e+00	539	1	404
405	9.018721960069267e+02 4.323031877716593e+02 2.249171558633979e+03	 6.747467815876007e-02 -9.221560508012772e-02 -2.474092692136764e-02	1.000000000000000e+00	539	0	405
406	3.584830621620146e+02 2.051662057457894e+02 1.478645442763196e+03	 1.469996369754275e-03 -2.250789703490833e-03 -7.807933337365588e-04	1.000000000000000e+00	539	0	406
407	5.093113415465724e+02 2.452850757044604e+02 1.669592592106425e+03	 4.210984722400705e-03 -5.737809076284369e-03 -1.526824353883664e-03	1.000000000000000e+00	539	0	407
408	-4.594069983179501e+02  1.409087073420660e+02  3.559875775935018e+03	-2.553333179093897e-04  7.502162392484024e-03 -7.246829074574634e-03	1.000000000000000e+00	539	0	408
409	-2.427882334586230e+02  2.225140147029268e+01  3.461914316947464e+03	 8.682483263934651e-04  5.674885566501568e-03 -6.543133892895033e-03	1.000000000000000e+00	539	0	409
410	 5.926776820313171e+02 -5.194842167635167e+02  3.168184019691333e+03	-4.745935439132156e-04 -4.185670084552839e-03  4.660263628466055e-03	1.000000000000000e+00	539	0	410
411	 3.824270911588955e+02 -3.857032071153574e+02  3.244653600915595e+03	-6.973572696248690e-04 -3.865371846283475e-03  4.562729115908344e-03	1.000000000000000e+00	539	0	411
412	 4.271318136680817e+02 -5.603345227289897e+02  2.721213528203672e+03	 6.428545961777369e-03  7.939085519562164e-03 -1.436763148133953e-02	1.000000000000000e+00	539	0	412
413	 1.852619766708760e+02 -7.917401016260778e+02  3.194488944097966e+03	-7.347944259126548e-19 -1.611583912745118e-02  1.611583912745118e-02	1.000000000000000e+00	539	0	413
414	-5.642764916170760e+02 -1.343502884254438e+02  3.286637599185284e+03	 1.640739408321679e-02 -3.213880085698972e-18 -1.640739408321679e-02	1.000000000000000e+00	539	0	414
415	-4.477761684139804e+02 -2.936179054492185e+02  3.329404893005962e+03	 7.810372393578291e-03  4.572946112602949e-03 -1.238331850618124e-02	1.000000000000000e+00	539	0	415
416	-2.692795640793950e+01 -7.904267596807014e+02  1.845487975933881e+03	 4.650754233201345e-03 -1.033597268785040e-02  5.685218454649051e-03	1.000000000000000e+00	55	0	416
417	 1.450482281467296e+02 -6.716560943113241e+02  1.554741126009835e+03	 1.943169534206390e-02 -1.328087784349918e-02 -6.150817498564720e-03	1.000000000000000e+00	55	0	417
418	 2.650199992939360e+02 -1.070383439967831e+02  8.701516045480872e+02	 9.380022995173931e-03 -8.123489096760750e-03 -1.256533898413182e-03	1.000000000000000e+00	55	0	418
419	 2.122755791589136e+02 -2.211539608689253e+02  1.037011641555252e+03	 1.949679106473923e-02 -1.302936766296625e-02 -6.467423401772976e-03	1.000000000000000e+00	55	0	419
420	4.805871348530810e+02 2.171622050338001e+02 1.140728291198142e+03	-1.731196529969262e-03  1.567397853553606e-03  1.637986764156570e-04	1.000000000000000e+00	55	0	420
421	4.111930466290023e+02 1.013818920780310e+02 1.325902692377990e+03	-1.585919992066920e-03  9.666256955824792e-04  6.192942964844406e-04	1.000000000000000e+00	55	0	421
422	-2.249813583102696e+01 -1.912588148674793e+02  2.052234581783529e+03	 3.465585761659895e-03 -1.520046549558174e-03 -1.945539212101721e-03	3.164062500000000e-01	55	0	422
423	 8.519432379607234e+01 -1.119286280609015e+02  1.865211935349852e+03	-3.685334988404065e-03  4.391170979943126e-03 -7.058359915390610e-04	1.000000000000000e+00	55	0	423
424	 3.191773042797681e+02 -1.360237447649999e+02  3.870526802175792e+03	3.181720870391776e-03 2.517361640154073e-03 6.643592302377025e-04	1.000000000000000e+00	539	0	424
425	-3.962789447464621e+02  1.000000000000000e+03  2.019046808384562e+03	 9.869633737253025e-03 -6.794394739446025e-18  9.869633737253027e-03	1.000000000000000e+00	539	1	425
428	5.410172097923454e+02 8.782880492342634e+02 1.880216026359094e+03	3.044577577384189e-03 3.043749020434916e-04 2.740202675340697e-03	1.000000000000000e+00	539	0	428
429	 8.426136305345504e+01 -8.895827149916292e+02  3.191330943846096e+03	 1.033445721259341e-02 -7.260863087140023e-03  1.759532029973343e-02	5.625000000000000e-01	539	0	429
430	5.622531723518647e+02 9.118835057898950e+02 3.475248868899689e+03	-3.940145097052057e-03  2.544405559698740e-03 -1.395739537353317e-03	1.000000000000000e+00	19	0	430
431	 3.452112609794485e+02 -9.763279476011685e+02  1.369995504136209e+03	 7.199436581383149e-03 -1.229101869588097e-02 -5.091582114497821e-03	1.000000000000000e+00	19	0	431
432	-9.189190908934592e+02 -3.705950387012667e+02  7.238287046454880e+02	-8.779727310563125e-04  4.866450578750422e-03 -3.988477847694108e-03	1.000000000000000e+00	453	0	432
433	 2.327589793914653e+02 -7.984444043407030e+02  0.000000000000000e+00	-4.294362850487234e-03  4.294362850487230e-03  6.468040480546011e-18	1.000000000000000e+00	453	1	433
435	6.821708945788051e+02 2.177932022486436e+02 1.423199259278960e+02	9.247885939354697e-03 9.952329176788529e-03 7.044432374338311e-04	1.000000000000000e+00	525	0	435
436	8.938448141864136e+02 8.439775138902020e+02 2.089837819574281e+03	1.517881949742635e-03 7.733299319321911e-03 6.215417369579275e-03	1.000000000000000e+00	539	0	436
437	-8.784682802874714e+02  2.968318334671162e+02  3.315005233625080e+03	-3.478487875933449e-04 -3.532774765820553e-03 -3.184925978227208e-03	1.000000000000000e+00	539	0	437
438	-3.501353094860128e+01  3.113376203158806e+02  3.068974601866542e+03	-2.896255774733921e-03 -1.652923917087416e-03 -1.243331857646505e-03	1.000000000000000e+00	539	0	438
439	-1.071075414301943e+02  5.307027752000715e+02  2.777515436500758e+03	 1.088210847228763e-03  1.088210847228768e-03 -2.652048849041766e-18	1.000000000000000e+00	539	0	439
442	2.123742099661486e+02 9.346864179577437e+01 2.336392433971387e+03	-5.999484603914122e-03 -1.931996628021200e-03 -4.067487975892921e-03	1.000000000000000e+00	539	0	442
443	 1.935121342369820e+02 -1.574200625062851e+02  2.568419062544280e+03	-7.065711251925677e-03 -3.449868760071695e-03 -3.615842491853982e-03	5.625000000000000e-01	539	0	443
444	4.242976854057645e+02 1.419216617205003e+02 2.567331537884194e+03	-5.598221944334607e-03  4.333747512040039e-03 -1.264474432294567e-03	1.000000000000000e+00	19	0	444
445	 2.876855492486961e+02 -5.570115372555158e+01  2.233096586281074e+03	-7.111518682601551e-03  5.341451110628745e-03 -1.770067571972807e-03	1.000000000000000e+00	19	0	445
446	-4.132292232029590e+02 -5.685406634803799e+02  4.160844617341009e+02	-1.319491149236758e-03  7.239375651503603e-03 -5.919884502266844e-03	1.000000000000000e+00	453	0	446
447	-2.487323933698037e+02 -6.224830767716807e+02  3.055300451922463e+02	-2.023666786650816e-03  8.832868266229829e-03 -6.809201479579011e-03	1.000000000000000e+00	453	0	447
448	8.214859233698100e+01 6.577489049177771e+02 1.182297930838854e+03	9.114914457313716e-03 1.016234525013715e-02 1.047430792823434e-03	1.000000000000000e+00	525	0	448
449	2.375619423220904e+02 5.490384568176059e+02 9.181741327535732e+02	8.848100881247470e-03 9.524861370058110e-03 6.767604888106382e-04	1.000000000000000e+00	525	0	449
450	1.317608408983585e+02 6.029585225461437e+02 2.610902801518278e+03	1.925545278936625e-03 9.333588182926178e-03 7.408042903989553e-03	1.000000000000000e+00	539	0	450
452	1.902973675805154e+02 2.616295090390254e+01 3.579460169807637e+03	-4.357541911304245e-05 -2.850913243050699e-18 -4.357541911303749e-05	7.500000000000000e-01	539	0	452
453	-2.549051907452280e+01  7.659196784439554e+01  3.313243266212106e+03	-9.285588865168393e-03 -7.854988682083786e-03 -1.430600183084607e-03	1.000000000000000e+00	539	0	453
454	-3.007581411509648e+02  8.221655659759142e+02  2.292402046004145e+03	7.158493273891509e-03 5.494615412317216e-03 1.663877861574292e-03	1.000000000000000e+00	539	0	454
455	-2.135367673842730e+02  6.546453077855562e+02  2.547143677961195e+03	6.290279270615429e-03 5.420798028353602e-03 8.694812422618270e-04	1.000000000000000e+00	539	0	455
457	-4.553918080096192e+02 -1.851300159917137e+02  3.126973188011557e+03	8.255181678881248e-03 1.067444604511062e-02 2.419264366229375e-03	1.000000000000000e+00	539	0	457
458	-5.563273450535862e+01 -9.307897616046450e+02  1.981554368894365e+03	-1.879155476732801e-02 -1.697690198974063e-02  1.814652777587374e-03	1.000000000000000e+00	539	0	458
459	-1.820232292329497e+02 -7.848649813356193e+02  2.253869643890982e+03	-1.452126241444300e-02 -1.639675368399670e-02 -1.875491269553701e-03	1.000000000000000e+00	539	0	459
460	4.356814320652329e+02 6.201832243592144e+02 2.032985073507031e+03	-2.002375205241454e-03 -2.144520500830064e-04 -1.787923155158448e-03	1.000000000000000e+00	539	0	460
461	3.237200169722515e+02 3.615563103309962e+02 2.179650572442268e+03	-3.925639680043484e-03 -3.827882659000656e-04 -3.542851414143418e-03	1.000000000000000e+00	539	0	461
464	5.501868181482025e+02 6.328930338026611e+02 3.184192042708793e+03	-5.404665678118666e-03  3.016074576104681e-03 -2.388591102013985e-03	1.000000000000000e+00	19	0	464
465	5.045835046330369e+02 3.755799576174578e+02 2.881275653008424e+03	-3.928361460566521e-03  2.694634022191167e-03 -1.233727438375354e-03	1.000000000000000e+00	19	0	465
466	 3.097305280341695e+02 -6.449312230723666e+02  1.665911495719732e+03	 3.077804809436202e-03 -1.220757025294006e-03  1.857047784142196e-03	1.000000000000000e+00	19	0	466
467	 2.837033710267538e+02 -3.494845018928550e+02  1.935331059891828e+03	-2.911868699205419e-03  1.269510869557659e-03 -1.642357829647760e-03	1.000000000000000e+00	19	0	467
468	-7.469780355832206e+02 -4.406561765434004e+02  6.219487871773831e+02	-6.031752175961932e-04  5.087409149079273e-03 -4.484233931483080e-03	1.000000000000000e+00	453	0	468
469	-5.796278827770876e+02 -5.071294694471851e+02  5.210719272750348e+02	-8.507921981314819e-04  5.964290893947084e-03 -5.113498695815603e-03	1.000000000000000e+00	453	0	469
470	 8.038835389535431e+01 -7.174444966050725e+02  7.137071776048019e+01	-1.794560967634122e-03  1.176527522814771e-02 -9.970714260513583e-03	1.000000000000000e+00	453	0	470
471	-8.600275398014682e+01 -6.695860636546789e+02  1.899033926855878e+02	-2.683372236788272e-03  1.062874030321836e-02 -7.945368066430092e-03	1.000000000000000e+00	453	0	471
472	-1.761571727223355e+02  9.139544327962445e+02  1.696809223776638e+03	 1.358349927856276e-02  1.275727032528569e-02 -8.262289532770711e-04	1.000000000000000e+00	525	0	472
473	-5.667161969051610e+01  7.745296769507331e+02  1.437898914899307e+03	 1.219389204804126e-02  1.217286764707145e-02 -2.102440096981198e-05	1.000000000000000e+00	525	0	473
474	5.113425644186053e+02 3.114381417832607e+02 4.067931956227130e+02	9.133050140614310e-03 1.116979129922887e-02 2.036741158614556e-03	1.000000000000000e+00	525	0	474
475	3.699494929465785e+02 4.118530217804874e+02 6.486011470919664e+02	 1.012337020559547e-02  9.893023418650651e-03 -2.303467869448163e-04	1.000000000000000e+00	525	0	475
476	6.415870786161825e+02 7.585945104977142e+02 2.256712551752024e+03	1.795563458775480e-03 8.126301496910552e-03 6.330738038135071e-03	1.000000000000000e+00	539	0	476
477	3.872608199504072e+02 6.835825025071333e+02 2.436026802427219e+03	-1.644464941819024e-05 -6.489164661616087e-05 -4.844699515160755e-05	5.625000000000000e-01	539	0	477
478	-6.210232109554624e+02  3.979842237933392e+02  3.158712554619294e+03	-3.483981514970461e-04 -1.986738721219202e-03 -1.638340569722156e-03	1.000000000000000e+00	539	0	478
479	-3.664085360741662e+02  4.769513628807473e+02  2.983065018825406e+03	-1.330378217971884e-04 -4.519715985225048e-04 -3.189337767253164e-04	7.500000000000000e-01	539	0	479
481	 3.397333492398623e+02 -1.921978062317008e+02  3.947256908602587e+03	 1.031826170704638e-02 -8.368070314948760e-04  1.115506873854125e-02	1.000000000000000e+00	539	0	481
484	5.816230091815630e+02 9.871947808279740e+02 3.569929980767467e+03	-2.173140334586302e-03  5.928692019854982e-03  3.755551685268680e-03	1.000000000000000e+00	19	0	484
485	 3.021477366743546e+02 -1.000000000000000e+03  1.303259927432284e+03	5.686421063728629e-03 3.132543080132280e-18 5.686421063728631e-03	1.000000000000000e+00	19	1	485
487	7.318036674569227e+02 1.758365580164645e+02 5.073050881759942e+01	 1.150874816812575e-02  1.031249086372554e-02 -1.196257304400206e-03	1.000000000000000e+00	525	0	487
488	-4.224214409203674e+01  3.648293838770704e+02  3.008254225161917e+03	-1.416393536298225e-03 -8.582331550618012e-04 -5.581603812364240e-04	1.000000000000000e+00	539	0	488
489	-6.944534003428569e+01  4.721812976427640e+02  2.873699115453975e+03	 2.340652533651640e-03  2.915085972441981e-03 -5.744334387903414e-04	1.000000000000000e+00	539	0	489
492	3.981448481943283e+02 8.987069239369195e+01 2.489127731345950e+03	-5.633919926670690e-03  4.731065632464985e-03 -9.028542942057052e-04	1.000000000000000e+00	19	0	492
493	 3.233480626737040e+02 -1.103267809318421e+00  2.323356985622315e+03	-5.727704556193203e-03  5.053603148553520e-03 -6.741014076396821e-04	1.000000000000000e+00	19	0	493
494	1.200687831297182e+02 6.312940625135878e+02 1.117922897641927e+03	8.763392727511624e-03 9.926492076677581e-03 1.163099349165956e-03	1.000000000000000e+00	525	0	494
496	-2.812849135879293e+02  7.787881861463464e+02  2.355252653396748e+03	7.025202348207434e-03 5.518411208565037e-03 1.506791139642398e-03	1.000000000000000e+00	539	0	496
497	-2.377961224695868e+02  6.948749132781124e+02  2.482654717383325e+03	6.517793051898479e-03 5.434892605990171e-03 1.082900445908308e-03	1.000000000000000e+00	539	0	497
499	-5.005369867300459e+02 -1.642780091682774e+02  3.192970373555420e+03	6.690262234769762e-03 8.536634151823819e-03 1.846371917054057e-03	1.000000000000000e+00	539	0	499
500	-8.608649783972662e+01 -8.871325327533999e+02  2.055665361079978e+03	-1.908290355155865e-02 -1.711367660512527e-02  1.969226946433385e-03	1.000000000000000e+00	539	0	500
501	-1.483235171897616e+02 -8.115954848494770e+02  2.193439428333936e+03	-1.600315085185381e-02 -1.633838714527277e-02 -3.352362934189537e-04	1.000000000000000e+00	539	0	501
502	5.434159683729096e+02 5.657469840944888e+02 3.110275143225328e+03	-4.735632799565792e-03  2.776386681944132e-03 -1.959246117621660e-03	1.000000000000000e+00	19	0	502
503	5.207615349239078e+02 4.368814098064290e+02 2.958755135488266e+03	-3.934036397064726e-03  2.589448199917873e-03 -1.344588197146853e-03	1.000000000000000e+00	19	0	503
504	 3.019933830028090e+02 -5.707511309411645e+02  1.732354442819574e+03	 2.161418786272407e-03 -9.275638731196522e-04  1.233854913152754e-03	1.000000000000000e+00	19	0	504
505	 2.899459488062807e+02 -4.233280291566638e+02  1.867730110407546e+03	-1.289577475593736e-03  5.600056999052564e-04 -7.295717756884793e-04	1.000000000000000e+00	19	0	505
506	-1.466450053599620e+02  8.770537009295911e+02  1.630396324547611e+03	 1.466307668791463e-02  1.367898871346066e-02 -9.840879744539652e-04	1.000000000000000e+00	525	0	506
507	-8.761903437875863e+01  8.071355892620963e+02  1.501452241898913e+03	 1.339264133518251e-02  1.294839462692229e-02 -4.442467082602283e-04	1.000000000000000e+00	525	0	507
508	 2.969204521975240e+02 -9.178103240706442e+01  3.804027237735612e+03	2.243163287251567e-03 1.845265864782656e-03 3.978974224689106e-04	1.000000000000000e+00	539	0	508
509	 2.311027862272788e+02 -4.813223912299524e+00  3.651241763270602e+03	 3.848990018013865e-04  6.665966939181089e-04 -2.816976921167225e-04	1.000000000000000e+00	539	0	509
510	-3.589813632756836e+02  9.579821476398573e+02  2.098362242215483e+03	 6.431087405265619e-03  7.269061616777132e-03 -8.379742115115126e-04	1.000000000000000e+00	539	0	510
511	-3.193058668899896e+02  8.663258356318117e+02  2.229694050609223e+03	7.345153988959889e-03 5.614149811056753e-03 1.731004177903136e-03	1.000000000000000e+00	539	0	511
515	-2.153137250185775e+01 -9.749380686124924e+02  1.903304699883017e+03	-1.106864027678967e-02 -1.472732797265053e-02 -3.658687695860864e-03	1.000000000000000e+00	539	0	515
516	5.593813976959066e+02 8.392689385439681e+02 3.399762526997804e+03	-5.941531620919704e-03  3.120561596006155e-03 -2.820970024913549e-03	1.000000000000000e+00	19	0	516
517	5.545183653084390e+02 7.013407775592439e+02 3.256971333625612e+03	-6.052979811405143e-03  3.256732520336906e-03 -2.796247291068236e-03	1.000000000000000e+00	19	0	517
518	 3.465012851494192e+02 -8.789006936205159e+02  1.468712782286833e+03	 6.636143196374178e-03 -3.182142041623592e-03  3.454001154750586e-03	1.000000000000000e+00	19	0	518
519	 3.228848054350734e+02 -7.218776960619682e+02  1.602119300131035e+03	 3.466996868761878e-03 -1.192268993084629e-03  2.274727875677248e-03	1.000000000000000e+00	19	0	519
520	-2.975464095694425e+02  1.000000000000000e+03  1.904244027827501e+03	 4.387253895401952e-03 -8.180540101305568e-18 -4.387253895401956e-03	1.000000000000000e+00	525	1	520
521	-2.073648424567728e+02  9.504582213544725e+02  1.764520682069303e+03	 1.057237013204334e-02  1.028115023897650e-02 -2.912198930668336e-04	1.000000000000000e+00	525	0	521
522	6.375782003488430e+02 2.437971738692981e+02 2.129165917785128e+02	9.098439322163660e-03 1.094488163168232e-02 1.846442309518655e-03	1.000000000000000e+00	525	0	522
523	-3.071590190235515e+01  2.565220988415081e+02  3.128087752387161e+03	-4.451789349938433e-03 -2.407143668582042e-03 -2.044645681356390e-03	1.000000000000000e+00	539	0	523
524	-2.713483016065092e+01  1.440130759405440e+02  3.244177847029829e+03	-7.775134484594068e-03 -4.024879929299155e-03 -3.750254555294911e-03	1.000000000000000e+00	539	0	524
526	-1.874755968214745e+02  6.158019438799378e+02  2.612048212429612e+03	6.689588461692135e-03 5.949834904943903e-03 7.397535567482312e-04	1.000000000000000e+00	539	0	526
527	-3.148282317538121e+02 -2.442355086160666e+02  2.927304119131397e+03	 2.162524491723161e-03  1.334247433987912e-03 -8.282770577352494e-04	5.625000000000000e-01	539	0	527
528	-4.095376370031258e+02 -2.049140842038124e+02  3.061334948792965e+03	8.691746741533279e-03 1.143051963299513e-02 2.738772891461849e-03	1.000000000000000e+00	539	0	528
530	-2.206134601164487e+02 -7.619624533715048e+02  2.315362402738595e+03	-1.356955338269472e-02 -1.252572890371084e-02  1.043824478983879e-03	1.000000000000000e+00	539	0	530
531	4.468532453394087e+02 1.981155915030805e+02 2.646081027600419e+03	-5.216131064419945e-03  3.847383350754777e-03 -1.368747713665167e-03	1.000000000000000e+00	19	0	531
532	4.866023647898623e+02 3.154867538425586e+02 2.803201309390350e+03	-4.201063847479721e-03  2.951050681682924e-03 -1.250013165796797e-03	1.000000000000000e+00	19	0	532
533	 2.734450625654089e+02 -1.270850487519671e+02  2.147472204571371e+03	-7.097774728511770e-03  4.201239828641216e-03 -2.896534899870555e-03	1.000000000000000e+00	19	0	533
534	 2.777980163787257e+02 -2.758987581712103e+02  2.003011448965445e+03	-4.513756294424335e-03  2.013807029773791e-03 -2.499949264650543e-03	1.000000000000000e+00	19	0	534
535	4.537958382312950e+01 6.850500397317239e+02 1.246368074166652e+03	9.602078275444606e-03 1.046098764830579e-02 8.589093728611870e-04	1.000000000000000e+00	525	0	535
536	-2.410329699217464e+01  7.433392219383959e+02  1.374140137188628e+03	1.111476040872124e-02 1.144006185738059e-02 3.253014486593504e-04	1.000000000000000e+00	525	0	536
539	 1.000000000000000e+03 -2.263861516725000e+02  6.601747405332086e+02	-1.507488936537599e-18 -9.287091670557858e-03 -9.287091670557855e-03	1.000000000000000e+00	487	1	539
540	4.704457575178678e+02 3.340827784760660e+02 4.703346392162558e+02	9.377156423094371e-03 1.118065040403356e-02 1.803493980939190e-03	1.000000000000000e+00	525	0	540
541	3.401758625949174e+02 4.461369325326490e+02 7.126586881957893e+02	 9.923543053446338e-03  9.457653184654191e-03 -4.658898687921465e-04	1.000000000000000e+00	525	0	541
542	1.984408776603251e+02 5.780583104915565e+02 9.863150510892891e+02	8.617171008760730e-03 9.628927412753304e-03 1.011756403992573e-03	1.000000000000000e+00	525	0	542
543	4.003310601086625e+02 3.822281023228056e+02 5.885946604722006e+02	1.005856960546225e-02 1.056500442791730e-02 5.064348224550487e-04	1.000000000000000e+00	525	0	543
544	2.425267907320513e+02 1.683044110964697e+02 2.291709245436594e+03	-5.168385435050975e-03 -6.156151260559758e-04 -4.552770308994998e-03	1.000000000000000e+00	539	0	544
545	1.968936386927114e+02 2.621247134277835e+01 2.388168033150946e+03	-5.369403477137287e-03 -1.457301123688618e-03 -3.912102353448669e-03	1.000000000000000e+00	539	0	545
546	2.746916335706505e+02 5.172144169317755e+02 8.492204016191827e+02	9.218201031520342e-03 9.424640806779886e-03 2.064397752595446e-04	1.000000000000000e+00	525	0	546
547	4.512811401237572e+02 7.024389821118413e+02 2.390862961858576e+03	3.961549955420196e-04 1.639229449210688e-03 1.243074453668669e-03	7.500000000000000e-01	539	0	547
548	8.260777783284267e+02 8.205150239896536e+02 2.134142365531719e+03	1.612608088180423e-03 8.722595754079521e-03 7.109987665899098e-03	1.000000000000000e+00	539	0	548
549	 1.929131757682229e+02 -1.012245080035048e+02  2.511624549572740e+03	-4.119565167153875e-03 -2.069508967300256e-03 -2.050056199853619e-03	1.000000000000000e+00	539	0	549
551	-9.783961597710849e+02 -5.539935612746063e+01  3.621806335041309e+03	-1.571959932334721e-03  9.382354910485446e-04  6.337244412861764e-04	1.000000000000000e+00	539	0	551
552	-3.030120815480071e+02  4.932375052016263e+02  2.935954706620126e+03	-2.038944512605667e-04 -7.095399705576710e-04 -5.056455192971043e-04	7.500000000000000e-01	539	0	552
553	-8.469987762531302e+02 -1.271597171873033e+02  3.562169312583197e+03	-1.006884160839642e-03  2.650473228034874e-04  7.418368380361547e-04	1.000000000000000e+00	539	0	553
554	1.482914787421288e+02 1.577456899544143e+01 3.527065899060789e+03	3.676891598540048e-04 7.572209093874941e-04 1.124910069241499e-03	1.000000000000000e+00	539	0	554
558	 3.692728083467564e+02 -5.065014282295400e+02  2.725239439025547e+03	 5.942467600107193e-03  7.461253553628922e-03 -1.340372115373611e-02	1.000000000000000e+00	539	0	558
562	3.527699050719871e+02 4.281737903288476e+02 2.142082980544152e+03	-3.663117056324457e-03 -2.848615210192899e-04 -3.378255535305167e-03	1.000000000000000e+00	539	0	562
563	-7.227933242117707e+02 -1.372324731380681e+02  3.448036616492602e+03	 1.194873620988801e-04 -2.716454910114408e-04  1.521581289125606e-04	1.000000000000000e+00	539	0	563
564	1.500000000000000e+03 7.552870567639185e+02 2.670283231619311e+03	0.000000000000000e+00 0.000000000000000e+00 0.000000000000000e+00	1.000000000000000e+00	539	-1	350
568	 2.327589793914653e+02 -7.984444043407030e+02 -5.000000000000000e+02	0.000000000000000e+00 0.000000000000000e+00 0.000000000000000e+00	1.000000000000000e+00	453	-1	433
573	-1.760343405898992e+02  5.212182029304178e+02  2.836957663390810e+03	-3.043923759832978e-03 -8.314640494063497e-03 -5.270716734230518e-03	7.500000000000000e-01	539	0	573
574	 3.073718204446453e+02 -4.493058643482697e+02  2.729944863046388e+03	 5.528542368362347e-03  6.510515386859575e-03 -1.203905775522192e-02	1.000000000000000e+00	539	0	574
575	 9.301296964068928e+00 -6.518039563235225e+02  3.230513478502217e+03	-5.234253282348315e-03 -1.507274728889267e-02  2.030700057124098e-02	1.000000000000000e+00	539	0	575
577	 3.021477366743546e+02 -1.500000000000000e+03  1.303259927432284e+03	0.000000000000000e+00 0.000000000000000e+00 0.000000000000000e+00	1.000000000000000e+00	19	-1	485
579	 1.832866333782827e+02 -3.846231730868133e+02  4.500000000000000e+03	0.000000000000000e+00 0.000000000000000e+00 0.000000000000000e+00	1.000000000000000e+00	497	-1	276
581	 1.500000000000000e+03 -2.263861516725000e+02  6.601747405332086e+02	0.000000000000000e+00 0.000000000000000e+00 0.000000000000000e+00	1.000000000000000e+00	487	-1	539
584	 3.577957329236327e+01 -7.821347433793848e+02  1.774488429932261e+03	 1.023441894600789e-02 -1.498396353175243e-02  4.749544585744540e-03	1.000000000000000e+00	55	0	584
585	8.756041170977326e+01 1.969823782158793e+01 3.470258500854581e+03	-5.938095467475554e-04  1.347209307520340e-03  7.533997607727846e-04	1.000000000000000e+00	539	0	585
589	-6.633099404593017e+02 -1.396985858738526e+02  3.391019345475918e+03	 3.702701942529529e-04 -4.641912528313696e-04  9.392105857841673e-05	1.000000000000000e+00	539	0	589
591	 1.253326481847249e+02 -7.237661327122304e+02  1.626566744372746e+03	 1.957508750880758e-02 -1.691179334496458e-02 -2.663294163842996e-03	1.000000000000000e+00	55	0	591
592	1.500000000000000e+03 5.548787956022585e+02 2.469874970457651e+03	0.000000000000000e+00 0.000000000000000e+00 0.000000000000000e+00	1.000000000000000e+00	539	-1	404
593	 3.248478392745459e+02 -8.920459209813159e+02  6.696671319498466e+02	 4.796376762290795e-03 -6.283508458485206e-03 -1.107988522077600e-02	1.000000000000000e+00	487	0	593
594	 2.513782289848426e+02 -3.940090899324251e+02  2.730641680090346e+03	 8.136279881000519e-03  5.439582280814648e-03 -1.357586216181517e-02	1.000000000000000e+00	539	0	594
595	 8.862414541089624e+02 -3.588700311272207e+02  6.414494069695254e+02	 6.735328429689010e-03 -6.774186467130979e-03 -1.350951489681999e-02	1.000000000000000e+00	487	0	595
596	-3.962789447464621e+02  1.500000000000000e+03  2.019046808384562e+03	0.000000000000000e+00 0.000000000000000e+00 0.000000000000000e+00	1.000000000000000e+00	539	-1	425
598	-2.975464095694425e+02  1.500000000000000e+03  1.904244027827501e+03	0.000000000000000e+00 0.000000000000000e+00 0.000000000000000e+00	1.000000000000000e+00	525	-1	520
600	 3.374043933900484e+01 -1.500000000000000e+03  1.822970956654647e+03	0.000000000000000e+00 0.000000000000000e+00 0.000000000000000e+00	1.000000000000000e+00	539	-1	323
602	9.608340328022623e+02 4.226821098966468e+02 2.570041321529935e+03	 7.071397344892223e-03 -1.022874998549620e-03  6.048522346342604e-03	1.000000000000000e+00	26	0	602
603	3.232443401095290e+02 6.637232577254933e+02 2.480184037486457e+03	6.782616546843201e-04 3.041216390556656e-03 2.362954735872336e-03	7.500000000000000e-01	539	0	603
604	 8.161055038072092e+01 -5.414766457961174e+02  3.944822610288258e+03	-5.876097789344688e-03 -1.166947108382980e-03  4.709150680961709e-03	1.000000000000000e+00	497	0	604
605	 1.903957226672034e+02 -2.319089973455024e+02  2.639791585813718e+03	4.571217577904463e-03 1.978155924007297e-03 2.593061653897166e-03	1.000000000000000e+00	539	0	605
606	9.495998559245843e+02 4.472199377745507e+02 2.311815968554528e+03	 1.399220464130243e-02 -1.991136527309815e-02 -5.919160631795725e-03	1.000000000000000e+00	539	0	606
2	 0.000000000000000e+00  7.071067811865475e-01 -7.071067811865475e-01	 5.773502691896257e-01 -5.773502691896257e-01 -5.773502691896257e-01	-7.391622886003375e+02  7.391622886003375e+02  7.391622886003375e+02	1	0	0.000000000000000e+00	0.000000000000000e+00	0.000000000000000e+00
3	-7.071067811865475e-01  0.000000000000000e+00  7.071067811865475e-01	-5.773502691896257e-01  5.773502691896257e-01 -5.773502691896257e-01	 6.288536307352362e+02 -6.288536307352362e+02  6.288536307352362e+02	1	0	0.000000000000000e+00	0.000000000000000e+00	0.000000000000000e+00
4	0.000000000000000e+00 7.071067811865475e-01 7.071067811865475e-01	 5.773502691896257e-01 -5.773502691896257e-01  5.773502691896257e-01	 1.522636602155032e+03 -1.522636602155032e+03  1.522636602155032e+03	1	0	0.000000000000000e+00	0.000000000000000e+00	0.000000000000000e+00
5	 7.071067811865475e-01 -7.071067811865475e-01  0.000000000000000e+00	-5.773502691896257e-01 -5.773502691896257e-01  5.773502691896257e-01	-6.670373969193098e+02 -6.670373969193098e+02  6.670373969193098e+02	1	0	0.000000000000000e+00	0.000000000000000e+00	0.000000000000000e+00
7	-7.071067811865475e-01  7.071067811865475e-01  0.000000000000000e+00	-5.773502691896257e-01 -5.773502691896257e-01  5.773502691896257e-01	-3.955083929436755e+02 -3.955083929436755e+02  3.955083929436755e+02	1	0	0.000000000000000e+00	0.000000000000000e+00	0.000000000000000e+00
8	 0.000000000000000e+00 -7.071067811865475e-01 -7.071067811865475e-01	-5.773502691896257e-01  5.773502691896257e-01 -5.773502691896257e-01	 2.022325394193525e+02 -2.022325394193525e+02  2.022325394193525e+02	1	0	0.000000000000000e+00	0.000000000000000e+00	0.000000000000000e+00
9	-7.071067811865475e-01  0.000000000000000e+00  7.071067811865475e-01	-5.773502691896257e-01  5.773502691896257e-01 -5.773502691896257e-01	 7.132350399568309e+02 -7.132350399568309e+02  7.132350399568309e+02	1	0	0.000000000000000e+00	0.000000000000000e+00	0.000000000000000e+00
10	-7.071067811865475e-01 -7.071067811865475e-01  0.000000000000000e+00	-5.773502691896257e-01  5.773502691896257e-01  5.773502691896257e-01	-6.330962714223555e+02  6.330962714223555e+02  6.330962714223555e+02	1	0	0.000000000000000e+00	0.000000000000000e+00	0.000000000000000e+00
11	-7.071067811865475e-01 -7.071067811865475e-01  0.000000000000000e+00	0.000000000000000e+00 0.000000000000000e+00 0.000000000000000e+00	 2.192031021678289e+02 -4.907321061434643e+02  2.609224022578360e+03	1	1	0.000000000000000e+00	0.000000000000000e+00	0.000000000000000e+00
12	-7.071067811865475e-01 -7.071067811865475e-01  0.000000000000000e+00	-5.773502691896257e-01  5.773502691896257e-01  5.773502691896257e-01	-9.611938178929136e+02  9.611938178929136e+02  9.611938178929136e+02	1	0	0.000000000000000e+00	0.000000000000000e+00	0.000000000000000e+00
13	-7.071067811865475e-01  7.071067811865475e-01  0.000000000000000e+00	 5.773502691896257e-01  5.773502691896257e-01 -5.773502691896257e-01	-1.120999950441073e+03 -1.120999950441073e+03  1.120999950441073e+03	1	0	0.000000000000000e+00	0.000000000000000e+00	0.000000000000000e+00
14	-7.071067811865475e-01  7.071067811865475e-01  0.000000000000000e+00	0.000000000000000e+00 0.000000000000000e+00 0.000000000000000e+00	1.824335495461293e+02 3.747665940288726e+01 3.582910060272236e+03	1	1	0.000000000000000e+00	0.000000000000000e+00	0.000000000000000e+00
15	-7.071067811865475e-01  7.071067811865475e-01  0.000000000000000e+00	-5.773502691896257e-01 -5.773502691896257e-01  5.773502691896257e-01	-3.049987249517975e+02 -3.049987249517975e+02  3.049987249517975e+02	1	0	0.000000000000000e+00	0.000000000000000e+00	0.000000000000000e+00
16	 0.000000000000000e+00 -7.071067811865475e-01  7.071067811865475e-01	5.773502691896257e-01 5.773502691896257e-01 5.773502691896257e-01	1.080459161653044e+03 1.080459161653044e+03 1.080459161653044e+03	1	0	0.000000000000000e+00	0.000000000000000e+00	0.000000000000000e+00
17	 0.000000000000000e+00 -7.071067811865475e-01  7.071067811865475e-01	0.000000000000000e+00 0.000000000000000e+00 0.000000000000000e+00	 9.142890680742061e+02 -6.201326471006022e+02  2.947221063985530e+03	1	1	0.000000000000000e+00	0.000000000000000e+00	0.000000000000000e+00
18	 0.000000000000000e+00 -7.071067811865475e-01  7.071067811865475e-01	5.773502691896257e-01 5.773502691896257e-01 5.773502691896257e-01	8.626702730475879e+02 8.626702730475879e+02 8.626702730475879e+02	1	0	0.000000000000000e+00	0.000000000000000e+00	0.000000000000000e+00
19	 7.071067811865475e-01 -7.071067811865475e-01  0.000000000000000e+00	-5.773502691896257e-01 -5.773502691896257e-01 -5.773502691896257e-01	3.427110866150800e+02 3.427110866150800e+02 3.427110866150800e+02	1	0	0.000000000000000e+00	0.000000000000000e+00	0.000000000000000e+00
20	 7.071067811865475e-01 -7.071067811865475e-01  0.000000000000000e+00	0.000000000000000e+00 0.000000000000000e+00 0.000000000000000e+00	3.577960312803930e+02 7.283199846221450e+01 5.975052301026326e+02	1	1	0.000000000000000e+00	0.000000000000000e+00	0.000000000000000e+00
21	 7.071067811865475e-01 -7.071067811865475e-01  0.000000000000000e+00	-5.773502691896257e-01 -5.773502691896257e-01 -5.773502691896257e-01	6.128258770283411e+02 6.128258770283411e+02 6.128258770283411e+02	1	0	0.000000000000000e+00	0.000000000000000e+00	0.000000000000000e+00
22	-7.071067811865475e-01  0.000000000000000e+00 -7.071067811865475e-01	0.000000000000000e+00 0.000000000000000e+00 0.000000000000000e+00	1.000000000000000e+03 4.153257531310242e+02 4.000000000000000e+03	1	2	0.000000000000000e+00	0.000000000000000e+00	0.000000000000000e+00
23	-7.071067811865475e-01  0.000000000000000e+00 -7.071067811865475e-01	0.000000000000000e+00 0.000000000000000e+00 0.000000000000000e+00	1.000000000000000e+03 1.000000000000000e+03 3.415325753131025e+03	1	2	0.000000000000000e+00	0.000000000000000e+00	0.000000000000000e+00
25	-7.071067811865475e-01  0.000000000000000e+00  7.071067811865475e-01	0.000000000000000e+00 0.000000000000000e+00 0.000000000000000e+00	-1.000000000000000e+03 -1.000000000000000e+03  2.856711395993652e+03	1	2	0.000000000000000e+00	0.000000000000000e+00	0.000000000000000e+00
27	 0.000000000000000e+00  7.071067811865475e-01 -7.071067811865475e-01	0.000000000000000e+00 0.000000000000000e+00 0.000000000000000e+00	1.000000000000000e+03 1.000000000000000e+03 2.217486865801013e+03	1	2	0.000000000000000e+00	0.000000000000000e+00	0.000000000000000e+00
28	 0.000000000000000e+00  7.071067811865475e-01 -7.071067811865475e-01	0.000000000000000e+00 0.000000000000000e+00 0.000000000000000e+00	 1.000000000000000e+03 -7.825131341989875e+02  4.000000000000000e+03	1	2	0.000000000000000e+00	0.000000000000000e+00	0.000000000000000e+00
29	 0.000000000000000e+00  7.071067811865475e-01 -7.071067811865475e-01	0.000000000000000e+00 0.000000000000000e+00 0.000000000000000e+00	 7.825131341989878e+02 -1.000000000000000e+03  4.000000000000000e+03	1	2	0.000000000000000e+00	0.000000000000000e+00	0.000000000000000e+00
30	 0.000000000000000e+00  7.071067811865475e-01 -7.071067811865475e-01	0.000000000000000e+00 0.000000000000000e+00 0.000000000000000e+00	-9.692900001801782e-01 -1.000000000000000e+03  3.216517575800832e+03	1	2	0.000000000000000e+00	0.000000000000000e+00	0.000000000000000e+00
32	-7.071067811865475e-01  0.000000000000000e+00  7.071067811865475e-01	0.000000000000000e+00 0.000000000000000e+00 0.000000000000000e+00	 8.865608922057086e+02 -1.000000000000000e+03  0.000000000000000e+00	1	2	0.000000000000000e+00	0.000000000000000e+00	0.000000000000000e+00
33	-7.071067811865475e-01  0.000000000000000e+00  7.071067811865475e-01	0.000000000000000e+00 0.000000000000000e+00 0.000000000000000e+00	 1.894014648585383e+02 -1.000000000000000e+03  6.971594273471702e+02	1	2	0.000000000000000e+00	0.000000000000000e+00	0.000000000000000e+00
35	0.000000000000000e+00 7.071067811865475e-01 7.071067811865475e-01	0.000000000000000e+00 0.000000000000000e+00 0.000000000000000e+00	-2.519981352828048e+01 -1.000000000000000e+03  3.593109619993376e+03	1	2	0.000000000000000e+00	0.000000000000000e+00	0.000000000000000e+00
36	 7.071067811865475e-01 -7.071067811865475e-01  0.000000000000000e+00	0.000000000000000e+00 0.000000000000000e+00 0.000000000000000e+00	-1.000000000000000e+03  1.000000000000000e+03  2.001112190757930e+03	1	2	0.000000000000000e+00	0.000000000000000e+00	0.000000000000000e+00
37	 7.071067811865475e-01 -7.071067811865475e-01  0.000000000000000e+00	0.000000000000000e+00 0.000000000000000e+00 0.000000000000000e+00	-1.000000000000000e+03 -1.000000000000000e+03  1.112190757929056e+00	1	2	0.000000000000000e+00	0.000000000000000e+00	0.000000000000000e+00
39	 7.071067811865475e-01 -7.071067811865475e-01  0.000000000000000e+00	0.000000000000000e+00 0.000000000000000e+00 0.000000000000000e+00	-1.000000000000000e+03  4.343145750507622e+02  0.000000000000000e+00	1	2	0.000000000000000e+00	0.000000000000000e+00	0.000000000000000e+00
41	-7.071067811865475e-01  7.071067811865475e-01  0.000000000000000e+00	0.000000000000000e+00 0.000000000000000e+00 0.000000000000000e+00	1.000000000000000e+03 1.000000000000000e+03 3.186525178831027e+03	1	2	0.000000000000000e+00	0.000000000000000e+00	0.000000000000000e+00
42	-7.071067811865475e-01  7.071067811865475e-01  0.000000000000000e+00	0.000000000000000e+00 0.000000000000000e+00 0.000000000000000e+00	5.086054982878575e+02 1.000000000000000e+03 2.695130677118885e+03	1	2	0.000000000000000e+00	0.000000000000000e+00	0.000000000000000e+00
44	 0.000000000000000e+00 -7.071067811865475e-01 -7.071067811865475e-01	0.000000000000000e+00 0.000000000000000e+00 0.000000000000000e+00	1.000000000000000e+03 3.933023817419428e+02 0.000000000000000e+00	1	2	0.000000000000000e+00	0.000000000000000e+00	0.000000000000000e+00
45	 0.000000000000000e+00 -7.071067811865475e-01 -7.071067811865475e-01	0.000000000000000e+00 0.000000000000000e+00 0.000000000000000e+00	7.464677023215989e+02 1.397700840635411e+02 0.000000000000000e+00	1	2	0.000000000000000e+00	0.000000000000000e+00	0.000000000000000e+00
46	-7.071067811865475e-01  0.000000000000000e+00  7.071067811865475e-01	0.000000000000000e+00 0.000000000000000e+00 0.000000000000000e+00	 1.000000000000000e+03 -1.000000000000000e+03  1.397051198704921e+02	1	2	0.000000000000000e+00	0.000000000000000e+00	0.000000000000000e+00
47	-7.071067811865475e-01  0.000000000000000e+00  7.071067811865475e-01	0.000000000000000e+00 0.000000000000000e+00 0.000000000000000e+00	-1.000000000000000e+03 -1.000000000000000e+03  2.139705119870493e+03	1	2	0.000000000000000e+00	0.000000000000000e+00	0.000000000000000e+00
48	-7.071067811865475e-01  0.000000000000000e+00  7.071067811865475e-01	0.000000000000000e+00 0.000000000000000e+00 0.000000000000000e+00	-1.000000000000000e+03  2.450545940546025e+02  3.384759713925095e+03	1	2	0.000000000000000e+00	0.000000000000000e+00	0.000000000000000e+00
49	-7.071067811865475e-01  7.071067811865475e-01  0.000000000000000e+00	5.773502691896257e-01 5.773502691896257e-01 5.773502691896257e-01	8.626702730475879e+02 8.626702730475879e+02 8.626702730475879e+02	1	0	0.000000000000000e+00	0.000000000000000e+00	0.000000000000000e+00
50	 0.000000000000000e+00 -7.071067811865475e-01 -7.071067811865475e-01	-5.773502691896257e-01 -5.773502691896257e-01  5.773502691896257e-01	-1.120999950441073e+03 -1.120999950441073e+03  1.120999950441073e+03	1	0	0.000000000000000e+00	0.000000000000000e+00	0.000000000000000e+00
53	 7.071067811865475e-01 -7.071067811865475e-01  0.000000000000000e+00	5.773502691896257e-01 5.773502691896257e-01 5.773502691896257e-01	8.626702730475879e+02 8.626702730475879e+02 8.626702730475879e+02	1	0	0.000000000000000e+00	0.000000000000000e+00	0.000000000000000e+00
56	 7.071067811865475e-01 -7.071067811865475e-01  0.000000000000000e+00	-5.773502691896257e-01 -5.773502691896257e-01 -5.773502691896257e-01	-1.885618083164127e+02 -1.885618083164127e+02 -1.885618083164127e+02	1	0	0.000000000000000e+00	0.000000000000000e+00	0.000000000000000e+00
57	 7.071067811865475e-01 -7.071067811865475e-01  0.000000000000000e+00	0.000000000000000e+00 0.000000000000000e+00 0.000000000000000e+00	-1.000000000000000e+03  4.343145750507622e+02  0.000000000000000e+00	1	2	0.000000000000000e+00	0.000000000000000e+00	0.000000000000000e+00
61	 7.071067811865475e-01 -7.071067811865475e-01  0.000000000000000e+00	0.000000000000000e+00 0.000000000000000e+00 0.000000000000000e+00	-1.000000000000000e+03 -1.000000000000000e+03  1.112190757929056e+00	1	2	0.000000000000000e+00	0.000000000000000e+00	0.000000000000000e+00
65	 7.071067811865475e-01  0.000000000000000e+00 -7.071067811865475e-01	0.000000000000000e+00 0.000000000000000e+00 0.000000000000000e+00	 1.000000000000000e+03 -8.865608922057086e+02  0.000000000000000e+00	1	2	0.000000000000000e+00	0.000000000000000e+00	0.000000000000000e+00
67	 0.000000000000000e+00 -7.071067811865475e-01 -7.071067811865475e-01	0.000000000000000e+00 0.000000000000000e+00 0.000000000000000e+00	-4.320901935349040e+02 -1.000000000000000e+03  4.000000000000000e+03	1	2	0.000000000000000e+00	0.000000000000000e+00	0.000000000000000e+00
68	 7.071067811865475e-01 -7.071067811865475e-01  0.000000000000000e+00	0.000000000000000e+00 0.000000000000000e+00 0.000000000000000e+00	1.000000000000000e+03 5.548787956022585e+02 2.469874970457651e+03	1	2	0.000000000000000e+00	0.000000000000000e+00	0.000000000000000e+00
69	-7.071067811865475e-01  0.000000000000000e+00 -7.071067811865475e-01	-5.773502691896257e-01  5.773502691896257e-01  5.773502691896257e-01	-1.138441917710341e+03  1.138441917710341e+03  1.138441917710341e+03	1	0	0.000000000000000e+00	0.000000000000000e+00	0.000000000000000e+00
70	-7.071067811865475e-01  0.000000000000000e+00 -7.071067811865475e-01	0.000000000000000e+00 0.000000000000000e+00 0.000000000000000e+00	1.000000000000000e+03 1.000000000000000e+03 3.415325753131025e+03	1	2	0.000000000000000e+00	0.000000000000000e+00	0.000000000000000e+00
73	0.000000000000000e+00 7.071067811865475e-01 7.071067811865475e-01	0.000000000000000e+00 0.000000000000000e+00 0.000000000000000e+00	1.000000000000000e+03 1.000000000000000e+03 6.066976182580577e+02	1	2	0.000000000000000e+00	0.000000000000000e+00	0.000000000000000e+00
74	-7.071067811865475e-01  0.000000000000000e+00  7.071067811865475e-01	 5.773502691896257e-01 -5.773502691896257e-01  5.773502691896257e-01	 9.522371319978838e+02 -9.522371319978838e+02  9.522371319978838e+02	1	0	0.000000000000000e+00	0.000000000000000e+00	0.000000000000000e+00
75	-7.071067811865475e-01  0.000000000000000e+00  7.071067811865475e-01	0.000000000000000e+00 0.000000000000000e+00 0.000000000000000e+00	-1.000000000000000e+03 -1.000000000000000e+03  2.856711395993652e+03	1	2	0.000000000000000e+00	0.000000000000000e+00	0.000000000000000e+00
69	0	1	1
22	1	0	1
22	0	205	-1
69	481	0	0
69	1	2	1
23	2	1	1
22	206	1	-1
23	1	206	-1
23	207	2	-1
70	2	207	-1
69	2	425	1
70	425	2	1
74	4	5	1
25	5	4	1
25	4	209	-1
74	359	4	0
25	210	5	-1
75	5	210	-1
74	5	323	1
75	323	5	1
2	7	8	1
27	8	7	1
27	7	212	-1
2	428	7	0
2	8	9	1
28	9	8	1
27	213	8	-1
28	8	213	-1
2	9	10	1
29	10	9	1
28	214	9	-1
29	9	214	-1
2	10	11	1
30	11	10	1
29	215	10	-1
30	10	215	-1
30	216	11	-1
2	11	429	0
3	13	14	1
32	14	13	1
32	13	218	-1
65	13	218	-1
3	539	13	1
65	539	13	1
3	14	15	1
33	15	14	1
32	219	14	-1
33	14	219	-1
33	220	15	-1
3	15	327	0
4	17	18	1
35	18	17	1
35	17	222	-1
67	17	222	-1
4	276	17	1
67	276	17	1
35	223	18	-1
4	18	329	0
5	19	20	1
36	20	19	1
36	19	224	-1
5	484	19	0
5	20	21	1
37	21	20	1
36	225	20	-1
37	20	225	-1
37	226	21	-1
61	21	226	-1
5	21	485	1
61	485	21	1
56	23	24	1
39	24	23	1
39	23	228	-1
56	432	23	0
39	229	24	-1
57	24	229	-1
56	24	433	1
57	433	24	1
7	26	27	1
41	27	26	1
41	26	231	-1
7	602	26	0
7	27	28	1
42	28	27	1
41	232	27	-1
42	27	232	-1
42	233	28	-1
7	28	335	0
8	30	31	1
44	31	30	1
44	30	235	-1
73	30	235	-1
8	520	30	1
73	520	30	1
8	31	32	1
45	32	31	1
44	236	31	-1
45	31	236	-1
45	237	32	-1
8	32	487	0
9	33	34	1
46	34	33	1
46	33	238	-1
9	436	33	0
9	34	35	1
47	35	34	1
46	239	34	-1
47	34	239	-1
9	35	36	1
48	36	35	1
47	240	35	-1
48	35	240	-1
48	241	36	-1
9	36	437	0
10	37	38	0
11	38	37	0
11	37	40	0
10	340	37	0
11	39	38	0
10	38	341	0
11	40	39	0
12	39	40	0
12	342	39	0
12	40	343	0
10	41	344	0
10	345	41	0
12	42	346	0
12	347	42	0
13	43	44	0
14	44	43	0
14	43	46	0
13	348	43	0
14	45	44	0
13	44	452	0
14	46	45	0
15	45	46	0
15	350	45	0
15	46	351	0
15	48	354	0
15	355	48	0
16	49	50	0
17	50	49	0
17	49	52	0
16	356	49	0
17	51	50	0
16	50	357	0
17	52	51	0
18	51	52	0
18	358	51	0
18	52	551	0
16	53	360	0
16	361	53	0
18	54	362	0
18	363	54	0
19	55	56	0
20	56	55	0
20	55	58	0
19	364	55	0
20	57	56	0
19	56	365	0
20	58	57	0
21	57	58	0
21	366	57	0
21	58	367	0
19	59	368	0
19	369	59	0
21	60	370	0
21	371	60	0
22	205	206	-1
23	206	207	-1
70	207	596	-1
25	209	210	-1
75	210	600	-1
27	212	213	-1
28	213	214	-1
29	214	215	-1
30	215	216	-1
32	218	219	-1
65	218	581	-1
33	219	220	-1
35	222	223	-1
67	222	579	-1
36	224	225	-1
37	225	226	-1
61	226	577	-1
39	228	229	-1
57	229	568	-1
41	231	232	-1
42	232	233	-1
44	235	236	-1
73	235	598	-1
45	236	237	-1
46	238	239	-1
47	239	240	-1
48	240	241	-1
69	242	488	0
69	489	242	0
13	243	256	0
74	256	243	0
13	353	243	0
74	243	527	0
2	244	545	0
2	549	244	0
3	245	378	0
3	379	245	0
4	381	246	0
4	246	604	0
5	247	492	0
5	493	247	0
56	248	446	0
56	447	248	0
7	249	386	0
7	387	249	0
8	250	494	0
8	542	250	0
9	439	251	0
9	251	450	0
10	252	392	0
10	393	252	0
10	253	315	0
10	394	253	0
12	254	396	0
12	397	254	0
12	398	255	0
12	255	399	0
13	256	400	0
74	530	256	0
13	402	257	0
13	257	403	0
15	258	404	0
15	606	258	0
15	406	259	0
15	259	407	0
16	260	408	0
16	409	260	0
16	410	261	0
16	261	411	0
18	413	262	0
2	413	262	0
18	262	594	0
2	262	605	0
18	414	263	0
18	263	415	0
19	264	584	0
19	591	264	0
19	418	265	0
19	265	419	0
21	266	420	0
21	421	266	0
21	422	267	0
21	267	423	0
13	268	402	0
69	268	452	0
13	452	268	0
50	452	268	0
69	453	268	0
50	268	585	0
69	496	269	0
69	269	497	0
74	500	271	0
74	271	501	0
2	272	460	0
2	562	272	0
3	378	274	0
3	274	595	0
3	275	379	0
3	593	275	0
4	380	276	0
67	579	276	-1
4	329	277	0
4	277	381	0
5	278	502	0
5	503	278	0
5	504	279	0
5	279	505	0
56	280	468	0
56	469	280	0
56	470	281	0
56	281	471	0
7	386	282	0
7	282	602	0
7	335	283	0
7	283	387	0
8	284	506	0
8	507	284	0
8	540	285	0
8	285	543	0
9	286	476	0
9	547	286	0
9	478	287	0
9	287	479	0
10	288	340	0
10	392	288	0
10	341	289	0
10	289	394	0
12	290	342	0
12	396	290	0
12	343	291	0
12	291	398	0
10	344	292	0
10	292	393	0
10	315	293	0
10	293	345	0
12	346	294	0
12	294	397	0
12	295	347	0
12	399	295	0
13	296	348	0
13	400	296	0
15	351	299	0
15	299	406	0
13	301	353	0
13	403	301	0
15	354	302	0
15	302	405	0
15	303	355	0
15	407	303	0
16	304	356	0
16	408	304	0
16	357	305	0
16	305	410	0
18	306	358	0
18	412	306	0
18	359	307	0
74	307	359	0
49	359	307	0
18	307	414	0
74	414	307	0
53	414	307	0
49	307	553	0
53	307	563	0
16	360	308	0
16	308	409	0
16	309	361	0
16	411	309	0
18	310	413	0
18	575	310	0
18	311	363	0
18	415	311	0
19	312	364	0
19	416	312	0
19	365	313	0
19	313	418	0
21	314	366	0
21	420	314	0
21	367	315	0
21	315	422	0
19	368	316	0
19	316	417	0
19	317	369	0
19	419	317	0
21	370	318	0
21	318	421	0
21	319	371	0
21	423	319	0
69	320	508	0
69	509	320	0
69	510	321	0
69	321	511	0
74	323	515	0
75	600	323	-1
2	324	428	0
2	460	324	0
3	326	539	0
3	595	326	0
3	327	593	0
5	330	516	0
5	517	330	0
5	518	331	0
5	331	519	0
56	332	432	0
56	468	332	0
56	433	333	0
56	333	470	0
8	336	520	0
8	521	336	0
8	337	474	0
8	522	337	0
9	476	338	0
9	338	548	0
9	437	339	0
9	339	478	0
15	404	350	1
68	404	350	1
68	350	564	-1
18	551	359	0
49	553	359	0
18	362	575	0
69	523	372	0
69	372	524	0
69	373	439	0
69	526	373	0
74	527	374	0
74	374	528	0
2	376	461	0
2	544	376	0
4	604	380	0
5	531	382	0
5	382	532	0
5	383	533	0
5	534	383	0
56	446	384	0
56	384	469	0
56	385	447	0
56	471	385	0
8	535	388	0
8	388	536	0
8	541	389	0
8	389	546	0
9	450	390	0
9	390	603	0
9	552	391	0
9	391	573	0
68	592	404	-1
15	405	606	0
18	558	412	0
2	429	413	0
74	499	414	0
53	589	414	0
19	584	416	0
19	417	591	0
69	424	481	0
69	508	424	0
69	425	510	0
70	596	425	-1
5	430	484	0
5	516	430	0
5	485	431	0
5	431	518	0
57	568	433	-1
8	487	435	0
8	435	522	0
9	548	436	0
69	488	438	0
69	438	523	0
69	439	489	0
9	573	439	0
2	442	544	0
2	545	442	0
2	443	549	0
2	605	443	0
5	492	444	0
5	444	531	0
5	445	493	0
5	533	445	0
8	494	448	0
8	448	535	0
8	449	542	0
8	546	449	0
69	452	509	0
50	554	452	0
69	524	453	0
69	454	496	0
69	511	454	0
69	497	455	0
69	455	526	0
74	457	499	0
74	528	457	0
74	458	500	0
74	515	458	0
74	501	459	0
74	459	530	0
2	461	562	0
5	502	464	0
5	464	517	0
5	465	503	0
5	532	465	0
5	466	504	0
5	519	466	0
5	505	467	0
5	467	534	0
8	506	472	0
8	472	521	0
8	473	507	0
8	536	473	0
8	474	540	0
8	475	541	0
8	543	475	0
9	477	547	0
9	603	477	0
9	479	552	0
61	577	485	-1
73	598	520	-1
65	581	539	-1
50	585	554	0
18	574	558	0
53	563	589	0
68	564	592	-1
18	594	574	0
