373
53
479
0	 3.565552507394285e+02 -2.281189961295475e+02  4.000000000000000e+03	 5.957243498414755e-03  5.957243498414755e-03 -6.513854949364915e-19	1.000000000000000e+00	603	1	0
1	1.000000000000000e+03 4.153257531310242e+02 4.000000000000000e+03	0.000000000000000e+00 0.000000000000000e+00 0.000000000000000e+00	1.000000000000000e+00	603	1	1
2	1.000000000000000e+03 1.000000000000000e+03 3.415325753131025e+03	0.000000000000000e+00 0.000000000000000e+00 0.000000000000000e+00	1.000000000000000e+00	603	1	2
4	-1.000000000000000e+03 -1.387862737175901e+02  3.717925122276062e+03	 7.175511429726518e-19 -3.992386860772967e-03 -3.992386860772967e-03	1.000000000000000e+00	603	1	4
5	-1.000000000000000e+03 -1.000000000000000e+03  2.856711395993652e+03	0.000000000000000e+00 0.000000000000000e+00 0.000000000000000e+00	1.000000000000000e+00	603	1	5
7	6.044946812696210e+02 1.000000000000000e+03 1.821981547070634e+03	1.928749436046928e-03 1.631702511355078e-20 1.928749436046928e-03	1.000000000000000e+00	603	1	7
8	1.000000000000000e+03 1.000000000000000e+03 2.217486865801013e+03	0.000000000000000e+00 0.000000000000000e+00 0.000000000000000e+00	1.000000000000000e+00	603	1	8
9	 1.000000000000000e+03 -7.825131341989875e+02  4.000000000000000e+03	0.000000000000000e+00 0.000000000000000e+00 0.000000000000000e+00	1.000000000000000e+00	603	1	9
10	 7.825131341989878e+02 -1.000000000000000e+03  4.000000000000000e+03	0.000000000000000e+00 0.000000000000000e+00 0.000000000000000e+00	1.000000000000000e+00	603	1	10
11	 1.962119219437654e+01 -1.000000000000000e+03  3.237108057995389e+03	8.059556595981121e-03 2.538249933082907e-18 8.059556595981121e-03	1.000000000000000e+00	603	1	11
13	 1.000000000000000e+03 -8.865608922057086e+02  0.000000000000000e+00	0.000000000000000e+00 0.000000000000000e+00 0.000000000000000e+00	1.000000000000000e+00	487	1	13
14	 8.865608922057086e+02 -1.000000000000000e+03  0.000000000000000e+00	0.000000000000000e+00 0.000000000000000e+00 0.000000000000000e+00	1.000000000000000e+00	487	1	14
15	 2.200203383935653e+02 -1.000000000000000e+03  6.665405538121433e+02	 8.157778676832095e-03  3.592078180972407e-18 -8.157778676832095e-03	1.000000000000000e+00	487	1	15
17	-4.320901935349040e+02 -1.000000000000000e+03  4.000000000000000e+03	0.000000000000000e+00 0.000000000000000e+00 0.000000000000000e+00	1.000000000000000e+00	552	1	17
18	-2.982862677597911e+01 -1.000000000000000e+03  3.597738433241075e+03	-2.686734893359244e-03  4.288897895412682e-19  2.686734893359244e-03	1.000000000000000e+00	552	1	18
20	-1.000000000000000e+03  1.000000000000000e+03  2.001112190757930e+03	0.000000000000000e+00 0.000000000000000e+00 0.000000000000000e+00	1.000000000000000e+00	571	1	20
21	-1.000000000000000e+03 -1.000000000000000e+03  1.112190757929056e+00	0.000000000000000e+00 0.000000000000000e+00 0.000000000000000e+00	1.000000000000000e+00	571	1	21
23	-1.000000000000000e+03 -3.287579943924874e+02  7.630725694432496e+02	-2.960325537065294e-19  3.185490728355944e-03 -3.185490728355944e-03	1.000000000000000e+00	453	1	23
24	-1.000000000000000e+03  4.343145750507622e+02  0.000000000000000e+00	0.000000000000000e+00 0.000000000000000e+00 0.000000000000000e+00	1.000000000000000e+00	453	1	24
26	1.000000000000000e+03 3.963853258373784e+02 2.582910504668406e+03	-3.129995903358212e-18  1.143320917617530e-02  1.143320917617529e-02	1.000000000000000e+00	26	1	26
27	1.000000000000000e+03 1.000000000000000e+03 3.186525178831027e+03	0.000000000000000e+00 0.000000000000000e+00 0.000000000000000e+00	1.000000000000000e+00	26	1	27
28	5.409079324517874e+02 1.000000000000000e+03 2.727433111282815e+03	 9.784053312614560e-03 -1.582950779326492e-18  9.784053312614560e-03	1.000000000000000e+00	26	1	28
30	1.000000000000000e+03 1.000000000000000e+03 6.066976182580577e+02	0.000000000000000e+00 0.000000000000000e+00 0.000000000000000e+00	1.000000000000000e+00	600	1	30
31	1.000000000000000e+03 3.933023817419428e+02 0.000000000000000e+00	0.000000000000000e+00 0.000000000000000e+00 0.000000000000000e+00	1.000000000000000e+00	600	1	31
32	7.742523428705650e+02 1.675547246125072e+02 0.000000000000000e+00	5.452121607959270e-03 5.452121607959271e-03 4.895907572782989e-20	1.000000000000000e+00	600	1	32
33	1.000000000000000e+03 8.960159568784486e+02 2.035721076748941e+03	-9.248719487129859e-19  8.403194136917591e-03  8.403194136917591e-03	1.000000000000000e+00	603	1	33
34	 1.000000000000000e+03 -1.000000000000000e+03  1.397051198704921e+02	0.000000000000000e+00 0.000000000000000e+00 0.000000000000000e+00	1.000000000000000e+00	603	1	34
35	-1.000000000000000e+03 -1.000000000000000e+03  2.139705119870493e+03	0.000000000000000e+00 0.000000000000000e+00 0.000000000000000e+00	1.000000000000000e+00	603	1	35
36	-1.000000000000000e+03  2.284930687020478e+02  3.368198188572540e+03	 1.700184366442212e-19 -3.571705077774823e-03 -3.571705077774823e-03	1.000000000000000e+00	603	1	36
37	-5.395224740453357e+02  2.679934700697016e+02  1.091772870152029e+03	0.000000000000000e+00 0.000000000000000e+00 0.000000000000000e+00	1.000000000000000e+00	55	0	37
38	 2.192031021678291e+02 -4.907321061434645e+02  2.609224022578360e+03	0.000000000000000e+00 0.000000000000000e+00 0.000000000000000e+00	1.000000000000000e+00	55	0	38
39	-1.088944443027284e+02 -1.626345596729054e+02  2.937321569048918e+03	0.000000000000000e+00 0.000000000000000e+00 0.000000000000000e+00	1.000000000000000e+00	55	0	39
40	-8.676200205158938e+02  5.960910165402597e+02  1.419870416622587e+03	0.000000000000000e+00 0.000000000000000e+00 0.000000000000000e+00	1.000000000000000e+00	55	0	40
41	-1.065748542290563e+02 -6.551236465572893e+01  1.858226324693739e+03	3.904114710167050e-03 3.259011311456561e-03 6.451033987104893e-04	1.000000000000000e+00	55	0	41
42	-5.377773086166226e+02  1.574041017325095e+02  2.188400043329609e+03	-6.516825330133239e-03 -8.991588916008672e-03  2.474763585875432e-03	1.000000000000000e+00	55	0	42
43	-6.102331521639902e+02 -7.551900423072325e+02  1.997576656851997e+03	0.000000000000000e+00 0.000000000000000e+00 0.000000000000000e+00	1.000000000000000e+00	603	0	43
44	1.824335495461294e+02 3.747665940288728e+01 3.582910060272236e+03	0.000000000000000e+00 0.000000000000000e+00 0.000000000000000e+00	1.000000000000000e+00	603	0	44
45	9.984347750354048e+02 8.534778848921626e+02 2.766908834782960e+03	0.000000000000000e+00 0.000000000000000e+00 0.000000000000000e+00	1.000000000000000e+00	603	0	45
46	2.057680733252848e+02 6.081118318204366e+01 1.181575431362721e+03	0.000000000000000e+00 0.000000000000000e+00 0.000000000000000e+00	1.000000000000000e+00	603	0	46
48	7.621342804690521e+02 2.736382572812515e+02 1.950768712605696e+03	 1.954155384252469e-02 -3.062458926190932e-02 -1.108303541938464e-02	1.000000000000000e+00	603	0	48
49	-7.756961389616431e+02  2.248599564173224e+02  3.792213667503454e+03	0.000000000000000e+00 0.000000000000000e+00 0.000000000000000e+00	1.000000000000000e+00	603	0	49
50	 9.142890680742061e+02 -6.201326471006022e+02  2.947221063985530e+03	0.000000000000000e+00 0.000000000000000e+00 0.000000000000000e+00	1.000000000000000e+00	603	0	50
51	 6.965001794687494e+02 -8.379215357060586e+02  2.729432175380073e+03	0.000000000000000e+00 0.000000000000000e+00 0.000000000000000e+00	1.000000000000000e+00	603	0	51
52	-9.934850275670998e+02  7.071067811866068e+00  3.574424778897997e+03	0.000000000000000e+00 0.000000000000000e+00 0.000000000000000e+00	1.000000000000000e+00	603	0	52
53	 6.695218550818144e+01 -2.087684187969569e+02  3.383193718247909e+03	-2.009280651691370e-04 -2.332763833692297e-04  4.342044485383667e-04	7.500000000000000e-01	603	0	53
54	-1.621966830781747e+02 -5.644640520976542e+02  3.314671554318592e+03	-2.488335439314445e-03 -3.761289718871315e-03  6.249625158185760e-03	1.000000000000000e+00	603	0	54
55	-3.705239533417505e+02 -6.554879861599293e+02  2.054145199346920e+03	0.000000000000000e+00 0.000000000000000e+00 0.000000000000000e+00	1.000000000000000e+00	55	0	55
56	3.577960312803930e+02 7.283199846221450e+01 5.975052301026326e+02	0.000000000000000e+00 0.000000000000000e+00 0.000000000000000e+00	1.000000000000000e+00	55	0	56
57	6.279108216936542e+02 3.429467888754754e+02 8.676200205158938e+02	0.000000000000000e+00 0.000000000000000e+00 0.000000000000000e+00	1.000000000000000e+00	55	0	57
58	-1.004091629284902e+02 -3.853731957466687e+02  2.324259989760182e+03	0.000000000000000e+00 0.000000000000000e+00 0.000000000000000e+00	1.000000000000000e+00	55	0	58
59	 2.572563703628581e+02 -4.549865510486695e+02  1.225863440531052e+03	 1.878028005982439e-02 -1.130010078971585e-02 -7.480179270108541e-03	1.000000000000000e+00	55	0	59
60	2.368667125053873e+02 7.131265313493649e+00 1.594479653266142e+03	-1.256286278173017e-03  1.433194736212802e-03 -1.769084580397855e-04	1.000000000000000e+00	55	0	60
205	 3.565552507394285e+02 -2.281189961295475e+02  4.500000000000000e+03	0.000000000000000e+00 0.000000000000000e+00 0.000000000000000e+00	1.000000000000000e+00	603	-1	0
206	1.353553390593274e+03 4.153257531310242e+02 4.353553390593273e+03	0.000000000000000e+00 0.000000000000000e+00 0.000000000000000e+00	1.000000000000000e+00	603	-1	1
207	1.353553390593274e+03 1.353553390593274e+03 3.415325753131025e+03	0.000000000000000e+00 0.000000000000000e+00 0.000000000000000e+00	1.000000000000000e+00	603	-1	2
209	-1.500000000000000e+03 -1.387862737175901e+02  3.717925122276062e+03	0.000000000000000e+00 0.000000000000000e+00 0.000000000000000e+00	1.000000000000000e+00	603	-1	4
210	-1.353553390593274e+03 -1.353553390593274e+03  2.856711395993652e+03	0.000000000000000e+00 0.000000000000000e+00 0.000000000000000e+00	1.000000000000000e+00	603	-1	5
212	6.044946812696210e+02 1.500000000000000e+03 1.821981547070634e+03	0.000000000000000e+00 0.000000000000000e+00 0.000000000000000e+00	1.000000000000000e+00	603	-1	7
213	1.353553390593274e+03 1.353553390593274e+03 2.217486865801013e+03	0.000000000000000e+00 0.000000000000000e+00 0.000000000000000e+00	1.000000000000000e+00	603	-1	8
214	 1.353553390593274e+03 -7.825131341989875e+02  4.353553390593273e+03	0.000000000000000e+00 0.000000000000000e+00 0.000000000000000e+00	1.000000000000000e+00	603	-1	9
215	 7.825131341989878e+02 -1.353553390593274e+03  4.353553390593273e+03	0.000000000000000e+00 0.000000000000000e+00 0.000000000000000e+00	1.000000000000000e+00	603	-1	10
216	 1.962119219437653e+01 -1.500000000000000e+03  3.237108057995389e+03	0.000000000000000e+00 0.000000000000000e+00 0.000000000000000e+00	1.000000000000000e+00	603	-1	11
218	 1.353553390593274e+03 -8.865608922057086e+02 -3.535533905932737e+02	0.000000000000000e+00 0.000000000000000e+00 0.000000000000000e+00	1.000000000000000e+00	487	-1	13
219	 8.865608922057086e+02 -1.353553390593274e+03 -3.535533905932737e+02	0.000000000000000e+00 0.000000000000000e+00 0.000000000000000e+00	1.000000000000000e+00	487	-1	14
220	 2.200203383935653e+02 -1.500000000000000e+03  6.665405538121433e+02	0.000000000000000e+00 0.000000000000000e+00 0.000000000000000e+00	1.000000000000000e+00	487	-1	15
222	-4.320901935349040e+02 -1.353553390593274e+03  4.353553390593273e+03	0.000000000000000e+00 0.000000000000000e+00 0.000000000000000e+00	1.000000000000000e+00	552	-1	17
223	-2.982862677597912e+01 -1.500000000000000e+03  3.597738433241075e+03	0.000000000000000e+00 0.000000000000000e+00 0.000000000000000e+00	1.000000000000000e+00	552	-1	18
225	-1.353553390593274e+03  1.353553390593274e+03  2.001112190757930e+03	0.000000000000000e+00 0.000000000000000e+00 0.000000000000000e+00	1.000000000000000e+00	571	-1	20
226	-1.353553390593274e+03 -1.353553390593274e+03  1.112190757929058e+00	0.000000000000000e+00 0.000000000000000e+00 0.000000000000000e+00	1.000000000000000e+00	571	-1	21
228	-1.500000000000000e+03 -3.287579943924874e+02  7.630725694432496e+02	0.000000000000000e+00 0.000000000000000e+00 0.000000000000000e+00	1.000000000000000e+00	453	-1	23
229	-1.353553390593274e+03  4.343145750507622e+02 -3.535533905932737e+02	0.000000000000000e+00 0.000000000000000e+00 0.000000000000000e+00	1.000000000000000e+00	453	-1	24
231	1.500000000000000e+03 3.963853258373784e+02 2.582910504668406e+03	0.000000000000000e+00 0.000000000000000e+00 0.000000000000000e+00	1.000000000000000e+00	26	-1	26
232	1.353553390593274e+03 1.353553390593274e+03 3.186525178831027e+03	0.000000000000000e+00 0.000000000000000e+00 0.000000000000000e+00	1.000000000000000e+00	26	-1	27
233	5.409079324517874e+02 1.500000000000000e+03 2.727433111282815e+03	0.000000000000000e+00 0.000000000000000e+00 0.000000000000000e+00	1.000000000000000e+00	26	-1	28
235	1.353553390593274e+03 1.353553390593274e+03 6.066976182580577e+02	0.000000000000000e+00 0.000000000000000e+00 0.000000000000000e+00	1.000000000000000e+00	600	-1	30
236	 1.353553390593274e+03  3.933023817419428e+02 -3.535533905932737e+02	0.000000000000000e+00 0.000000000000000e+00 0.000000000000000e+00	1.000000000000000e+00	600	-1	31
237	 7.742523428705650e+02  1.675547246125072e+02 -5.000000000000000e+02	0.000000000000000e+00 0.000000000000000e+00 0.000000000000000e+00	1.000000000000000e+00	600	-1	32
238	1.500000000000000e+03 8.960159568784486e+02 2.035721076748941e+03	0.000000000000000e+00 0.000000000000000e+00 0.000000000000000e+00	1.000000000000000e+00	603	-1	33
239	 1.353553390593274e+03 -1.353553390593274e+03  1.397051198704921e+02	0.000000000000000e+00 0.000000000000000e+00 0.000000000000000e+00	1.000000000000000e+00	603	-1	34
240	-1.353553390593274e+03 -1.353553390593274e+03  2.139705119870493e+03	0.000000000000000e+00 0.000000000000000e+00 0.000000000000000e+00	1.000000000000000e+00	603	-1	35
241	-1.500000000000000e+03  2.284930687020478e+02  3.368198188572540e+03	0.000000000000000e+00 0.000000000000000e+00 0.000000000000000e+00	1.000000000000000e+00	603	-1	36
242	-5.347622850688106e+01  4.160161311841228e+02  2.945833393440020e+03	-9.844684245763347e-05 -5.595148468273692e-05 -4.249535777489655e-05	1.000000000000000e+00	603	0	242
243	-2.531442276647838e+02 -2.509077771228389e+02  2.858947846535596e+03	-4.417968713629144e-18  1.069230516441166e-02  1.069230516441167e-02	1.000000000000000e+00	603	0	243
244	 1.829947364959367e+02 -4.755512333001170e+01  2.448036725626961e+03	-2.508327364921570e-03 -1.234570052474737e-03 -1.273757312446833e-03	1.000000000000000e+00	603	0	244
245	 6.292839816353246e+02 -6.514451812837667e+02  6.058317292866171e+02	 6.911915416518847e-03 -8.613749562452236e-03 -1.552566497897108e-02	1.000000000000000e+00	487	0	245
246	 2.760662680491108e+01 -6.179055015354783e+02  3.922397678124707e+03	-1.106437769097587e-02 -3.833461242417495e-03  7.230916448558371e-03	1.000000000000000e+00	552	0	246
247	3.490229468877829e+02 5.938035712748363e+01 2.409515494773196e+03	-6.039226466479401e-03  5.661769265619417e-03 -3.774572008599837e-04	1.000000000000000e+00	571	0	247
248	-3.376672907475805e+02 -5.649873335350386e+02  3.369691993333812e+02	-2.531057844559352e-03  1.052214469139775e-02 -7.991086846838396e-03	1.000000000000000e+00	453	0	248
249	8.028264643856228e+02 6.773866355630811e+02 2.666738278779731e+03	7.417702116072178e-03 2.896597608923912e-03 1.031429972499609e-02	1.000000000000000e+00	26	0	249
250	1.868435459154920e+02 6.364361983168143e+02 1.056290270659380e+03	1.038232449597369e-02 1.158488724225511e-02 1.202562746281425e-03	1.000000000000000e+00	600	0	250
251	4.066452330468011e+00 5.654055615928985e+02 2.701044229132923e+03	9.463826912300036e-05 2.117755854366502e-03 2.023117585243502e-03	1.000000000000000e+00	603	0	251
252	-2.665354519210781e+02  1.683027300472261e+02  1.464450632298762e+03	 4.749536397866905e-03  5.210188799537718e-03 -4.606524016708135e-04	1.000000000000000e+00	55	0	252
253	 1.688142934054814e+01 -3.157758920076258e+02  2.231946135615241e+03	-4.809024012502050e-04 -4.441889996087411e-04 -3.671340164146385e-05	7.500000000000000e-01	55	0	253
254	-2.573272800718260e+02  7.562338065709528e+01  2.550630792949819e+03	 1.307277571565161e-03  1.883166861565163e-03 -5.758892900000016e-04	1.000000000000000e+00	55	0	254
255	-7.943734901007903e+02  2.823415357846060e+02  1.806866427793344e+03	-1.417657725202541e-02 -1.546175692540904e-02  1.285179673383634e-03	1.000000000000000e+00	55	0	255
257	-8.364004143653979e+01 -9.877668550584951e+01  3.180583124380830e+03	-8.150654922549924e-03  6.676375788326065e-03 -1.474279134223859e-03	1.000000000000000e+00	603	0	257
259	4.448583230519725e+02 2.068358889972482e+02 1.566690386904613e+03	 4.341227080052097e-03 -7.021610081816713e-03 -2.680383001764615e-03	1.000000000000000e+00	603	0	259
260	-3.491013921913143e+02  1.057948972477133e+02  3.484683979902734e+03	 4.327233570317429e-04  5.062634047741692e-03 -5.495357404773434e-03	1.000000000000000e+00	603	0	260
261	 4.838163827343573e+02 -4.632908676725473e+02  3.220851969897324e+03	-5.255877040326595e-04 -2.820940222591162e-03  3.346527926623821e-03	1.000000000000000e+00	603	0	261
262	 1.852619766708759e+02 -1.905688735258040e+02  2.593317715997693e+03	 2.538629201705129e-18  3.399086557328701e-02 -3.399086557328701e-02	1.000000000000000e+00	603	0	262
263	-4.762015009217845e+02 -1.957549963143710e+02  3.259967316378919e+03	 1.004824965881805e-02  1.624746403346459e-03 -1.167299606216451e-02	1.000000000000000e+00	603	0	263
264	 1.358360403444510e+02 -8.174278428220777e+02  1.709725062322867e+03	 1.310092381512125e-02 -1.684047856057684e-02  3.739554745455583e-03	1.000000000000000e+00	55	0	264
265	 2.876100442918430e+02 -2.006163068827361e+02  9.411395224361331e+02	 1.739234663546085e-02 -1.124206185340881e-02 -6.150284782052040e-03	1.000000000000000e+00	55	0	265
266	4.372531752480671e+02 1.695926088869032e+02 1.231631846950053e+03	-3.394128580112010e-03  2.866387541871518e-03  5.277410382404921e-04	1.000000000000000e+00	55	0	266
267	 1.377861136639080e+01 -1.332838013704891e+02  1.957982821089122e+03	-3.677828023986270e-03  3.137648319049428e-03  5.401797049368422e-04	1.000000000000000e+00	55	0	267
268	-4.178813482972203e+01  2.616295090390247e+01  3.347374667397400e+03	-1.019844342954456e-02  2.745931558417552e-18 -1.019844342954457e-02	1.000000000000000e+00	603	0	268
269	-2.394274871296952e+02  7.530803254404257e+02  2.422817940560903e+03	5.728125067738195e-03 4.487549924912552e-03 1.240575142825643e-03	1.000000000000000e+00	603	0	269
271	-1.849204158387984e+02 -9.102207976057779e+02  2.131411014226672e+03	-1.824591275847828e-02 -1.738038319551075e-02  8.655295629675184e-04	1.000000000000000e+00	603	0	271
272	3.732227086719331e+02 4.925457850430450e+02 2.098163789429901e+03	-2.507273515220731e-03 -1.576390350237488e-04 -2.349634480196983e-03	1.000000000000000e+00	603	0	272
274	 8.511632429813023e+02 -4.414926996313225e+02  5.939049495930835e+02	 7.875345026453337e-03 -8.333336872359117e-03 -1.620868189881245e-02	1.000000000000000e+00	487	0	274
275	 4.013535346922445e+02 -8.605563627390271e+02  6.246509947744369e+02	 5.892165936529637e-03 -8.083789609372616e-03 -1.397595554590225e-02	1.000000000000000e+00	487	0	275
277	 3.119287230886251e+00 -8.116090448670155e+02  3.753181474367194e+03	-8.191906070957581e-03 -3.299879686286052e-03  4.892026384671529e-03	1.000000000000000e+00	552	0	277
278	5.198474830043826e+02 5.087500011181488e+02 3.029709674880461e+03	-6.101613864302635e-03  3.724453737959266e-03 -2.377160126343369e-03	1.000000000000000e+00	571	0	278
279	 2.970957536291275e+02 -4.975568218118376e+02  1.800651122575219e+03	 1.065792603185400e-04 -4.022160192107549e-05  6.635765566898044e-05	7.500000000000000e-01	571	0	279
280	-6.662337987913858e+02 -4.526498401500238e+02  5.531982139921716e+02	-1.063484620923797e-03  6.981193514851232e-03 -5.917708893927435e-03	1.000000000000000e+00	453	0	280
281	-1.633145937527582e+01 -6.472262475758458e+02  9.787228200188370e+01	-3.192480808744828e-03  1.126533847612639e-02 -8.072857667381564e-03	1.000000000000000e+00	453	0	281
282	9.325152674923140e+02 4.994517926393397e+02 2.618492238962680e+03	2.940804222210621e-03 4.300945632470151e-04 3.370898785457636e-03	1.000000000000000e+00	26	0	282
283	6.650792120964823e+02 8.562337351874146e+02 2.707838126114923e+03	8.251466012249391e-03 4.195430005590121e-03 1.244689601783951e-02	1.000000000000000e+00	26	0	283
284	-7.184488276175755e+01  8.838178739588348e+02  1.562360374978650e+03	 2.285267940411965e-02  2.067981318881114e-02 -2.172866215308507e-03	1.000000000000000e+00	600	0	284
285	4.637555612933384e+02 3.919589214972299e+02 5.349009784619492e+02	9.745197448258599e-03 1.105483706730107e-02 1.309639619042476e-03	1.000000000000000e+00	600	0	285
286	5.182159135533474e+02 7.350683430694795e+02 2.356557549386624e+03	9.873881936073305e-04 4.965835250914097e-03 3.978447057306767e-03	1.000000000000000e+00	603	0	286
287	-4.937013950550560e+02  4.374214945412642e+02  3.070828009466813e+03	-1.287842751480639e-04 -6.702454411424696e-04 -5.414611659944057e-04	1.000000000000000e+00	603	0	287
288	-3.938329782360501e+02  2.331734127448590e+02  1.272282423286157e+03	 3.190481336787343e-03  4.210726357996464e-03 -1.020245021209121e-03	1.000000000000000e+00	55	0	288
289	 1.228100666566857e+02 -3.989251697837507e+02  2.421024050707503e+03	-2.110021014232188e-03 -2.329164126422256e-03  2.191431121900677e-04	7.500000000000000e-01	55	0	289
290	-1.187189950311454e+02  1.567825336842993e+01  2.749184205279165e+03	2.180203591706231e-03 1.613342756172642e-03 5.668608355335891e-04	7.500000000000000e-01	55	0	290
291	-8.884863642012691e+02  3.976464879778642e+02  1.597448601499607e+03	-1.358023844659328e-02 -9.640185162425041e-03 -3.940053284168243e-03	1.000000000000000e+00	55	0	291
292	-1.712931779658771e+02  5.713959421470667e+01  1.670856042086483e+03	4.814886468617867e-03 4.095933419497062e-03 7.189530491208037e-04	1.000000000000000e+00	55	0	292
293	-3.674976274012466e+01 -1.887849314084652e+02  2.051323982935407e+03	6.732686648319940e-03 4.871217090112623e-03 1.861469558207318e-03	4.218750000000000e-01	55	0	293
294	-3.988348386898914e+02  1.138444962133545e+02  2.370902118775495e+03	-2.176481299102306e-03 -3.153110854327679e-03  9.766295552253723e-04	1.000000000000000e+00	55	0	294
295	-6.711806430022330e+02  2.108392565431877e+02  2.001561554133320e+03	-1.071099463539819e-02 -1.358746745002767e-02  2.876472814629475e-03	1.000000000000000e+00	55	0	295
296	-3.790085517253414e+02 -8.365008741232763e+02  2.147490425474602e+03	 6.098749426503976e-03 -1.835709080720941e-02 -1.225834138070544e-02	1.000000000000000e+00	603	0	296
299	2.773612368639926e+02 1.830397324383558e+02 1.375397144157741e+03	 2.690810438555976e-03 -4.001603034945826e-03 -1.310792596389850e-03	1.000000000000000e+00	603	0	299
301	-1.694920556115400e+02 -2.015584239429681e+02  2.991949371768711e+03	-1.207203697413206e-02  1.636781916022301e-02  4.295782186090946e-03	1.000000000000000e+00	603	0	301
302	9.052141511064480e+02 2.966724251642947e+02 2.116882751126135e+03	 3.394065797328949e-02 -5.611374974250793e-02 -2.217309176921844e-02	1.000000000000000e+00	603	0	302
303	6.056076454153101e+02 2.383012286672756e+02 1.758905048937978e+03	 9.805186651647091e-03 -1.517592184245586e-02 -5.370735190808773e-03	1.000000000000000e+00	603	0	303
304	-5.722898827426060e+02  2.065690552360533e+02  3.607098312465686e+03	-1.024489368622502e-03  4.645461255374054e-03 -3.620971886751553e-03	1.000000000000000e+00	603	0	304
305	 7.047084941914774e+02 -5.899870322892112e+02  3.126656023056868e+03	 3.727050498127937e-04 -2.284348011016846e-03  1.911642961204052e-03	1.000000000000000e+00	603	0	305
306	 5.325172439206123e+02 -6.300831313106528e+02  2.685576706532805e+03	 4.150055814534426e-03  3.445959184318780e-03 -7.596014998853207e-03	1.000000000000000e+00	603	0	306
307	-7.674140996983538e+02 -1.343502884254438e+02  3.489775207266562e+03	-4.043430089950562e-04  6.686905329058029e-20  4.043430089950561e-04	1.000000000000000e+00	603	0	307
308	-1.319945899880365e+02 -3.903734819258145e+01  3.412409423139752e+03	 5.213470042993625e-04  1.091845120148112e-03 -1.613192124447475e-03	1.000000000000000e+00	603	0	308
309	 2.787358739751945e+02 -3.349724533181128e+02  3.297614064302052e+03	-3.909228253178298e-04 -2.923438587458804e-03  3.314361412776634e-03	1.000000000000000e+00	603	0	309
310	 5.109179901194479e+01 -7.408846378437605e+02  3.277803657974579e+03	-5.378299392759800e-03 -1.043911790475249e-02  1.581741729751229e-02	1.000000000000000e+00	603	0	310
311	-3.506762600398212e+02 -3.758950557437328e+02  3.314582134926317e+03	 3.995588980615139e-03  2.038458362221718e-03 -6.034047342836857e-03	1.000000000000000e+00	603	0	311
312	-1.405404932281164e+02 -7.878273166078054e+02  1.956501069681162e+03	 1.138008277242382e-03 -5.154102148177723e-03  4.016093870935340e-03	1.000000000000000e+00	55	0	312
313	 3.278810007088033e+02 -7.420976865887368e+01  7.744620277953105e+02	 9.865423664450645e-03 -7.235629949718714e-03 -2.629793714731932e-03	1.000000000000000e+00	55	0	313
314	5.152837923560704e+02 2.735635597708107e+02 1.049630278958142e+03	-3.442031760035510e-03  3.440774082870727e-03  1.257677164782250e-06	1.000000000000000e+00	55	0	314
315	-3.040559159102147e+01 -2.504868667062292e+02  2.119370089382275e+03	 3.094858878396783e-18  7.528737187385613e-04 -7.528737187385505e-04	1.000000000000000e+00	55	0	315
316	 2.243796115708116e+02 -6.140054515136435e+02  1.417759099788072e+03	 1.610703021287918e-02 -1.033369358628988e-02 -5.773336626589298e-03	1.000000000000000e+00	55	0	316
317	 2.708732266854637e+02 -3.223409050301341e+02  1.079600938189910e+03	 1.967057244231303e-02 -1.121759290496508e-02 -8.452979537347954e-03	1.000000000000000e+00	55	0	317
318	3.607886273804730e+02 7.137463793236427e+01 1.406314365772186e+03	-1.339943264611065e-03  2.344844164326787e-03 -1.004900899715722e-03	1.000000000000000e+00	55	0	318
319	 1.301285130900332e+02 -6.748026321353474e+01  1.775829381208525e+03	-2.308591744319225e-03  2.677703965067243e-03 -3.691122207480173e-04	1.000000000000000e+00	55	0	319
320	 2.764976984827429e+02 -4.556373519138247e+01  3.737387186805150e+03	1.908334428056454e-03 1.872372008316840e-03 3.596241973961385e-05	1.000000000000000e+00	603	0	320
321	-3.126103122472074e+02  9.298484351587197e+02  2.172867005725097e+03	8.874056860804558e-03 6.778433918952942e-03 2.095622941851616e-03	1.000000000000000e+00	603	0	321
324	4.895467145428891e+02 7.493288798393680e+02 1.957704700504534e+03	3.227922211408440e-04 2.005481746891747e-05 3.027374036719266e-04	7.500000000000000e-01	603	0	324
326	 9.753505029874694e+02 -3.059712615396861e+02  6.052391276785529e+02	 1.336066404473968e-02 -3.433678648434579e-04 -1.370403190958314e-02	1.000000000000000e+00	487	0	326
327	 2.654694227379713e+02 -9.753075646472814e+02  6.457839048204556e+02	-6.636074200893441e-04 -7.543412987918903e-03 -6.879805567829560e-03	1.000000000000000e+00	487	0	327
329	-1.028902247358787e+01 -9.105348991723223e+02  3.667663929766362e+03	-5.958557982618610e-03 -2.214258381476005e-03  3.744299601142605e-03	1.000000000000000e+00	552	0	329
330	5.369140952163013e+02 7.809028015116346e+02 3.318929087485865e+03	-7.546209186936418e-03  3.827731202666958e-03 -3.718477984269460e-03	1.000000000000000e+00	571	0	330
331	 3.592366729103871e+02 -8.080937154046828e+02  1.552255148263634e+03	 5.803842019910614e-03 -1.695601580043634e-03  4.108240439866980e-03	1.000000000000000e+00	571	0	331
332	-8.333506533641641e+02 -3.883998085989579e+02  6.560650370138841e+02	-7.919105313097439e-04  5.472036990492295e-03 -4.680126459182550e-03	1.000000000000000e+00	453	0	332
333	 1.624549344440985e+02 -7.281403593933362e+02  0.000000000000000e+00	-7.796843070536853e-03  7.796843070536852e-03  8.334774134402608e-18	1.000000000000000e+00	453	1	333
335	5.861157254260504e+02 9.524253450105440e+02 2.725066249267621e+03	6.183472617218892e-03 4.699479478100936e-03 1.088295209531983e-02	1.000000000000000e+00	26	0	335
337	6.222755031980658e+02 2.998635090705061e+02 2.842856241304980e+02	7.985686068423092e-03 9.576472337357700e-03 1.590786268934608e-03	1.000000000000000e+00	600	0	337
338	7.664878608017294e+02 8.207459905324775e+02 2.193963249601241e+03	1.823049193869034e-03 9.899642396097382e-03 8.076593202228347e-03	1.000000000000000e+00	603	0	338
339	-7.503815328778826e+02  3.408971216607617e+02  3.230983774409137e+03	-2.121839982767900e-04 -2.195883115443090e-03 -1.983699117166301e-03	1.000000000000000e+00	603	0	339
340	-4.621974902114069e+02  2.591291480768553e+02  1.177962175978804e+03	 1.318663048247496e-03  2.623424128008386e-03 -1.304761079760889e-03	1.000000000000000e+00	55	0	340
341	 1.765204575439361e+02 -4.434750613584693e+02  2.519284333169472e+03	-1.344003072517808e-03 -1.408113721481641e-03  6.411064896383328e-05	7.500000000000000e-01	55	0	341
342	-8.727388325409788e+01 -6.754496074937943e+01  2.863852531174022e+03	-1.160982559667900e-03 -3.924538614228368e-04 -7.685286982450634e-04	1.000000000000000e+00	55	0	342
343	-8.985618894844064e+02  4.978817369950867e+02  1.487137827199248e+03	-5.745985622828205e-03 -2.047873490179578e-03 -3.698112132648627e-03	1.000000000000000e+00	55	0	343
344	-1.383780949190380e+02 -6.411023937765147e+00  1.767321743285794e+03	4.510112087397525e-03 3.663929897205283e-03 8.461821901922426e-04	1.000000000000000e+00	55	0	344
345	-7.185451554561513e+01 -1.212652344441007e+02  1.948699533165552e+03	3.736127381368230e-03 3.030644283474734e-03 7.054830978934964e-04	1.000000000000000e+00	55	0	345
346	-4.688348715447002e+02  1.346965232543065e+02  2.280050058879734e+03	-4.320059359694521e-03 -6.129490754877527e-03  1.809431395183007e-03	1.000000000000000e+00	55	0	346
347	-6.053672977973296e+02  1.825019877148880e+02  2.095712168166523e+03	-8.673218001301089e-03 -1.153975732934972e-02  2.866539328048627e-03	1.000000000000000e+00	55	0	347
348	-5.026792261208145e+02 -8.064999970611813e+02  2.053820628141224e+03	 9.190646621088187e-04 -5.965854118888577e-03 -5.046789456779758e-03	1.000000000000000e+00	603	0	348
350	1.000000000000000e+03 7.568905631173684e+02 2.671886737972761e+03	-9.035436792801444e-18  2.619833685457720e-04  2.619833685457693e-04	1.000000000000000e+00	603	1	350
351	2.276501294558336e+02 1.343609573847841e+02 1.277007261696010e+03	 3.074781959488367e-03 -2.609561672822262e-03  4.652202866661052e-04	1.000000000000000e+00	603	0	351
353	-2.218773208311264e+02 -2.105485197002603e+02  2.930574010791833e+03	-1.832227781414986e-02  1.600550487637520e-02 -2.316772937774658e-03	1.000000000000000e+00	603	0	353
354	8.345813320262786e+02 2.868809180786987e+02 2.036458424960370e+03	 2.514371834695339e-02 -4.123143479228020e-02 -1.608771644532681e-02	1.000000000000000e+00	603	0	354
355	6.853770472294328e+02 2.563401958280609e+02 1.856713417912886e+03	 1.438501492763559e-02 -2.205881088351210e-02 -7.673795955876510e-03	1.000000000000000e+00	603	0	355
356	-6.871522569493933e+02  2.330429418945397e+02  3.695486800013987e+03	-1.612644060514867e-03  2.426128135994077e-03 -8.134840754792095e-04	1.000000000000000e+00	603	0	356
357	 8.274495750954770e+02 -6.305585289533910e+02  3.044486438817048e+03	 1.397828552095840e-03 -1.520590759658565e-03  1.227622075627247e-04	1.000000000000000e+00	603	0	357
358	 6.248578930652146e+02 -7.324690876419448e+02  2.695622013719494e+03	 3.078483762995651e-03  6.178377273802956e-04 -3.696321490375946e-03	1.000000000000000e+00	603	0	358
359	-9.529742870102355e+02 -1.343502884254438e+02  3.675335394578444e+03	-1.173674128949645e-03 -7.717524921953801e-19  1.173674128949639e-03	1.000000000000000e+00	603	0	359
360	-3.316820348274778e+01 -1.282078390763997e+02  3.402753527518281e+03	 2.050500455273626e-04 -2.929307835681054e-04  8.788073804074277e-05	1.000000000000000e+00	603	0	360
361	 1.731682740669991e+02 -2.740987390397831e+02  3.342307949931917e+03	-2.869332868916293e-04 -1.931486408769463e-03  2.218419695661093e-03	1.000000000000000e+00	603	0	361
362	-6.425211567006970e+01 -6.464813096543897e+02  3.298744244467223e+03	-4.181283060461283e-03 -7.345864083617926e-03  1.152714714407921e-02	1.000000000000000e+00	603	0	362
363	-2.622902393024053e+02 -4.725106427288914e+02  3.322811701174060e+03	 7.713628724559385e-05  9.967549601697101e-06 -8.710383531251864e-05	4.218750000000000e-01	603	0	363
364	-2.651545022376799e+02 -7.263557130437332e+02  2.019643475126653e+03	-1.788293496550371e-04 -5.266584388058012e-04  7.054877884608383e-04	1.000000000000000e+00	55	0	364
365	 3.545931427108295e+02 -2.156590214267061e+00  6.756967073486777e+02	 5.104636307805777e-03 -2.742871874943376e-03 -2.361764432862401e-03	1.000000000000000e+00	55	0	365
366	5.657378850866256e+02 3.176115586039506e+02 9.551281873944471e+02	-2.323774368657420e-03  3.137424840436628e-03 -8.136504717792074e-04	1.000000000000000e+00	55	0	366
367	-8.809766175180400e+01 -3.226682043711592e+02  2.249243497207986e+03	-9.372768302758538e-05 -8.174787993387630e-04  9.112064823663483e-04	1.000000000000000e+00	55	0	367
368	 2.437688396711220e+02 -5.326504094358088e+02  1.317014829609927e+03	 1.756123841429750e-02 -1.123309771840771e-02 -6.328140695889791e-03	1.000000000000000e+00	55	0	368
369	 2.651916045065931e+02 -3.851155764205130e+02  1.148057231759160e+03	 1.948703266680241e-02 -1.117425877600908e-02 -8.312773890793324e-03	1.000000000000000e+00	55	0	369
370	2.925593242788854e+02 4.316167739994825e+01 1.502756629406190e+03	-1.316964034534370e-03  1.756018503025795e-03 -4.390544684914252e-04	1.000000000000000e+00	55	0	370
371	 1.833835916985719e+02 -3.084751295117933e+01  1.685941552337631e+03	-1.727570575894788e-03  1.943435956491157e-03 -2.158653805963695e-04	1.000000000000000e+00	55	0	371
372	-4.402063352832980e+01  1.929423008932247e+02  3.178362818709470e+03	-3.174443962052464e-03 -1.526437117718160e-03 -1.648006844334304e-03	1.000000000000000e+00	603	0	372
373	-1.476770237566313e+02  5.855829799370196e+02  2.682065749437373e+03	3.329796018078923e-03 2.512403763830662e-03 8.173922542482616e-04	1.000000000000000e+00	603	0	373
374	-3.390919613326429e+02 -1.924364214330576e+02  3.003366935893237e+03	6.272656920676431e-03 8.840530101830760e-03 2.567873181154331e-03	1.000000000000000e+00	603	0	374
376	2.590429101820307e+02 2.310746593300750e+02 2.245455116652968e+03	-2.566085463816611e-03 -2.270434730841467e-04 -2.339041990732464e-03	1.000000000000000e+00	603	0	376
378	 7.406064682924844e+02 -5.475028265307313e+02  5.984515973824929e+02	 7.387177397807439e-03 -8.698264447351297e-03 -1.608544184515874e-02	1.000000000000000e+00	487	0	378
379	 5.160030650849841e+02 -7.562629083628899e+02  6.142949187578346e+02	 6.457354252537091e-03 -8.372662433733543e-03 -1.483001668627063e-02	1.000000000000000e+00	487	0	379
380	 7.807609096028227e+01 -4.898337155048137e+02  4.000000000000000e+03	-6.615847349166868e-03 -6.615847349166872e-03 -6.581799096737756e-18	1.000000000000000e+00	552	1	380
381	 1.383440175266451e+01 -7.169965293754764e+02  3.837078875336955e+03	-1.003790476048986e-02 -3.976929777612289e-03  6.060974982877572e-03	1.000000000000000e+00	552	0	381
382	4.522801257349241e+02 2.672639901452068e+02 2.720656306638060e+03	-6.196691654622555e-03  4.554884042590857e-03 -1.641807612031698e-03	1.000000000000000e+00	571	0	382
383	 2.545505380896305e+02 -1.933817863505520e+02  2.062280942497008e+03	-5.926998409753044e-03  2.665630696962277e-03 -3.261367712790768e-03	1.000000000000000e+00	571	0	383
384	-5.007605968365331e+02 -5.126140141703994e+02  4.476891860576945e+02	-1.613325594613949e-03  8.557142767434319e-03 -6.943817172820369e-03	1.000000000000000e+00	453	0	384
385	-1.774940874164715e+02 -6.082424870178464e+02  2.200511494850799e+02	-3.479904495179653e-03  1.217582356184721e-02 -8.695919066667557e-03	1.000000000000000e+00	453	0	385
386	8.655447184110832e+02 5.917255595562782e+02 2.643795456798388e+03	4.875219427049160e-03 1.771858427673578e-03 6.647077854722738e-03	1.000000000000000e+00	26	0	386
387	7.361535531646299e+02 7.656895034668172e+02 2.688368235462473e+03	8.404799814646443e-03 3.706068576623996e-03 1.211086839127044e-02	1.000000000000000e+00	26	0	387
388	4.502731117083452e+01 7.500006465182723e+02 1.311670953605495e+03	1.363657043354275e-02 1.384187768174646e-02 2.053072482037044e-04	1.000000000000000e+00	600	0	388
389	3.386974360096745e+02 5.114855062595352e+02 7.794856885079183e+02	 1.025697241372351e-02  1.014358339064832e-02 -1.133890230751909e-04	1.000000000000000e+00	600	0	389
390	2.619849875839961e+02 6.547041725140396e+02 2.532424304800536e+03	3.878638187112908e-04 1.814493201284980e-03 1.426629382573689e-03	1.000000000000000e+00	603	0	390
391	-2.383394946959872e+02  5.108030697064551e+02  2.888847684272935e+03	3.119606214265028e-04 1.066818823649858e-03 7.548582022233555e-04	1.000000000000000e+00	603	0	391
392	-3.291638071879473e+02  2.045965347137085e+02  1.365528472365411e+03	 4.130175298390289e-03  5.098349453570942e-03 -9.681741551806529e-04	1.000000000000000e+00	55	0	392
393	-2.123150523056923e+02  1.186953359159002e+02  1.568278426045474e+03	4.926904022189167e-03 4.716989201066705e-03 2.099148211224626e-04	1.000000000000000e+00	55	0	393
394	 6.621853251653900e+01 -3.598347986482500e+02  2.325342145431855e+03	-1.134360076321173e-03 -1.207569514008355e-03  7.320943768718281e-05	7.500000000000000e-01	55	0	394
396	-1.861981298940084e+02  5.412174993364336e+01  2.643261573851089e+03	 2.530098892748356e-03  3.070979379117489e-03 -5.408804863691330e-04	1.000000000000000e+00	55	0	396
397	-3.282270848636341e+02  9.435286670886170e+01  2.461001502106245e+03	-1.019226830294429e-04 -1.480492804830646e-04  4.612659745362179e-05	4.218750000000000e-01	55	0	397
398	-8.484158004148463e+02  3.307530269382107e+02  1.704412626325684e+03	-1.544556681377192e-02 -1.427484295951823e-02 -1.170723854253690e-03	1.000000000000000e+00	55	0	398
399	-7.344914911205790e+02  2.436328015040895e+02  1.905457161054072e+03	-1.261059117193023e-02 -1.503310337041815e-02  2.422512198487918e-03	1.000000000000000e+00	55	0	399
400	-2.531442276647839e+02 -8.402180404342566e+02  2.269637583224179e+03	 1.153488011467323e-18 -1.035280665382743e-02 -1.035280665382743e-02	1.000000000000000e+00	603	0	400
402	-4.958730861116923e+01 -3.345885915388399e+01  3.279953683558166e+03	-1.012233563233167e-02  8.193896966986358e-03 -1.928438665345311e-03	1.000000000000000e+00	603	0	402
403	-1.210701024293678e+02 -1.645571416884031e+02  3.077372607205449e+03	-1.049425557721406e-02  9.800611878745258e-03 -6.936436984688044e-04	1.000000000000000e+00	603	0	403
405	1.000000000000000e+03 3.116065786123694e+02 2.226602753467762e+03	-1.741931315448388e-18 -1.650154730305076e-02 -1.650154730305076e-02	1.000000000000000e+00	603	1	405
406	3.651160267581618e+02 1.945809642084525e+02 1.474693165822007e+03	 3.275970074658593e-03 -5.423669160033266e-03 -2.147699085374673e-03	1.000000000000000e+00	603	0	406
407	5.252230995516329e+02 2.220152449079286e+02 1.662234519314954e+03	 6.512478770067294e-03 -1.026632838572065e-02 -3.753849615653356e-03	1.000000000000000e+00	603	0	407
408	-4.604881735815244e+02  1.634764986952035e+02  3.538389159845455e+03	-3.605133776242536e-04  5.642943452888479e-03 -5.282430075264226e-03	1.000000000000000e+00	603	0	408
409	-2.397182045401020e+02  3.812441224714986e+01  3.442971277252085e+03	 8.034141889462868e-04  3.295941899220149e-03 -4.099356088166435e-03	1.000000000000000e+00	603	0	409
410	 5.915805013144625e+02 -5.301245587529241e+02  3.179921542397596e+03	-2.213262196164579e-04 -2.566954135545529e-03  2.788280355161987e-03	1.000000000000000e+00	603	0	410
411	 3.803218470649488e+02 -3.971238082821196e+02  3.258179446176304e+03	-5.625449120998384e-04 -3.044221783056855e-03  3.606766695156693e-03	1.000000000000000e+00	603	0	411
412	 4.443508317872706e+02 -5.404918988302060e+02  2.684151886185699e+03	 5.895814392715693e-03  5.696969572454691e-03 -1.159278396517038e-02	1.000000000000000e+00	603	0	412
413	 1.852619766708760e+02 -8.511829057795766e+02  3.253931748251465e+03	-5.973103264530110e-19 -1.614581048488617e-02  1.614581048488617e-02	1.000000000000000e+00	603	0	413
414	-5.128927329705225e+02 -1.343502884254439e+02  3.235253840538731e+03	 1.005836256081239e-02  1.341942874130681e-18 -1.005836256081238e-02	1.000000000000000e+00	603	0	414
415	-4.208779719300015e+02 -2.824721856953126e+02  3.291360976768078e+03	 7.459379344557722e-03  2.081041534741720e-03 -9.540420879299441e-03	1.000000000000000e+00	603	0	415
416	-1.402562907423452e+01 -8.246419075880839e+02  1.866800796507558e+03	 3.411309172709783e-03 -1.122459225977460e-02  7.813283087064823e-03	1.000000000000000e+00	55	0	416
417	 2.069524832419190e+02 -7.134980607310648e+02  1.534678837334386e+03	 1.600134745240211e-02 -1.064636558294296e-02 -5.354981869459152e-03	1.000000000000000e+00	55	0	417
418	 3.045606344772883e+02 -1.378449278234881e+02  8.614175531914400e+02	 1.411443126077453e-02 -9.945891642322143e-03 -4.168539618452391e-03	1.000000000000000e+00	55	0	418
419	 2.773303649940945e+02 -2.619727273807230e+02  1.012775622231869e+03	 1.911754502604405e-02 -1.138477430989345e-02 -7.732770716150602e-03	1.000000000000000e+00	55	0	419
420	4.724003692236905e+02 2.245848628093248e+02 1.141492399052008e+03	-3.608433044670770e-03  3.272600724206617e-03  3.358323204641541e-04	1.000000000000000e+00	55	0	420
421	4.048018023288408e+02 1.054104434447675e+02 1.328265385311415e+03	-2.588615306497862e-03  1.736672692156086e-03  8.519426143417756e-04	1.000000000000000e+00	55	0	421
422	-2.406913503402393e+01 -1.856121694649113e+02  2.048158935583958e+03	 7.108013751349062e-04  3.733372359420173e-04 -1.084138611076924e-03	4.218750000000000e-01	55	0	422
423	 7.490311641428825e+01 -9.953872093004108e+01  1.863113235600776e+03	-2.715072128921747e-03  3.280543023720384e-03 -5.654708947986364e-04	1.000000000000000e+00	55	0	423
424	 3.321223827729647e+02 -1.260118781134595e+02  3.873460014017448e+03	-1.275127996147300e-03 -9.712774675184240e-04 -3.038505286288758e-04	1.000000000000000e+00	603	0	424
425	-3.671582980359411e+02  1.000000000000000e+03  2.048167455095083e+03	 5.442983936518431e-03 -2.078091151568803e-18  5.442983936518431e-03	1.000000000000000e+00	603	1	425
428	5.481680296073282e+02 8.788623913896710e+02 1.886792504018670e+03	1.508129451394779e-03 8.883189730113378e-05 1.419297554093646e-03	7.500000000000000e-01	603	0	428
429	 1.149933446303027e+02 -9.192803813231150e+02  3.251760591754430e+03	 6.432952980200450e-03 -9.996081857631605e-03  1.642903483783205e-02	1.000000000000000e+00	603	0	429
430	5.395690192548570e+02 9.267362708035748e+02 3.467417480816361e+03	-8.692203943307200e-03  5.430631882821520e-03 -3.261572060485681e-03	1.000000000000000e+00	571	0	430
431	 3.757712431904654e+02 -1.000000000000000e+03  1.376883433948395e+03	7.802878739312290e-03 9.564113110654466e-19 7.802878739312292e-03	1.000000000000000e+00	571	1	431
432	-9.216933159781731e+02 -3.548153996141730e+02  7.108232906431082e+02	-8.202440803870559e-04  4.401387122925371e-03 -3.581143042538315e-03	1.000000000000000e+00	453	0	432
435	7.078264376345383e+02 2.452056523320301e+02 1.440768329555494e+02	5.966430156452891e-03 6.168127899096969e-03 2.016977426440767e-04	1.000000000000000e+00	600	0	435
436	8.983254944528496e+02 8.652779918669013e+02 2.106657617284544e+03	2.569311453650395e-03 1.155535605115195e-02 8.986044597501556e-03	1.000000000000000e+00	603	0	436
437	-8.794127603107961e+02  2.846769275122811e+02  3.303794807693570e+03	-1.613989103740702e-04 -2.545799599223149e-03 -2.384400688849079e-03	1.000000000000000e+00	603	0	437
438	-4.339463339817799e+01  3.067888661712767e+02  3.065142253561569e+03	-1.821252051740885e-03 -9.415830718353392e-04 -8.796689799055458e-04	1.000000000000000e+00	603	0	438
439	-1.012579261044297e+02  5.365523905258362e+02  2.777515436500758e+03	 2.205290831625460e-03  2.205290831625462e-03 -1.170325839208284e-18	1.000000000000000e+00	603	0	439
442	1.973349604710334e+02 8.773729598477901e+01 2.327084530287267e+03	-3.328650297286610e-03 -1.557892498870691e-03 -1.770757798415919e-03	1.000000000000000e+00	603	0	442
444	4.064531194493616e+02 1.558575818923559e+02 2.563422892099647e+03	-6.663365794035296e-03  5.243338605699440e-03 -1.420027188335856e-03	1.000000000000000e+00	571	0	444
445	 2.651129408656509e+02 -3.863965952072657e+01  2.227585472102854e+03	-7.399944549736877e-03  5.635413380029301e-03 -1.764531169707577e-03	1.000000000000000e+00	571	0	445
446	-4.188586249199804e+02 -5.399352139134471e+02  3.931084138841896e+02	-2.028897715111574e-03  9.504732598240176e-03 -7.475834883128603e-03	1.000000000000000e+00	453	0	446
447	-2.573314375298864e+02 -5.876241590538632e+02  2.792701716345118e+02	-3.060894086956978e-03  1.148814614862204e-02 -8.427252061665058e-03	1.000000000000000e+00	453	0	447
448	1.127282851829626e+02 6.913860130445925e+02 1.185355346119688e+03	1.172372215660289e-02 1.266284956363961e-02 9.391274070367220e-04	1.000000000000000e+00	600	0	448
449	2.652059245596038e+02 5.788020302785155e+02 9.202937239769693e+02	9.955397729451457e-03 1.070131834906836e-02 7.459206196169058e-04	1.000000000000000e+00	600	0	449
450	1.336992258354437e+02 6.116200706561873e+02 2.617625964691236e+03	3.898675980356833e-04 2.128090719149137e-03 1.738223121113454e-03	1.000000000000000e+00	603	0	450
452	1.904270147399453e+02 2.616295090390254e+01 3.579589816967067e+03	-4.894472658634411e-05 -3.290649976526666e-18 -4.894472658633960e-05	7.500000000000000e-01	603	0	452
454	-2.772017432071732e+02  8.401632621250294e+02  2.297960747798822e+03	7.200926930333178e-03 5.432775321726997e-03 1.768151608606179e-03	1.000000000000000e+00	603	0	454
455	-1.968731164299134e+02  6.687330497887029e+02  2.549719586912408e+03	4.366179947586109e-03 3.588352798639486e-03 7.778271489466231e-04	1.000000000000000e+00	603	0	455
457	-4.389970765559594e+02 -1.633924520895140e+02  3.132316020460097e+03	6.558920198585838e-03 9.169103635940701e-03 2.610183437354863e-03	7.500000000000000e-01	603	0	457
458	-1.105580133929919e+02 -9.925916995497719e+02  1.974677709836871e+03	-9.363606572151184e-03 -1.776964217424393e-02 -8.406035602092743e-03	1.000000000000000e+00	603	0	458
460	4.307906396260988e+02 6.197666002769321e+02 2.028510905150179e+03	-1.469917476545864e-03 -8.956586922674127e-05 -1.380351607319123e-03	1.000000000000000e+00	603	0	460
461	3.145620135435270e+02 3.607192117606116e+02 2.171329667583928e+03	-2.625381753508312e-03 -2.266002217462907e-04 -2.398781531762021e-03	1.000000000000000e+00	603	0	461
464	5.332686363743604e+02 6.421747140239486e+02 3.176555541156238e+03	-6.570639088749886e-03  3.551449161022902e-03 -3.019189927726984e-03	1.000000000000000e+00	571	0	464
465	4.915180913556674e+02 3.845846144683555e+02 2.877214896581952e+03	-5.942942497010033e-03  4.101910705988606e-03 -1.841031791021426e-03	1.000000000000000e+00	571	0	465
466	 3.205033704437316e+02 -6.490751299098476e+02  1.672540431291813e+03	 3.252992464695126e-03 -1.171263109426945e-03  2.081729355268180e-03	7.500000000000000e-01	571	0	466
467	 2.741610888118856e+02 -3.455698222752586e+02  1.929703457294556e+03	-3.041095992860695e-03  1.166600074308614e-03 -1.874495918552081e-03	1.000000000000000e+00	571	0	467
468	-7.495271406904325e+02 -4.207844274447804e+02  6.046261431859749e+02	-8.959646802395583e-04  6.264939554966986e-03 -5.368974874727428e-03	1.000000000000000e+00	453	0	468
469	-5.832933295039117e+02 -4.833646261936971e+02  5.009725307483708e+02	-1.296978521471222e-03  7.714471352907519e-03 -6.417492831436296e-03	1.000000000000000e+00	453	0	469
470	 8.581656876757968e+01 -6.740469846055196e+02  2.254499088870192e+01	 6.178074205915133e-03  6.023099801192681e-03 -1.220117400710781e-02	1.000000000000000e+00	453	0	470
471	-9.752658008968308e+01 -6.275774189587124e+02  1.594185740991575e+02	-3.526246951272090e-03  1.200989532905320e-02 -8.483648377781114e-03	1.000000000000000e+00	453	0	471
472	-1.234550923051689e+02  9.634224228976241e+02  1.693575133460851e+03	2.626231499016285e-02 2.765243873000145e-02 1.390123739838601e-03	1.000000000000000e+00	600	0	472
473	-1.616522172736652e+01  8.141091785179781e+02  1.436972018503402e+03	 1.617968631520246e-02  1.542454036340738e-02 -7.551459517950809e-04	1.000000000000000e+00	600	0	473
474	5.398185093411241e+02 3.460709536092133e+02 4.129500625261468e+02	8.806167985312641e-03 1.059921563137323e-02 1.793047646060586e-03	1.000000000000000e+00	600	0	474
475	4.016706138426090e+02 4.432316554169611e+02 6.482586598324096e+02	1.044802662242243e-02 1.045718960206917e-02 9.162979646740991e-06	1.000000000000000e+00	600	0	475
476	6.456063601062341e+02 7.784060791641099e+02 2.272504838928368e+03	1.353042200207710e-03 7.282346952706575e-03 5.929304752498865e-03	1.000000000000000e+00	603	0	476
477	3.897735079052366e+02 6.942497362873507e+02 2.444181348252607e+03	6.192543078213930e-04 2.750396262854338e-03 2.131141955032945e-03	1.000000000000000e+00	603	0	477
478	-6.219831620495036e+02  3.920457491764653e+02  3.153734031096461e+03	-2.124776656273752e-04 -1.434910009265877e-03 -1.222432343638502e-03	1.000000000000000e+00	603	0	478
479	-3.665267605668917e+02  4.767098633401453e+02  2.982941743777530e+03	-1.688760585238924e-05 -3.000355377480446e-06  1.388725013384828e-05	7.500000000000000e-01	603	0	479
484	5.584147213454062e+02 1.000000000000000e+03 3.559526912103335e+03	-6.396266282536089e-03 -5.845086161853051e-19 -6.396266282536089e-03	1.000000000000000e+00	571	1	484
487	7.575316989297285e+02 1.980917868297586e+02 4.725770615808772e+01	 2.921622610529084e-03  2.830204429983496e-03 -9.141818054558831e-05	4.218750000000000e-01	600	0	487
488	-4.652476377628260e+01  3.623587483569517e+02  3.006442240997790e+03	-1.092136139050126e-03 -6.030818913131952e-04 -4.890542477369308e-04	1.000000000000000e+00	603	0	488
489	-6.692886224124923e+01  4.778282137146153e+02  2.870568677175160e+03	 8.409071403245131e-04  1.739040502191832e-03 -8.981333618673185e-04	1.000000000000000e+00	603	0	489
492	3.801384081571549e+02 1.050059891040029e+02 2.486256588019087e+03	-6.565417201879124e-03  5.521570293543239e-03 -1.043846908335884e-03	1.000000000000000e+00	571	0	492
493	3.050706375485611e+02 1.522975039656672e+01 2.321412578703057e+03	-6.301448137188951e-03  5.756596180920799e-03 -5.448519562681514e-04	1.000000000000000e+00	571	0	493
494	1.490052923481427e+02 6.637344696319257e+02 1.121426795541840e+03	1.096388041817894e-02 1.210557207620392e-02 1.141691658024987e-03	1.000000000000000e+00	600	0	494
496	-2.588322763231038e+02  7.962755756279468e+02  2.360217901179974e+03	6.436862439538042e-03 4.937494716917475e-03 1.499367722620567e-03	1.000000000000000e+00	603	0	496
497	-2.187842625746854e+02  7.104833844668190e+02  2.486058106089520e+03	5.038965493440628e-03 4.039380699396133e-03 9.995847940444946e-04	1.000000000000000e+00	603	0	497
500	-1.532366947846279e+02 -9.483268078223489e+02  2.061621282955930e+03	-2.310106348401557e-02 -2.242023307674875e-02  6.808304072668156e-04	1.000000000000000e+00	603	0	500
501	-2.143688443649835e+02 -8.783475688839667e+02  2.192732671474668e+03	-1.721391659763564e-02 -1.713019590291272e-02  8.372069472291768e-05	1.000000000000000e+00	603	0	501
502	5.281593539730868e+02 5.745632446477043e+02 3.103834789378720e+03	-6.282107516502340e-03  3.588302216182152e-03 -2.693805300320188e-03	1.000000000000000e+00	571	0	502
503	5.075909958181267e+02 4.455237583693984e+02 2.954226944945454e+03	-5.982912999267380e-03  3.913666664933165e-03 -2.069246334334214e-03	1.000000000000000e+00	571	0	503
504	 3.086337100856657e+02 -5.734355512504204e+02  1.736310349593175e+03	 1.712354729534127e-03 -6.403093284461647e-04  1.072045401087962e-03	7.500000000000000e-01	571	0	504
505	 2.854921546433051e+02 -4.215177291203687e+02  1.865086616280866e+03	-1.446748870269706e-03  5.471917490164439e-04 -8.995571212532619e-04	1.000000000000000e+00	571	0	505
506	-9.864243040747159e+01  9.214330334119448e+02  1.626773082077474e+03	 2.960370853543282e-02  2.566717378795147e-02 -3.936534747481345e-03	1.000000000000000e+00	600	0	506
507	-4.437229478010690e+01  8.482494870585826e+02  1.499319400096747e+03	 1.843982737045735e-02  1.710172381717712e-02 -1.338103553280234e-03	1.000000000000000e+00	600	0	507
508	 3.065887281840278e+02 -8.352366482120641e+01  3.805438146136258e+03	2.527215401642025e-04 2.104864543071017e-04 4.223507494316436e-05	1.000000000000000e+00	603	0	508
509	 2.331936404045797e+02 -1.736647735454471e+00  3.650256041271059e+03	 1.623305162259688e-03  2.029687146811435e-03 -4.063819845517477e-04	1.000000000000000e+00	603	0	509
510	-3.384725768491917e+02  9.874045549440049e+02  2.089448621337828e+03	 3.141447280844053e-03  7.847248731801907e-03 -4.705801450957854e-03	1.000000000000000e+00	603	0	510
511	-2.950238710692232e+02  8.847029525701930e+02  2.235598929491608e+03	8.301252499222755e-03 6.199619732797146e-03 2.101632766425610e-03	1.000000000000000e+00	603	0	511
515	-5.104118324558182e+01 -1.000000000000000e+03  1.907752579239233e+03	-3.252301365137098e-03  1.034851108729958e-17  3.252301365137103e-03	1.000000000000000e+00	603	1	515
516	5.372787928035567e+02 8.508006221926229e+02 3.389191605754109e+03	-8.650588958213726e-03  4.461530440797408e-03 -4.189058517416318e-03	1.000000000000000e+00	571	0	516
517	5.358693933772249e+02 7.112147247342151e+02 3.248196308869369e+03	-6.926453594739239e-03  3.596762272839745e-03 -3.329691321899494e-03	1.000000000000000e+00	571	0	517
518	 3.794798975484122e+02 -8.926203328064299e+02  1.487971755499912e+03	 9.068537425870696e-03 -3.080308747788270e-03  5.988228678082426e-03	1.000000000000000e+00	571	0	518
519	 3.361192588374376e+02 -7.259126310113857e+02  1.611318818583981e+03	 3.884925739839673e-03 -1.096328720450401e-03  2.788597019389272e-03	1.000000000000000e+00	571	0	519
521	-1.690187560502965e+02  1.000000000000000e+03  1.775716374308355e+03	 1.212861365638673e-02 -9.052314675535648e-18 -1.212861365638674e-02	1.000000000000000e+00	600	1	521
522	6.638978774260735e+02 2.749672083561257e+02 2.177669491881098e+02	7.193573634140194e-03 8.329125237651169e-03 1.135551603510976e-03	1.000000000000000e+00	600	0	522
523	-4.304050380967185e+01  2.501804988828504e+02  3.122104750438502e+03	-2.230708215696116e-03 -1.100899923282365e-03 -1.129808292413751e-03	1.000000000000000e+00	603	0	523
524	-4.590907076645361e+01  1.347041299292678e+02  3.234712552435303e+03	-8.353328332304955e-03 -4.425061866641045e-03 -3.928266465663910e-03	1.000000000000000e+00	603	0	524
526	-1.735369604409128e+02  6.279433114218756e+02  2.613845481268236e+03	3.743437080023189e-03 3.157911628174285e-03 5.855254518489044e-04	1.000000000000000e+00	603	0	526
527	-2.784130059860335e+02 -2.130179944566372e+02  2.922106407523048e+03	 1.614444516599178e-02  1.042333897203207e-02 -5.721106193959712e-03	1.000000000000000e+00	603	0	527
528	-3.892170500391015e+02 -1.776756157570340e+02  3.068252830275719e+03	5.322744138538837e-03 7.710922975093126e-03 2.388178836554289e-03	1.000000000000000e+00	603	0	528
531	4.302200896224589e+02 2.105490509412537e+02 2.641881331321642e+03	-6.449616941002508e-03  4.874700253518919e-03 -1.574916687483589e-03	1.000000000000000e+00	571	0	531
532	4.728300162929555e+02 3.252674945830759e+02 2.799209701633961e+03	-6.039162632077932e-03  4.318157676607370e-03 -1.721004955470562e-03	1.000000000000000e+00	571	0	532
533	 2.512191114847566e+02 -1.140120957529155e+02  2.138319206489770e+03	-7.097155166169007e-03  4.112745790431897e-03 -2.984409375737111e-03	1.000000000000000e+00	571	0	533
534	 2.635067834539854e+02 -2.698528735321553e+02  1.994766100679759e+03	-4.544509497160713e-03  1.812937281404932e-03 -2.731572215755781e-03	1.000000000000000e+00	571	0	534
535	7.800962886433129e+01 7.200138931659237e+02 1.248701882559650e+03	1.262354681966826e-02 1.324228645535186e-02 6.187396356835960e-04	1.000000000000000e+00	600	0	535
536	1.367242878434942e+01 7.813977127640678e+02 1.374422902237776e+03	 1.476213889933812e-02  1.453015306227220e-02 -2.319858370659251e-04	1.000000000000000e+00	600	0	536
539	 1.000000000000000e+03 -2.516596415357080e+02  6.349012506700005e+02	-3.062789985109421e-18 -5.780645267805085e-03 -5.780645267805084e-03	1.000000000000000e+00	487	1	539
540	4.999194477959720e+02 3.691153237083016e+02 4.758934941703874e+02	9.258010696309308e-03 1.092897514657428e-02 1.670964450264971e-03	1.000000000000000e+00	600	0	540
541	3.711215683945312e+02 4.759482363516285e+02 7.115242862151549e+02	 1.042479557994132e-02  1.014368979182715e-02 -2.811057881141706e-04	1.000000000000000e+00	600	0	541
542	2.258389278007394e+02 6.085719008999054e+02 9.894305913572234e+02	1.004153020524730e-02 1.111213773644219e-02 1.070607531194885e-03	1.000000000000000e+00	600	0	542
543	4.318889828704768e+02 4.156616502805661e+02 5.904702856681469e+02	1.019455502197767e-02 1.087405522897219e-02 6.795002069945136e-04	1.000000000000000e+00	600	0	543
544	2.306699424250849e+02 1.669126375251190e+02 2.281244170700978e+03	-2.671172386423374e-03 -2.980127659005423e-04 -2.373159620522832e-03	1.000000000000000e+00	603	0	544
545	1.844707998943267e+02 2.367866338722824e+01 2.378279002308111e+03	-2.318265353096649e-03 -1.648179604671896e-04 -2.153447392629460e-03	1.000000000000000e+00	603	0	545
546	3.031635839371569e+02 5.464486768178177e+02 8.499827111387184e+02	1.006983422363798e-02 1.036737284933527e-02 2.975386256972947e-04	1.000000000000000e+00	600	0	546
547	4.539697684224306e+02 7.143085082901895e+02 2.400043859738251e+03	7.984336698427797e-04 3.690307668875903e-03 2.891873999033123e-03	1.000000000000000e+00	603	0	547
548	8.304784332845769e+02 8.427583975279761e+02 2.151985084113892e+03	2.181509509682655e-03 1.113844010978937e-02 8.956930600106716e-03	1.000000000000000e+00	603	0	548
549	 1.837394619165228e+02 -1.058284077519380e+02  2.507054735469474e+03	-2.168374907341786e-03 -1.105710936826654e-03 -1.062663970515132e-03	5.625000000000000e-01	603	0	549
551	-9.817055087734337e+02 -5.272569308054605e+01  3.622442020996744e+03	-1.969748409464955e-04  6.215877219801769e-04 -4.246128810336813e-04	1.000000000000000e+00	603	0	551
552	-3.026788781589074e+02  4.943472700565563e+02  2.936731268085956e+03	1.179019782284740e-04 4.247476390446536e-04 3.068456608161796e-04	5.625000000000000e-01	603	0	552
553	-8.506292535264710e+02 -1.260927556192524e+02  3.564732828288487e+03	-1.326070652188112e-03  5.394004207725326e-04  7.866702314155797e-04	1.000000000000000e+00	603	0	553
554	1.506727410570995e+02 1.597848337436813e+01 3.529651075754688e+03	3.590681590139866e-04 9.901691228151321e-04 1.349237281829119e-03	1.000000000000000e+00	603	0	554
558	 3.883579210366274e+02 -4.842456585344758e+02  2.683898556640612e+03	 8.362425180772941e-03  7.469691957036654e-03 -1.583211713780959e-02	1.000000000000000e+00	603	0	558
562	3.439910933362324e+02 4.275287846247345e+02 2.133949174512511e+03	-2.669696885277517e-03 -1.899440831039100e-04 -2.479752802173607e-03	1.000000000000000e+00	603	0	562
563	-7.224289305701529e+02 -1.380829200299183e+02  3.448522669742835e+03	-1.542333848192357e-05  3.092322731390595e-05 -1.549988883198239e-05	1.000000000000000e+00	603	0	563
564	1.500000000000000e+03 7.568905631173684e+02 2.671886737972761e+03	0.000000000000000e+00 0.000000000000000e+00 0.000000000000000e+00	1.000000000000000e+00	603	-1	350
573	-1.739011555281185e+02  5.256328419057697e+02  2.839239117304381e+03	6.767875359704096e-04 1.332593014619003e-03 6.558054786485930e-04	1.000000000000000e+00	603	0	573
574	 3.334933506606766e+02 -4.252742603573676e+02  2.679791728839455e+03	 1.428127661347389e-02  8.431358262896538e-03 -2.271263487637043e-02	1.000000000000000e+00	603	0	574
575	-8.262265776805979e+00 -6.926436771635452e+02  3.288916762083114e+03	-4.871415905654430e-03 -9.049088694155216e-03  1.392050459980965e-02	1.000000000000000e+00	603	0	575
581	 1.500000000000000e+03 -2.516596415357080e+02  6.349012506700005e+02	0.000000000000000e+00 0.000000000000000e+00 0.000000000000000e+00	1.000000000000000e+00	487	-1	539
584	 6.512383575668291e+01 -8.299992770239717e+02  1.793008701112529e+03	 8.092601938794056e-03 -1.481023508434494e-02  6.717633145550886e-03	1.000000000000000e+00	55	0	584
585	8.821992905507128e+01 1.823705991706227e+01 3.469456840295353e+03	-1.050484871181349e-03  2.377008049127956e-03  1.326523177946607e-03	1.000000000000000e+00	603	0	585
589	-6.625912774498092e+02 -1.407921927833046e+02  3.391394289375878e+03	-1.057265762938187e-05  1.260829503735295e-05 -2.035637407971080e-06	1.000000000000000e+00	603	0	589
591	 1.877876405584997e+02 -7.784207002630110e+02  1.618766319549751e+03	 1.698733656667173e-02 -1.506189187057316e-02 -1.925444696098567e-03	1.000000000000000e+00	55	0	591
593	 3.401129923021224e+02 -9.145478952730178e+02  6.319000046305682e+02	 4.876722581684589e-03 -8.170004934072495e-03 -1.304672751575708e-02	1.000000000000000e+00	487	0	593
594	 2.971381908015941e+02 -3.765788147709962e+02  2.667451443112166e+03	 2.195908517266313e-02  4.375142666200796e-03 -2.633422783886393e-02	1.000000000000000e+00	603	0	594
595	 9.105986598109777e+02 -3.802751788109263e+02  5.956870535838046e+02	 9.692479080210129e-03 -7.294861289362113e-03 -1.698734036957224e-02	1.000000000000000e+00	487	0	595
596	-3.671582980359411e+02  1.500000000000000e+03  2.048167455095083e+03	0.000000000000000e+00 0.000000000000000e+00 0.000000000000000e+00	1.000000000000000e+00	603	-1	425
603	3.258949057718381e+02 6.746399891349269e+02 2.488450203233581e+03	4.734195536002517e-04 2.104236744344234e-03 1.630817190743983e-03	1.000000000000000e+00	603	0	603
604	 4.530708020110595e+01 -5.372786893586546e+02  3.985324036905336e+03	-5.747520830482244e-03  5.844355095177889e-03  1.159187592566013e-02	1.000000000000000e+00	552	0	604
608	-6.039983506032218e+02 -1.426206288222464e+02  3.334629798568232e+03	 3.660059907512429e-04 -2.451848389076379e-04 -1.208211518436049e-04	1.000000000000000e+00	603	0	608
609	 7.807609096028227e+01 -4.898337155048137e+02  4.500000000000000e+03	0.000000000000000e+00 0.000000000000000e+00 0.000000000000000e+00	1.000000000000000e+00	552	-1	380
611	 1.624549344440985e+02 -7.281403593933362e+02 -5.000000000000000e+02	0.000000000000000e+00 0.000000000000000e+00 0.000000000000000e+00	1.000000000000000e+00	453	-1	333
615	5.584147213454062e+02 1.500000000000000e+03 3.559526912103335e+03	0.000000000000000e+00 0.000000000000000e+00 0.000000000000000e+00	1.000000000000000e+00	571	-1	484
617	 1.125654656097681e+02 -7.902052353418927e+02  3.265650588874888e+03	-6.136787744859855e-03 -1.128621647755305e-02  1.742300422241290e-02	1.000000000000000e+00	603	0	617
618	 3.893012394624422e+02 -9.622411797620449e+02  1.428172250458327e+03	 9.451995564935109e-03 -8.225277105035881e-03  1.226718459899227e-03	1.000000000000000e+00	571	0	618
619	 3.757712431904654e+02 -1.500000000000000e+03  1.376883433948395e+03	0.000000000000000e+00 0.000000000000000e+00 0.000000000000000e+00	1.000000000000000e+00	571	-1	431
620	-5.104118324558182e+01 -1.500000000000000e+03  1.907752579239233e+03	0.000000000000000e+00 0.000000000000000e+00 0.000000000000000e+00	1.000000000000000e+00	603	-1	515
623	 2.617674451395733e+02 -3.119743614572905e+02  2.638217735460481e+03	 2.371224916229646e-02  4.346982265512148e-03 -2.805923142780860e-02	1.000000000000000e+00	603	0	623
624	6.906592201680051e+01 5.886725691224722e+02 2.659311766976164e+03	4.017253716786702e-04 2.304630101813624e-03 1.902904730134954e-03	1.000000000000000e+00	603	0	624
625	2.606031639553510e+01 2.784265363522350e+01 3.416902821353978e+03	-3.291360568255186e-03  4.938836209475994e-03  1.647475641220808e-03	1.000000000000000e+00	603	0	625
626	1.977359736562519e+02 6.336969927774019e+02 2.575666138991643e+03	3.719988550680379e-04 1.888141608408963e-03 1.516142753340925e-03	1.000000000000000e+00	603	0	626
627	-3.165328767710407e+02 -8.439860642737566e+02  2.202480910278422e+03	 1.610156459112962e-02 -3.180949824551741e-02 -1.570793365438779e-02	1.000000000000000e+00	603	0	627
628	 3.493595981047799e+02 -1.743429517078297e+02  3.939028302943634e+03	5.740479022885363e-03 3.159229721253117e-03 2.581249301632245e-03	1.000000000000000e+00	603	0	628
629	-1.690187560502965e+02  1.500000000000000e+03  1.775716374308355e+03	0.000000000000000e+00 0.000000000000000e+00 0.000000000000000e+00	1.000000000000000e+00	600	-1	521
631	1.500000000000000e+03 3.116065786123694e+02 2.226602753467762e+03	0.000000000000000e+00 0.000000000000000e+00 0.000000000000000e+00	1.000000000000000e+00	603	-1	405
2	 0.000000000000000e+00  7.071067811865475e-01 -7.071067811865475e-01	 5.773502691896257e-01 -5.773502691896257e-01 -5.773502691896257e-01	-7.391622886003375e+02  7.391622886003375e+02  7.391622886003375e+02	1	0	0.000000000000000e+00	0.000000000000000e+00	0.000000000000000e+00
3	-7.071067811865475e-01  0.000000000000000e+00  7.071067811865475e-01	-5.773502691896257e-01  5.773502691896257e-01 -5.773502691896257e-01	 6.288536307352362e+02 -6.288536307352362e+02  6.288536307352362e+02	1	0	0.000000000000000e+00	0.000000000000000e+00	0.000000000000000e+00
4	0.000000000000000e+00 7.071067811865475e-01 7.071067811865475e-01	 5.773502691896257e-01 -5.773502691896257e-01  5.773502691896257e-01	 1.522636602155032e+03 -1.522636602155032e+03  1.522636602155032e+03	1	0	0.000000000000000e+00	0.000000000000000e+00	0.000000000000000e+00
5	 7.071067811865475e-01 -7.071067811865475e-01  0.000000000000000e+00	-5.773502691896257e-01 -5.773502691896257e-01  5.773502691896257e-01	-6.670373969193098e+02 -6.670373969193098e+02  6.670373969193098e+02	1	0	0.000000000000000e+00	0.000000000000000e+00	0.000000000000000e+00
7	-7.071067811865475e-01  7.071067811865475e-01  0.000000000000000e+00	-5.773502691896257e-01 -5.773502691896257e-01  5.773502691896257e-01	-3.955083929436755e+02 -3.955083929436755e+02  3.955083929436755e+02	1	0	0.000000000000000e+00	0.000000000000000e+00	0.000000000000000e+00
8	 0.000000000000000e+00 -7.071067811865475e-01 -7.071067811865475e-01	-5.773502691896257e-01  5.773502691896257e-01 -5.773502691896257e-01	 2.022325394193525e+02 -2.022325394193525e+02  2.022325394193525e+02	1	0	0.000000000000000e+00	0.000000000000000e+00	0.000000000000000e+00
9	-7.071067811865475e-01  0.000000000000000e+00  7.071067811865475e-01	-5.773502691896257e-01  5.773502691896257e-01 -5.773502691896257e-01	 7.132350399568309e+02 -7.132350399568309e+02  7.132350399568309e+02	1	0	0.000000000000000e+00	0.000000000000000e+00	0.000000000000000e+00
10	-7.071067811865475e-01 -7.071067811865475e-01  0.000000000000000e+00	-5.773502691896257e-01  5.773502691896257e-01  5.773502691896257e-01	-6.330962714223555e+02  6.330962714223555e+02  6.330962714223555e+02	1	0	0.000000000000000e+00	0.000000000000000e+00	0.000000000000000e+00
11	-7.071067811865475e-01 -7.071067811865475e-01  0.000000000000000e+00	0.000000000000000e+00 0.000000000000000e+00 0.000000000000000e+00	 2.192031021678291e+02 -4.907321061434645e+02  2.609224022578360e+03	1	1	0.000000000000000e+00	0.000000000000000e+00	0.000000000000000e+00
12	-7.071067811865475e-01 -7.071067811865475e-01  0.000000000000000e+00	-5.773502691896257e-01  5.773502691896257e-01  5.773502691896257e-01	-9.611938178929136e+02  9.611938178929136e+02  9.611938178929136e+02	1	0	0.000000000000000e+00	0.000000000000000e+00	0.000000000000000e+00
13	-7.071067811865475e-01  7.071067811865475e-01  0.000000000000000e+00	 5.773502691896257e-01  5.773502691896257e-01 -5.773502691896257e-01	-1.120999950441073e+03 -1.120999950441073e+03  1.120999950441073e+03	1	0	0.000000000000000e+00	0.000000000000000e+00	0.000000000000000e+00
14	-7.071067811865475e-01  7.071067811865475e-01  0.000000000000000e+00	0.000000000000000e+00 0.000000000000000e+00 0.000000000000000e+00	1.824335495461294e+02 3.747665940288728e+01 3.582910060272236e+03	1	1	0.000000000000000e+00	0.000000000000000e+00	0.000000000000000e+00
15	-7.071067811865475e-01  7.071067811865475e-01  0.000000000000000e+00	-5.773502691896257e-01 -5.773502691896257e-01  5.773502691896257e-01	-3.049987249517975e+02 -3.049987249517975e+02  3.049987249517975e+02	1	0	0.000000000000000e+00	0.000000000000000e+00	0.000000000000000e+00
16	 0.000000000000000e+00 -7.071067811865475e-01  7.071067811865475e-01	5.773502691896257e-01 5.773502691896257e-01 5.773502691896257e-01	1.080459161653044e+03 1.080459161653044e+03 1.080459161653044e+03	1	0	0.000000000000000e+00	0.000000000000000e+00	0.000000000000000e+00
17	 0.000000000000000e+00 -7.071067811865475e-01  7.071067811865475e-01	0.000000000000000e+00 0.000000000000000e+00 0.000000000000000e+00	 9.142890680742061e+02 -6.201326471006022e+02  2.947221063985530e+03	1	1	0.000000000000000e+00	0.000000000000000e+00	0.000000000000000e+00
18	 0.000000000000000e+00 -7.071067811865475e-01  7.071067811865475e-01	5.773502691896257e-01 5.773502691896257e-01 5.773502691896257e-01	8.626702730475879e+02 8.626702730475879e+02 8.626702730475879e+02	1	0	0.000000000000000e+00	0.000000000000000e+00	0.000000000000000e+00
19	 7.071067811865475e-01 -7.071067811865475e-01  0.000000000000000e+00	-5.773502691896257e-01 -5.773502691896257e-01 -5.773502691896257e-01	3.427110866150800e+02 3.427110866150800e+02 3.427110866150800e+02	1	0	0.000000000000000e+00	0.000000000000000e+00	0.000000000000000e+00
20	 7.071067811865475e-01 -7.071067811865475e-01  0.000000000000000e+00	0.000000000000000e+00 0.000000000000000e+00 0.000000000000000e+00	3.577960312803930e+02 7.283199846221450e+01 5.975052301026326e+02	1	1	0.000000000000000e+00	0.000000000000000e+00	0.000000000000000e+00
21	 7.071067811865475e-01 -7.071067811865475e-01  0.000000000000000e+00	-5.773502691896257e-01 -5.773502691896257e-01 -5.773502691896257e-01	6.128258770283411e+02 6.128258770283411e+02 6.128258770283411e+02	1	0	0.000000000000000e+00	0.000000000000000e+00	0.000000000000000e+00
22	-7.071067811865475e-01  0.000000000000000e+00 -7.071067811865475e-01	0.000000000000000e+00 0.000000000000000e+00 0.000000000000000e+00	1.000000000000000e+03 4.153257531310242e+02 4.000000000000000e+03	1	2	0.000000000000000e+00	0.000000000000000e+00	0.000000000000000e+00
23	-7.071067811865475e-01  0.000000000000000e+00 -7.071067811865475e-01	0.000000000000000e+00 0.000000000000000e+00 0.000000000000000e+00	1.000000000000000e+03 1.000000000000000e+03 3.415325753131025e+03	1	2	0.000000000000000e+00	0.000000000000000e+00	0.000000000000000e+00
25	-7.071067811865475e-01  0.000000000000000e+00  7.071067811865475e-01	0.000000000000000e+00 0.000000000000000e+00 0.000000000000000e+00	-1.000000000000000e+03 -1.000000000000000e+03  2.856711395993652e+03	1	2	0.000000000000000e+00	0.000000000000000e+00	0.000000000000000e+00
27	 0.000000000000000e+00  7.071067811865475e-01 -7.071067811865475e-01	0.000000000000000e+00 0.000000000000000e+00 0.000000000000000e+00	1.000000000000000e+03 1.000000000000000e+03 2.217486865801013e+03	1	2	0.000000000000000e+00	0.000000000000000e+00	0.000000000000000e+00
28	 0.000000000000000e+00  7.071067811865475e-01 -7.071067811865475e-01	0.000000000000000e+00 0.000000000000000e+00 0.000000000000000e+00	 1.000000000000000e+03 -7.825131341989875e+02  4.000000000000000e+03	1	2	0.000000000000000e+00	0.000000000000000e+00	0.000000000000000e+00
29	 0.000000000000000e+00  7.071067811865475e-01 -7.071067811865475e-01	0.000000000000000e+00 0.000000000000000e+00 0.000000000000000e+00	 7.825131341989878e+02 -1.000000000000000e+03  4.000000000000000e+03	1	2	0.000000000000000e+00	0.000000000000000e+00	0.000000000000000e+00
30	 0.000000000000000e+00  7.071067811865475e-01 -7.071067811865475e-01	0.000000000000000e+00 0.000000000000000e+00 0.000000000000000e+00	 1.962119219437654e+01 -1.000000000000000e+03  3.237108057995389e+03	1	2	0.000000000000000e+00	0.000000000000000e+00	0.000000000000000e+00
32	-7.071067811865475e-01  0.000000000000000e+00  7.071067811865475e-01	0.000000000000000e+00 0.000000000000000e+00 0.000000000000000e+00	 8.865608922057086e+02 -1.000000000000000e+03  0.000000000000000e+00	1	2	0.000000000000000e+00	0.000000000000000e+00	0.000000000000000e+00
33	-7.071067811865475e-01  0.000000000000000e+00  7.071067811865475e-01	0.000000000000000e+00 0.000000000000000e+00 0.000000000000000e+00	 2.200203383935653e+02 -1.000000000000000e+03  6.665405538121433e+02	1	2	0.000000000000000e+00	0.000000000000000e+00	0.000000000000000e+00
35	0.000000000000000e+00 7.071067811865475e-01 7.071067811865475e-01	0.000000000000000e+00 0.000000000000000e+00 0.000000000000000e+00	-2.982862677597911e+01 -1.000000000000000e+03  3.597738433241075e+03	1	2	0.000000000000000e+00	0.000000000000000e+00	0.000000000000000e+00
37	 7.071067811865475e-01 -7.071067811865475e-01  0.000000000000000e+00	0.000000000000000e+00 0.000000000000000e+00 0.000000000000000e+00	-1.000000000000000e+03 -1.000000000000000e+03  1.112190757929056e+00	1	2	0.000000000000000e+00	0.000000000000000e+00	0.000000000000000e+00
39	 7.071067811865475e-01 -7.071067811865475e-01  0.000000000000000e+00	0.000000000000000e+00 0.000000000000000e+00 0.000000000000000e+00	-1.000000000000000e+03  4.343145750507622e+02  0.000000000000000e+00	1	2	0.000000000000000e+00	0.000000000000000e+00	0.000000000000000e+00
41	-7.071067811865475e-01  7.071067811865475e-01  0.000000000000000e+00	0.000000000000000e+00 0.000000000000000e+00 0.000000000000000e+00	1.000000000000000e+03 1.000000000000000e+03 3.186525178831027e+03	1	2	0.000000000000000e+00	0.000000000000000e+00	0.000000000000000e+00
42	-7.071067811865475e-01  7.071067811865475e-01  0.000000000000000e+00	0.000000000000000e+00 0.000000000000000e+00 0.000000000000000e+00	5.409079324517874e+02 1.000000000000000e+03 2.727433111282815e+03	1	2	0.000000000000000e+00	0.000000000000000e+00	0.000000000000000e+00
44	 0.000000000000000e+00 -7.071067811865475e-01 -7.071067811865475e-01	0.000000000000000e+00 0.000000000000000e+00 0.000000000000000e+00	1.000000000000000e+03 3.933023817419428e+02 0.000000000000000e+00	1	2	0.000000000000000e+00	0.000000000000000e+00	0.000000000000000e+00
45	 0.000000000000000e+00 -7.071067811865475e-01 -7.071067811865475e-01	0.000000000000000e+00 0.000000000000000e+00 0.000000000000000e+00	7.742523428705650e+02 1.675547246125072e+02 0.000000000000000e+00	1	2	0.000000000000000e+00	0.000000000000000e+00	0.000000000000000e+00
46	-7.071067811865475e-01  0.000000000000000e+00  7.071067811865475e-01	0.000000000000000e+00 0.000000000000000e+00 0.000000000000000e+00	 1.000000000000000e+03 -1.000000000000000e+03  1.397051198704921e+02	1	2	0.000000000000000e+00	0.000000000000000e+00	0.000000000000000e+00
47	-7.071067811865475e-01  0.000000000000000e+00  7.071067811865475e-01	0.000000000000000e+00 0.000000000000000e+00 0.000000000000000e+00	-1.000000000000000e+03 -1.000000000000000e+03  2.139705119870493e+03	1	2	0.000000000000000e+00	0.000000000000000e+00	0.000000000000000e+00
48	-7.071067811865475e-01  0.000000000000000e+00  7.071067811865475e-01	0.000000000000000e+00 0.000000000000000e+00 0.000000000000000e+00	-1.000000000000000e+03  2.284930687020478e+02  3.368198188572540e+03	1	2	0.000000000000000e+00	0.000000000000000e+00	0.000000000000000e+00
49	-7.071067811865475e-01  7.071067811865475e-01  0.000000000000000e+00	5.773502691896257e-01 5.773502691896257e-01 5.773502691896257e-01	8.626702730475879e+02 8.626702730475879e+02 8.626702730475879e+02	1	0	0.000000000000000e+00	0.000000000000000e+00	0.000000000000000e+00
50	 0.000000000000000e+00 -7.071067811865475e-01 -7.071067811865475e-01	-5.773502691896257e-01 -5.773502691896257e-01  5.773502691896257e-01	-1.120999950441073e+03 -1.120999950441073e+03  1.120999950441073e+03	1	0	0.000000000000000e+00	0.000000000000000e+00	0.000000000000000e+00
53	 7.071067811865475e-01 -7.071067811865475e-01  0.000000000000000e+00	5.773502691896257e-01 5.773502691896257e-01 5.773502691896257e-01	8.626702730475879e+02 8.626702730475879e+02 8.626702730475879e+02	1	0	0.000000000000000e+00	0.000000000000000e+00	0.000000000000000e+00
65	 7.071067811865475e-01  0.000000000000000e+00 -7.071067811865475e-01	0.000000000000000e+00 0.000000000000000e+00 0.000000000000000e+00	 1.000000000000000e+03 -8.865608922057086e+02  0.000000000000000e+00	1	2	0.000000000000000e+00	0.000000000000000e+00	0.000000000000000e+00
69	-7.071067811865475e-01  0.000000000000000e+00 -7.071067811865475e-01	-5.773502691896257e-01  5.773502691896257e-01  5.773502691896257e-01	-1.138441917710341e+03  1.138441917710341e+03  1.138441917710341e+03	1	0	0.000000000000000e+00	0.000000000000000e+00	0.000000000000000e+00
70	-7.071067811865475e-01  0.000000000000000e+00 -7.071067811865475e-01	0.000000000000000e+00 0.000000000000000e+00 0.000000000000000e+00	1.000000000000000e+03 1.000000000000000e+03 3.415325753131025e+03	1	2	0.000000000000000e+00	0.000000000000000e+00	0.000000000000000e+00
78	 0.000000000000000e+00 -7.071067811865475e-01 -7.071067811865475e-01	0.000000000000000e+00 0.000000000000000e+00 0.000000000000000e+00	-4.320901935349040e+02 -1.000000000000000e+03  4.000000000000000e+03	1	2	0.000000000000000e+00	0.000000000000000e+00	0.000000000000000e+00
79	 7.071067811865475e-01 -7.071067811865475e-01  0.000000000000000e+00	-5.773502691896257e-01 -5.773502691896257e-01 -5.773502691896257e-01	-1.885618083164127e+02 -1.885618083164127e+02 -1.885618083164127e+02	1	0	0.000000000000000e+00	0.000000000000000e+00	0.000000000000000e+00
80	 7.071067811865475e-01 -7.071067811865475e-01  0.000000000000000e+00	0.000000000000000e+00 0.000000000000000e+00 0.000000000000000e+00	-1.000000000000000e+03  4.343145750507622e+02  0.000000000000000e+00	1	2	0.000000000000000e+00	0.000000000000000e+00	0.000000000000000e+00
84	-7.071067811865475e-01  7.071067811865475e-01  0.000000000000000e+00	0.000000000000000e+00 0.000000000000000e+00 0.000000000000000e+00	-1.000000000000000e+03  1.000000000000000e+03  2.001112190757930e+03	1	2	0.000000000000000e+00	0.000000000000000e+00	0.000000000000000e+00
85	-7.071067811865475e-01  0.000000000000000e+00  7.071067811865475e-01	 5.773502691896257e-01 -5.773502691896257e-01  5.773502691896257e-01	 9.522371319978838e+02 -9.522371319978838e+02  9.522371319978838e+02	1	0	0.000000000000000e+00	0.000000000000000e+00	0.000000000000000e+00
86	-7.071067811865475e-01  0.000000000000000e+00  7.071067811865475e-01	0.000000000000000e+00 0.000000000000000e+00 0.000000000000000e+00	-1.000000000000000e+03 -1.000000000000000e+03  2.856711395993652e+03	1	2	0.000000000000000e+00	0.000000000000000e+00	0.000000000000000e+00
87	 7.071067811865475e-01 -7.071067811865475e-01  0.000000000000000e+00	0.000000000000000e+00 0.000000000000000e+00 0.000000000000000e+00	-1.000000000000000e+03 -1.000000000000000e+03  1.112190757929056e+00	1	2	0.000000000000000e+00	0.000000000000000e+00	0.000000000000000e+00
90	0.000000000000000e+00 7.071067811865475e-01 7.071067811865475e-01	0.000000000000000e+00 0.000000000000000e+00 0.000000000000000e+00	1.000000000000000e+03 1.000000000000000e+03 6.066976182580577e+02	1	2	0.000000000000000e+00	0.000000000000000e+00	0.000000000000000e+00
91	 7.071067811865475e-01 -7.071067811865475e-01  0.000000000000000e+00	0.000000000000000e+00 0.000000000000000e+00 0.000000000000000e+00	1.000000000000000e+03 3.116065786123694e+02 2.226602753467762e+03	1	2	0.000000000000000e+00	0.000000000000000e+00	0.000000000000000e+00
69	0	1	1
22	1	0	1
22	0	205	-1
69	628	0	0
69	1	2	1
23	2	1	1
22	206	1	-1
23	1	206	-1
23	207	2	-1
70	2	207	-1
69	2	425	1
70	425	2	1
85	4	5	1
25	5	4	1
25	4	209	-1
85	359	4	0
25	210	5	-1
86	5	210	-1
85	5	515	1
86	515	5	1
2	7	8	1
27	8	7	1
27	7	212	-1
2	428	7	0
2	8	9	1
28	9	8	1
27	213	8	-1
28	8	213	-1
2	9	10	1
29	10	9	1
28	214	9	-1
29	9	214	-1
2	10	11	1
30	11	10	1
29	215	10	-1
30	10	215	-1
30	216	11	-1
2	11	429	0
3	13	14	1
32	14	13	1
32	13	218	-1
65	13	218	-1
3	539	13	1
65	539	13	1
3	14	15	1
33	15	14	1
32	219	14	-1
33	14	219	-1
33	220	15	-1
3	15	327	0
4	17	18	1
35	18	17	1
35	17	222	-1
78	17	222	-1
4	380	17	1
78	380	17	1
35	223	18	-1
4	18	329	0
5	20	21	1
37	21	20	1
37	20	225	-1
84	20	225	-1
5	484	20	1
84	484	20	1
37	226	21	-1
87	21	226	-1
5	21	431	1
87	431	21	1
79	23	24	1
39	24	23	1
39	23	228	-1
79	432	23	0
39	229	24	-1
80	24	229	-1
79	24	333	1
80	333	24	1
7	26	27	1
41	27	26	1
41	26	231	-1
7	282	26	0
7	27	28	1
42	28	27	1
41	232	27	-1
42	27	232	-1
42	233	28	-1
7	28	335	0
8	30	31	1
44	31	30	1
44	30	235	-1
90	30	235	-1
8	521	30	1
90	521	30	1
8	31	32	1
45	32	31	1
44	236	31	-1
45	31	236	-1
45	237	32	-1
8	32	487	0
9	33	34	1
46	34	33	1
46	33	238	-1
9	436	33	0
9	34	35	1
47	35	34	1
46	239	34	-1
47	34	239	-1
9	35	36	1
48	36	35	1
47	240	35	-1
48	35	240	-1
48	241	36	-1
9	36	437	0
10	37	38	0
11	38	37	0
11	37	40	0
10	340	37	0
11	39	38	0
10	38	341	0
11	40	39	0
12	39	40	0
12	342	39	0
12	40	343	0
10	41	344	0
10	345	41	0
12	42	346	0
12	347	42	0
13	43	44	0
14	44	43	0
14	43	46	0
13	348	43	0
14	45	44	0
13	44	452	0
14	46	45	0
15	45	46	0
15	350	45	0
15	46	351	0
15	48	354	0
15	355	48	0
16	49	50	0
17	50	49	0
17	49	52	0
16	356	49	0
17	51	50	0
16	50	357	0
17	52	51	0
18	51	52	0
18	358	51	0
18	52	551	0
16	53	360	0
16	361	53	0
18	54	362	0
18	363	54	0
19	55	56	0
20	56	55	0
20	55	58	0
19	364	55	0
20	57	56	0
19	56	365	0
20	58	57	0
21	57	58	0
21	366	57	0
21	58	367	0
19	59	368	0
19	369	59	0
21	60	370	0
21	371	60	0
22	205	206	-1
23	206	207	-1
70	207	596	-1
25	209	210	-1
86	210	620	-1
27	212	213	-1
28	213	214	-1
29	214	215	-1
30	215	216	-1
32	218	219	-1
65	218	581	-1
33	219	220	-1
35	222	223	-1
78	222	609	-1
37	225	226	-1
84	225	615	-1
87	226	619	-1
39	228	229	-1
80	229	611	-1
41	231	232	-1
42	232	233	-1
44	235	236	-1
90	235	629	-1
45	236	237	-1
46	238	239	-1
47	239	240	-1
48	240	241	-1
69	242	488	0
69	489	242	0
13	353	243	0
13	243	400	0
85	400	243	0
85	243	527	0
2	244	545	0
2	549	244	0
3	245	378	0
3	379	245	0
4	381	246	0
4	246	604	0
5	247	492	0
5	493	247	0
79	248	446	0
79	447	248	0
7	249	386	0
7	387	249	0
8	250	494	0
8	542	250	0
9	439	251	0
9	251	624	0
10	252	392	0
10	393	252	0
10	253	315	0
10	394	253	0
12	254	396	0
12	397	254	0
12	398	255	0
12	255	399	0
13	402	257	0
13	257	403	0
15	406	259	0
15	259	407	0
16	260	408	0
16	409	260	0
16	410	261	0
16	261	411	0
18	413	262	0
2	413	262	0
2	262	549	0
18	262	623	0
18	414	263	0
18	263	415	0
19	264	584	0
19	591	264	0
19	418	265	0
19	265	419	0
21	266	420	0
21	421	266	0
21	422	267	0
21	267	423	0
13	268	402	0
69	268	452	0
13	452	268	0
50	452	268	0
69	524	268	0
50	268	625	0
69	496	269	0
69	269	497	0
85	500	271	0
85	271	501	0
2	272	460	0
2	562	272	0
3	378	274	0
3	274	595	0
3	275	379	0
3	593	275	0
4	329	277	0
4	277	381	0
5	278	502	0
5	503	278	0
5	504	279	0
5	279	505	0
79	280	468	0
79	469	280	0
79	470	281	0
79	281	471	0
7	386	282	0
7	335	283	0
7	283	387	0
8	284	506	0
8	507	284	0
8	540	285	0
8	285	543	0
9	286	476	0
9	547	286	0
9	478	287	0
9	287	479	0
10	288	340	0
10	392	288	0
10	341	289	0
10	289	394	0
12	290	342	0
12	396	290	0
12	343	291	0
12	291	398	0
10	344	292	0
10	292	393	0
10	315	293	0
10	293	345	0
12	346	294	0
12	294	397	0
12	295	347	0
12	399	295	0
13	296	348	0
13	627	296	0
15	351	299	0
15	299	406	0
13	301	353	0
13	403	301	0
15	354	302	0
15	302	405	0
15	303	355	0
15	407	303	0
16	304	356	0
16	408	304	0
16	357	305	0
16	305	410	0
18	306	358	0
18	412	306	0
18	359	307	0
85	307	359	0
49	359	307	0
18	307	414	0
85	414	307	0
53	414	307	0
49	307	553	0
53	307	563	0
16	360	308	0
16	308	409	0
16	309	361	0
16	411	309	0
18	575	310	0
18	310	617	0
18	311	363	0
18	415	311	0
19	312	364	0
19	416	312	0
19	365	313	0
19	313	418	0
21	314	366	0
21	420	314	0
21	367	315	0
21	315	422	0
19	368	316	0
19	316	417	0
19	317	369	0
19	419	317	0
21	370	318	0
21	318	421	0
21	319	371	0
21	423	319	0
69	320	508	0
69	509	320	0
69	510	321	0
69	321	511	0
2	324	428	0
2	460	324	0
3	326	539	0
3	595	326	0
3	327	593	0
5	330	516	0
5	517	330	0
5	518	331	0
5	331	519	0
79	332	432	0
79	468	332	0
79	333	470	0
80	611	333	-1
8	337	474	0
8	522	337	0
9	476	338	0
9	338	548	0
9	437	339	0
9	339	478	0
15	405	350	1
91	405	350	1
91	350	564	-1
18	551	359	0
49	553	359	0
18	362	575	0
69	523	372	0
69	372	524	0
69	373	439	0
69	526	373	0
85	527	374	0
85	374	528	0
2	376	461	0
2	544	376	0
4	604	380	0
78	609	380	-1
5	531	382	0
5	382	532	0
5	383	533	0
5	534	383	0
79	446	384	0
79	384	469	0
79	385	447	0
79	471	385	0
8	535	388	0
8	388	536	0
8	541	389	0
8	389	546	0
9	390	603	0
9	626	390	0
9	552	391	0
9	391	573	0
85	501	400	0
13	400	627	0
91	631	405	-1
18	558	412	0
2	429	413	0
18	617	413	0
85	457	414	0
53	608	414	0
19	584	416	0
19	417	591	0
69	508	424	0
69	424	628	0
69	425	510	0
70	596	425	-1
5	430	484	0
5	516	430	0
5	431	618	0
87	619	431	-1
8	487	435	0
8	435	522	0
9	548	436	0
69	488	438	0
69	438	523	0
69	439	489	0
9	573	439	0
2	442	544	0
2	545	442	0
5	492	444	0
5	444	531	0
5	445	493	0
5	533	445	0
8	494	448	0
8	448	535	0
8	449	542	0
8	546	449	0
9	624	450	0
9	450	626	0
69	452	509	0
50	554	452	0
69	454	496	0
69	511	454	0
69	497	455	0
69	455	526	0
85	528	457	0
85	458	500	0
85	515	458	0
2	461	562	0
5	502	464	0
5	464	517	0
5	465	503	0
5	532	465	0
5	466	504	0
5	519	466	0
5	505	467	0
5	467	534	0
8	506	472	0
8	472	521	0
8	473	507	0
8	536	473	0
8	474	540	0
8	475	541	0
8	543	475	0
9	477	547	0
9	603	477	0
9	479	552	0
84	615	484	-1
86	620	515	-1
5	618	518	0
90	629	521	-1
65	581	539	-1
50	585	554	0
18	574	558	0
53	563	589	0
91	564	631	-1
18	594	574	0
50	625	585	0
53	589	608	0
18	623	594	0
