394
52
498
0	 3.207843020776194e+02 -2.638899447913565e+02  4.000000000000000e+03	-7.149156881496310e-03 -7.149156881496310e-03  1.065555834353881e-18	1.000000000000000e+00	463	1	0
1	1.000000000000000e+03 4.153257531310242e+02 4.000000000000000e+03	0.000000000000000e+00 0.000000000000000e+00 0.000000000000000e+00	1.000000000000000e+00	463	1	1
2	1.000000000000000e+03 1.000000000000000e+03 3.415325753131025e+03	0.000000000000000e+00 0.000000000000000e+00 0.000000000000000e+00	1.000000000000000e+00	463	1	2
4	-1.000000000000000e+03 -7.661769813817850e+01  3.780093697855474e+03	 1.011605456145856e-18 -8.549276157282293e-03 -8.549276157282293e-03	1.000000000000000e+00	463	1	4
5	-1.000000000000000e+03 -1.000000000000000e+03  2.856711395993652e+03	0.000000000000000e+00 0.000000000000000e+00 0.000000000000000e+00	1.000000000000000e+00	463	1	5
7	5.739227644711642e+02 1.000000000000000e+03 1.791409630272177e+03	 6.665556458756328e-03 -3.583888497643569e-19  6.665556458756328e-03	1.000000000000000e+00	463	1	7
8	1.000000000000000e+03 1.000000000000000e+03 2.217486865801013e+03	0.000000000000000e+00 0.000000000000000e+00 0.000000000000000e+00	1.000000000000000e+00	463	1	8
9	 1.000000000000000e+03 -7.825131341989875e+02  4.000000000000000e+03	0.000000000000000e+00 0.000000000000000e+00 0.000000000000000e+00	1.000000000000000e+00	463	1	9
10	 7.825131341989878e+02 -1.000000000000000e+03  4.000000000000000e+03	0.000000000000000e+00 0.000000000000000e+00 0.000000000000000e+00	1.000000000000000e+00	463	1	10
11	-3.390587714466863e+00 -1.000000000000000e+03  3.214096278086546e+03	-2.935295342467725e-03 -8.523500960654898e-20 -2.935295342467725e-03	1.000000000000000e+00	463	1	11
12	 1.000000000000000e+03 -1.434206068829103e+02  7.431402853227983e+02	-3.032536738252659e-18 -3.757919417694211e-03 -3.757919417694211e-03	1.000000000000000e+00	12	1	12
13	 1.000000000000000e+03 -8.865608922057086e+02  0.000000000000000e+00	0.000000000000000e+00 0.000000000000000e+00 0.000000000000000e+00	1.000000000000000e+00	12	1	13
14	 8.865608922057086e+02 -1.000000000000000e+03  0.000000000000000e+00	0.000000000000000e+00 0.000000000000000e+00 0.000000000000000e+00	1.000000000000000e+00	12	1	14
15	 1.508198476113115e+02 -1.000000000000000e+03  7.357410445943971e+02	 9.848376968875527e-03  2.466547293790422e-18 -9.848376968875527e-03	1.000000000000000e+00	12	1	15
16	 3.742675062322422e+02 -1.936423002328537e+02  4.000000000000000e+03	-2.820342779159546e-03 -2.820342779159547e-03 -1.973488587142959e-18	1.000000000000000e+00	16	1	16
17	-4.320901935349040e+02 -1.000000000000000e+03  4.000000000000000e+03	0.000000000000000e+00 0.000000000000000e+00 0.000000000000000e+00	1.000000000000000e+00	16	1	17
18	-3.423961516659145e+01 -1.000000000000000e+03  3.602149421631687e+03	 4.692218266427517e-03  1.645296961532877e-19 -4.692218266427517e-03	1.000000000000000e+00	16	1	18
19	6.356346917465269e+02 1.000000000000000e+03 3.636746882504456e+03	-5.112270315294153e-03 -3.466429194145329e-18 -5.112270315294155e-03	1.000000000000000e+00	19	1	19
20	-1.000000000000000e+03  1.000000000000000e+03  2.001112190757930e+03	0.000000000000000e+00 0.000000000000000e+00 0.000000000000000e+00	1.000000000000000e+00	19	1	20
21	-1.000000000000000e+03 -1.000000000000000e+03  1.112190757929056e+00	0.000000000000000e+00 0.000000000000000e+00 0.000000000000000e+00	1.000000000000000e+00	19	1	21
22	 2.086456784352144e+02 -1.000000000000000e+03  1.209757869193144e+03	1.095998100936411e-03 5.741126344796143e-18 1.095998100936415e-03	1.000000000000000e+00	19	1	22
23	-1.000000000000000e+03 -3.567882799637909e+02  7.911028550145530e+02	 1.195634946035011e-20  2.285514376126230e-03 -2.285514376126230e-03	1.000000000000000e+00	453	1	23
24	-1.000000000000000e+03  4.343145750507622e+02  0.000000000000000e+00	0.000000000000000e+00 0.000000000000000e+00 0.000000000000000e+00	1.000000000000000e+00	453	1	24
26	1.000000000000000e+03 3.183195493732098e+02 2.504844728204237e+03	-1.193350952585638e-18  1.190051808953285e-02  1.190051808953285e-02	1.000000000000000e+00	26	1	26
27	1.000000000000000e+03 1.000000000000000e+03 3.186525178831027e+03	0.000000000000000e+00 0.000000000000000e+00 0.000000000000000e+00	1.000000000000000e+00	26	1	27
28	4.671415471833587e+02 1.000000000000000e+03 2.653666726014386e+03	 1.131936069577932e-02 -1.042071184138549e-18  1.131936069577932e-02	1.000000000000000e+00	26	1	28
29	-4.342220455900103e+02  1.000000000000000e+03  2.040919663848068e+03	 6.380639504641293e-03 -3.959467690479353e-18 -6.380639504641295e-03	1.000000000000000e+00	463	1	29
30	1.000000000000000e+03 1.000000000000000e+03 6.066976182580577e+02	0.000000000000000e+00 0.000000000000000e+00 0.000000000000000e+00	1.000000000000000e+00	463	1	30
31	1.000000000000000e+03 3.933023817419428e+02 0.000000000000000e+00	0.000000000000000e+00 0.000000000000000e+00 0.000000000000000e+00	1.000000000000000e+00	463	1	31
32	7.101213320755794e+02 1.034237138175215e+02 0.000000000000000e+00	7.877390831708908e-03 7.877390831708908e-03 2.393970299572767e-19	1.000000000000000e+00	463	1	32
33	1.000000000000000e+03 8.527499088074583e+02 1.992455028677951e+03	-4.087474988967672e-19  9.198629297316074e-03  9.198629297316074e-03	1.000000000000000e+00	463	1	33
34	 1.000000000000000e+03 -1.000000000000000e+03  1.397051198704921e+02	0.000000000000000e+00 0.000000000000000e+00 0.000000000000000e+00	1.000000000000000e+00	463	1	34
35	-1.000000000000000e+03 -1.000000000000000e+03  2.139705119870493e+03	0.000000000000000e+00 0.000000000000000e+00 0.000000000000000e+00	1.000000000000000e+00	463	1	35
36	-1.000000000000000e+03  2.662159526147607e+02  3.405921072485253e+03	 4.451362038950503e-19 -5.772408330813050e-03 -5.772408330813050e-03	1.000000000000000e+00	463	1	36
37	-5.395224740453357e+02  2.679934700697016e+02  1.091772870152029e+03	0.000000000000000e+00 0.000000000000000e+00 0.000000000000000e+00	1.000000000000000e+00	55	0	37
38	 2.192031021678290e+02 -4.907321061434643e+02  2.609224022578360e+03	0.000000000000000e+00 0.000000000000000e+00 0.000000000000000e+00	1.000000000000000e+00	55	0	38
39	-1.088944443027285e+02 -1.626345596729056e+02  2.937321569048918e+03	0.000000000000000e+00 0.000000000000000e+00 0.000000000000000e+00	1.000000000000000e+00	55	0	39
40	-8.676200205158938e+02  5.960910165402597e+02  1.419870416622587e+03	0.000000000000000e+00 0.000000000000000e+00 0.000000000000000e+00	1.000000000000000e+00	55	0	40
41	-1.507133110568786e+02 -1.038521632476468e+02  1.852427666457835e+03	7.544307581459483e-03 6.675184626753131e-03 8.691229547063508e-04	1.000000000000000e+00	55	0	41
42	-4.970578642459606e+02  2.074374878555828e+02  2.179086101577197e+03	-4.230185431273033e-03 -4.625642187117289e-03  3.954567558442552e-04	1.000000000000000e+00	55	0	42
43	-6.102331521639902e+02 -7.551900423072325e+02  1.997576656851997e+03	0.000000000000000e+00 0.000000000000000e+00 0.000000000000000e+00	1.000000000000000e+00	463	0	43
44	1.824335495461294e+02 3.747665940288736e+01 3.582910060272236e+03	0.000000000000000e+00 0.000000000000000e+00 0.000000000000000e+00	1.000000000000000e+00	463	0	44
45	9.984347750354048e+02 8.534778848921626e+02 2.766908834782960e+03	0.000000000000000e+00 0.000000000000000e+00 0.000000000000000e+00	1.000000000000000e+00	463	0	45
46	2.057680733252851e+02 6.081118318204345e+01 1.181575431362721e+03	0.000000000000000e+00 0.000000000000000e+00 0.000000000000000e+00	1.000000000000000e+00	463	0	46
47	-1.879737732883884e+02 -3.645337561249603e+02  2.810492321909871e+03	-1.180464432885250e-02  2.182567833612363e-02  1.002103400727113e-02	1.000000000000000e+00	463	0	47
48	6.586597103777184e+02 4.011079258489430e+02 1.974763811082054e+03	 1.199868510593660e-02 -1.215009667794220e-02 -1.514115720055994e-04	1.000000000000000e+00	463	0	48
49	-7.756961389616431e+02  2.248599564173224e+02  3.792213667503454e+03	0.000000000000000e+00 0.000000000000000e+00 0.000000000000000e+00	1.000000000000000e+00	463	0	49
50	 9.142890680742061e+02 -6.201326471006022e+02  2.947221063985530e+03	0.000000000000000e+00 0.000000000000000e+00 0.000000000000000e+00	1.000000000000000e+00	463	0	50
51	 6.965001794687494e+02 -8.379215357060586e+02  2.729432175380073e+03	0.000000000000000e+00 0.000000000000000e+00 0.000000000000000e+00	1.000000000000000e+00	463	0	51
52	-9.934850275670996e+02  7.071067811865865e+00  3.574424778897997e+03	0.000000000000000e+00 0.000000000000000e+00 0.000000000000000e+00	1.000000000000000e+00	463	0	52
53	 6.884842289872459e+01 -2.044778745390624e+02  3.377006936599471e+03	-5.210224383821090e-04 -3.844695941855510e-03  4.365718380237619e-03	1.000000000000000e+00	463	0	53
54	-1.484632500672427e+02 -4.944929154139450e+02  3.230966984623952e+03	-5.199189520984246e-05 -1.336798170935557e-02  1.341997360456541e-02	1.000000000000000e+00	463	0	54
55	-3.705239533417505e+02 -6.554879861599293e+02  2.054145199346920e+03	0.000000000000000e+00 0.000000000000000e+00 0.000000000000000e+00	1.000000000000000e+00	55	0	55
56	3.577960312803930e+02 7.283199846221450e+01 5.975052301026326e+02	0.000000000000000e+00 0.000000000000000e+00 0.000000000000000e+00	1.000000000000000e+00	55	0	56
57	6.279108216936542e+02 3.429467888754754e+02 8.676200205158938e+02	0.000000000000000e+00 0.000000000000000e+00 0.000000000000000e+00	1.000000000000000e+00	55	0	57
58	-1.004091629284902e+02 -3.853731957466687e+02  2.324259989760182e+03	0.000000000000000e+00 0.000000000000000e+00 0.000000000000000e+00	1.000000000000000e+00	55	0	58
59	 1.001820067052788e+02 -3.646360597617195e+02  1.292587312901681e+03	 2.428832619140546e-02 -1.378386685003837e-02 -1.050445934136709e-02	1.000000000000000e+00	55	0	59
60	 2.454760235042229e+02 -2.593662511356853e+00  1.595595270092157e+03	-1.443791324466777e-03  1.587609639197278e-03 -1.438183147305001e-04	1.000000000000000e+00	55	0	60
205	 3.207843020776194e+02 -2.638899447913565e+02  4.500000000000000e+03	0.000000000000000e+00 0.000000000000000e+00 0.000000000000000e+00	1.000000000000000e+00	463	-1	0
206	1.353553390593274e+03 4.153257531310242e+02 4.353553390593273e+03	0.000000000000000e+00 0.000000000000000e+00 0.000000000000000e+00	1.000000000000000e+00	463	-1	1
207	1.353553390593274e+03 1.353553390593274e+03 3.415325753131025e+03	0.000000000000000e+00 0.000000000000000e+00 0.000000000000000e+00	1.000000000000000e+00	463	-1	2
209	-1.500000000000000e+03 -7.661769813817850e+01  3.780093697855474e+03	0.000000000000000e+00 0.000000000000000e+00 0.000000000000000e+00	1.000000000000000e+00	463	-1	4
210	-1.353553390593274e+03 -1.353553390593274e+03  2.856711395993652e+03	0.000000000000000e+00 0.000000000000000e+00 0.000000000000000e+00	1.000000000000000e+00	463	-1	5
212	5.739227644711642e+02 1.500000000000000e+03 1.791409630272177e+03	0.000000000000000e+00 0.000000000000000e+00 0.000000000000000e+00	1.000000000000000e+00	463	-1	7
213	1.353553390593274e+03 1.353553390593274e+03 2.217486865801013e+03	0.000000000000000e+00 0.000000000000000e+00 0.000000000000000e+00	1.000000000000000e+00	463	-1	8
214	 1.353553390593274e+03 -7.825131341989875e+02  4.353553390593273e+03	0.000000000000000e+00 0.000000000000000e+00 0.000000000000000e+00	1.000000000000000e+00	463	-1	9
215	 7.825131341989878e+02 -1.353553390593274e+03  4.353553390593273e+03	0.000000000000000e+00 0.000000000000000e+00 0.000000000000000e+00	1.000000000000000e+00	463	-1	10
216	-3.390587714466865e+00 -1.500000000000000e+03  3.214096278086546e+03	0.000000000000000e+00 0.000000000000000e+00 0.000000000000000e+00	1.000000000000000e+00	463	-1	11
217	 1.500000000000000e+03 -1.434206068829103e+02  7.431402853227983e+02	0.000000000000000e+00 0.000000000000000e+00 0.000000000000000e+00	1.000000000000000e+00	12	-1	12
218	 1.353553390593274e+03 -8.865608922057086e+02 -3.535533905932737e+02	0.000000000000000e+00 0.000000000000000e+00 0.000000000000000e+00	1.000000000000000e+00	12	-1	13
219	 8.865608922057086e+02 -1.353553390593274e+03 -3.535533905932737e+02	0.000000000000000e+00 0.000000000000000e+00 0.000000000000000e+00	1.000000000000000e+00	12	-1	14
220	 1.508198476113115e+02 -1.500000000000000e+03  7.357410445943971e+02	0.000000000000000e+00 0.000000000000000e+00 0.000000000000000e+00	1.000000000000000e+00	12	-1	15
221	 3.742675062322422e+02 -1.936423002328537e+02  4.500000000000000e+03	0.000000000000000e+00 0.000000000000000e+00 0.000000000000000e+00	1.000000000000000e+00	16	-1	16
222	-4.320901935349040e+02 -1.353553390593274e+03  4.353553390593273e+03	0.000000000000000e+00 0.000000000000000e+00 0.000000000000000e+00	1.000000000000000e+00	16	-1	17
223	-3.423961516659145e+01 -1.500000000000000e+03  3.602149421631687e+03	0.000000000000000e+00 0.000000000000000e+00 0.000000000000000e+00	1.000000000000000e+00	16	-1	18
224	6.356346917465269e+02 1.500000000000000e+03 3.636746882504456e+03	0.000000000000000e+00 0.000000000000000e+00 0.000000000000000e+00	1.000000000000000e+00	19	-1	19
225	-1.353553390593274e+03  1.353553390593274e+03  2.001112190757930e+03	0.000000000000000e+00 0.000000000000000e+00 0.000000000000000e+00	1.000000000000000e+00	19	-1	20
226	-1.353553390593274e+03 -1.353553390593274e+03  1.112190757929058e+00	0.000000000000000e+00 0.000000000000000e+00 0.000000000000000e+00	1.000000000000000e+00	19	-1	21
227	 2.086456784352144e+02 -1.500000000000000e+03  1.209757869193144e+03	0.000000000000000e+00 0.000000000000000e+00 0.000000000000000e+00	1.000000000000000e+00	19	-1	22
228	-1.500000000000000e+03 -3.567882799637909e+02  7.911028550145530e+02	0.000000000000000e+00 0.000000000000000e+00 0.000000000000000e+00	1.000000000000000e+00	453	-1	23
229	-1.353553390593274e+03  4.343145750507622e+02 -3.535533905932737e+02	0.000000000000000e+00 0.000000000000000e+00 0.000000000000000e+00	1.000000000000000e+00	453	-1	24
231	1.500000000000000e+03 3.183195493732098e+02 2.504844728204237e+03	0.000000000000000e+00 0.000000000000000e+00 0.000000000000000e+00	1.000000000000000e+00	26	-1	26
232	1.353553390593274e+03 1.353553390593274e+03 3.186525178831027e+03	0.000000000000000e+00 0.000000000000000e+00 0.000000000000000e+00	1.000000000000000e+00	26	-1	27
233	4.671415471833587e+02 1.500000000000000e+03 2.653666726014386e+03	0.000000000000000e+00 0.000000000000000e+00 0.000000000000000e+00	1.000000000000000e+00	26	-1	28
234	-4.342220455900103e+02  1.500000000000000e+03  2.040919663848068e+03	0.000000000000000e+00 0.000000000000000e+00 0.000000000000000e+00	1.000000000000000e+00	463	-1	29
235	1.353553390593274e+03 1.353553390593274e+03 6.066976182580577e+02	0.000000000000000e+00 0.000000000000000e+00 0.000000000000000e+00	1.000000000000000e+00	463	-1	30
236	 1.353553390593274e+03  3.933023817419428e+02 -3.535533905932737e+02	0.000000000000000e+00 0.000000000000000e+00 0.000000000000000e+00	1.000000000000000e+00	463	-1	31
237	 7.101213320755794e+02  1.034237138175215e+02 -5.000000000000000e+02	0.000000000000000e+00 0.000000000000000e+00 0.000000000000000e+00	1.000000000000000e+00	463	-1	32
238	1.500000000000000e+03 8.527499088074583e+02 1.992455028677951e+03	0.000000000000000e+00 0.000000000000000e+00 0.000000000000000e+00	1.000000000000000e+00	463	-1	33
239	 1.353553390593274e+03 -1.353553390593274e+03  1.397051198704921e+02	0.000000000000000e+00 0.000000000000000e+00 0.000000000000000e+00	1.000000000000000e+00	463	-1	34
240	-1.353553390593274e+03 -1.353553390593274e+03  2.139705119870493e+03	0.000000000000000e+00 0.000000000000000e+00 0.000000000000000e+00	1.000000000000000e+00	463	-1	35
241	-1.500000000000000e+03  2.662159526147607e+02  3.405921072485253e+03	0.000000000000000e+00 0.000000000000000e+00 0.000000000000000e+00	1.000000000000000e+00	463	-1	36
242	-5.587634313578552e+01  4.142854634021854e+02  2.945163946593053e+03	2.326317577778052e-03 1.714557661519696e-03 6.117599162583549e-04	1.000000000000000e+00	463	0	242
243	-2.531442276647838e+02 -3.674051703682244e+02  2.742450453290211e+03	-1.989007995696037e-18  2.015304239466786e-02  2.015304239466787e-02	1.000000000000000e+00	463	0	243
244	 2.218210498805270e+02 -2.943250911728946e+01  2.468740424798829e+03	-7.988529202217856e-03 -3.685651657481988e-03 -4.302877544735868e-03	1.000000000000000e+00	463	0	244
245	 5.778298623886463e+02 -5.938435762733436e+02  7.148874535437184e+02	 7.673826689521471e-03 -7.590733623752991e-03 -1.526456031327446e-02	1.000000000000000e+00	12	0	245
246	 1.275440890882317e+02 -5.904208954937341e+02  3.849944821883130e+03	-1.389036882513513e-02 -1.930023465926448e-03  1.196034535920868e-02	1.000000000000000e+00	16	0	246
247	3.852003488118199e+02 2.546550972672647e+01 2.411778049296476e+03	-4.642630995173628e-03  4.262277322898929e-03 -3.803536722746987e-04	1.000000000000000e+00	19	0	247
248	-3.257250797913857e+02 -6.227249251467654e+02  3.827645799889131e+02	-8.188840777923664e-04  4.909933583500485e-03 -4.091049505708118e-03	1.000000000000000e+00	453	0	248
249	7.315654050419759e+02 6.477656409967736e+02 2.565856224869776e+03	1.190141091744105e-02 5.082742931942145e-03 1.698415384938319e-02	1.000000000000000e+00	26	0	249
250	1.272278679594439e+02 5.689021896322186e+02 1.048371939930832e+03	8.783081662841141e-03 9.966964717023075e-03 1.183883054181933e-03	1.000000000000000e+00	463	0	250
251	2.381245373675649e+00 5.529080496907847e+02 2.690231924187602e+03	2.475372166372836e-04 1.257331547094509e-03 1.009794330457225e-03	1.000000000000000e+00	463	0	251
252	-3.133115364949895e+02  1.170602778258407e+02  1.468916999946236e+03	 7.868741600153347e-03  8.565168866577247e-03 -6.964272664239007e-04	1.000000000000000e+00	55	0	252
253	 1.575841495737567e+01 -3.167118479373610e+02  2.231759077161803e+03	1.477940240874887e-04 8.117494871839881e-05 6.661907536908984e-05	1.000000000000000e+00	55	0	253
254	-2.789630514047488e+02  4.793372966611432e+01  2.556684672607877e+03	 4.006585571914911e-03  4.602990578860044e-03 -5.964050069451332e-04	1.000000000000000e+00	55	0	254
255	-7.085651147062958e+02  3.750203170811410e+02  1.799996021891304e+03	-1.046175872518991e-02 -1.103384523109222e-02  5.720865059023100e-04	1.000000000000000e+00	55	0	255
256	-3.084325053333041e+02 -6.713997893031235e+02  2.383167556686792e+03	 1.659625024573567e-02 -1.678615062458751e-02 -1.899003788518409e-04	1.000000000000000e+00	463	0	256
257	-4.310503775838205e+01 -1.321015836175285e+02  3.187793229947309e+03	-2.141054021194577e-03  2.234442159533501e-03  9.338813833892345e-05	1.000000000000000e+00	463	0	257
258	8.838352981886225e+02 5.746371046087748e+02 2.373468577652790e+03	 2.238486734859180e-02 -2.245379211672116e-02 -6.892476812936344e-05	1.000000000000000e+00	463	0	258
259	4.275032632200314e+02 2.326387233980725e+02 1.575138161473496e+03	 2.074402019691964e-03 -2.738624384316306e-03 -6.642223646243413e-04	1.000000000000000e+00	463	0	259
260	-3.523437500221184e+02  5.293931476539986e+01  3.540781920215853e+03	 3.504138633919257e-04  8.378406976892924e-03 -8.728820840284849e-03	1.000000000000000e+00	463	0	260
261	 4.894235519911568e+02 -4.326460101773873e+02  3.184599943145364e+03	-1.001280732452869e-03 -6.840781308710575e-03  7.842062041163445e-03	1.000000000000000e+00	463	0	261
262	 1.852619766708759e+02 -4.629725603235751e+02  2.865721402795464e+03	-4.307622835369405e-18  6.127784773707390e-02 -6.127784773707391e-02	1.000000000000000e+00	463	0	262
263	-5.613698448872120e+02 -2.306362480257798e+02  3.380016912055756e+03	 1.117366086691618e-02  9.932498447597027e-03 -2.110615931451321e-02	1.000000000000000e+00	463	0	263
264	 7.662125465718616e+00 -6.776562427635816e+02  1.698127377143103e+03	 2.701296271698084e-02 -2.720681032224093e-02  1.938476052600898e-04	1.000000000000000e+00	55	0	264
265	 1.934809303434874e+02 -1.274092348410784e+02  9.620615643428312e+02	 5.677912754435965e-03 -5.691672305147222e-03  1.375955071125630e-05	1.000000000000000e+00	55	0	265
266	4.452579800556313e+02 1.626022471236338e+02 1.230617403905758e+03	 1.466869502716387e-03 -1.201866766981160e-03 -2.650027357352277e-04	1.000000000000000e+00	55	0	266
267	 4.526655477437418e+01 -1.647392875686790e+02  1.957950363879328e+03	-4.784135157630469e-03  5.164618594183897e-03 -3.804834365534286e-04	1.000000000000000e+00	55	0	267
268	4.895929468585827e+01 2.616295090390249e+01 3.438122096912980e+03	-2.152640605345368e-02  1.871535342620009e-18 -2.152640605345369e-02	1.000000000000000e+00	463	0	268
269	-2.902872684872365e+02  7.116690371264361e+02  2.413369447517352e+03	9.084503981284797e-03 7.681264192797244e-03 1.403239788487553e-03	1.000000000000000e+00	463	0	269
270	-5.724797378933060e+02 -1.747971419992301e+02  3.254393991887727e+03	1.167709760678311e-02 1.369841854708890e-02 2.021320940305789e-03	1.000000000000000e+00	463	0	270
271	-5.646195560808604e+01 -7.915787398101633e+02  2.121594611791574e+03	-1.426333945710212e-02 -1.274084288161248e-02  1.522496575489640e-03	1.000000000000000e+00	463	0	271
272	3.980183056854951e+02 4.947298510744103e+02 2.120775320412097e+03	-5.641715581684063e-03 -6.172190963601072e-04 -5.024496485323955e-03	1.000000000000000e+00	463	0	272
274	 7.963746768900965e+02 -3.787750608852830e+02  7.114111544303290e+02	 8.128908152381579e-03 -9.131818699340025e-03 -1.726072685172160e-02	1.000000000000000e+00	12	0	274
275	 3.604394619042654e+02 -8.118774725177173e+02  7.142439577837257e+02	 6.316506924728553e-03 -6.615618399033944e-03 -1.293212532376250e-02	1.000000000000000e+00	12	0	275
276	 2.268537520950158e+02 -3.710772986611664e+02  3.969978755708914e+03	-1.840318335841100e-02  8.260375509659450e-03  2.666355886807044e-02	1.000000000000000e+00	16	0	276
277	 5.357106389737313e+01 -7.956214851142953e+02  3.718717257453427e+03	-4.742417542729527e-03 -8.016215870156884e-04  3.940795955713838e-03	1.000000000000000e+00	16	0	277
278	5.423936066537773e+02 4.947785583356400e+02 3.038284355747347e+03	-1.178166819348310e-03  7.602336215010533e-04 -4.179331978472570e-04	1.000000000000000e+00	19	0	278
279	 2.962412254887872e+02 -4.972230906374099e+02  1.800130325609307e+03	-7.639955826258907e-04  3.928260024016103e-04 -3.711695802242806e-04	1.000000000000000e+00	19	0	279
280	-6.610473830875069e+02 -4.926046786872427e+02  5.879666368255116e+02	-4.645860365902384e-04  4.059165231107424e-03 -3.594579194517185e-03	1.000000000000000e+00	453	0	280
281	 5.916977058348454e+00 -7.345644552986873e+02  1.629620532911009e+02	-2.512816339731216e-03  1.181558892130852e-02 -9.302772581577301e-03	1.000000000000000e+00	453	0	281
282	8.765104979186815e+02 4.748352128009010e+02 2.537870889550609e+03	9.432786144316196e-03 5.577713251113891e-03 1.501049939543009e-02	1.000000000000000e+00	26	0	282
283	5.998727551102475e+02 8.275358636710646e+02 2.613933797612338e+03	1.193660342444976e-02 4.333013047774632e-03 1.626961647222440e-02	1.000000000000000e+00	26	0	283
284	-1.642923867821465e+02  7.953831984709287e+02  1.566373203511133e+03	1.218447557281858e-02 1.226222326416367e-02 7.774769134509100e-05	1.000000000000000e+00	463	0	284
285	3.953640481428475e+02 3.145084025510444e+02 5.258419726662545e+02	1.034831344926109e-02 1.162593443101893e-02 1.277620981757840e-03	1.000000000000000e+00	463	0	285
286	5.111769901096981e+02 7.058187385449817e+02 2.334346868305776e+03	9.773271934439738e-04 3.265514892215530e-03 2.288187698771556e-03	1.000000000000000e+00	463	0	286
287	-4.930962780372003e+02  4.405635049017163e+02  3.073364902809409e+03	-7.264430678333156e-05 -3.133683476335136e-04 -2.407240408501821e-04	7.500000000000000e-01	463	0	287
288	-4.282313121479423e+02  1.910588261254095e+02  1.279998675993715e+03	 5.558355187531561e-03  6.366647838149220e-03 -8.082926506176591e-04	1.000000000000000e+00	55	0	288
289	 1.309825546037396e+02 -3.892927260875692e+02  2.419564094958375e+03	-2.435206961308722e-04 -3.327523854750325e-04  8.923168934416026e-05	5.625000000000000e-01	55	0	289
290	-1.649698868691601e+02 -2.795509508667948e+01  2.746566661896260e+03	 8.479986567787515e-03  8.688642415412081e-03 -2.086558476245652e-04	1.000000000000000e+00	55	0	290
291	-8.077711724382490e+02  4.657424912700075e+02  1.610067789970484e+03	-1.092148763321651e-02 -1.065759076542842e-02 -2.638968677880860e-04	1.000000000000000e+00	55	0	291
292	-2.198576046617561e+02  1.529344998756144e+01  1.664137759617749e+03	8.119130507111549e-03 7.079542614519596e-03 1.039587892591953e-03	1.000000000000000e+00	55	0	292
293	-6.011018661435109e+01 -2.037822908252103e+02  2.042960918477926e+03	5.868314843003948e-03 4.578898117567102e-03 1.289416725436846e-03	1.000000000000000e+00	55	0	293
294	-3.893524060065417e+02  1.260379160221980e+02  2.368191131650001e+03	-4.360554109249885e-04 -4.786534166972463e-04  4.259800577225784e-05	1.000000000000000e+00	55	0	294
295	-6.039414336082143e+02  2.898573728013481e+02  1.989782647269178e+03	-7.683283688190083e-03 -8.321180900869271e-03  6.378972126791877e-04	1.000000000000000e+00	55	0	295
296	-4.289081133266577e+02 -7.492106050981664e+02  2.184881132898396e+03	 9.304627776145935e-03 -1.214133109897375e-02 -2.836703322827816e-03	1.000000000000000e+00	463	0	296
297	 5.430035337123282e+01 -4.330075986299506e+01  3.373999444831457e+03	-1.199742581229657e-02  1.057602104265243e-02 -1.421404769644141e-03	1.000000000000000e+00	463	0	297
298	9.916530181226416e+02 6.712574303505675e+02 2.577906623328602e+03	 5.743135822316011e-02 -3.948390545944373e-02  1.794745276371638e-02	1.000000000000000e+00	463	0	298
299	2.754028390944783e+02 1.899149804487961e+02 1.380313994398667e+03	-1.903478647970284e-03  1.716250776856517e-03 -1.872278711137672e-04	1.000000000000000e+00	463	0	299
301	-8.441867990267764e+01 -2.860325629489041e+02  2.992548608471638e+03	-5.223084706813097e-03  3.263381309807301e-03 -1.959703397005796e-03	1.000000000000000e+00	463	0	301
302	7.635241093457606e+02 4.882453367365601e+02 2.166765620937713e+03	 1.531751174479723e-02 -1.747595146298409e-02 -2.158439718186855e-03	1.000000000000000e+00	463	0	302
303	5.533706972816233e+02 3.054831014303866e+02 1.773849973567403e+03	 7.328963877322773e-03 -8.064306302306553e-03 -7.353424249837798e-04	1.000000000000000e+00	463	0	303
304	-5.657067581861746e+02  1.587714912909227e+02  3.648312751854386e+03	-6.123649266858895e-04  8.530119356388846e-03 -7.917754429702958e-03	1.000000000000000e+00	463	0	304
305	 7.025962958583154e+02 -5.537413012878039e+02  3.092522490388622e+03	 1.400504455280803e-04 -9.482853124306226e-03  9.342802678778147e-03	1.000000000000000e+00	463	0	305
306	 4.937775622197046e+02 -6.882021400825379e+02  2.782435397005597e+03	 4.339947675665219e-03  1.243168519188960e-02 -1.677163286755482e-02	1.000000000000000e+00	463	0	306
307	-7.640384710131016e+02 -1.343502884254438e+02  3.486399578581310e+03	-1.424076617695392e-04  1.302962969583943e-19  1.424076617695391e-04	1.000000000000000e+00	463	0	307
308	-1.402982906291402e+02 -6.665408464711469e+01  3.448329860235388e+03	 6.695210468024014e-04  4.696779069490731e-03 -5.366300116293132e-03	1.000000000000000e+00	463	0	308
309	 2.807220098739581e+02 -3.117424010030991e+02  3.272397876088275e+03	-7.920616675013070e-05 -3.783391567897828e-03  3.862597734647958e-03	1.000000000000000e+00	463	0	309
310	 9.279220233358942e+01 -6.142555562213914e+02  3.109474173030566e+03	 5.563706159591676e-03 -1.896005310118198e-02  1.339634694159031e-02	1.000000000000000e+00	463	0	310
311	-3.624511543910224e+02 -3.785700710735029e+02  3.329032044607289e+03	-9.311840015773970e-04 -6.495574857884397e-03  7.426758859461795e-03	1.000000000000000e+00	463	0	311
312	-1.607218813149964e+02 -7.320326491430700e+02  1.920887790303306e+03	 9.179057863851389e-03 -1.995403288553159e-02  1.077497502168020e-02	1.000000000000000e+00	55	0	312
313	 2.902256723052650e+02 -4.199176175728584e+01  7.798993492972610e+02	 2.214172661903528e-03 -2.227546607476446e-03  1.337394557291788e-05	1.000000000000000e+00	55	0	313
314	5.252140654661135e+02 2.637546475237385e+02 1.049508918095171e+03	-2.125882747350261e-04  2.087037719320506e-04  3.884508714691037e-06	1.000000000000000e+00	55	0	314
315	-3.040559159102146e+01 -2.624307559020260e+02  2.131313978578071e+03	-5.748744669321812e-19  2.122347126714884e-03 -2.122347126714887e-03	1.000000000000000e+00	55	0	315
316	 7.799118654838215e+01 -5.204496969548987e+02  1.470591770251757e+03	 2.493487112224102e-02 -1.647187396883965e-02 -8.462997153401375e-03	1.000000000000000e+00	55	0	316
317	 1.206950847202686e+02 -2.304595009543183e+02  1.137897676079290e+03	 1.750622317194939e-02 -1.262941770255566e-02 -4.876805469393730e-03	1.000000000000000e+00	55	0	317
318	3.648357794403788e+02 6.169545415314710e+01 1.411946397491497e+03	 5.599580472335219e-04  3.091781400144099e-05 -5.908758612349629e-04	1.000000000000000e+00	55	0	318
319	 1.496763095583139e+02 -8.897166719526291e+01  1.777772988721972e+03	-3.344878365169279e-03  3.501363520626910e-03 -1.564851554576308e-04	1.000000000000000e+00	55	0	319
320	 2.713810435068433e+02 -5.053896939884445e+01  3.737245766036712e+03	-2.817367446065570e-03 -2.538049816697215e-03 -2.793176293683549e-04	1.000000000000000e+00	463	0	320
321	-3.693273793948409e+02  8.868248012197988e+02  2.159173572516384e+03	1.129844978762170e-02 8.271308538193503e-03 3.027141249428193e-03	1.000000000000000e+00	463	0	321
323	 7.551235033372635e+01 -9.496829120816993e+02  1.831516133578226e+03	-1.893835901561640e-02 -1.894835740980246e-02 -9.998394186065850e-06	1.000000000000000e+00	463	0	323
324	4.887590318571969e+02 7.493271964562588e+02 1.956918701201951e+03	-7.595327964130169e-04 -1.540347681536029e-04 -6.054980282594139e-04	1.000000000000000e+00	463	0	324
325	 1.175350970043829e+02 -7.517735438065657e+02  3.086795506611961e+03	 1.760405907407403e-02 -1.026126556098461e-03  1.863018563017249e-02	1.000000000000000e+00	463	0	325
326	 9.086531416562286e+02 -2.714179384675031e+02  7.064898120819768e+02	 9.360739650825659e-03 -9.882948050896326e-03 -1.924368770172198e-02	1.000000000000000e+00	12	0	326
327	 2.483090771636451e+02 -9.206078535265329e+02  7.176439615155305e+02	 4.237685818225145e-03 -6.706516724079847e-03 -1.094420254230499e-02	1.000000000000000e+00	12	0	327
328	 3.139739686750587e+02 -2.731746453104819e+02  3.980761192479556e+03	9.762546978890894e-04 6.234810687601566e-03 5.258555989712477e-03	1.000000000000000e+00	16	0	328
329	 1.284969004320676e+01 -9.021252916513287e+02  3.652934824770561e+03	-2.701843429046373e-05 -3.651423952154194e-04 -3.381239609249557e-04	1.000000000000000e+00	16	0	329
330	5.858253377378942e+02 7.546945120476947e+02 3.341632040543518e+03	-8.941727612788478e-03  5.176146592323979e-03 -3.765581020464500e-03	1.000000000000000e+00	19	0	330
331	 3.009867747121941e+02 -7.843142953786647e+02  1.517784670091459e+03	 1.437667928015192e-02 -7.300983803967635e-03  7.075695476184289e-03	1.000000000000000e+00	19	0	331
332	-8.292773158381456e+02 -4.224039406387252e+02  6.859958315276327e+02	-4.405292565934358e-04  4.154918686253950e-03 -3.714389429660514e-03	1.000000000000000e+00	453	0	332
333	 1.731421055638255e+02 -7.899019415739452e+02  5.107441106088174e+01	-2.618686218435562e-04  1.546766715667521e-02 -1.520579853483165e-02	1.000000000000000e+00	453	0	333
334	9.490451361579487e+02 3.850607816865615e+02 2.520631096675537e+03	9.950790709505478e-03 4.425152825812498e-03 1.437594353531798e-02	1.000000000000000e+00	26	0	334
335	5.315849183324366e+02 9.205452982924483e+02 2.638655395455911e+03	1.010303463165959e-02 4.654355657597383e-03 1.475739028925697e-02	1.000000000000000e+00	26	0	335
336	-3.007825309342866e+02  9.228948082578822e+02  1.830374957450227e+03	1.509839560215672e-02 1.617165670419733e-02 1.073261102040608e-03	1.000000000000000e+00	463	0	336
337	5.593270307956374e+02 2.230123686947375e+02 2.703829561571577e+02	9.448355839898189e-03 1.156841606522600e-02 2.120060225327809e-03	1.000000000000000e+00	463	0	337
338	7.571003611070878e+02 7.719838821080805e+02 2.154588640871485e+03	1.320146257057786e-03 7.134418585337698e-03 5.814272328279912e-03	1.000000000000000e+00	463	0	338
339	-7.478546663028575e+02  3.599976614475498e+02  3.247557447620900e+03	-5.603310807297628e-04 -3.209097737756868e-03 -2.648766657027105e-03	1.000000000000000e+00	463	0	339
340	-4.833635343847635e+02  2.298834727391213e+02  1.186041807143182e+03	 3.927993588149548e-03  4.443359095603228e-03 -5.153655074536798e-04	1.000000000000000e+00	55	0	340
341	 1.898209403704346e+02 -4.283298621203936e+02  2.517439616757895e+03	-9.501609990062816e-05 -8.420374409373228e-04  7.470213410366948e-04	1.000000000000000e+00	55	0	341
342	-1.158900297988834e+02 -8.219929381253574e+01  2.849890717692393e+03	8.495828990514079e-03 5.445142354195316e-03 3.050686636318763e-03	1.000000000000000e+00	55	0	342
343	-8.535687825741687e+02  5.205075545718546e+02  1.509505116532717e+03	-8.747165091335773e-03 -5.869261454790831e-03 -2.877903636544943e-03	1.000000000000000e+00	55	0	343
344	-1.857895447068033e+02 -4.568445937554711e+01  1.759183728935810e+03	7.839106915829083e-03 6.553344467344384e-03 1.285762448484699e-03	1.000000000000000e+00	55	0	344
345	-1.094572732089052e+02 -1.557832404211535e+02  1.945614781479315e+03	6.851039763811666e-03 6.623626749690932e-03 2.274130141207329e-04	1.000000000000000e+00	55	0	345
346	-4.433219278860020e+02  1.665988179674399e+02  2.273660707825299e+03	-2.359059183315063e-03 -2.587283253281688e-03  2.282240699666242e-04	1.000000000000000e+00	55	0	346
347	-5.506168615022044e+02  2.484877551778763e+02  2.084476836998660e+03	-6.017608083008478e-03 -6.558100712330391e-03  5.404926293219130e-04	1.000000000000000e+00	55	0	347
348	-5.107688083720245e+02 -7.745562534878444e+02  2.077674789463351e+03	 2.635349053889513e-03 -6.367598194628954e-03 -3.732249140739441e-03	1.000000000000000e+00	463	0	348
350	1.000000000000000e+03 7.539647025493038e+02 2.668960877404696e+03	-2.569850334700277e-17 -3.651961684226985e-03 -3.651961684226995e-03	1.000000000000000e+00	463	1	350
351	2.248884442545884e+02 1.373255272291075e+02 1.277210146339088e+03	-2.719022333621979e-03  2.098473254591227e-03 -6.205490790307522e-04	1.000000000000000e+00	463	0	351
353	-1.116084419785983e+02 -3.555060851119546e+02  2.895885324232667e+03	-1.195353184205790e-02  1.475573882150153e-02  2.802206979443629e-03	1.000000000000000e+00	463	0	353
354	7.088572163826656e+02 4.480133350450960e+02 2.071866726283154e+03	 1.416288892505690e-02 -1.509332080604509e-02 -9.304318809881802e-04	1.000000000000000e+00	463	0	354
355	6.084208779109364e+02 3.513028714959871e+02 1.874719924262316e+03	 9.675896988483146e-03 -9.981423354474828e-03 -3.055263659916819e-04	1.000000000000000e+00	463	0	355
356	-6.740226833170160e+02  2.032490736422164e+02  3.712151094633933e+03	-1.807006075978279e-03  6.759133189916611e-03 -4.952127113938332e-03	1.000000000000000e+00	463	0	356
357	 8.135957379247312e+02 -6.028923157103459e+02  3.030674062744748e+03	 2.506830574323734e-03 -8.831516994784275e-03  6.324686420460542e-03	1.000000000000000e+00	463	0	357
358	 5.954753026154636e+02 -7.600746675948025e+02  2.752610184122103e+03	 3.511277493089437e-03  9.067354025319219e-03 -1.257863151840866e-02	1.000000000000000e+00	463	0	358
359	-9.319848933883452e+02 -1.343502884254438e+02  3.654346000956553e+03	-8.005090057849884e-03  8.099359915129213e-19  8.005090057849884e-03	1.000000000000000e+00	463	0	359
360	-3.537245830733016e+01 -1.323319332627375e+02  3.409081876529201e+03	-1.295703623327427e-04 -7.163254667830188e-05  2.012029144680128e-04	7.500000000000000e-01	463	0	360
361	 1.742262558399349e+02 -2.611020773097643e+02  3.328253306428963e+03	-1.209457162379597e-04 -2.566182765197785e-03  2.687128481435745e-03	1.000000000000000e+00	463	0	361
362	-4.297796649753956e+01 -5.463732429451469e+02  3.177362028585451e+03	 9.204544767271649e-05 -1.501205006934470e-02  1.492000462167198e-02	1.000000000000000e+00	463	0	362
363	-2.559342584598789e+02 -4.392871548528564e+02  3.283232232455499e+03	-6.020346966882549e-04 -1.104257449818154e-02  1.164460919486980e-02	1.000000000000000e+00	463	0	363
364	-2.676093542386882e+02 -7.069724440070280e+02  2.002715058090956e+03	 1.667591665561000e-03 -8.596686607537171e-03  6.929094941976170e-03	1.000000000000000e+00	55	0	364
365	3.364729682650492e+02 7.278631536950564e+00 6.843816600432403e+02	 1.252620461552093e-03 -4.165350304295619e-04 -8.360854311225315e-04	1.000000000000000e+00	55	0	365
366	5.723314474038953e+02 3.084397561238138e+02 9.577064275573143e+02	-2.802551850133265e-04  4.831558665803944e-04 -2.029006815670679e-04	1.000000000000000e+00	55	0	366
367	-8.391651761290994e+01 -3.175262551563218e+02  2.239920403854255e+03	-1.388347620377317e-03 -3.215981996618212e-04  1.709945820039138e-03	1.000000000000000e+00	55	0	367
368	 9.274791173805153e+01 -4.404640380286166e+02  1.375849386135805e+03	 2.444106899201870e-02 -1.467196643352509e-02 -9.769102558493614e-03	1.000000000000000e+00	55	0	368
369	 1.064462383753647e+02 -2.946803293205931e+02  1.216367350790468e+03	 2.274017191181580e-02 -1.367199917634328e-02 -9.068172735472521e-03	1.000000000000000e+00	55	0	369
370	2.995659764615392e+02 3.410448491440117e+01 1.504807169709083e+03	-5.754882707454574e-04  6.923110801532555e-04 -1.168228094077979e-04	1.000000000000000e+00	55	0	370
371	 1.967376730001777e+02 -4.523581145692009e+01  1.686975769541766e+03	-2.446774165340079e-03  2.535316622622001e-03 -8.854245728192230e-05	1.000000000000000e+00	55	0	371
372	-7.200943544285593e+00  2.127595399253409e+02  3.195365269661398e+03	6.538740926771425e-04 3.937764922739007e-04 2.600976004032418e-04	7.500000000000000e-01	463	0	372
373	-1.762912693704804e+02  5.616293688784996e+02  2.677405114882044e+03	5.082394432974979e-03 4.697512864368036e-03 3.848815686069428e-04	1.000000000000000e+00	463	0	373
374	-4.007850924083637e+02 -2.716059306539639e+02  2.985890557748051e+03	1.320469464796285e-02 1.635729343009492e-02 3.152598782132070e-03	1.000000000000000e+00	463	0	374
375	-2.067785867935351e+02 -6.657793548763067e+02  2.397710627910880e+03	-7.987586626162132e-03 -4.655225823322932e-03  3.332360802839200e-03	1.000000000000000e+00	463	0	375
376	2.928817448270290e+02 2.349140424356305e+02 2.275454568192411e+03	-7.965309700618187e-03 -1.105355874945720e-03 -6.859953825672467e-03	1.000000000000000e+00	463	0	376
377	 2.212510105932698e+02 -2.560715202990317e+02  2.694809396693314e+03	-7.501175627112389e-03 -3.651469713076949e-03 -3.849705914035439e-03	1.000000000000000e+00	463	0	377
378	 6.864320615081745e+02 -4.852796286545034e+02  7.148492020430306e+02	 7.771490762631098e-03 -8.153849436591068e-03 -1.592534019922217e-02	1.000000000000000e+00	12	0	378
379	 4.693887092993673e+02 -7.031087645326165e+02  7.140634183737246e+02	 7.295408596595128e-03 -7.230826498319705e-03 -1.452623509491483e-02	1.000000000000000e+00	12	0	379
380	 1.700522126312631e+02 -4.848943186455698e+02  3.912963275188263e+03	-1.818892780768995e-02 -8.624950811887777e-04  1.732643272650118e-02	1.000000000000000e+00	16	0	380
381	 8.990804170063130e+01 -6.934669875533516e+02  3.784534777211113e+03	-9.314210192921260e-03 -1.570745448892315e-03  7.743464744028945e-03	1.000000000000000e+00	16	0	381
382	4.785909865756170e+02 2.483854667367544e+02 2.728088644070301e+03	-1.357504884557178e-03  9.267618103573719e-04 -4.307430741998057e-04	1.000000000000000e+00	19	0	382
383	 3.014035269461508e+02 -2.164876406494385e+02  2.086028077054641e+03	-9.069511822114388e-03  4.803747249146302e-03 -4.265764572968085e-03	1.000000000000000e+00	19	0	383
384	-4.931201387901692e+02 -5.596773037310845e+02  4.871120175720158e+02	-5.654376388217012e-04  4.083389901400854e-03 -3.517952262579153e-03	1.000000000000000e+00	453	0	384
385	-1.594852868404212e+02 -6.809797491913782e+02  2.747796110825615e+02	-1.439548252771298e-03  7.313054598247011e-03 -5.873506345475714e-03	1.000000000000000e+00	453	0	385
386	8.010351669067323e+02 5.617852310616511e+02 2.549345576799411e+03	9.020773538698753e-03 5.462747377653917e-03 1.448352091635267e-02	1.000000000000000e+00	26	0	386
387	6.658115696774263e+02 7.367157383605232e+02 2.589052486868976e+03	1.248771014312903e-02 4.577427792052427e-03 1.706513793518146e-02	1.000000000000000e+00	26	0	387
388	-2.571657369008324e+01  6.750542844752088e+02  1.307468476423350e+03	9.254691229822734e-03 1.013355418884506e-02 8.788629590223233e-04	1.000000000000000e+00	463	0	388
389	2.721160163733541e+02 4.466671716322583e+02 7.812487735169618e+02	 1.014027907513082e-02  9.738102788105607e-03 -4.021762870252133e-04	1.000000000000000e+00	463	0	389
390	2.581435654706059e+02 6.377742513716046e+02 2.519335805771491e+03	2.577492268756032e-04 1.120664877817035e-03 8.629156509414315e-04	1.000000000000000e+00	463	0	390
391	-2.416276404137853e+02  5.006353604365066e+02  2.881968120720785e+03	7.409509659434358e-04 2.182217101411273e-03 1.441266135467837e-03	1.000000000000000e+00	463	0	391
392	-3.708057303333936e+02  1.548078338706264e+02  1.373675250063046e+03	 6.842982023954391e-03  7.900863885879517e-03 -1.057881861925125e-03	1.000000000000000e+00	55	0	392
393	-2.613348021507313e+02  7.137207746558832e+01  1.566581934650747e+03	8.303133829031140e-03 8.078959712292999e-03 2.241741167381408e-04	1.000000000000000e+00	55	0	393
394	 6.899946652969248e+01 -3.571379765192468e+02  2.325426257316006e+03	-2.296669183579070e-04 -2.188219375511835e-04 -1.084498080672347e-05	5.625000000000000e-01	55	0	394
396	-2.215626521515570e+02  1.124511582428819e+01  2.650773685702895e+03	 6.350081375179191e-03  7.239731998803715e-03 -8.896506236245235e-04	1.000000000000000e+00	55	0	396
397	-3.348624119305721e+02  8.612721927264886e+01  2.462591822475520e+03	 1.734087951869393e-03  1.952168056353306e-03 -2.180801044839124e-04	1.000000000000000e+00	55	0	397
398	-7.593119268846448e+02  4.191923952847739e+02  1.705077131509322e+03	-1.121250071446411e-02 -1.154978483100422e-02  3.372841165401039e-04	1.000000000000000e+00	55	0	398
399	-6.567615533933910e+02  3.318863777352605e+02  1.894933522550089e+03	-9.213119687046856e-03 -9.860763384494931e-03  6.476436974480748e-04	1.000000000000000e+00	55	0	399
400	-3.660074435029203e+02 -7.102646541408335e+02  2.286727753679466e+03	 1.181382026212911e-02 -1.365138877493640e-02 -1.837568512807290e-03	1.000000000000000e+00	463	0	400
402	 6.803732875171449e+00 -8.254995377833453e+01  3.287253630420057e+03	-7.577842038396436e-03  7.630736630138320e-03  5.289459174188477e-05	1.000000000000000e+00	463	0	402
403	-6.956694397798243e+01 -2.062023939131061e+02  3.087230513432131e+03	-1.593800135500108e-03  1.112945503943289e-03 -4.808546315568188e-04	1.000000000000000e+00	463	0	403
404	9.305157568483626e+02 6.297301267253218e+02 2.475242058429077e+03	 3.232378469935308e-02 -3.376685498127093e-02 -1.443070281917849e-03	1.000000000000000e+00	463	0	404
405	8.254681939699562e+02 5.265823292930728e+02 2.267046698118422e+03	 1.686586761691918e-02 -1.874003237268577e-02 -1.874164755766591e-03	1.000000000000000e+00	463	0	405
406	3.554802634849967e+02 2.094291530161157e+02 1.479905591356505e+03	 1.569296582601964e-04 -8.565652387915179e-05  7.127313438104466e-05	1.000000000000000e+00	463	0	406
407	4.930877362138585e+02 2.658789021325931e+02 1.673962813201844e+03	 4.747713101096451e-03 -5.638188100419939e-03 -8.904749993234873e-04	1.000000000000000e+00	463	0	407
408	-4.588451682526345e+02  1.079313109415473e+02  3.592291342270220e+03	-5.383537791203680e-05  9.001485210319515e-03 -8.947649832407478e-03	1.000000000000000e+00	463	0	408
409	-2.460093974975809e+02 -5.148227055889508e+00  3.492535109512604e+03	 6.117081502452494e-04  6.972490751650184e-03 -7.584198901895434e-03	1.000000000000000e+00	463	0	409
410	 5.951677873963207e+02 -4.959308881093044e+02  3.142140585672118e+03	-7.696516501406826e-04 -8.453637283916274e-03  9.223288934056958e-03	1.000000000000000e+00	463	0	410
411	 3.849905098319398e+02 -3.691741958451038e+02  3.225561170972297e+03	-6.417436525225640e-04 -5.304736085236073e-03  5.946479737758636e-03	1.000000000000000e+00	463	0	411
412	 3.926052787903752e+02 -6.136948969349100e+02  2.809100437287299e+03	 5.766565290590127e-03  1.521262836953004e-02 -2.097919366012017e-02	1.000000000000000e+00	463	0	412
413	 1.852619766708759e+02 -6.341180435239540e+02  3.036866885995842e+03	 3.218216224373158e-19 -8.594163134694099e-02  8.594163134694099e-02	1.000000000000000e+00	463	0	413
414	-6.453982988906158e+02 -1.343502884254438e+02  3.367759406458824e+03	 2.856491599231958e-02 -5.394179847826562e-19 -2.856491599231958e-02	1.000000000000000e+00	463	0	414
415	-4.664683977973086e+02 -3.109024102715308e+02  3.365381627211603e+03	 1.259610134487351e-03  2.209566029099126e-03 -3.469176163586478e-03	1.000000000000000e+00	463	0	415
416	-6.770506184161016e+01 -7.220653874965803e+02  1.817903709183431e+03	 1.911625312641263e-02 -2.675630478188396e-02  7.640051655471325e-03	1.000000000000000e+00	55	0	416
417	 5.376329949743674e+01 -6.038946460566125e+02  1.578264606404416e+03	 2.732752216979861e-02 -2.147172624245286e-02 -5.855795927345753e-03	1.000000000000000e+00	55	0	417
418	 2.416047735042330e+02 -8.472797357561576e+01  8.712564599166229e+02	 3.507377167503970e-03 -3.655888552505834e-03  1.485113850018630e-04	1.000000000000000e+00	55	0	418
419	 1.507460250106015e+02 -1.745725454231644e+02  1.051959780257803e+03	 1.024555251933634e-02 -9.065378224477172e-03 -1.180174294859171e-03	1.000000000000000e+00	55	0	419
420	4.819800266633059e+02 2.159314342468534e+02 1.140566170174864e+03	 5.290002445690334e-04 -4.959340440109372e-04 -3.306620055809620e-05	1.000000000000000e+00	55	0	420
421	4.128366841055685e+02 1.018010017976780e+02 1.323839945181777e+03	 1.010431423007200e-03 -1.465643542663505e-03  4.552121196563045e-04	1.000000000000000e+00	55	0	421
422	-5.311526840227983e+00 -2.072830546879988e+02  2.051072212613250e+03	-5.023360213575264e-03  4.507734479072194e-03  5.156257345030704e-04	1.000000000000000e+00	55	0	422
423	 9.999820965467728e+01 -1.289605817174581e+02  1.867440003147804e+03	-4.022671821682404e-03  4.496829603643467e-03 -4.741577819610635e-04	1.000000000000000e+00	55	0	423
424	 3.170168736175477e+02 -1.375930835491537e+02  3.869935710297726e+03	-2.348373197795202e-03 -1.645559774866949e-03 -7.028134229282538e-04	1.000000000000000e+00	463	0	424
425	-4.127429081015827e+02  9.915711593349007e+02  2.011011685694541e+03	 6.577157459105363e-03  6.577157459105368e-03 -4.667049253373181e-18	1.000000000000000e+00	463	0	425
427	 1.686384312124840e+02 -1.000000000000000e+03  1.688072964781168e+03	-5.466865375638007e-03  6.662603556609517e-18  5.466865375638011e-03	1.000000000000000e+00	463	1	427
428	5.314483338996861e+02 8.769128795919401e+02 1.872022320108759e+03	2.803718166736265e-03 5.267820476243893e-04 2.276936119111876e-03	1.000000000000000e+00	463	0	428
429	 5.210649475825203e+01 -8.810941662521136e+02  3.150687526811378e+03	5.648710650954551e-03 4.712003768266497e-05 5.601590613271886e-03	1.000000000000000e+00	463	0	429
430	5.948055312904577e+02 8.916184912830796e+02 3.487536213331467e+03	-1.520723104476929e-02  8.642809465527534e-03 -6.564421579241753e-03	1.000000000000000e+00	19	0	430
431	 2.905552178442786e+02 -9.242164949229771e+02  1.367450913679231e+03	 2.494530441860358e-02 -1.695685957868894e-02  7.988444839914640e-03	1.000000000000000e+00	19	0	431
432	-9.162509303974597e+02 -3.863344288580481e+02  7.368999343062698e+02	-6.051102730756006e-04  4.150934032319734e-03 -3.545823759244134e-03	1.000000000000000e+00	453	0	432
433	 2.700649733237071e+02 -8.357503982729448e+02  0.000000000000000e+00	-1.298237909213640e-02  1.298237909213640e-02  4.468913886991842e-18	1.000000000000000e+00	453	1	433
434	-3.843273026982955e+02  9.780443896741236e+02  1.969069310630477e+03	1.232729945331812e-02 1.462781056761742e-02 2.300511114299298e-03	1.000000000000000e+00	463	0	434
435	6.419665359399047e+02 1.735226342719486e+02 1.382537165901015e+02	6.485303737766420e-03 6.939097433739032e-03 4.537936959726114e-04	1.000000000000000e+00	463	0	435
436	8.888345523402465e+02 8.196615170568278e+02 2.070532084587074e+03	1.799713975439469e-03 7.742930746947725e-03 5.943216771508257e-03	1.000000000000000e+00	463	0	436
437	-8.764140885708794e+02  3.126581919197816e+02  3.328777400361153e+03	-7.742558761189383e-04 -4.955934321818252e-03 -4.181678445699315e-03	1.000000000000000e+00	463	0	437
438	-2.615137206898587e+01  3.167255442558504e+02  3.072448836806188e+03	-1.785587664926425e-04 -1.063009767676704e-04 -7.225778972497210e-05	1.000000000000000e+00	463	0	438
439	-1.194581331174132e+02  5.183521835128527e+02  2.777515436500758e+03	 3.597878254367969e-03  3.597878254367971e-03 -1.021704538645014e-18	1.000000000000000e+00	463	0	439
440	-3.110243840751503e+02 -3.188052751083861e+02  2.848930504960415e+03	1.069677638588473e-02 1.126995478989556e-02 5.731784040108324e-04	1.000000000000000e+00	463	0	440
441	-2.531442276647838e+02 -6.122212039164539e+02  2.497634419741981e+03	 6.441186739681595e-18 -2.093825954943895e-02 -2.093825954943896e-02	1.000000000000000e+00	463	0	441
442	2.421807433854353e+02 1.023317996339188e+02 2.357335809552529e+03	-9.092252934351563e-03 -2.558271400630474e-03 -6.533981533721089e-03	1.000000000000000e+00	463	0	442
443	 2.211936458582680e+02 -1.439088008729009e+02  2.582589312532181e+03	-7.006062272315224e-03 -3.499096414695183e-03 -3.506965857620040e-03	1.000000000000000e+00	463	0	443
444	4.416214635160656e+02 1.287363422006392e+02 2.571469996474634e+03	-3.197305098486444e-03  2.369188043909768e-03 -8.281170545766751e-04	1.000000000000000e+00	19	0	444
445	 3.183700483538603e+02 -7.830567639700666e+01  2.241176562714783e+03	-9.223106394832334e-03  6.610833496476213e-03 -2.612272898356120e-03	1.000000000000000e+00	19	0	445
446	-4.093449299058248e+02 -5.917468495339450e+02  4.354063544905319e+02	-6.616656513263782e-04  4.349664707357685e-03 -3.687999056031307e-03	1.000000000000000e+00	453	0	446
447	-2.424532736464216e+02 -6.524597869864235e+02  3.292276356836072e+02	-1.064926696320375e-03  5.858953498924772e-03 -4.794026802604397e-03	1.000000000000000e+00	453	0	447
448	4.952198895638941e+01 6.210224189168192e+02 1.178198048218487e+03	8.722890013207992e-03 9.876776641855637e-03 1.153886628647645e-03	1.000000000000000e+00	463	0	448
449	2.038805417285427e+02 5.129932051912343e+02 9.158102817207492e+02	9.397426387295127e-03 1.000232924707234e-02 6.049028597772123e-04	1.000000000000000e+00	463	0	449
450	1.304256956218290e+02 5.966849377593844e+02 2.605964362008048e+03	2.399754497067382e-04 1.123242657437610e-03 8.832672077308720e-04	1.000000000000000e+00	463	0	450
452	1.903783758334761e+02 2.616295090390254e+01 3.579541178060598e+03	-1.019174000248315e-03 -2.108518222775464e-18 -1.019174000248311e-03	1.000000000000000e+00	463	0	452
453	9.273860732688062e+00 1.060030368452505e+02 3.318596577018462e+03	5.502731166779995e-02 3.748479578644037e-02 1.754251588135958e-02	7.500000000000000e-01	463	0	453
454	-3.343926067497385e+02  7.963536700756069e+02  2.284579476305679e+03	1.160860154777765e-02 8.956347592175007e-03 2.652253955602646e-03	1.000000000000000e+00	463	0	454
455	-2.371193993529589e+02  6.337197998516796e+02  2.544486553926386e+03	6.829694359718512e-03 6.248383336545278e-03 5.813110231732327e-04	1.000000000000000e+00	463	0	455
457	-4.877816254040038e+02 -2.254184983582517e+02  3.119074523039404e+03	1.399331633001566e-02 1.686152443289757e-02 2.868208102881908e-03	1.000000000000000e+00	463	0	457
458	 5.558577181418199e+00 -8.744811584285014e+02  1.976671660383732e+03	-1.669916337899243e-02 -1.573080742188419e-02  9.683559571082392e-04	1.000000000000000e+00	463	0	458
459	-1.186494347692572e+02 -7.147401983688409e+02  2.260620632394068e+03	-1.451483178728571e-02 -1.514058191484461e-02 -6.257501275589075e-04	1.000000000000000e+00	463	0	459
460	4.470029393959282e+02 6.218640789590822e+02 2.042625726237859e+03	-4.096304047076653e-03 -7.531116328512629e-04 -3.343192414225390e-03	1.000000000000000e+00	463	0	460
461	3.428961519180158e+02 3.637680272580595e+02 2.196614990460969e+03	-6.692025829882671e-03 -8.745356850946945e-04 -5.817490144787977e-03	1.000000000000000e+00	463	0	461
463	 2.166738633569259e+02 -3.707021007868740e+02  2.804862829944812e+03	-1.503129856428131e-02 -5.496869212947786e-03 -9.534429351333529e-03	5.625000000000000e-01	463	0	463
464	5.670017489938405e+02 6.231466667155790e+02 3.191260606467349e+03	-3.940547350794077e-03  2.419676398858428e-03 -1.520870951935649e-03	1.000000000000000e+00	19	0	464
465	5.115357294436917e+02 3.708286960543625e+02 2.883476616255984e+03	-3.357694804435596e-04  2.273053833050653e-04 -1.084640971384943e-04	7.500000000000000e-01	19	0	465
466	 2.967692134309095e+02 -6.393868270556820e+02  1.658494577133157e+03	 4.460933618247509e-03 -2.112171379849315e-03  2.348762238398194e-03	1.000000000000000e+00	19	0	466
467	 2.990238327254480e+02 -3.567760130481774e+02  1.943360010435200e+03	-5.328688304871321e-03  2.731694141402841e-03 -2.596994163468480e-03	1.000000000000000e+00	19	0	467
468	-7.450762977441842e+02 -4.579185789829530e+02  6.373094517778990e+02	-4.361416795291007e-04  4.158913070568815e-03 -3.722771391039714e-03	1.000000000000000e+00	453	0	468
469	-5.770531398463935e+02 -5.266037982035523e+02  5.379715131007076e+02	-5.038808643197020e-04  4.010297804294775e-03 -3.506416939975073e-03	1.000000000000000e+00	453	0	469
470	 8.914635540336302e+01 -7.615265406877653e+02  1.066947603351643e+02	-3.017026775827010e-03  1.487782124119500e-02 -1.186079446536799e-02	1.000000000000000e+00	453	0	470
471	-7.680706244481783e+01 -7.082450209226770e+02  2.193666584182568e+02	-1.923660825317104e-03  9.125382678272823e-03 -7.201721852955719e-03	1.000000000000000e+00	453	0	471
472	-2.301272754454715e+02  8.607315666895992e+02  1.697556460393128e+03	1.466495085818072e-02 1.493068404185275e-02 2.657331836720307e-04	1.000000000000000e+00	463	0	472
473	-9.720021682772347e+01  7.329627497754374e+02  1.436860584861219e+03	1.034506295885270e-02 1.085244419906909e-02 5.073812402163941e-04	1.000000000000000e+00	463	0	473
474	4.753951770620510e+02 2.674570236549523e+02 3.987594648509588e+02	9.939212507257860e-03 1.215910057847698e-02 2.219888071219127e-03	1.000000000000000e+00	463	0	474
475	3.310179984579826e+02 3.743701726979450e+02 6.500497924980201e+02	 1.057102903723717e-02  1.005149818956852e-02 -5.195308476686481e-04	1.000000000000000e+00	463	0	475
476	6.356907258965364e+02 7.346686838291341e+02 2.238683077803090e+03	1.797585670525829e-03 6.404010074523588e-03 4.606424403997759e-03	1.000000000000000e+00	463	0	476
477	3.847687560575107e+02 6.737535480522099e+02 2.428689911865192e+03	3.795056254602969e-04 1.501226885011420e-03 1.121721259551123e-03	1.000000000000000e+00	463	0	477
478	-6.201143901757063e+02  4.027272738394418e+02  3.162546783885641e+03	-3.513578946391742e-04 -1.643824643300225e-03 -1.292466748661051e-03	1.000000000000000e+00	463	0	478
479	-3.673709145923600e+02  4.732023062800886e+02  2.980278340742941e+03	1.832679166303327e-04 6.930206388157482e-04 5.097527221854156e-04	1.000000000000000e+00	463	0	479
481	 3.248959029183301e+02 -1.928752320735046e+02  3.933096888122859e+03	-4.195104314324756e-03 -1.678807816157738e-03 -2.516296498167018e-03	1.000000000000000e+00	463	0	481
484	6.040402581076123e+02 9.641887295138602e+02 3.569341178379402e+03	-8.312041095147530e-03  5.429424190272887e-03 -2.882616904874643e-03	1.000000000000000e+00	19	0	484
485	 2.654087288882252e+02 -9.950574220393833e+02  1.271463497606771e+03	 2.412463732374211e-02 -2.760807603287200e-02 -3.483438709129890e-03	1.000000000000000e+00	19	0	485
487	6.861406965392238e+02 1.345074522037227e+02 5.506437392255658e+01	 1.092103033442982e-02  1.051850986550562e-02 -4.025204689241943e-04	1.000000000000000e+00	463	0	487
488	-3.938941838558137e+01  3.666147628236387e+02  3.009321571921804e+03	7.313183086807840e-04 5.219779050094076e-04 2.093404036713764e-04	7.500000000000000e-01	463	0	488
489	-7.629174210893835e+01  4.628664665477414e+02  2.876167544474345e+03	 3.235420871836444e-03  3.653911214011411e-03 -4.184903421749673e-04	1.000000000000000e+00	463	0	489
492	4.172421034016821e+02 7.395592817516524e+01 2.492310222334776e+03	-4.025599958064656e-03  3.300192494255801e-03 -7.254074638088546e-04	1.000000000000000e+00	19	0	492
493	 3.468450799602272e+02 -2.128575605245128e+01  2.326671514665705e+03	-6.695921610419949e-03  5.560790111000339e-03 -1.135131499419610e-03	1.000000000000000e+00	19	0	493
494	8.817605654845029e+01 5.949770711402566e+02 1.113498632849864e+03	8.689247925455371e-03 9.911650869374474e-03 1.222402943919102e-03	1.000000000000000e+00	463	0	494
496	-3.135317965676074e+02  7.531566282357051e+02  2.348637328327712e+03	1.041194121353328e-02 8.425026433542371e-03 1.986914779990911e-03	1.000000000000000e+00	463	0	496
497	-2.647172496640029e+02  6.718337511143593e+02  2.478774752352662e+03	7.866794146442166e-03 6.929691977954159e-03 9.371021684880057e-04	1.000000000000000e+00	463	0	497
498	-6.162936939792467e+02 -1.477941064724303e+02  3.325210983500468e+03	9.314453229308128e-03 1.163291092962027e-02 2.318457700312138e-03	1.000000000000000e+00	463	0	498
499	-5.302111290168926e+02 -2.006737416173183e+02  3.186248783393226e+03	1.315121639830371e-02 1.556328583198289e-02 2.412069433679183e-03	1.000000000000000e+00	463	0	499
500	-2.665290903478629e+01 -8.337680587282752e+02  2.049596246300162e+03	-1.494741067290306e-02 -1.360519044101238e-02  1.342220231890678e-03	1.000000000000000e+00	463	0	500
501	-8.584306966411461e+01 -7.505452800181732e+02  2.192009185639593e+03	-1.442796178162098e-02 -1.335952803492546e-02  1.068433746695519e-03	1.000000000000000e+00	463	0	501
502	5.554234020050926e+02 5.585260372582903e+02 3.115061630021312e+03	-2.264746445386360e-03  1.425225656324377e-03 -8.395207890619834e-04	1.000000000000000e+00	19	0	502
503	5.276618650311169e+02 4.323214902324847e+02 2.961095546021531e+03	-4.136844690947328e-04  2.760010720521677e-04 -1.376833970425650e-04	7.500000000000000e-01	19	0	503
504	 2.953491414697009e+02 -5.676792790298260e+02  1.728782053197804e+03	 1.560739590786397e-03 -7.711718790233135e-04  7.895677117630839e-04	1.000000000000000e+00	19	0	504
505	 2.977346985198516e+02 -4.270365768994296e+02  1.871810312378351e+03	-3.051738526361684e-03  1.570005163860818e-03 -1.481733362500866e-03	1.000000000000000e+00	19	0	505
506	-1.970599284300155e+02  8.279019261346398e+02  1.631659472822713e+03	1.353562355992229e-02 1.356908294352858e-02 3.345938360628987e-05	1.000000000000000e+00	463	0	506
507	-1.313467687096568e+02  7.635133975750781e+02  1.501557784542793e+03	1.120186790164250e-02 1.147096876714689e-02 2.691008655043940e-04	1.000000000000000e+00	463	0	507
508	 2.970715107604852e+02 -9.161616464429605e+01  3.804013428535805e+03	-2.271381206810474e-03 -1.876604976132512e-03 -3.947762306779624e-04	1.000000000000000e+00	463	0	508
509	 2.326491542292402e+02 -4.435927177532413e+00  3.652410834537797e+03	-3.992976135729502e-03 -3.732982343838861e-03 -2.599937918906410e-04	1.000000000000000e+00	463	0	509
510	-3.862144007577259e+02  9.335569066639326e+02  2.095554445709366e+03	9.155409410595894e-03 7.012302521616220e-03 2.143106888979673e-03	1.000000000000000e+00	463	0	510
511	-3.524825266438247e+02  8.412943797769384e+02  2.221548846710261e+03	1.203136867843568e-02 8.910837816074491e-03 3.120530862361193e-03	1.000000000000000e+00	463	0	511
514	 1.129567205485917e+02 -9.858754525096613e+02  1.757879222935399e+03	-1.043243054300547e-02 -1.835745573043823e-02 -7.925025187432766e-03	1.000000000000000e+00	463	0	514
515	 3.987824582606906e+01 -9.132126331242187e+02  1.903620517043364e+03	-1.893839802748213e-02 -1.851880919033040e-02  4.195888371517256e-04	1.000000000000000e+00	463	0	515
516	5.920696180376717e+02 8.219483415557884e+02 3.415130150351390e+03	-1.193845737725496e-02  6.517229601740837e-03 -5.421227775514126e-03	1.000000000000000e+00	19	0	516
517	5.770999546297555e+02 6.886352805881703e+02 3.266847425975855e+03	-6.200254894793034e-03  3.714773338288069e-03 -2.485481556504965e-03	1.000000000000000e+00	19	0	517
518	 2.988060684132359e+02 -8.549642831085781e+02  1.444953976062587e+03	 1.873095302532117e-02 -1.042576165248950e-02  8.305191372831663e-03	1.000000000000000e+00	19	0	518
519	 2.997156459119315e+02 -7.121799097305661e+02  1.588647926939295e+03	 8.763758465647697e-03 -4.208949394524097e-03  4.554809071123600e-03	1.000000000000000e+00	19	0	519
520	-3.386260200625963e+02  9.526638524820081e+02  1.897987490802662e+03	1.490632141940296e-02 1.716916286386549e-02 2.262841444462538e-03	1.000000000000000e+00	463	0	520
521	-2.648690958835173e+02  8.923813678567723e+02  1.763948081998347e+03	1.460681682995831e-02 1.523664207585777e-02 6.298252458994594e-04	1.000000000000000e+00	463	0	521
522	6.012051968847801e+02 2.000787056822842e+02 2.055711270555617e+02	7.608066235358516e-03 8.980314324920377e-03 1.372248089561860e-03	1.000000000000000e+00	463	0	522
523	-1.570559852813071e+01  2.652562269344122e+02  3.134363927668481e+03	-7.247931692594042e-04 -4.486256317856411e-04 -2.761675374737630e-04	1.000000000000000e+00	463	0	523
524	5.436840348662447e-01 1.595996550490013e+02 3.256269782116889e+03	1.519178319722414e-02 9.288552682846785e-03 5.903230514377356e-03	7.500000000000000e-01	463	0	524
526	-2.075939389824711e+02  5.973432190755922e+02  2.610388595072961e+03	5.877948337001726e-03 5.562914564507082e-03 3.150337724946438e-04	1.000000000000000e+00	463	0	526
527	-3.563586382833847e+02 -2.944373923255462e+02  2.918632641951490e+03	1.141350165319940e-02 1.405878822940091e-02 2.645286576201519e-03	1.000000000000000e+00	463	0	527
528	-4.446941244145756e+02 -2.489235857446005e+02  3.052481934663626e+03	1.407738580989341e-02 1.728129022133847e-02 3.203904411445062e-03	1.000000000000000e+00	463	0	528
530	-1.569214642064938e+02 -6.877629616036064e+02  2.325869898596539e+03	-1.408983906731009e-02 -1.702878577634692e-02 -2.938946709036827e-03	1.000000000000000e+00	463	0	530
531	4.612614661178529e+02 1.877039207229054e+02 2.650077577598688e+03	-2.230364305432886e-03  1.562315446790308e-03 -6.680488586425781e-04	1.000000000000000e+00	19	0	531
532	4.950741122962744e+02 3.096068838772691e+02 2.805793186931473e+03	-5.518479192687664e-04  3.740864740393590e-04 -1.777614452294074e-04	7.500000000000000e-01	19	0	532
533	 3.053596686327614e+02 -1.460365938654664e+02  2.160435265525224e+03	-9.904422797262669e-03  5.885028745979071e-03 -4.019394051283598e-03	1.000000000000000e+00	19	0	533
534	 3.001452409363783e+02 -2.866507890052036e+02  2.014606642689104e+03	-7.436949294060469e-03  3.812903771176934e-03 -3.624045522883534e-03	1.000000000000000e+00	19	0	534
535	1.148302707053357e+01 6.476121356895546e+02 1.242826726877079e+03	8.915226790122688e-03 9.947212529368699e-03 1.031985739246011e-03	1.000000000000000e+00	463	0	535
536	-6.197781183906388e+01  7.034720704257005e+02  1.372147500522822e+03	9.738639792582640e-03 1.044318093530213e-02 7.045411427194874e-04	1.000000000000000e+00	463	0	536
537	-6.936709124148577e+01  5.297175330544331e+02  2.738789744166412e+03	-3.088661226987219e-05  1.710303128978315e-03  1.741189741248187e-03	1.000000000000000e+00	463	0	537
538	-4.708130687613105e+02  1.000000000000000e+03  1.944512684369714e+03	 2.702072262763977e-03 -4.122984621597894e-18  2.702072262763977e-03	1.000000000000000e+00	463	1	538
539	 9.809567454162524e+02 -1.981149151873726e+02  7.074892316020835e+02	 1.850455983852347e-02  6.509476030866298e-04 -1.785361223543683e-02	1.000000000000000e+00	12	0	539
540	4.338184768964307e+02 2.904124329484470e+02 4.632915743100739e+02	1.008007384371012e-02 1.200759515631944e-02 1.927521312609314e-03	1.000000000000000e+00	463	0	540
541	3.020920674089836e+02 4.102431620549615e+02 7.148487129040354e+02	 1.038309471914545e-02  9.703769290354103e-03 -6.793254287913441e-04	1.000000000000000e+00	463	0	541
542	1.660340578053307e+02 5.419645889157073e+02 9.826281493684342e+02	9.027421396846572e-03 1.001161903453370e-02 9.841976376871267e-04	1.000000000000000e+00	463	0	542
543	3.614190033808702e+02 3.419138544930947e+02 5.871924693702821e+02	1.059854865889065e-02 1.084510146756656e-02 2.465528086759152e-04	1.000000000000000e+00	463	0	543
544	2.683858570886054e+02 1.718123998354205e+02 2.314060323054197e+03	-8.456268308994671e-03 -1.245216388876240e-03 -7.211051920118432e-03	1.000000000000000e+00	463	0	544
545	2.257317636791519e+02 3.514037537750072e+01 2.408078254102664e+03	-8.571001778667172e-03 -2.743579602489869e-03 -5.827422176177303e-03	1.000000000000000e+00	463	0	545
546	2.393775885404162e+02 4.813696287591989e+02 8.486896584768403e+02	9.799319173907861e-03 9.890418645227328e-03 9.109947131946698e-05	1.000000000000000e+00	463	0	546
547	4.480526625822806e+02 6.903108787152166e+02 2.381963336003429e+03	6.157257594168186e-04 2.172201813664287e-03 1.556476054247469e-03	1.000000000000000e+00	463	0	547
548	8.217853410469886e+02 7.957405466883545e+02 2.113660325511858e+03	1.206134911626577e-03 7.135934662073851e-03 5.929799750447273e-03	1.000000000000000e+00	463	0	548
549	 2.213595041082025e+02 -8.724390880197980e+01  2.526090278711195e+03	-7.538148124391833e-03 -3.738131917392214e-03 -3.800016206999620e-03	1.000000000000000e+00	463	0	549
551	-9.699949171431956e+02 -5.977669915341480e+01  3.617782435439374e+03	-4.406109917908907e-03  1.249066088348627e-03  3.157043829560280e-03	1.000000000000000e+00	463	0	551
552	-3.047683359136062e+02  4.875527015282318e+02  2.932026157312331e+03	4.900540613258879e-04 1.527542384186139e-03 1.037488322860251e-03	1.000000000000000e+00	463	0	552
553	-8.433950745037880e+02 -1.287073827310585e+02  3.560113276377611e+03	-9.882418671622872e-04  7.057056645862758e-04  2.825362025760114e-04	1.000000000000000e+00	463	0	553
554	1.437311148771686e+02 1.893672106854457e+01 3.525667687268933e+03	 5.204502027481794e-03 -9.767504408955574e-03 -4.563002381473780e-03	1.000000000000000e+00	463	0	554
555	 1.552555044259232e+02 -6.866584517888163e+02  3.059400822015752e+03	 3.221197434080144e-02 -3.346349888791642e-03  3.555832422959308e-02	1.000000000000000e+00	463	0	555
558	 3.247371538874719e+02 -5.633294973718051e+02  2.826603162627097e+03	 7.730204922457537e-03  2.087424866234263e-02 -2.860445358480016e-02	1.000000000000000e+00	463	0	558
562	3.702706017476096e+02 4.297337832166835e+02 2.158023684331939e+03	-6.040175949844221e-03 -6.076796756436429e-04 -5.432496274200579e-03	1.000000000000000e+00	463	0	562
563	-7.236415538307309e+02 -1.362702128147517e+02  3.447922585788246e+03	 1.322004536632448e-04 -8.732454443816096e-05 -4.487590922508389e-05	1.000000000000000e+00	463	0	563
564	1.500000000000000e+03 7.539647025493038e+02 2.668960877404696e+03	0.000000000000000e+00 0.000000000000000e+00 0.000000000000000e+00	1.000000000000000e+00	440	-1	350
566	-4.708130687613105e+02  1.500000000000000e+03  1.944512684369714e+03	0.000000000000000e+00 0.000000000000000e+00 0.000000000000000e+00	1.000000000000000e+00	463	-1	538
568	 2.700649733237071e+02 -8.357503982729448e+02 -5.000000000000000e+02	0.000000000000000e+00 0.000000000000000e+00 0.000000000000000e+00	1.000000000000000e+00	453	-1	433
570	 1.686384312124840e+02 -1.500000000000000e+03  1.688072964781168e+03	0.000000000000000e+00 0.000000000000000e+00 0.000000000000000e+00	1.000000000000000e+00	463	-1	427
572	-9.740779659262372e+02 -1.114764664472383e+02  3.719312895472650e+03	-5.601399112492800e-03 -1.898918999359012e-03  3.702480113133788e-03	1.000000000000000e+00	463	0	572
573	-1.801351834469248e+02  5.117090672966282e+02  2.831549370614046e+03	1.113434865449866e-03 2.503421196403603e-03 1.389986330953737e-03	1.000000000000000e+00	463	0	573
574	 2.572763567527649e+02 -5.141933905399562e+02  2.844927852929955e+03	 1.429039115707080e-02  4.228695171574751e-02 -5.657734287281831e-02	1.000000000000000e+00	463	0	574
575	 2.230318472987934e+01 -5.790538345466725e+02  3.144761468959557e+03	 6.614923222516516e-07 -1.661853691189208e-02  1.661787541956983e-02	1.000000000000000e+00	463	0	575
2	 0.000000000000000e+00  7.071067811865475e-01 -7.071067811865475e-01	 5.773502691896257e-01 -5.773502691896257e-01 -5.773502691896257e-01	-7.391622886003375e+02  7.391622886003375e+02  7.391622886003375e+02	1	0	0.000000000000000e+00	0.000000000000000e+00	0.000000000000000e+00
3	-7.071067811865475e-01  0.000000000000000e+00  7.071067811865475e-01	-5.773502691896257e-01  5.773502691896257e-01 -5.773502691896257e-01	 6.288536307352362e+02 -6.288536307352362e+02  6.288536307352362e+02	1	0	0.000000000000000e+00	0.000000000000000e+00	0.000000000000000e+00
4	0.000000000000000e+00 7.071067811865475e-01 7.071067811865475e-01	 5.773502691896257e-01 -5.773502691896257e-01  5.773502691896257e-01	 1.522636602155032e+03 -1.522636602155032e+03  1.522636602155032e+03	1	0	0.000000000000000e+00	0.000000000000000e+00	0.000000000000000e+00
5	 7.071067811865475e-01 -7.071067811865475e-01  0.000000000000000e+00	-5.773502691896257e-01 -5.773502691896257e-01  5.773502691896257e-01	-6.670373969193098e+02 -6.670373969193098e+02  6.670373969193098e+02	1	0	0.000000000000000e+00	0.000000000000000e+00	0.000000000000000e+00
7	-7.071067811865475e-01  7.071067811865475e-01  0.000000000000000e+00	-5.773502691896257e-01 -5.773502691896257e-01  5.773502691896257e-01	-3.955083929436755e+02 -3.955083929436755e+02  3.955083929436755e+02	1	0	0.000000000000000e+00	0.000000000000000e+00	0.000000000000000e+00
8	 0.000000000000000e+00 -7.071067811865475e-01 -7.071067811865475e-01	-5.773502691896257e-01  5.773502691896257e-01 -5.773502691896257e-01	 2.022325394193525e+02 -2.022325394193525e+02  2.022325394193525e+02	1	0	0.000000000000000e+00	0.000000000000000e+00	0.000000000000000e+00
9	-7.071067811865475e-01  0.000000000000000e+00  7.071067811865475e-01	-5.773502691896257e-01  5.773502691896257e-01 -5.773502691896257e-01	 7.132350399568309e+02 -7.132350399568309e+02  7.132350399568309e+02	1	0	0.000000000000000e+00	0.000000000000000e+00	0.000000000000000e+00
10	-7.071067811865475e-01 -7.071067811865475e-01  0.000000000000000e+00	-5.773502691896257e-01  5.773502691896257e-01  5.773502691896257e-01	-6.330962714223555e+02  6.330962714223555e+02  6.330962714223555e+02	1	0	0.000000000000000e+00	0.000000000000000e+00	0.000000000000000e+00
11	-7.071067811865475e-01 -7.071067811865475e-01  0.000000000000000e+00	0.000000000000000e+00 0.000000000000000e+00 0.000000000000000e+00	 2.192031021678290e+02 -4.907321061434643e+02  2.609224022578360e+03	1	1	0.000000000000000e+00	0.000000000000000e+00	0.000000000000000e+00
12	-7.071067811865475e-01 -7.071067811865475e-01  0.000000000000000e+00	-5.773502691896257e-01  5.773502691896257e-01  5.773502691896257e-01	-9.611938178929136e+02  9.611938178929136e+02  9.611938178929136e+02	1	0	0.000000000000000e+00	0.000000000000000e+00	0.000000000000000e+00
13	-7.071067811865475e-01  7.071067811865475e-01  0.000000000000000e+00	 5.773502691896257e-01  5.773502691896257e-01 -5.773502691896257e-01	-1.120999950441073e+03 -1.120999950441073e+03  1.120999950441073e+03	1	0	0.000000000000000e+00	0.000000000000000e+00	0.000000000000000e+00
14	-7.071067811865475e-01  7.071067811865475e-01  0.000000000000000e+00	0.000000000000000e+00 0.000000000000000e+00 0.000000000000000e+00	1.824335495461294e+02 3.747665940288736e+01 3.582910060272236e+03	1	1	0.000000000000000e+00	0.000000000000000e+00	0.000000000000000e+00
15	-7.071067811865475e-01  7.071067811865475e-01  0.000000000000000e+00	-5.773502691896257e-01 -5.773502691896257e-01  5.773502691896257e-01	-3.049987249517975e+02 -3.049987249517975e+02  3.049987249517975e+02	1	0	0.000000000000000e+00	0.000000000000000e+00	0.000000000000000e+00
16	 0.000000000000000e+00 -7.071067811865475e-01  7.071067811865475e-01	5.773502691896257e-01 5.773502691896257e-01 5.773502691896257e-01	1.080459161653044e+03 1.080459161653044e+03 1.080459161653044e+03	1	0	0.000000000000000e+00	0.000000000000000e+00	0.000000000000000e+00
17	 0.000000000000000e+00 -7.071067811865475e-01  7.071067811865475e-01	0.000000000000000e+00 0.000000000000000e+00 0.000000000000000e+00	 9.142890680742061e+02 -6.201326471006022e+02  2.947221063985530e+03	1	1	0.000000000000000e+00	0.000000000000000e+00	0.000000000000000e+00
18	 0.000000000000000e+00 -7.071067811865475e-01  7.071067811865475e-01	5.773502691896257e-01 5.773502691896257e-01 5.773502691896257e-01	8.626702730475879e+02 8.626702730475879e+02 8.626702730475879e+02	1	0	0.000000000000000e+00	0.000000000000000e+00	0.000000000000000e+00
19	 7.071067811865475e-01 -7.071067811865475e-01  0.000000000000000e+00	-5.773502691896257e-01 -5.773502691896257e-01 -5.773502691896257e-01	3.427110866150800e+02 3.427110866150800e+02 3.427110866150800e+02	1	0	0.000000000000000e+00	0.000000000000000e+00	0.000000000000000e+00
20	 7.071067811865475e-01 -7.071067811865475e-01  0.000000000000000e+00	0.000000000000000e+00 0.000000000000000e+00 0.000000000000000e+00	3.577960312803930e+02 7.283199846221450e+01 5.975052301026326e+02	1	1	0.000000000000000e+00	0.000000000000000e+00	0.000000000000000e+00
21	 7.071067811865475e-01 -7.071067811865475e-01  0.000000000000000e+00	-5.773502691896257e-01 -5.773502691896257e-01 -5.773502691896257e-01	6.128258770283411e+02 6.128258770283411e+02 6.128258770283411e+02	1	0	0.000000000000000e+00	0.000000000000000e+00	0.000000000000000e+00
22	-7.071067811865475e-01  0.000000000000000e+00 -7.071067811865475e-01	0.000000000000000e+00 0.000000000000000e+00 0.000000000000000e+00	1.000000000000000e+03 4.153257531310242e+02 4.000000000000000e+03	1	2	0.000000000000000e+00	0.000000000000000e+00	0.000000000000000e+00
23	-7.071067811865475e-01  0.000000000000000e+00 -7.071067811865475e-01	0.000000000000000e+00 0.000000000000000e+00 0.000000000000000e+00	1.000000000000000e+03 1.000000000000000e+03 3.415325753131025e+03	1	2	0.000000000000000e+00	0.000000000000000e+00	0.000000000000000e+00
25	-7.071067811865475e-01  0.000000000000000e+00  7.071067811865475e-01	0.000000000000000e+00 0.000000000000000e+00 0.000000000000000e+00	-1.000000000000000e+03 -1.000000000000000e+03  2.856711395993652e+03	1	2	0.000000000000000e+00	0.000000000000000e+00	0.000000000000000e+00
27	 0.000000000000000e+00  7.071067811865475e-01 -7.071067811865475e-01	0.000000000000000e+00 0.000000000000000e+00 0.000000000000000e+00	1.000000000000000e+03 1.000000000000000e+03 2.217486865801013e+03	1	2	0.000000000000000e+00	0.000000000000000e+00	0.000000000000000e+00
28	 0.000000000000000e+00  7.071067811865475e-01 -7.071067811865475e-01	0.000000000000000e+00 0.000000000000000e+00 0.000000000000000e+00	 1.000000000000000e+03 -7.825131341989875e+02  4.000000000000000e+03	1	2	0.000000000000000e+00	0.000000000000000e+00	0.000000000000000e+00
29	 0.000000000000000e+00  7.071067811865475e-01 -7.071067811865475e-01	0.000000000000000e+00 0.000000000000000e+00 0.000000000000000e+00	 7.825131341989878e+02 -1.000000000000000e+03  4.000000000000000e+03	1	2	0.000000000000000e+00	0.000000000000000e+00	0.000000000000000e+00
30	 0.000000000000000e+00  7.071067811865475e-01 -7.071067811865475e-01	0.000000000000000e+00 0.000000000000000e+00 0.000000000000000e+00	-3.390587714466863e+00 -1.000000000000000e+03  3.214096278086546e+03	1	2	0.000000000000000e+00	0.000000000000000e+00	0.000000000000000e+00
31	-7.071067811865475e-01  0.000000000000000e+00  7.071067811865475e-01	0.000000000000000e+00 0.000000000000000e+00 0.000000000000000e+00	 1.000000000000000e+03 -8.865608922057086e+02  0.000000000000000e+00	1	2	0.000000000000000e+00	0.000000000000000e+00	0.000000000000000e+00
32	-7.071067811865475e-01  0.000000000000000e+00  7.071067811865475e-01	0.000000000000000e+00 0.000000000000000e+00 0.000000000000000e+00	 8.865608922057086e+02 -1.000000000000000e+03  0.000000000000000e+00	1	2	0.000000000000000e+00	0.000000000000000e+00	0.000000000000000e+00
33	-7.071067811865475e-01  0.000000000000000e+00  7.071067811865475e-01	0.000000000000000e+00 0.000000000000000e+00 0.000000000000000e+00	 1.508198476113115e+02 -1.000000000000000e+03  7.357410445943971e+02	1	2	0.000000000000000e+00	0.000000000000000e+00	0.000000000000000e+00
34	0.000000000000000e+00 7.071067811865475e-01 7.071067811865475e-01	0.000000000000000e+00 0.000000000000000e+00 0.000000000000000e+00	-4.320901935349040e+02 -1.000000000000000e+03  4.000000000000000e+03	1	2	0.000000000000000e+00	0.000000000000000e+00	0.000000000000000e+00
35	0.000000000000000e+00 7.071067811865475e-01 7.071067811865475e-01	0.000000000000000e+00 0.000000000000000e+00 0.000000000000000e+00	-3.423961516659145e+01 -1.000000000000000e+03  3.602149421631687e+03	1	2	0.000000000000000e+00	0.000000000000000e+00	0.000000000000000e+00
36	 7.071067811865475e-01 -7.071067811865475e-01  0.000000000000000e+00	0.000000000000000e+00 0.000000000000000e+00 0.000000000000000e+00	-1.000000000000000e+03  1.000000000000000e+03  2.001112190757930e+03	1	2	0.000000000000000e+00	0.000000000000000e+00	0.000000000000000e+00
37	 7.071067811865475e-01 -7.071067811865475e-01  0.000000000000000e+00	0.000000000000000e+00 0.000000000000000e+00 0.000000000000000e+00	-1.000000000000000e+03 -1.000000000000000e+03  1.112190757929056e+00	1	2	0.000000000000000e+00	0.000000000000000e+00	0.000000000000000e+00
38	 7.071067811865475e-01 -7.071067811865475e-01  0.000000000000000e+00	0.000000000000000e+00 0.000000000000000e+00 0.000000000000000e+00	 2.086456784352144e+02 -1.000000000000000e+03  1.209757869193144e+03	1	2	0.000000000000000e+00	0.000000000000000e+00	0.000000000000000e+00
39	 7.071067811865475e-01 -7.071067811865475e-01  0.000000000000000e+00	0.000000000000000e+00 0.000000000000000e+00 0.000000000000000e+00	-1.000000000000000e+03  4.343145750507622e+02  0.000000000000000e+00	1	2	0.000000000000000e+00	0.000000000000000e+00	0.000000000000000e+00
41	-7.071067811865475e-01  7.071067811865475e-01  0.000000000000000e+00	0.000000000000000e+00 0.000000000000000e+00 0.000000000000000e+00	1.000000000000000e+03 1.000000000000000e+03 3.186525178831027e+03	1	2	0.000000000000000e+00	0.000000000000000e+00	0.000000000000000e+00
42	-7.071067811865475e-01  7.071067811865475e-01  0.000000000000000e+00	0.000000000000000e+00 0.000000000000000e+00 0.000000000000000e+00	4.671415471833587e+02 1.000000000000000e+03 2.653666726014386e+03	1	2	0.000000000000000e+00	0.000000000000000e+00	0.000000000000000e+00
43	 0.000000000000000e+00 -7.071067811865475e-01 -7.071067811865475e-01	0.000000000000000e+00 0.000000000000000e+00 0.000000000000000e+00	1.000000000000000e+03 1.000000000000000e+03 6.066976182580577e+02	1	2	0.000000000000000e+00	0.000000000000000e+00	0.000000000000000e+00
44	 0.000000000000000e+00 -7.071067811865475e-01 -7.071067811865475e-01	0.000000000000000e+00 0.000000000000000e+00 0.000000000000000e+00	1.000000000000000e+03 3.933023817419428e+02 0.000000000000000e+00	1	2	0.000000000000000e+00	0.000000000000000e+00	0.000000000000000e+00
45	 0.000000000000000e+00 -7.071067811865475e-01 -7.071067811865475e-01	0.000000000000000e+00 0.000000000000000e+00 0.000000000000000e+00	7.101213320755794e+02 1.034237138175215e+02 0.000000000000000e+00	1	2	0.000000000000000e+00	0.000000000000000e+00	0.000000000000000e+00
46	-7.071067811865475e-01  0.000000000000000e+00  7.071067811865475e-01	0.000000000000000e+00 0.000000000000000e+00 0.000000000000000e+00	 1.000000000000000e+03 -1.000000000000000e+03  1.397051198704921e+02	1	2	0.000000000000000e+00	0.000000000000000e+00	0.000000000000000e+00
47	-7.071067811865475e-01  0.000000000000000e+00  7.071067811865475e-01	0.000000000000000e+00 0.000000000000000e+00 0.000000000000000e+00	-1.000000000000000e+03 -1.000000000000000e+03  2.139705119870493e+03	1	2	0.000000000000000e+00	0.000000000000000e+00	0.000000000000000e+00
48	-7.071067811865475e-01  0.000000000000000e+00  7.071067811865475e-01	0.000000000000000e+00 0.000000000000000e+00 0.000000000000000e+00	-1.000000000000000e+03  2.662159526147607e+02  3.405921072485253e+03	1	2	0.000000000000000e+00	0.000000000000000e+00	0.000000000000000e+00
49	-7.071067811865475e-01  7.071067811865475e-01  0.000000000000000e+00	5.773502691896257e-01 5.773502691896257e-01 5.773502691896257e-01	8.626702730475879e+02 8.626702730475879e+02 8.626702730475879e+02	1	0	0.000000000000000e+00	0.000000000000000e+00	0.000000000000000e+00
50	 0.000000000000000e+00 -7.071067811865475e-01 -7.071067811865475e-01	-5.773502691896257e-01 -5.773502691896257e-01  5.773502691896257e-01	-1.120999950441073e+03 -1.120999950441073e+03  1.120999950441073e+03	1	0	0.000000000000000e+00	0.000000000000000e+00	0.000000000000000e+00
53	 7.071067811865475e-01 -7.071067811865475e-01  0.000000000000000e+00	5.773502691896257e-01 5.773502691896257e-01 5.773502691896257e-01	8.626702730475879e+02 8.626702730475879e+02 8.626702730475879e+02	1	0	0.000000000000000e+00	0.000000000000000e+00	0.000000000000000e+00
54	-7.071067811865475e-01  0.000000000000000e+00 -7.071067811865475e-01	-5.773502691896257e-01  5.773502691896257e-01  5.773502691896257e-01	-1.138441917710341e+03  1.138441917710341e+03  1.138441917710341e+03	1	0	0.000000000000000e+00	0.000000000000000e+00	0.000000000000000e+00
55	-7.071067811865475e-01  0.000000000000000e+00 -7.071067811865475e-01	0.000000000000000e+00 0.000000000000000e+00 0.000000000000000e+00	1.000000000000000e+03 1.000000000000000e+03 3.415325753131025e+03	1	2	0.000000000000000e+00	0.000000000000000e+00	0.000000000000000e+00
56	 7.071067811865475e-01 -7.071067811865475e-01  0.000000000000000e+00	-5.773502691896257e-01 -5.773502691896257e-01 -5.773502691896257e-01	-1.885618083164127e+02 -1.885618083164127e+02 -1.885618083164127e+02	1	0	0.000000000000000e+00	0.000000000000000e+00	0.000000000000000e+00
57	 7.071067811865475e-01 -7.071067811865475e-01  0.000000000000000e+00	0.000000000000000e+00 0.000000000000000e+00 0.000000000000000e+00	-1.000000000000000e+03  4.343145750507622e+02  0.000000000000000e+00	1	2	0.000000000000000e+00	0.000000000000000e+00	0.000000000000000e+00
58	-7.071067811865475e-01  0.000000000000000e+00  7.071067811865475e-01	 5.773502691896257e-01 -5.773502691896257e-01  5.773502691896257e-01	 9.522371319978838e+02 -9.522371319978838e+02  9.522371319978838e+02	1	0	0.000000000000000e+00	0.000000000000000e+00	0.000000000000000e+00
59	-7.071067811865475e-01  0.000000000000000e+00  7.071067811865475e-01	0.000000000000000e+00 0.000000000000000e+00 0.000000000000000e+00	-1.000000000000000e+03 -1.000000000000000e+03  2.856711395993652e+03	1	2	0.000000000000000e+00	0.000000000000000e+00	0.000000000000000e+00
54	0	1	1
22	1	0	1
22	0	205	-1
54	481	0	0
54	1	2	1
23	2	1	1
22	206	1	-1
23	1	206	-1
23	207	2	-1
55	2	207	-1
54	2	538	1
55	538	2	1
58	4	5	1
25	5	4	1
25	4	209	-1
58	572	4	0
25	210	5	-1
59	5	210	-1
58	5	427	1
59	427	5	1
2	7	8	1
27	8	7	1
27	7	212	-1
2	428	7	0
2	8	9	1
28	9	8	1
27	213	8	-1
28	8	213	-1
2	9	10	1
29	10	9	1
28	214	9	-1
29	9	214	-1
2	10	11	1
30	11	10	1
29	215	10	-1
30	10	215	-1
30	216	11	-1
2	11	429	0
3	12	13	1
31	13	12	1
31	12	217	-1
3	539	12	0
3	13	14	1
32	14	13	1
31	218	13	-1
32	13	218	-1
3	14	15	1
33	15	14	1
32	219	14	-1
33	14	219	-1
33	220	15	-1
3	15	327	0
4	16	17	1
34	17	16	1
34	16	221	-1
4	328	16	0
4	17	18	1
35	18	17	1
34	222	17	-1
35	17	222	-1
35	223	18	-1
4	18	329	0
5	19	20	1
36	20	19	1
36	19	224	-1
5	484	19	0
5	20	21	1
37	21	20	1
36	225	20	-1
37	20	225	-1
5	21	22	1
38	22	21	1
37	226	21	-1
38	21	226	-1
38	227	22	-1
5	22	485	0
56	23	24	1
39	24	23	1
39	23	228	-1
56	432	23	0
39	229	24	-1
57	24	229	-1
56	24	433	1
57	433	24	1
7	26	27	1
41	27	26	1
41	26	231	-1
7	334	26	0
7	27	28	1
42	28	27	1
41	232	27	-1
42	27	232	-1
42	233	28	-1
7	28	335	0
8	29	30	1
43	30	29	1
43	29	234	-1
8	425	29	0
8	30	31	1
44	31	30	1
43	235	30	-1
44	30	235	-1
8	31	32	1
45	32	31	1
44	236	31	-1
45	31	236	-1
45	237	32	-1
8	32	487	0
9	33	34	1
46	34	33	1
46	33	238	-1
9	436	33	0
9	34	35	1
47	35	34	1
46	239	34	-1
47	34	239	-1
9	35	36	1
48	36	35	1
47	240	35	-1
48	35	240	-1
48	241	36	-1
9	36	437	0
10	37	38	0
11	38	37	0
11	37	40	0
10	340	37	0
11	39	38	0
10	38	341	0
11	40	39	0
12	39	40	0
12	342	39	0
12	40	343	0
10	41	344	0
10	345	41	0
12	42	346	0
12	347	42	0
13	43	44	0
14	44	43	0
14	43	46	0
13	348	43	0
14	45	44	0
13	44	452	0
14	46	45	0
15	45	46	0
15	350	45	0
15	46	351	0
13	47	243	0
13	353	47	0
15	48	354	0
15	355	48	0
16	49	50	0
17	50	49	0
17	49	52	0
16	356	49	0
17	51	50	0
16	50	357	0
17	52	51	0
18	51	52	0
18	358	51	0
18	52	551	0
16	53	360	0
16	361	53	0
18	54	362	0
18	363	54	0
19	55	56	0
20	56	55	0
20	55	58	0
19	364	55	0
20	57	56	0
19	56	365	0
20	58	57	0
21	57	58	0
21	366	57	0
21	58	367	0
19	59	368	0
19	369	59	0
21	60	370	0
21	371	60	0
22	205	206	-1
23	206	207	-1
55	207	566	-1
25	209	210	-1
59	210	570	-1
27	212	213	-1
28	213	214	-1
29	214	215	-1
30	215	216	-1
31	217	218	-1
32	218	219	-1
33	219	220	-1
34	221	222	-1
35	222	223	-1
36	224	225	-1
37	225	226	-1
38	226	227	-1
39	228	229	-1
57	229	568	-1
41	231	232	-1
42	232	233	-1
43	234	235	-1
44	235	236	-1
45	236	237	-1
46	238	239	-1
47	239	240	-1
48	240	241	-1
54	242	488	0
54	489	242	0
58	243	440	0
58	441	243	0
13	243	441	0
2	244	545	0
2	549	244	0
3	245	378	0
3	379	245	0
4	246	380	0
4	381	246	0
5	247	492	0
5	493	247	0
56	248	446	0
56	447	248	0
7	249	386	0
7	387	249	0
8	250	494	0
8	542	250	0
9	251	450	0
9	537	251	0
10	252	392	0
10	393	252	0
10	253	315	0
10	394	253	0
12	254	396	0
12	397	254	0
12	398	255	0
12	255	399	0
13	256	400	0
13	441	256	0
13	402	257	0
13	257	403	0
15	258	404	0
15	405	258	0
15	406	259	0
15	259	407	0
16	260	408	0
16	409	260	0
16	410	261	0
16	261	411	0
18	413	262	0
2	413	262	0
2	262	463	0
18	262	574	0
18	414	263	0
18	263	415	0
19	264	416	0
19	417	264	0
19	418	265	0
19	265	419	0
21	266	420	0
21	421	266	0
21	422	267	0
21	267	423	0
13	268	297	0
54	268	452	0
13	452	268	0
50	452	268	0
54	453	268	0
50	268	554	0
54	496	269	0
54	269	497	0
58	270	498	0
58	499	270	0
58	500	271	0
58	271	501	0
2	272	460	0
2	562	272	0
3	274	326	0
3	378	274	0
3	327	275	0
3	275	379	0
4	276	328	0
4	380	276	0
4	329	277	0
4	277	381	0
5	278	502	0
5	503	278	0
5	504	279	0
5	279	505	0
56	280	468	0
56	469	280	0
56	470	281	0
56	281	471	0
7	282	334	0
7	386	282	0
7	335	283	0
7	283	387	0
8	284	506	0
8	507	284	0
8	540	285	0
8	285	543	0
9	286	476	0
9	547	286	0
9	478	287	0
9	287	479	0
10	288	340	0
10	392	288	0
10	341	289	0
10	289	394	0
12	290	342	0
12	396	290	0
12	343	291	0
12	291	398	0
10	344	292	0
10	292	393	0
10	315	293	0
10	293	345	0
12	346	294	0
12	294	397	0
12	295	347	0
12	399	295	0
13	296	348	0
13	400	296	0
13	297	402	0
15	298	350	0
15	404	298	0
15	351	299	0
15	299	406	0
13	301	353	0
13	403	301	0
15	354	302	0
15	302	405	0
15	303	355	0
15	407	303	0
16	304	356	0
16	408	304	0
16	357	305	0
16	305	410	0
18	306	358	0
18	412	306	0
18	359	307	0
58	307	359	0
49	359	307	0
18	307	414	0
58	414	307	0
53	414	307	0
49	307	553	0
53	307	563	0
16	360	308	0
16	308	409	0
16	309	361	0
16	411	309	0
18	310	413	0
18	575	310	0
18	311	363	0
18	415	311	0
19	312	364	0
19	416	312	0
19	365	313	0
19	313	418	0
21	314	366	0
21	420	314	0
21	367	315	0
21	315	422	0
19	368	316	0
19	316	417	0
19	317	369	0
19	419	317	0
21	370	318	0
21	318	421	0
21	319	371	0
21	423	319	0
54	320	508	0
54	509	320	0
54	510	321	0
54	321	511	0
58	514	323	0
58	323	515	0
2	324	428	0
2	460	324	0
2	429	325	0
2	325	555	0
3	326	539	0
5	330	516	0
5	517	330	0
5	518	331	0
5	331	519	0
56	332	432	0
56	468	332	0
56	433	333	0
56	333	470	0
8	336	520	0
8	521	336	0
8	337	474	0
8	522	337	0
9	476	338	0
9	338	548	0
9	437	339	0
9	339	478	0
18	551	359	0
49	553	359	0
58	359	572	0
18	362	575	0
54	523	372	0
54	372	524	0
54	373	439	0
54	526	373	0
58	527	374	0
58	374	528	0
58	375	441	0
58	530	375	0
2	376	461	0
2	544	376	0
2	377	443	0
2	463	377	0
5	531	382	0
5	382	532	0
5	383	533	0
5	534	383	0
56	446	384	0
56	384	469	0
56	385	447	0
56	471	385	0
8	535	388	0
8	388	536	0
8	541	389	0
8	389	546	0
9	450	390	0
9	390	477	0
9	552	391	0
9	391	573	0
18	558	412	0
2	555	413	0
58	498	414	0
53	563	414	0
54	424	481	0
54	508	424	0
8	434	425	0
54	425	510	0
54	538	425	0
58	427	514	0
59	570	427	-1
5	430	484	0
5	516	430	0
5	485	431	0
5	431	518	0
57	568	433	-1
8	520	434	0
8	487	435	0
8	435	522	0
9	548	436	0
54	488	438	0
54	438	523	0
54	439	489	0
9	439	537	0
9	573	439	0
58	440	527	0
2	442	544	0
2	545	442	0
2	443	549	0
5	492	444	0
5	444	531	0
5	445	493	0
5	533	445	0
8	494	448	0
8	448	535	0
8	449	542	0
8	546	449	0
54	452	509	0
50	554	452	0
54	524	453	0
54	454	496	0
54	511	454	0
54	497	455	0
54	455	526	0
58	457	499	0
58	528	457	0
58	458	500	0
58	515	458	0
58	501	459	0
58	459	530	0
2	461	562	0
5	502	464	0
5	464	517	0
5	465	503	0
5	532	465	0
5	466	504	0
5	519	466	0
5	505	467	0
5	467	534	0
8	506	472	0
8	472	521	0
8	473	507	0
8	536	473	0
8	474	540	0
8	475	541	0
8	543	475	0
9	477	547	0
9	479	552	0
55	566	538	-1
18	574	558	0
