382
53
488
0	 3.335225380607786e+02 -2.511517088081974e+02  4.000000000000000e+03	 9.910934837535022e-03  9.910934837535025e-03 -2.043988834198710e-18	1.000000000000000e+00	539	1	0
1	1.000000000000000e+03 4.153257531310242e+02 4.000000000000000e+03	0.000000000000000e+00 0.000000000000000e+00 0.000000000000000e+00	1.000000000000000e+00	539	1	1
2	1.000000000000000e+03 1.000000000000000e+03 3.415325753131025e+03	0.000000000000000e+00 0.000000000000000e+00 0.000000000000000e+00	1.000000000000000e+00	539	1	2
4	-1.000000000000000e+03 -1.187898872992591e+02  3.737921508694393e+03	 2.633699235957416e-18 -9.798281593248248e-03 -9.798281593248248e-03	1.000000000000000e+00	539	1	4
5	-1.000000000000000e+03 -1.000000000000000e+03  2.856711395993652e+03	0.000000000000000e+00 0.000000000000000e+00 0.000000000000000e+00	1.000000000000000e+00	539	1	5
7	5.955854012632689e+02 1.000000000000000e+03 1.813072267064282e+03	 4.299410386011004e-03 -3.865923987085967e-20  4.299410386011004e-03	1.000000000000000e+00	539	1	7
8	1.000000000000000e+03 1.000000000000000e+03 2.217486865801013e+03	0.000000000000000e+00 0.000000000000000e+00 0.000000000000000e+00	1.000000000000000e+00	539	1	8
9	 1.000000000000000e+03 -7.825131341989875e+02  4.000000000000000e+03	0.000000000000000e+00 0.000000000000000e+00 0.000000000000000e+00	1.000000000000000e+00	539	1	9
10	 7.825131341989878e+02 -1.000000000000000e+03  4.000000000000000e+03	0.000000000000000e+00 0.000000000000000e+00 0.000000000000000e+00	1.000000000000000e+00	539	1	10
11	 8.397379770666115e-01 -1.000000000000000e+03  3.218326603778079e+03	4.328519920818507e-03 7.114749129876244e-19 4.328519920818508e-03	1.000000000000000e+00	539	1	11
13	 1.000000000000000e+03 -8.865608922057086e+02  0.000000000000000e+00	0.000000000000000e+00 0.000000000000000e+00 0.000000000000000e+00	1.000000000000000e+00	487	1	13
14	 8.865608922057086e+02 -1.000000000000000e+03  0.000000000000000e+00	0.000000000000000e+00 0.000000000000000e+00 0.000000000000000e+00	1.000000000000000e+00	487	1	14
15	 1.941462804443662e+02 -1.000000000000000e+03  6.924146117613424e+02	 9.570402326062322e-03  2.112692091545435e-18 -9.570402326062322e-03	1.000000000000000e+00	487	1	15
17	-4.320901935349040e+02 -1.000000000000000e+03  4.000000000000000e+03	0.000000000000000e+00 0.000000000000000e+00 0.000000000000000e+00	1.000000000000000e+00	497	1	17
18	-2.531154654585333e+01 -1.000000000000000e+03  3.593221353010949e+03	-4.258119006408378e-04  1.323269780901775e-20  4.258119006408378e-04	1.000000000000000e+00	497	1	18
19	6.198122480635346e+02 1.000000000000000e+03 3.620924438821464e+03	-2.035200828686357e-03 -3.595269689106518e-18 -2.035200828686357e-03	1.000000000000000e+00	19	1	19
20	-1.000000000000000e+03  1.000000000000000e+03  2.001112190757930e+03	0.000000000000000e+00 0.000000000000000e+00 0.000000000000000e+00	1.000000000000000e+00	19	1	20
21	-1.000000000000000e+03 -1.000000000000000e+03  1.112190757929056e+00	0.000000000000000e+00 0.000000000000000e+00 0.000000000000000e+00	1.000000000000000e+00	19	1	21
23	-1.000000000000000e+03 -3.402957880211325e+02  7.746103630718948e+02	 5.368829565637603e-19  5.359018687158823e-03 -5.359018687158823e-03	1.000000000000000e+00	453	1	23
24	-1.000000000000000e+03  4.343145750507622e+02  0.000000000000000e+00	0.000000000000000e+00 0.000000000000000e+00 0.000000000000000e+00	1.000000000000000e+00	453	1	24
26	1.000000000000000e+03 3.647059862274797e+02 2.551231165058507e+03	-2.743864748896919e-18  1.141068816650659e-02  1.141068816650659e-02	1.000000000000000e+00	26	1	26
27	1.000000000000000e+03 1.000000000000000e+03 3.186525178831027e+03	0.000000000000000e+00 0.000000000000000e+00 0.000000000000000e+00	1.000000000000000e+00	26	1	27
28	5.133969054870611e+02 1.000000000000000e+03 2.699922084318089e+03	 9.610916487872601e-03 -1.315160324944459e-18  9.610916487872601e-03	1.000000000000000e+00	26	1	28
30	1.000000000000000e+03 1.000000000000000e+03 6.066976182580577e+02	0.000000000000000e+00 0.000000000000000e+00 0.000000000000000e+00	1.000000000000000e+00	525	1	30
31	1.000000000000000e+03 3.933023817419428e+02 0.000000000000000e+00	0.000000000000000e+00 0.000000000000000e+00 0.000000000000000e+00	1.000000000000000e+00	525	1	31
32	7.509670838547297e+02 1.442694655966718e+02 0.000000000000000e+00	9.509697556495667e-03 9.509697556495667e-03 6.262233461161874e-19	1.000000000000000e+00	525	1	32
33	1.000000000000000e+03 8.813459827243305e+02 2.021051102594823e+03	-1.237442763678217e-20  4.075963166542351e-03  4.075963166542351e-03	1.000000000000000e+00	539	1	33
34	 1.000000000000000e+03 -1.000000000000000e+03  1.397051198704921e+02	0.000000000000000e+00 0.000000000000000e+00 0.000000000000000e+00	1.000000000000000e+00	539	1	34
35	-1.000000000000000e+03 -1.000000000000000e+03  2.139705119870493e+03	0.000000000000000e+00 0.000000000000000e+00 0.000000000000000e+00	1.000000000000000e+00	539	1	35
36	-1.000000000000000e+03  2.425189946074513e+02  3.382224114477943e+03	 2.695577033903098e-19 -5.040108226239681e-03 -5.040108226239681e-03	1.000000000000000e+00	539	1	36
37	-5.395224740453357e+02  2.679934700697016e+02  1.091772870152029e+03	0.000000000000000e+00 0.000000000000000e+00 0.000000000000000e+00	1.000000000000000e+00	55	0	37
38	 2.192031021678289e+02 -4.907321061434643e+02  2.609224022578360e+03	0.000000000000000e+00 0.000000000000000e+00 0.000000000000000e+00	1.000000000000000e+00	55	0	38
39	-1.088944443027285e+02 -1.626345596729055e+02  2.937321569048918e+03	0.000000000000000e+00 0.000000000000000e+00 0.000000000000000e+00	1.000000000000000e+00	55	0	39
40	-8.676200205158938e+02  5.960910165402597e+02  1.419870416622587e+03	0.000000000000000e+00 0.000000000000000e+00 0.000000000000000e+00	1.000000000000000e+00	55	0	40
41	-1.201044959580454e+02 -7.702029262667061e+01  1.856204610935692e+03	5.825037544127554e-03 5.028286075685173e-03 7.967514684423803e-04	1.000000000000000e+00	55	0	41
42	-5.200046135364958e+02  1.806285083316638e+02  2.182948331810581e+03	-5.912625696510077e-03 -7.365566678345203e-03  1.452940981835127e-03	1.000000000000000e+00	55	0	42
43	-6.102331521639902e+02 -7.551900423072325e+02  1.997576656851997e+03	0.000000000000000e+00 0.000000000000000e+00 0.000000000000000e+00	1.000000000000000e+00	539	0	43
44	1.824335495461293e+02 3.747665940288729e+01 3.582910060272236e+03	0.000000000000000e+00 0.000000000000000e+00 0.000000000000000e+00	1.000000000000000e+00	539	0	44
45	9.984347750354049e+02 8.534778848921627e+02 2.766908834782960e+03	0.000000000000000e+00 0.000000000000000e+00 0.000000000000000e+00	1.000000000000000e+00	539	0	45
46	2.057680733252849e+02 6.081118318204357e+01 1.181575431362721e+03	0.000000000000000e+00 0.000000000000000e+00 0.000000000000000e+00	1.000000000000000e+00	539	0	46
48	7.175371421809062e+02 3.353456157959623e+02 1.967878932832261e+03	 1.416263147257268e-02 -1.776905939914286e-02 -3.606427926570178e-03	1.000000000000000e+00	539	0	48
49	-7.756961389616429e+02  2.248599564173225e+02  3.792213667503454e+03	0.000000000000000e+00 0.000000000000000e+00 0.000000000000000e+00	1.000000000000000e+00	539	0	49
50	 9.142890680742061e+02 -6.201326471006022e+02  2.947221063985530e+03	0.000000000000000e+00 0.000000000000000e+00 0.000000000000000e+00	1.000000000000000e+00	539	0	50
51	 6.965001794687494e+02 -8.379215357060586e+02  2.729432175380073e+03	0.000000000000000e+00 0.000000000000000e+00 0.000000000000000e+00	1.000000000000000e+00	539	0	51
52	-9.934850275670996e+02  7.071067811866246e+00  3.574424778897997e+03	0.000000000000000e+00 0.000000000000000e+00 0.000000000000000e+00	1.000000000000000e+00	539	0	52
53	 6.753364100550513e+01 -2.085759385451742e+02  3.382419782498802e+03	-4.494566043528418e-04 -6.503235005463164e-04  1.099780104899158e-03	1.000000000000000e+00	539	0	53
54	-1.540729921104817e+02 -5.463532772188029e+02  3.288437088472048e+03	-2.676694653928280e-03 -8.555932901799679e-03  1.123262755572796e-02	1.000000000000000e+00	539	0	54
55	-3.705239533417505e+02 -6.554879861599293e+02  2.054145199346920e+03	0.000000000000000e+00 0.000000000000000e+00 0.000000000000000e+00	1.000000000000000e+00	55	0	55
56	3.577960312803930e+02 7.283199846221450e+01 5.975052301026326e+02	0.000000000000000e+00 0.000000000000000e+00 0.000000000000000e+00	1.000000000000000e+00	55	0	56
57	6.279108216936542e+02 3.429467888754754e+02 8.676200205158938e+02	0.000000000000000e+00 0.000000000000000e+00 0.000000000000000e+00	1.000000000000000e+00	55	0	57
58	-1.004091629284901e+02 -3.853731957466687e+02  2.324259989760182e+03	0.000000000000000e+00 0.000000000000000e+00 0.000000000000000e+00	1.000000000000000e+00	55	0	58
59	 2.006735837098824e+02 -4.215835661773978e+02  1.249043242312755e+03	 2.071114815771580e-02 -1.199468690901995e-02 -8.716461248695850e-03	1.000000000000000e+00	55	0	59
60	2.397671460627922e+02 3.821381104773626e+00 1.594889103917458e+03	-1.138070011317420e-03  1.295921048343492e-03 -1.578510370260726e-04	1.000000000000000e+00	55	0	60
205	 3.335225380607786e+02 -2.511517088081974e+02  4.500000000000000e+03	0.000000000000000e+00 0.000000000000000e+00 0.000000000000000e+00	1.000000000000000e+00	539	-1	0
206	1.353553390593274e+03 4.153257531310242e+02 4.353553390593273e+03	0.000000000000000e+00 0.000000000000000e+00 0.000000000000000e+00	1.000000000000000e+00	539	-1	1
207	1.353553390593274e+03 1.353553390593274e+03 3.415325753131025e+03	0.000000000000000e+00 0.000000000000000e+00 0.000000000000000e+00	1.000000000000000e+00	539	-1	2
209	-1.500000000000000e+03 -1.187898872992591e+02  3.737921508694393e+03	0.000000000000000e+00 0.000000000000000e+00 0.000000000000000e+00	1.000000000000000e+00	539	-1	4
210	-1.353553390593274e+03 -1.353553390593274e+03  2.856711395993652e+03	0.000000000000000e+00 0.000000000000000e+00 0.000000000000000e+00	1.000000000000000e+00	539	-1	5
212	5.955854012632689e+02 1.500000000000000e+03 1.813072267064282e+03	0.000000000000000e+00 0.000000000000000e+00 0.000000000000000e+00	1.000000000000000e+00	539	-1	7
213	1.353553390593274e+03 1.353553390593274e+03 2.217486865801013e+03	0.000000000000000e+00 0.000000000000000e+00 0.000000000000000e+00	1.000000000000000e+00	539	-1	8
214	 1.353553390593274e+03 -7.825131341989875e+02  4.353553390593273e+03	0.000000000000000e+00 0.000000000000000e+00 0.000000000000000e+00	1.000000000000000e+00	539	-1	9
215	 7.825131341989878e+02 -1.353553390593274e+03  4.353553390593273e+03	0.000000000000000e+00 0.000000000000000e+00 0.000000000000000e+00	1.000000000000000e+00	539	-1	10
216	 8.397379770666097e-01 -1.500000000000000e+03  3.218326603778079e+03	0.000000000000000e+00 0.000000000000000e+00 0.000000000000000e+00	1.000000000000000e+00	539	-1	11
218	 1.353553390593274e+03 -8.865608922057086e+02 -3.535533905932737e+02	0.000000000000000e+00 0.000000000000000e+00 0.000000000000000e+00	1.000000000000000e+00	487	-1	13
219	 8.865608922057086e+02 -1.353553390593274e+03 -3.535533905932737e+02	0.000000000000000e+00 0.000000000000000e+00 0.000000000000000e+00	1.000000000000000e+00	487	-1	14
220	 1.941462804443662e+02 -1.500000000000000e+03  6.924146117613424e+02	0.000000000000000e+00 0.000000000000000e+00 0.000000000000000e+00	1.000000000000000e+00	487	-1	15
222	-4.320901935349040e+02 -1.353553390593274e+03  4.353553390593273e+03	0.000000000000000e+00 0.000000000000000e+00 0.000000000000000e+00	1.000000000000000e+00	497	-1	17
223	-2.531154654585334e+01 -1.500000000000000e+03  3.593221353010949e+03	0.000000000000000e+00 0.000000000000000e+00 0.000000000000000e+00	1.000000000000000e+00	497	-1	18
224	6.198122480635346e+02 1.500000000000000e+03 3.620924438821464e+03	0.000000000000000e+00 0.000000000000000e+00 0.000000000000000e+00	1.000000000000000e+00	19	-1	19
225	-1.353553390593274e+03  1.353553390593274e+03  2.001112190757930e+03	0.000000000000000e+00 0.000000000000000e+00 0.000000000000000e+00	1.000000000000000e+00	19	-1	20
226	-1.353553390593274e+03 -1.353553390593274e+03  1.112190757929058e+00	0.000000000000000e+00 0.000000000000000e+00 0.000000000000000e+00	1.000000000000000e+00	19	-1	21
228	-1.500000000000000e+03 -3.402957880211325e+02  7.746103630718948e+02	0.000000000000000e+00 0.000000000000000e+00 0.000000000000000e+00	1.000000000000000e+00	453	-1	23
229	-1.353553390593274e+03  4.343145750507622e+02 -3.535533905932737e+02	0.000000000000000e+00 0.000000000000000e+00 0.000000000000000e+00	1.000000000000000e+00	453	-1	24
231	1.500000000000000e+03 3.647059862274797e+02 2.551231165058507e+03	0.000000000000000e+00 0.000000000000000e+00 0.000000000000000e+00	1.000000000000000e+00	26	-1	26
232	1.353553390593274e+03 1.353553390593274e+03 3.186525178831027e+03	0.000000000000000e+00 0.000000000000000e+00 0.000000000000000e+00	1.000000000000000e+00	26	-1	27
233	5.133969054870611e+02 1.500000000000000e+03 2.699922084318089e+03	0.000000000000000e+00 0.000000000000000e+00 0.000000000000000e+00	1.000000000000000e+00	26	-1	28
235	1.353553390593274e+03 1.353553390593274e+03 6.066976182580577e+02	0.000000000000000e+00 0.000000000000000e+00 0.000000000000000e+00	1.000000000000000e+00	525	-1	30
236	 1.353553390593274e+03  3.933023817419428e+02 -3.535533905932737e+02	0.000000000000000e+00 0.000000000000000e+00 0.000000000000000e+00	1.000000000000000e+00	525	-1	31
237	 7.509670838547297e+02  1.442694655966718e+02 -5.000000000000000e+02	0.000000000000000e+00 0.000000000000000e+00 0.000000000000000e+00	1.000000000000000e+00	525	-1	32
238	1.500000000000000e+03 8.813459827243305e+02 2.021051102594823e+03	0.000000000000000e+00 0.000000000000000e+00 0.000000000000000e+00	1.000000000000000e+00	539	-1	33
239	 1.353553390593274e+03 -1.353553390593274e+03  1.397051198704921e+02	0.000000000000000e+00 0.000000000000000e+00 0.000000000000000e+00	1.000000000000000e+00	539	-1	34
240	-1.353553390593274e+03 -1.353553390593274e+03  2.139705119870493e+03	0.000000000000000e+00 0.000000000000000e+00 0.000000000000000e+00	1.000000000000000e+00	539	-1	35
241	-1.500000000000000e+03  2.425189946074513e+02  3.382224114477943e+03	0.000000000000000e+00 0.000000000000000e+00 0.000000000000000e+00	1.000000000000000e+00	539	-1	36
242	-5.295248026771448e+01  4.163446590843966e+02  2.946028613778913e+03	2.425682032480836e-04 1.582580152899027e-04 8.431018068222329e-05	1.000000000000000e+00	539	0	242
243	-2.531442276647838e+02 -2.913416666853089e+02  2.818513956973126e+03	-2.085112941471133e-18  1.582310849335045e-02  1.582310849335045e-02	1.000000000000000e+00	539	0	243
244	 1.911580429219707e+02 -4.369379823796211e+01  2.452338706960945e+03	-4.916110929722588e-03 -2.312685207774242e-03 -2.603425721948346e-03	1.000000000000000e+00	539	0	244
245	 6.104187185209166e+02 -6.286954919204436e+02  6.474466817643481e+02	 6.805769167840480e-03 -7.966248318552971e-03 -1.477201748639345e-02	1.000000000000000e+00	487	0	245
246	 6.162542723738972e+01 -6.061372759699544e+02  3.900147103257752e+03	-6.743324842924873e-03 -2.119804577281078e-03  4.623520265643795e-03	1.000000000000000e+00	497	0	246
247	3.633132503908113e+02 4.595423837338863e+01 2.410379679522129e+03	-4.978930587337042e-03  4.683636584862446e-03 -2.952940024745962e-04	1.000000000000000e+00	19	0	247
248	-3.314702953461148e+02 -5.926225655272819e+02  3.584074359241588e+02	-1.726965342337887e-03  8.206550924417874e-03 -6.479585582079987e-03	1.000000000000000e+00	453	0	248
249	7.779905173724467e+02 6.672765511861300e+02 2.631792247389603e+03	9.077262133359909e-03 3.810577094554901e-03 1.288783922791481e-02	1.000000000000000e+00	26	0	249
250	1.631439596179663e+02 6.097248742285784e+02 1.053278532868670e+03	8.269896730780602e-03 9.383060038089752e-03 1.113163307309150e-03	1.000000000000000e+00	525	0	250
251	4.211740190096328e+00 5.619513988945354e+02 2.697444778574932e+03	-2.933771190024951e-04 -3.058728746812752e-04 -1.249575567878007e-05	1.000000000000000e+00	539	0	251
252	-2.825242901267444e+02  1.507417110299809e+02  1.466022813110341e+03	 6.128821095141272e-03  6.729174366531272e-03 -6.003532713900009e-04	1.000000000000000e+00	55	0	252
253	 1.715916127567451e+01 -3.155010828133149e+02  2.231949058356056e+03	1.038208501995541e-04 8.320506458403543e-05 2.061578379652929e-05	1.000000000000000e+00	55	0	253
254	-2.638706583325219e+02  6.654680105970421e+01  2.553163994286514e+03	 2.810669791263839e-03  3.762734627040724e-03 -9.520648357768855e-04	1.000000000000000e+00	55	0	254
255	-7.575636840648091e+02  3.223791648644075e+02  1.803638604749524e+03	-1.123068116915723e-02 -1.219479266243676e-02  9.641114932795363e-04	1.000000000000000e+00	55	0	255
256	-2.531442276647839e+02 -7.347341951139425e+02  2.375121428544493e+03	 2.613679390267357e-18 -1.465056589222513e-02 -1.465056589222513e-02	1.000000000000000e+00	539	0	256
257	-6.422934016374104e+01 -1.143707772017683e+02  3.184399733957710e+03	-6.408593694989880e-03  5.095775627220671e-03 -1.312818067769209e-03	1.000000000000000e+00	539	0	257
258	1.000000000000000e+03 4.584388212840595e+02 2.373434996139452e+03	-4.210449335512970e-18 -7.178622123319656e-03 -7.178622123319657e-03	1.000000000000000e+00	539	1	258
259	4.364395634692239e+02 2.199498039272908e+02 1.571385542251907e+03	 2.270200949472686e-03 -3.408016675772766e-03 -1.137815726300081e-03	1.000000000000000e+00	539	0	259
260	-3.504447058982984e+02  8.799327181998099e+01  3.503828919037452e+03	 4.578325509404143e-04  6.854587253959228e-03 -7.312419804899643e-03	1.000000000000000e+00	539	0	260
261	 4.855906620242445e+02 -4.541710287085989e+02  3.209957851643488e+03	-7.193658190468948e-04 -3.627304841453831e-03  4.346670660500725e-03	1.000000000000000e+00	539	0	261
262	 1.852619766708759e+02 -2.911707239904677e+02  2.693919566462356e+03	 3.382108950675785e-19  2.817728836089372e-02 -2.817728836089373e-02	1.000000000000000e+00	539	0	262
263	-5.094818888479890e+02 -2.032823843095638e+02  3.300775092300316e+03	 1.200130193804701e-02  3.723405612011751e-03 -1.572470755005876e-02	1.000000000000000e+00	539	0	263
264	 9.608883920272469e+01 -7.690385132304436e+02  1.701082933872959e+03	 1.430187382114430e-02 -1.655922822343807e-02  2.257354402293762e-03	1.000000000000000e+00	55	0	264
265	 2.402606770548381e+02 -1.677007507239252e+02  9.555733335143270e+02	 1.534634362906218e-02 -1.153168268501759e-02 -3.814660944044590e-03	1.000000000000000e+00	55	0	265
266	4.441297235362193e+02 1.637092434071015e+02 1.230638664141703e+03	-1.916808192618191e-03  1.654332038015127e-03  2.624761546030641e-04	1.000000000000000e+00	55	0	266
267	 2.358301670924478e+01 -1.419017133892063e+02  1.956796327764985e+03	-4.424070575623773e-03  4.300475950003602e-03  1.235946256201714e-04	1.000000000000000e+00	55	0	267
268	-1.187822104898076e+01  2.616295090390247e+01  3.377284581178141e+03	-1.164941140450537e-02  6.720951707194290e-18 -1.164941140450538e-02	1.000000000000000e+00	539	0	268
269	-2.571812151784187e+02  7.389255456170397e+02  2.419218992335566e+03	6.306540686637163e-03 5.086488090455532e-03 1.220052596181631e-03	1.000000000000000e+00	539	0	269
271	-1.250400310653904e+02 -8.542265502600280e+02  2.127524876799014e+03	-1.707968135209133e-02 -1.587043310670803e-02  1.209248245383302e-03	1.000000000000000e+00	539	0	271
272	3.799156509126749e+02 4.930208059160000e+02 2.104381710797687e+03	-2.919797771028243e-03 -2.279234759043903e-04 -2.691874295123853e-03	1.000000000000000e+00	539	0	272
274	 8.312973907594215e+02 -4.199125836272003e+02  6.353509178190867e+02	 6.345103650043408e-03 -7.169520171980063e-03 -1.351462382202347e-02	1.000000000000000e+00	487	0	274
275	 3.861440959136664e+02 -8.408742536387864e+02  6.595425426532556e+02	 5.274897441267967e-03 -6.473424844443798e-03 -1.174832228571177e-02	1.000000000000000e+00	487	0	275
276	 1.817886160476504e+02 -3.861211904174456e+02  4.000000000000000e+03	-1.277727074921129e-03 -1.277727074921133e-03 -8.965947928957402e-18	1.000000000000000e+00	497	1	276
277	 2.400286412366187e+01 -8.037216034714687e+02  3.740185338869966e+03	-5.423408971788983e-03 -1.874534956490000e-03  3.548874015298983e-03	1.000000000000000e+00	497	0	277
278	5.319566489031960e+02 5.013174432254947e+02 3.034386282886620e+03	-3.566627662318448e-03  2.204433743221065e-03 -1.362193919097384e-03	1.000000000000000e+00	19	0	278
279	 2.961883873025362e+02 -4.971872572076487e+02  1.800113320852817e+03	 3.501247556414455e-04 -1.499256468378007e-04  2.001991088036448e-04	1.000000000000000e+00	19	0	279
280	-6.635693298647276e+02 -4.716746471739377e+02  5.695585520894272e+02	-7.383734919130801e-04  5.640219897031784e-03 -4.901846405118704e-03	1.000000000000000e+00	453	0	280
281	-5.118986597087091e+00 -6.873878716413961e+02  1.268214332892452e+02	-3.025262461354335e-03  1.188933562176923e-02 -8.864073160414895e-03	1.000000000000000e+00	453	0	281
282	9.110294858145604e+02 4.924826398927152e+02 2.590037304538302e+03	6.109690681720774e-03 2.490386987725894e-03 8.600077669446668e-03	1.000000000000000e+00	26	0	282
283	6.421896245465289e+02 8.450378980403532e+02 2.673752701417909e+03	7.426062598824501e-03 3.444731235504151e-03 1.087079383432865e-02	1.000000000000000e+00	26	0	283
284	-1.107461978039641e+02  8.475824014087347e+02  1.565026217470757e+03	 1.160046260338277e-02  1.095405139494687e-02 -6.464112084358928e-04	1.000000000000000e+00	525	0	284
285	4.378737980926305e+02 3.625549569662915e+02 5.313787771317186e+02	9.532576388058564e-03 1.081754364228497e-02 1.284967254226406e-03	1.000000000000000e+00	525	0	285
286	5.156685921282855e+02 7.230084529285285e+02 2.347044980670736e+03	8.042408929516871e-04 3.559285813632111e-03 2.755044920680424e-03	1.000000000000000e+00	539	0	286
287	-4.931712654014979e+02  4.400371542412013e+02  3.072913539513192e+03	-1.438020262867212e-04 -6.910149240866303e-04 -5.472128977999091e-04	1.000000000000000e+00	539	0	287
288	-4.053392763033431e+02  2.184162069782082e+02  1.275533330985515e+03	 4.456228188549479e-03  5.576758567864696e-03 -1.120530379315217e-03	1.000000000000000e+00	55	0	288
289	 1.290165445627235e+02 -3.918714426424382e+02  2.420176801472228e+03	-1.381253823637962e-03 -1.645612879656255e-03  2.643590560182930e-04	1.000000000000000e+00	55	0	289
290	-1.321078386948193e+02  4.323703443755509e+00  2.747149911540166e+03	6.227233990405996e-03 5.655814350272219e-03 5.714196401337781e-04	1.000000000000000e+00	55	0	290
291	-8.554124085718242e+02  4.227764172739484e+02  1.605392627832968e+03	-9.342214907519519e-03 -7.590052788145840e-03 -1.752162119373679e-03	1.000000000000000e+00	55	0	291
292	-1.875542041285700e+02  4.322030208470691e+01  1.668514308053790e+03	6.475034131047626e-03 5.563843102815251e-03 9.111910282323760e-04	1.000000000000000e+00	55	0	292
293	-3.825894669121200e+01 -1.903349151526376e+02  2.051364782728492e+03	5.968200042843819e-03 3.563548583770171e-03 2.404651459073648e-03	5.625000000000000e-01	55	0	293
294	-3.939170671817404e+02  1.205481456033914e+02  2.369116240893609e+03	-1.546844985568896e-03 -1.987606025068089e-03  4.407610394991935e-04	1.000000000000000e+00	55	0	294
295	-6.421560675802425e+02  2.464034832578751e+02  1.995021902840623e+03	-9.315796002435187e-03 -1.107869409800818e-02  1.762898095572988e-03	1.000000000000000e+00	55	0	295
296	-3.997474838069853e+02 -7.926000164292965e+02  2.170652351086938e+03	 6.168770293394725e-03 -1.102979000036915e-02 -4.861019706974427e-03	1.000000000000000e+00	539	0	296
299	2.735376859905579e+02 1.895084445188926e+02 1.378042305364843e+03	 7.140665547922254e-04 -1.496346667408943e-03 -7.822801126167178e-04	1.000000000000000e+00	539	0	299
301	-1.323765300763258e+02 -2.459747200713074e+02  2.984648601175587e+03	-1.344657790226241e-02  1.386491387772063e-02  4.183359754582247e-04	1.000000000000000e+00	539	0	301
302	8.429891452274394e+02 3.900599107657605e+02 2.148045230848592e+03	 1.773348450660706e-02 -2.426206506788731e-02 -6.528580561280251e-03	1.000000000000000e+00	539	0	302
303	5.835317784315171e+02 2.695796454382973e+02 1.768107598725207e+03	 6.770471887042125e-03 -8.863514444480339e-03 -2.093042557438215e-03	1.000000000000000e+00	539	0	303
304	-5.693520422415465e+02  1.911426477928865e+02  3.619586879407793e+03	-9.727678649748366e-04  5.930414908410360e-03 -4.957647043435524e-03	1.000000000000000e+00	539	0	304
305	 7.037354807630934e+02 -5.821363619822669e+02  3.119778366178307e+03	 3.261241751412551e-04 -3.588842422080537e-03  3.262718246939281e-03	1.000000000000000e+00	539	0	305
306	 5.206700779160542e+02 -6.418399395848780e+02  2.709180680811588e+03	 4.988265223801136e-03  5.623367615044117e-03 -1.061163283884525e-02	1.000000000000000e+00	539	0	306
307	-7.657331407096309e+02 -1.343502884254438e+02  3.488094248277839e+03	-3.390243509784338e-04  2.531118698798349e-19  3.390243509784344e-04	1.000000000000000e+00	539	0	307
308	-1.348395441026647e+02 -4.507367707791311e+01  3.421290706139711e+03	 1.024846220389009e-03  2.428871812298894e-03 -3.453718032687902e-03	1.000000000000000e+00	539	0	308
309	 2.797912587225152e+02 -3.259961781959431e+02  3.287582404432561e+03	-3.412649966776372e-04 -3.352089785039425e-03  3.693354781717062e-03	1.000000000000000e+00	539	0	309
310	 6.831259237746401e+01 -7.045369901533614e+02  3.224235216918661e+03	-6.826567774017652e-03 -1.452161030222972e-02  2.134817807624738e-02	1.000000000000000e+00	539	0	310
311	-3.606497771531998e+02 -3.826213945233659e+02  3.331281990819330e+03	 2.721012259523074e-03  2.463810999567310e-03 -5.184823259090384e-03	1.000000000000000e+00	539	0	311
312	-1.433100004815616e+02 -7.773320043963770e+02  1.948775264723179e+03	 8.316608145833015e-04 -2.830520039424300e-03  1.998859224840999e-03	1.000000000000000e+00	55	0	312
313	 3.058138230816159e+02 -5.659853660137622e+01  7.789179733650004e+02	 5.899986853667845e-03 -5.109825967034946e-03 -7.901608866328994e-04	1.000000000000000e+00	55	0	313
314	5.220956872863667e+02 2.668075167230849e+02 1.049574427075572e+03	-1.841862678096125e-03  1.812981565914621e-03  2.888111218150389e-05	1.000000000000000e+00	55	0	314
315	-3.040559159102147e+01 -2.546680936079658e+02  2.123551316284011e+03	 2.783757656989854e-18  1.256650313735010e-03 -1.256650313735006e-03	1.000000000000000e+00	55	0	315
316	 1.737436037358644e+02 -5.816515727599708e+02  1.436041228869346e+03	 1.804532079646985e-02 -1.148618509372075e-02 -6.559135702749093e-03	1.000000000000000e+00	55	0	316
317	 2.122217964166495e+02 -2.885345817487939e+02  1.104446045177385e+03	 2.129343369354804e-02 -1.245639535288016e-02 -8.837038340667883e-03	1.000000000000000e+00	55	0	317
318	3.633867674433031e+02 6.627757180940372e+01 1.408813291832317e+03	-8.971042116172612e-04  1.732315751723945e-03 -8.352115401066840e-04	1.000000000000000e+00	55	0	318
319	 1.369480680905590e+02 -7.524879068330148e+01  1.776778353677766e+03	-2.649148227646947e-03  2.963786246255040e-03 -3.146380186080933e-04	1.000000000000000e+00	55	0	319
320	 2.710645903068095e+02 -5.071214763719323e+01  3.737102491075027e+03	1.679562873808512e-03 1.558416496360830e-03 1.211463774476821e-04	1.000000000000000e+00	539	0	320
321	-3.348490509489017e+02  9.129243625892722e+02  2.167552339592850e+03	6.127410607102016e-03 4.690020772007605e-03 1.437389835094412e-03	1.000000000000000e+00	539	0	321
323	 3.031777230982557e+01 -1.000000000000000e+03  1.826393623683826e+03	-5.964860785752531e-03  9.657990685238503e-18  5.964860785752537e-03	1.000000000000000e+00	539	1	323
324	4.882855129708180e+02 7.492257148715886e+02 1.956546663900242e+03	6.646487163379788e-04 6.841775029897690e-05 5.962309660390019e-04	1.000000000000000e+00	539	0	324
326	 9.487949965337208e+02 -3.013941457833297e+02  6.363717498886579e+02	 6.436339036251108e-03 -2.185830535988013e-03 -8.622169572239121e-03	1.000000000000000e+00	487	0	326
327	 2.623915049951883e+02 -9.520114407323827e+02  6.721579464781374e+02	 1.731433362389604e-03 -6.868062346863250e-03 -8.599495709252855e-03	1.000000000000000e+00	487	0	327
329	 3.226882512107609e+00 -9.057534701948617e+02  3.658929453758127e+03	-3.087139028745393e-03 -1.106248780464133e-03  1.980890248281260e-03	1.000000000000000e+00	497	0	329
330	5.544995546108471e+02 7.717752052179993e+02 3.327386950586776e+03	-5.117679946124554e-03  2.696364885196090e-03 -2.421315060928464e-03	1.000000000000000e+00	19	0	330
331	 3.402660517916368e+02 -8.017568276782354e+02  1.539621414871331e+03	 4.477349032337467e-03 -1.734797687580188e-03  2.742551344757278e-03	1.000000000000000e+00	19	0	331
332	-8.313559187855641e+02 -4.038931223416358e+02  6.695636161779619e+02	-5.785801525538166e-04  4.899399219236026e-03 -4.320819066682209e-03	1.000000000000000e+00	453	0	332
333	 1.833626803447790e+02 -7.541667344657485e+02  5.118629171731556e+00	 5.796554498374462e-03  5.981113761663437e-03 -1.177766826003790e-02	1.000000000000000e+00	453	0	333
335	5.670581093410772e+02 9.397026094641102e+02 2.693285897636214e+03	5.901686924820146e-03 3.829880462338527e-03 9.731567387158671e-03	1.000000000000000e+00	26	0	335
336	-2.416785009776027e+02  9.926439539375114e+02  1.841020073173172e+03	7.090434276809292e-04 7.710027081581454e-03 7.000983653900524e-03	1.000000000000000e+00	525	0	336
337	5.996115462993267e+02 2.723705398501702e+02 2.794566118089011e+02	8.850825096790990e-03 1.082331213789682e-02 1.972487041105826e-03	1.000000000000000e+00	525	0	337
338	7.628953758230241e+02 8.022180483034803e+02 2.179027792350949e+03	1.206875235463182e-03 6.047827618507047e-03 4.840952383043866e-03	1.000000000000000e+00	539	0	338
339	-7.495258707742037e+02  3.486558912408786e+02  3.237886881885575e+03	-3.289752445804576e-04 -2.680566850661611e-03 -2.351591606081153e-03	1.000000000000000e+00	539	0	339
340	-4.681427090049445e+02  2.492419362866474e+02  1.181904168975474e+03	 2.548112107130389e-03  3.813883483720322e-03 -1.265771376589934e-03	1.000000000000000e+00	55	0	340
341	 1.854605100519523e+02 -4.345587620453206e+02  2.519308086364339e+03	-2.825267834850820e-03 -2.860446471458999e-03  3.517863660817965e-05	1.000000000000000e+00	55	0	341
342	-8.962764009376295e+01 -6.845883401512103e+01  2.862412647600099e+03	2.918947953730822e-03 1.130192307755351e-03 1.788755645975471e-03	1.000000000000000e+00	55	0	342
343	-8.835968945574358e+02  5.036675251235682e+02  1.496317033997737e+03	-3.567783317218224e-03 -1.381390805666645e-03 -2.186392511551579e-03	1.000000000000000e+00	55	0	343
344	-1.538634250058352e+02 -1.912807314305261e+01  1.764553462404284e+03	6.376103924897810e-03 5.275298414441447e-03 1.100805510456363e-03	1.000000000000000e+00	55	0	344
345	-8.244722208192405e+01 -1.303304742962063e+02  1.947172066481349e+03	4.876994062215090e-03 4.383618012070656e-03 4.933760501444339e-04	1.000000000000000e+00	55	0	345
346	-4.573970864735096e+02  1.499811677066280e+02  2.276203199498603e+03	-3.822500895087918e-03 -4.840094984198610e-03  1.017594089110692e-03	1.000000000000000e+00	55	0	346
347	-5.816709994031416e+02  2.126193053635966e+02  2.089291148912002e+03	-7.760369218885899e-03 -9.476292878389359e-03  1.715923659503460e-03	1.000000000000000e+00	55	0	347
348	-5.055728940420954e+02 -7.919402472764093e+02  2.065486710004715e+03	 8.302488907550771e-04 -3.727164565740774e-03 -2.896915674985697e-03	1.000000000000000e+00	539	0	348
350	1.000000000000000e+03 7.554940916894761e+02 2.670490266544869e+03	-1.100133931662310e-17  4.866318777203588e-04  4.866318777203532e-04	1.000000000000000e+00	539	1	350
351	2.228903058832541e+02 1.384340778687086e+02 1.276320558607355e+03	 1.082661319135999e-03 -9.543455186455200e-04  1.283158004904786e-04	1.000000000000000e+00	539	0	351
353	-1.774976288515748e+02 -2.613516129191997e+02  2.924150609552445e+03	-1.375980007772644e-02  1.837895639861624e-02  4.619156320889791e-03	1.000000000000000e+00	539	0	353
354	7.800393491155087e+02 3.649655924629936e+02 2.060001116433895e+03	 1.697731561337908e-02 -2.211856112504999e-02 -5.141245511670907e-03	1.000000000000000e+00	539	0	354
355	6.524024303728505e+02 3.017559013979433e+02 1.869154506626186e+03	 1.034955967528125e-02 -1.299469444590310e-02 -2.645134770621856e-03	1.000000000000000e+00	539	0	355
356	-6.823164484762269e+02  2.249418966368459e+02  3.698752036798515e+03	-1.726603251881897e-03  3.206483554095030e-03 -1.479880302213132e-03	1.000000000000000e+00	539	0	356
357	 8.234079712718573e+02 -6.260341804114004e+02  3.044003694098677e+03	 1.596916738587121e-03 -2.182240326267978e-03  5.853235876808564e-04	1.000000000000000e+00	539	0	357
358	 6.158192547655919e+02 -7.352418053446113e+02  2.707433369721783e+03	 3.787085879594088e-03  1.798946410417557e-03 -5.586032290011644e-03	1.000000000000000e+00	539	0	358
359	-9.481248883813887e+02 -1.343502884254438e+02  3.670485995949597e+03	-2.480726689100265e-03 -1.298020728818637e-18  2.480726689100266e-03	1.000000000000000e+00	539	0	359
360	-3.465371864458842e+01 -1.289223445013101e+02  3.404953548105032e+03	 1.312610402237624e-04 -3.848858177661896e-04  2.536247775424272e-04	1.000000000000000e+00	539	0	360
361	 1.737822841599976e+02 -2.686191781790549e+02  3.336214378978191e+03	-1.811272716925789e-04 -2.202038221488086e-03  2.383165493180665e-03	1.000000000000000e+00	539	0	361
362	-5.177553061239662e+01 -6.166287574181188e+02  3.256415107173279e+03	-4.056677222251892e-03 -1.305504702031612e-02  1.711172424256802e-02	1.000000000000000e+00	539	0	362
363	-2.608304500544670e+02 -4.693381079693326e+02  3.318179377166563e+03	-1.029840049644311e-03 -2.448008356926342e-03  3.477848406570653e-03	1.000000000000000e+00	539	0	363
364	-2.650693065430157e+02 -7.245412498660709e+02  2.017743816254327e+03	 1.493708890241881e-04 -6.295468726117784e-04  4.801759835875903e-04	1.000000000000000e+00	55	0	364
365	3.438235358882332e+02 3.871874344564100e+00 6.804378496124428e+02	 2.809454686939716e-03 -1.601207652129233e-03 -1.208247034810483e-03	1.000000000000000e+00	55	0	365
366	5.701782710082451e+02 3.116429356004219e+02 9.566564244763562e+02	-1.203165040351450e-03  1.582007738761604e-03 -3.788426984101534e-04	1.000000000000000e+00	55	0	366
367	-8.767551793314395e+01 -3.200698936561122e+02  2.246223042674279e+03	-5.217897899759313e-04 -6.888357068722447e-04  1.210625496848176e-03	1.000000000000000e+00	55	0	367
368	 1.902753501216470e+02 -4.990621838395941e+02  1.336920093563187e+03	 1.941777563964327e-02 -1.195497826362650e-02 -7.462797376016776e-03	1.000000000000000e+00	55	0	368
369	 2.066147763350804e+02 -3.518753459776679e+02  1.173393829487828e+03	 2.146935276687145e-02 -1.207332406193018e-02 -9.396028704941273e-03	1.000000000000000e+00	55	0	369
370	2.954523291704714e+02 3.930133304680160e+01 1.503723968867750e+03	-1.103692309698090e-03  1.439173269318417e-03 -3.354809596203268e-04	1.000000000000000e+00	55	0	370
371	 1.879051653914133e+02 -3.585444601879048e+01  1.686426911712400e+03	-1.721789934284364e-03  1.878938996621097e-03 -1.571490623367329e-04	1.000000000000000e+00	55	0	371
372	-3.129570942698384e+01  1.992248670924759e+02  3.184805176611565e+03	-5.650314502418041e-03 -2.893523778766394e-03 -2.756790723651648e-03	1.000000000000000e+00	539	0	372
373	-1.565745543890005e+02  5.787888792904856e+02  2.679962319451538e+03	3.296236507594585e-03 2.661840990185738e-03 6.343955174088478e-04	1.000000000000000e+00	539	0	373
374	-3.600171025535004e+02 -2.204942869085732e+02  2.996234211638578e+03	6.984431607027849e-03 9.065001426885525e-03 2.080569819857677e-03	1.000000000000000e+00	539	0	374
376	2.672737307754133e+02 2.318421377921325e+02 2.252918458784293e+03	-4.033013780523712e-03 -3.962336534944675e-04 -3.636780127029245e-03	1.000000000000000e+00	539	0	376
378	 7.207569981962129e+02 -5.241292316113201e+02  6.416746623981754e+02	 6.856971420347691e-03 -8.122524246573448e-03 -1.497949566692114e-02	1.000000000000000e+00	487	0	378
379	 4.987063033980465e+02 -7.348500756152905e+02  6.530045131923715e+02	 6.262609890351693e-03 -7.397005955378215e-03 -1.365961584572991e-02	1.000000000000000e+00	487	0	379
380	 1.036479677429961e+02 -4.681197065658182e+02  3.996142132156282e+03	1.977866205076376e-03 1.449010505651434e-02 1.251223885143797e-02	1.000000000000000e+00	497	0	380
381	 4.133959522853648e+01 -7.067439801084479e+02  3.819826231128112e+03	-6.709855981171131e-03 -2.273756079375744e-03  4.436099901795387e-03	1.000000000000000e+00	497	0	381
382	4.652370379998833e+02 2.578186108774824e+02 2.724167839635295e+03	-4.090789278658728e-03  2.949795414072772e-03 -1.140993864585956e-03	1.000000000000000e+00	19	0	382
383	 2.702836308078786e+02 -2.007135472374496e+02  2.070682274328358e+03	-5.743892475341757e-03  2.758723838875691e-03 -2.985168636466066e-03	1.000000000000000e+00	19	0	383
384	-4.967675562974691e+02 -5.353989372496583e+02  4.664810685978894e+02	-1.108879378686348e-03  6.750236110140880e-03 -5.641356731454532e-03	1.000000000000000e+00	453	0	384
385	-1.684614728467776e+02 -6.418660323516531e+02  2.446420802491927e+02	-2.500354467580716e-03  9.951561534156403e-03 -7.451207066575686e-03	1.000000000000000e+00	453	0	385
386	8.426654220138230e+02 5.826335566154495e+02 2.611824157460299e+03	8.604336374749741e-03 3.620538239677747e-03 1.222487461442749e-02	1.000000000000000e+00	26	0	386
387	7.116041781382685e+02 7.549758814536906e+02 2.653105238422986e+03	8.250225335359573e-03 3.524282947182655e-03 1.177450828254223e-02	1.000000000000000e+00	26	0	387
388	1.486589483258520e+01 7.187502839221158e+02 1.310582007347588e+03	9.974270865010718e-03 1.050805319876721e-02 5.337823337564865e-04	1.000000000000000e+00	525	0	388
389	3.135960953310873e+02 4.867939345578499e+02 7.798954574848201e+02	 8.940193792417025e-03  8.724764930472398e-03 -2.154288619446257e-04	1.000000000000000e+00	525	0	389
390	2.599362199574429e+02 6.460070889430053e+02 2.525775988856055e+03	5.732860881835222e-04 2.628891961649060e-03 2.055605873465538e-03	1.000000000000000e+00	539	0	390
391	-2.390205604720298e+02  5.085670018364104e+02  2.887292682178933e+03	8.068539512654145e-04 2.624764553426455e-03 1.817910602161040e-03	1.000000000000000e+00	539	0	391
392	-3.433904220930405e+02  1.872201375434546e+02  1.368678254630571e+03	 5.444508627988398e-03  6.582736386917531e-03 -1.138227758929133e-03	1.000000000000000e+00	55	0	392
393	-2.288681638059080e+02  1.027821557490790e+02  1.567638494712079e+03	6.446250748316136e-03 6.211759488602790e-03 2.344912597133469e-04	1.000000000000000e+00	55	0	393
394	 6.872756639272029e+01 -3.571811756171300e+02  2.325197556276917e+03	-3.100477310908900e-04 -3.036301882275438e-04 -6.417542863346165e-06	7.500000000000000e-01	55	0	394
396	-1.972200554461288e+02  4.035529363171053e+01  2.646006104600901e+03	 4.655995988287032e-03  5.810905131511390e-03 -1.154909143224359e-03	1.000000000000000e+00	55	0	396
397	-3.294931892297898e+02  9.259228059422881e+01  2.461495983854722e+03	 7.400143076665699e-04  9.884450118988752e-04 -2.484307042323053e-04	1.000000000000000e+00	55	0	397
398	-8.101488604766903e+02  3.674629115375517e+02  1.705969681664499e+03	-1.123100073649160e-02 -1.113527806834706e-02 -9.572266814454151e-05	1.000000000000000e+00	55	0	398
399	-7.010631537068728e+02  2.826741874681584e+02  1.899844112503710e+03	-1.044279523193836e-02 -1.197581458836794e-02  1.533019356429577e-03	1.000000000000000e+00	55	0	399
400	-3.140733745845770e+02 -7.754572844387241e+02  2.273469192299919e+03	 1.455494590724508e-02 -1.773278399681051e-02 -3.177838089565435e-03	1.000000000000000e+00	539	0	400
402	-2.971559510714442e+01 -5.029481164746438e+01  3.282989444568611e+03	-6.761452629386137e-03  5.810961146683742e-03 -9.504914827023945e-04	1.000000000000000e+00	539	0	402
403	-9.448269576347468e+01 -1.876023818840035e+02  3.080914773675741e+03	-8.806348739502329e-03  7.096355819764237e-03 -1.709992919738094e-03	1.000000000000000e+00	539	0	403
405	9.151021526938056e+02 4.141844121754307e+02 2.244282739724629e+03	 1.685537227119009e-02 -2.360914073263605e-02 -6.753768461445968e-03	1.000000000000000e+00	539	0	405
406	3.592138001952836e+02 2.040434573801873e+02 1.478253432430863e+03	 1.493219189190616e-03 -2.309694168313096e-03 -8.164749791224797e-04	1.000000000000000e+00	539	0	406
407	5.113644092125450e+02 2.424721205125126e+02 1.668832704580450e+03	 4.054881942768891e-03 -5.628752677390973e-03 -1.573870734622081e-03	1.000000000000000e+00	539	0	407
408	-4.595345013203158e+02  1.445201857890920e+02  3.556391800490357e+03	-2.763223795530700e-04  7.198141373616332e-03 -6.921818994063264e-03	1.000000000000000e+00	539	0	408
409	-2.423628968891883e+02  2.495881986494028e+01  3.458781561983381e+03	 8.832055997724335e-04  5.289820585555087e-03 -6.173026185327520e-03	1.000000000000000e+00	539	0	409
410	 5.924548247110580e+02 -5.214618028102675e+02  3.170384463058343e+03	-4.091762433138987e-04 -3.691169365386789e-03  4.100345608700688e-03	1.000000000000000e+00	539	0	410
411	 3.820919892872287e+02 -3.875533909218875e+02  3.246838886593792e+03	-6.631283322349191e-04 -3.632719104643911e-03  4.295847436878830e-03	1.000000000000000e+00	539	0	411
412	 4.300982271171219e+02 -5.566752708331732e+02  2.714587862858815e+03	 5.383401488264402e-03  6.613643684734901e-03 -1.199704517299930e-02	1.000000000000000e+00	539	0	412
413	 1.852619766708760e+02 -7.997155355183390e+02  3.202464377990228e+03	-9.510205052310016e-19 -1.772631797939539e-02  1.772631797939539e-02	1.000000000000000e+00	539	0	413
414	-5.563238771628173e+02 -1.343502884254439e+02  3.278684984731025e+03	 1.597788021899760e-02  1.422190891948419e-18 -1.597788021899760e-02	1.000000000000000e+00	539	0	414
415	-4.439497892657200e+02 -2.914522097888893e+02  3.323412818197373e+03	 7.887605732927721e-03  4.122580091158549e-03 -1.201018582408627e-02	1.000000000000000e+00	539	0	415
416	-2.475026658777404e+01 -7.953445109969292e+02  1.848228037429943e+03	 4.065381983915965e-03 -9.546617822100719e-03  5.481235838184754e-03	1.000000000000000e+00	55	0	416
417	 1.544294625241841e+02 -6.780630842823217e+02  1.551766881603378e+03	 1.854938656712572e-02 -1.263958293323715e-02 -5.909803633888562e-03	1.000000000000000e+00	55	0	417
418	 2.697162418741878e+02 -1.110681201555885e+02  8.694851381266408e+02	 1.017161369478951e-02 -8.539468011197945e-03 -1.632145683591564e-03	1.000000000000000e+00	55	0	418
419	 2.218008026551688e+02 -2.274725932237264e+02  1.033805050413798e+03	 1.949144154787064e-02 -1.271162647753954e-02 -6.779815070331097e-03	1.000000000000000e+00	55	0	419
420	4.796901772867676e+02 2.179745354866928e+02 1.140812918311563e+03	-1.996113705293586e-03  1.808494892126570e-03  1.876188131670156e-04	1.000000000000000e+00	55	0	420
421	4.103814962204604e+02 1.018870772262836e+02 1.326209057638279e+03	-1.749140326865017e-03  1.107382122427225e-03  6.417582044377923e-04	1.000000000000000e+00	55	0	421
422	-2.309968918596988e+01 -1.905400467440146e+02  2.052117367015008e+03	-2.117955336871091e-04  1.230849968123948e-03 -1.019054434436839e-03	4.218750000000000e-01	55	0	422
423	 8.342493896489432e+01 -1.098170853461617e+02  1.864869777466291e+03	-3.512148221489042e-03  4.209210223052651e-03 -6.970620015636086e-04	1.000000000000000e+00	55	0	423
424	 3.209732049101846e+02 -1.346025443581182e+02  3.870901502399327e+03	2.830833177237461e-03 2.257888923243930e-03 5.729442539935310e-04	1.000000000000000e+00	539	0	424
425	-3.915087372159118e+02  1.000000000000000e+03  2.023817015915113e+03	 9.718229586724192e-03 -3.757535528801333e-18  9.718229586724192e-03	1.000000000000000e+00	539	1	425
428	5.424054236418052e+02 8.784240251764895e+02 1.881468264266329e+03	2.755918510956690e-03 2.537841792218388e-04 2.502134331734851e-03	1.000000000000000e+00	539	0	428
429	 9.137725095392358e+01 -8.948281004588745e+02  3.203692217213811e+03	 1.150004286319017e-02 -9.014804847538471e-03  2.051484771072865e-02	1.000000000000000e+00	539	0	429
430	5.604886726016694e+02 9.130415170771234e+02 3.474642380436722e+03	-2.914278088913610e-03  2.004752381859968e-03 -9.095257070536414e-04	1.000000000000000e+00	19	0	430
431	 3.489244187660117e+02 -9.826021979038703e+02  1.367434411620071e+03	 6.728843164940675e-03 -1.189220898474256e-02 -5.163365819801887e-03	1.000000000000000e+00	19	0	431
432	-9.193380916152618e+02 -3.682575908377619e+02  7.219102575037857e+02	-8.398526891445121e-04  4.801106619803856e-03 -3.961253930659344e-03	1.000000000000000e+00	453	0	432
433	 2.309183704530415e+02 -7.966037954022793e+02  0.000000000000000e+00	-2.353595104068519e-03  2.353595104068518e-03  7.293605076315235e-18	1.000000000000000e+00	453	1	433
435	6.868209242290388e+02 2.228098620453859e+02 1.426865560744047e+02	8.491587087822458e-03 9.144657097446421e-03 6.530700096239644e-04	1.000000000000000e+00	525	0	435
436	8.943283482655346e+02 8.464222559399807e+02 2.091799027544939e+03	9.885775701453288e-04 4.911604376199345e-03 3.923026806054016e-03	1.000000000000000e+00	539	0	436
437	-8.786373147901841e+02  2.950856357593183e+02  3.313428070419995e+03	-3.542267756226162e-04 -3.799562856632595e-03 -3.445336081009979e-03	1.000000000000000e+00	539	0	437
438	-3.630428742124007e+01  3.106055369037850e+02  3.068415928805999e+03	-2.656062599271536e-03 -1.487888512201607e-03 -1.168174087069929e-03	1.000000000000000e+00	539	0	438
439	-1.060679801093139e+02  5.317423365209520e+02  2.777515436500758e+03	 2.008491661399602e-03  2.008491661399604e-03 -4.673530142742695e-19	1.000000000000000e+00	539	0	439
442	2.094578306486840e+02 9.252636984699805e+01 2.334418326602698e+03	-5.319166462868452e-03 -1.801358768716455e-03 -3.517807694151998e-03	1.000000000000000e+00	539	0	442
443	 1.901324822460014e+02 -1.590852235166824e+02  2.566704571563696e+03	-2.116675721481442e-03 -1.055022585205734e-03 -1.061653136275709e-03	1.000000000000000e+00	539	0	443
444	4.216094184500776e+02 1.440045701888439e+02 2.566726179396851e+03	-5.157069885171950e-03  4.004772170446813e-03 -1.152297714725137e-03	1.000000000000000e+00	19	0	444
445	 2.842094023256986e+02 -5.308926369456514e+01  2.232232329389063e+03	-6.826401222497225e-03  5.137054249644279e-03 -1.689346972852946e-03	1.000000000000000e+00	19	0	445
446	-4.138827148194445e+02 -5.649784789992581e+02  4.131757688694645e+02	-1.384581206366420e-03  7.432748912833631e-03 -6.048167706467211e-03	1.000000000000000e+00	453	0	446
447	-2.497346849335330e+02 -6.181341713159655e+02  3.021834313002607e+02	-2.113242633640766e-03  9.041236713528633e-03 -6.927994079887867e-03	1.000000000000000e+00	453	0	447
448	8.652893453254799e+01 6.626278689002586e+02 1.182796552625768e+03	8.829879458062351e-03 9.811326977796853e-03 9.814475197345021e-04	1.000000000000000e+00	525	0	448
449	2.418154097716642e+02 5.536181753090045e+02 9.185003837953980e+02	8.506982529070228e-03 9.164494520518929e-03 6.575119914487004e-04	1.000000000000000e+00	525	0	449
450	1.322539070729749e+02 6.052735759246184e+02 2.612724788722136e+03	3.698114111709099e-04 1.745115373826896e-03 1.375303962655986e-03	1.000000000000000e+00	539	0	450
452	1.902955357900742e+02 2.616295090390254e+01 3.579458338017196e+03	 2.064742147922115e-05 -2.382038797624376e-18  2.064742147922917e-05	1.000000000000000e+00	539	0	452
453	-2.987492140502770e+01  7.286684855717992e+01  3.312583983168817e+03	-1.060470205266029e-02 -8.803285541944206e-03 -1.801416510716081e-03	1.000000000000000e+00	539	0	453
454	-2.973894749272363e+02  8.247506163264688e+02  2.293185661877319e+03	6.319594491894047e-03 4.858770951007803e-03 1.460823540886243e-03	1.000000000000000e+00	539	0	454
455	-2.106895221132894e+02  6.570984787800218e+02  2.547537752237713e+03	5.268989130854607e-03 4.524552728980780e-03 7.444364018738268e-04	1.000000000000000e+00	539	0	455
457	-4.518956062247646e+02 -1.805961328339915e+02  3.128010869384424e+03	5.365611054003239e-03 6.988270673900843e-03 1.622659619897604e-03	1.000000000000000e+00	539	0	457
458	-6.395414666865269e+01 -9.383662581083770e+02  1.982299284553927e+03	-1.342805766034871e-02 -1.249686803203076e-02  9.311896283179523e-04	1.000000000000000e+00	539	0	458
459	-1.890380993679416e+02 -7.927486998488662e+02  2.253000795512727e+03	-1.434219341414670e-02 -1.593242965949078e-02 -1.590236245344082e-03	1.000000000000000e+00	539	0	459
460	4.347061210161137e+02 6.200814542488904e+02 2.032111532568236e+03	-1.637790017412044e-03 -1.604494464118034e-04 -1.477340571000241e-03	1.000000000000000e+00	539	0	460
461	3.218216298735232e+02 3.613728467091828e+02 2.177935648965353e+03	-3.388507320778444e-03 -3.208146081306039e-04 -3.067692712647840e-03	1.000000000000000e+00	539	0	461
464	5.477336258946632e+02 6.342595051546473e+02 3.183105321807240e+03	-4.637492354959249e-03  2.572017256170511e-03 -2.065475098788738e-03	1.000000000000000e+00	19	0	464
465	5.028669793888942e+02 3.767581694947967e+02 2.880737339641620e+03	-3.253238935333987e-03  2.235780043217043e-03 -1.017458892116944e-03	1.000000000000000e+00	19	0	465
466	 3.111045707129683e+02 -6.454772808656146e+02  1.666739480605283e+03	 2.515132771804929e-03 -1.004025805741549e-03  1.511106966063380e-03	1.000000000000000e+00	19	0	466
467	 2.822367370708875e+02 -3.488487419698278e+02  1.934500185858989e+03	-2.866094931960106e-03  1.225916319526732e-03 -1.640178612433374e-03	1.000000000000000e+00	19	0	467
468	-7.472775009640873e+02 -4.381412210890745e+02  6.197332971039237e+02	-6.320611185704670e-04  5.247967298297833e-03 -4.615906179727365e-03	1.000000000000000e+00	453	0	468
469	-5.800504126324214e+02 -5.041873607504280e+02  5.185523484336113e+02	-8.976850658655167e-04  6.152953021228313e-03 -5.255267955362797e-03	1.000000000000000e+00	453	0	469
470	 7.952996153116564e+01 -7.113556752321804e+02  6.614028875177675e+01	-1.419805067901810e-03  1.246763024634371e-02 -1.104782517844190e-02	1.000000000000000e+00	453	0	470
471	-8.732390425384226e+01 -6.643803212391172e+02  1.860188005437214e+02	-2.832303754985332e-03  1.102315820753574e-02 -8.190854452550411e-03	1.000000000000000e+00	453	0	471
472	-1.702802930117838e+02  9.195017691611238e+02  1.696479680430965e+03	 9.706556700014820e-03  9.274873979544887e-03 -4.316827204699315e-04	1.000000000000000e+00	525	0	472
473	-5.085099505187650e+01  7.803250692325568e+02  1.437873682542491e+03	 1.135393516597105e-02  1.124741411331343e-02 -1.065210526576269e-04	1.000000000000000e+00	525	0	473
474	5.157795053924998e+02 3.168632522305367e+02 4.077813650960946e+02	8.981508280461034e-03 1.097620922761659e-02 1.994700947155555e-03	1.000000000000000e+00	525	0	474
475	3.748473745193289e+02 4.166442266382170e+02 6.484944703769457e+02	 9.860548399349986e-03  9.669750720301332e-03 -1.907976790486525e-04	1.000000000000000e+00	525	0	475
476	6.424086013596316e+02 7.623615543608984e+02 2.259658072871759e+03	1.311620697379112e-03 6.169290281832218e-03 4.857669584453106e-03	1.000000000000000e+00	539	0	476
477	3.873428994102068e+02 6.839326097230954e+02 2.436294830183381e+03	7.106732518877834e-04 3.009788444614969e-03 2.299115192727186e-03	7.500000000000000e-01	539	0	477
478	-6.211682162268917e+02  3.971470691776764e+02  3.158020405275061e+03	-2.812057694730659e-04 -1.653236579538013e-03 -1.372030810064947e-03	1.000000000000000e+00	539	0	478
479	-3.664105864920587e+02  4.769710037971548e+02  2.983086710159706e+03	4.361340324976481e-05 2.470740873832256e-04 2.034606732195243e-04	1.000000000000000e+00	539	0	479
481	 3.428339058566038e+02 -1.934751683996057e+02  3.951634827387234e+03	 4.708284900213282e-03 -2.518247968206803e-03  7.226532868420084e-03	1.000000000000000e+00	539	0	481
484	5.807717877713973e+02 9.898747548353055e+02 3.571758733364632e+03	-1.770854306717713e-03  5.852188837404053e-03  4.081334530686338e-03	1.000000000000000e+00	19	0	484
485	 3.048175436404084e+02 -1.000000000000000e+03  1.305929734398338e+03	4.576819948852061e-03 4.332934453491145e-18 4.576819948852062e-03	1.000000000000000e+00	19	1	485
487	7.371610300176317e+02 1.805843040183258e+02 5.012089225875177e+01	 1.046285700673858e-02  8.945317783703407e-03 -1.517539223035177e-03	1.000000000000000e+00	525	0	487
488	-4.278553165971629e+01  3.645040064146673e+02  3.008036215056641e+03	-1.179195465131973e-03 -6.995883401638518e-04 -4.796071249681215e-04	1.000000000000000e+00	539	0	488
489	-6.875116950484248e+01  4.732268164118606e+02  2.873347767214321e+03	 1.425493993641188e-03  2.169092166392753e-03 -7.435981727515657e-04	1.000000000000000e+00	539	0	489
492	3.954083842936880e+02 9.216894911790970e+01 2.488689524169527e+03	-5.281158257275820e-03  4.436635412275791e-03 -8.445228450000286e-04	1.000000000000000e+00	19	0	492
493	3.205517587977813e+02 1.367250913052003e+00 2.323031200468763e+03	-5.455218255519867e-03  4.825522191822529e-03 -6.296960636973381e-04	1.000000000000000e+00	19	0	493
494	1.242782120174454e+02 6.360590651733767e+02 1.118478471413989e+03	8.463070689079663e-03 9.564579503300289e-03 1.101508814220627e-03	1.000000000000000e+00	525	0	494
496	-2.779589849326654e+02  7.813993044568817e+02  2.355967463741477e+03	6.437869626097381e-03 5.049705156125128e-03 1.388164469972253e-03	1.000000000000000e+00	539	0	496
497	-2.347788957120881e+02  6.973886672264409e+02  2.483158190192495e+03	5.977400035286943e-03 4.969178310905893e-03 1.008221724381050e-03	1.000000000000000e+00	539	0	497
499	-4.975907767660868e+02 -1.604992535666871e+02  3.193802919193051e+03	4.801324607493977e-03 6.219497377363344e-03 1.418172769869367e-03	1.000000000000000e+00	539	0	499
500	-9.496667480235254e+01 -8.950919084938148e+02  2.056586162302189e+03	-1.629250690651437e-02 -1.464901577370862e-02  1.643491132805745e-03	1.000000000000000e+00	539	0	500
501	-1.561842040563402e+02 -8.196059522024585e+02  2.193289647847533e+03	-1.607882594786740e-02 -1.630345182396316e-02 -2.246258760957663e-04	1.000000000000000e+00	539	0	501
502	5.412868692685790e+02 5.669932874151199e+02 3.109392347441628e+03	-4.051740785750250e-03  2.362456832391520e-03 -1.689283953358730e-03	1.000000000000000e+00	19	0	502
503	5.190478665571119e+02 4.380092709593115e+02 2.958169328274353e+03	-3.269629785791039e-03  2.150389598682523e-03 -1.119240187108517e-03	1.000000000000000e+00	19	0	503
504	 3.029642724006866e+02 -5.711658335626149e+02  1.732910629596001e+03	 1.842598197981715e-03 -7.780232699587941e-04  1.064574928022921e-03	1.000000000000000e+00	19	0	504
505	 2.892689974468659e+02 -4.230357777466595e+02  1.867345410458136e+03	-1.290562096983194e-03  5.493781063705683e-04 -7.411839906126261e-04	1.000000000000000e+00	19	0	505
506	-1.401434859178748e+02  8.831270083835694e+02  1.629968112559502e+03	 1.082624475626896e-02  1.016713698239376e-02 -6.591077738751968e-04	1.000000000000000e+00	525	0	506
507	-8.133767079439754e+01  8.131955498107849e+02  1.501230838863240e+03	 1.178148102674944e-02  1.132868050869244e-02 -4.528005180569985e-04	1.000000000000000e+00	525	0	507
508	 2.981071104519817e+02 -9.080191948501349e+01  3.804234783068019e+03	2.521347089592988e-03 2.102264833714192e-03 4.190822558787962e-04	1.000000000000000e+00	539	0	508
509	 2.313353303466509e+02 -4.441847256066563e+00  3.651102930733742e+03	 5.998096409408996e-04  8.897053679296126e-04 -2.898957269887130e-04	1.000000000000000e+00	539	0	509
510	-3.560695107510272e+02  9.613503225946803e+02  2.097905919785317e+03	 5.317951552569866e-03  6.415175739675760e-03 -1.097224187105894e-03	1.000000000000000e+00	539	0	510
511	-3.161030478413842e+02  8.687741195364258e+02  2.230448585753214e+03	6.688623301063974e-03 5.101825964326660e-03 1.586797336737315e-03	1.000000000000000e+00	539	0	511
515	-2.607759440491905e+01 -9.813307308014938e+02  1.901458259597077e+03	-5.862064814815919e-03 -9.797778756668171e-03 -3.935713941852252e-03	1.000000000000000e+00	539	0	515
516	5.568000591657909e+02 8.406289465941693e+02 3.398541196517890e+03	-4.255943000316620e-03  2.259169239550829e-03 -1.996773760765791e-03	1.000000000000000e+00	19	0	516
517	5.517558042270343e+02 7.028249381648000e+02 3.255692933149764e+03	-5.087548866868019e-03  2.724517136812210e-03 -2.363031730055809e-03	1.000000000000000e+00	19	0	517
518	 3.496810477765343e+02 -8.804279352350761e+02  1.470365303299388e+03	 6.745359317089121e-03 -3.231018160780271e-03  3.514341156308850e-03	1.000000000000000e+00	19	0	518
519	 3.244571334886117e+02 -7.224128846787453e+02  1.603156439567796e+03	 2.809779058831433e-03 -9.331329104801019e-04  1.876646148351331e-03	1.000000000000000e+00	19	0	519
520	-2.956527445285815e+02  1.000000000000000e+03  1.902350362786640e+03	 2.509478479623792e-03 -7.901892654219337e-18 -2.509478479623797e-03	1.000000000000000e+00	525	1	520
521	-2.027464152236099e+02  9.549914378716880e+02  1.764435471353356e+03	 8.837010762363207e-03  8.766721883148421e-03 -7.028887921478563e-05	1.000000000000000e+00	525	0	521
522	6.419516067512394e+02 2.490550398318882e+02 2.138010513387063e+02	8.959344394194583e-03 1.076668147773792e-02 1.807337083543340e-03	1.000000000000000e+00	525	0	522
523	-3.278172953728528e+01  2.554116880464629e+02  3.127132335547276e+03	-4.161491058766842e-03 -2.206989796832204e-03 -1.954501261934638e-03	1.000000000000000e+00	539	0	523
524	-3.079313675378286e+01  1.421293789331052e+02  3.242403237444136e+03	-7.138051015014450e-03 -3.630034004648526e-03 -3.508017010365923e-03	1.000000000000000e+00	539	0	524
526	-1.848050213550752e+02  6.181851981191370e+02  2.612335533656812e+03	4.237013917493944e-03 3.755497930493827e-03 4.815159870001178e-04	1.000000000000000e+00	539	0	526
527	-3.119706070687120e+02 -2.417238843951972e+02  2.926958118667166e+03	 9.047626682634776e-03  8.625345139686639e-03 -4.222815429481368e-04	1.000000000000000e+00	539	0	527
528	-4.060333556843641e+02 -2.003238732113203e+02  3.062420878466695e+03	5.860256496816874e-03 7.632493041455746e-03 1.772236544638872e-03	1.000000000000000e+00	539	0	528
530	-2.272856849792676e+02 -7.679928150570960e+02  2.316004265915823e+03	-1.382451760582626e-02 -1.177931879647076e-02  2.045198809355497e-03	1.000000000000000e+00	539	0	530
531	4.443964020735153e+02 1.999301450348161e+02 2.645438737866261e+03	-4.688535855772595e-03  3.474795919222136e-03 -1.213739936550458e-03	1.000000000000000e+00	19	0	531
532	4.847299544124651e+02 3.168034376155169e+02 2.802645582785911e+03	-3.541607642546296e-03  2.497316803783178e-03 -1.044290838763118e-03	1.000000000000000e+00	19	0	532
533	 2.699740624419857e+02 -1.250326130948044e+02  2.146053640105110e+03	-6.809259376799067e-03  4.024275966609518e-03 -2.784983410189549e-03	1.000000000000000e+00	19	0	533
534	 2.755690435291325e+02 -2.749094969195281e+02  2.001771737367533e+03	-4.367474039706091e-03  1.915478225176533e-03 -2.451995814529558e-03	1.000000000000000e+00	19	0	534
535	5.000049487351298e+01 6.900776108762304e+02 1.246774734260775e+03	9.329838736448437e-03 1.011788746109232e-02 7.880487246438861e-04	1.000000000000000e+00	525	0	535
536	-1.875570072958412e+01  7.488305097527319e+02  1.374283828740374e+03	1.069325129598534e-02 1.092443507999027e-02 2.311837840049216e-04	1.000000000000000e+00	525	0	536
539	 1.000000000000000e+03 -2.308717016165277e+02  6.556891905891808e+02	-3.054390611697307e-18 -8.690989692695439e-03 -8.690989692695439e-03	1.000000000000000e+00	487	1	539
540	4.749992798842994e+02 3.395109219012728e+02 4.712092602750310e+02	9.220925431388119e-03 1.098708129332711e-02 1.766155861938993e-03	1.000000000000000e+00	525	0	540
541	3.449671618280738e+02 4.507068070113677e+02 7.124372634413514e+02	 9.625904184455672e-03  9.198926466827592e-03 -4.269777176280816e-04	1.000000000000000e+00	525	0	541
542	2.025799019094149e+02 5.826831862455427e+02 9.868009025941855e+02	8.285287690038482e-03 9.257501068835458e-03 9.722133787969750e-04	1.000000000000000e+00	525	0	542
543	4.052045074292786e+02 3.873507171695233e+02 5.888438279983022e+02	9.828983825476220e-03 1.035106273290391e-02 5.220789074276886e-04	1.000000000000000e+00	525	0	543
544	2.400292911232540e+02 1.680080013786353e+02 2.289508155545631e+03	-4.488716484047472e-03 -5.317644681781531e-04 -3.956952015869319e-03	1.000000000000000e+00	539	0	544
545	1.943093010797650e+02 2.551399413163072e+01 2.386282172749147e+03	-4.856860769602160e-03 -1.269575984527668e-03 -3.587284785074492e-03	1.000000000000000e+00	539	0	545
546	2.791279160932987e+02 5.217517699360444e+02 8.493214721008034e+02	8.439821001957171e-03 8.652958276798017e-03 2.131372748408468e-04	1.000000000000000e+00	525	0	546
547	4.515136017411292e+02 7.034187448810883e+02 2.391610263010451e+03	6.336198033144077e-04 2.746889057258765e-03 2.113269253944357e-03	1.000000000000000e+00	539	0	547
548	8.266981940149543e+02 8.238321363247853e+02 2.136839062180324e+03	1.054520951583982e-03 5.350484163500369e-03 4.295963211916387e-03	1.000000000000000e+00	539	0	548
549	 1.905283835491882e+02 -1.024128443288257e+02  2.510428093679026e+03	-5.060030147433281e-03 -2.495764289051294e-03 -2.564265858381987e-03	1.000000000000000e+00	539	0	549
551	-9.788604310752108e+02 -5.499476654608172e+01  3.621866016764056e+03	-1.244911555356036e-03  8.879273858231803e-04  3.569841695328553e-04	1.000000000000000e+00	539	0	551
552	-3.029679110171701e+02  4.933820890008556e+02  2.936055119888518e+03	3.897189550722639e-04 1.328107192724322e-03 9.383882376520585e-04	1.000000000000000e+00	539	0	552
553	-8.474853905113729e+02 -1.270444740294378e+02  3.562540683683575e+03	-9.814180763593565e-04  1.826128767182430e-04  7.988051996411135e-04	1.000000000000000e+00	539	0	553
554	1.485289394574438e+02 1.602905986919495e+01 3.527557850649859e+03	6.023108144290745e-04 2.676632138900459e-04 8.699740283191204e-04	1.000000000000000e+00	539	0	554
558	 3.720156424189149e+02 -5.030286009641844e+02  2.719023777688033e+03	 5.057259462773800e-03  6.512214429676533e-03 -1.156947389245033e-02	1.000000000000000e+00	539	0	558
562	3.510045499508629e+02 4.280376252705104e+02 2.140453790481365e+03	-3.160084311578733e-03 -2.391802942535529e-04 -2.920904017325180e-03	1.000000000000000e+00	539	0	562
563	-7.227361784690951e+02 -1.373628723016305e+02  3.448109869913490e+03	 1.158896193373948e-04 -2.664166386239231e-04  1.505270192865282e-04	1.000000000000000e+00	539	0	563
564	1.500000000000000e+03 7.554940916894761e+02 2.670490266544869e+03	0.000000000000000e+00 0.000000000000000e+00 0.000000000000000e+00	1.000000000000000e+00	539	-1	350
568	 2.309183704530415e+02 -7.966037954022793e+02 -5.000000000000000e+02	0.000000000000000e+00 0.000000000000000e+00 0.000000000000000e+00	1.000000000000000e+00	453	-1	433
573	-1.756022340968156e+02  5.223104980185769e+02  2.837617851985885e+03	5.084595662386467e-04 8.777239224097381e-04 3.692643561710914e-04	1.000000000000000e+00	539	0	573
574	 3.099719672868418e+02 -4.462333026328676e+02  2.724272154488790e+03	 5.141608106593291e-03  6.087007156262795e-03 -1.122861526285609e-02	1.000000000000000e+00	539	0	574
575	 6.762179847464092e+00 -6.590002432810961e+02  3.240248882576396e+03	-5.162499224146208e-03 -1.408274316539367e-02  1.924524238953988e-02	1.000000000000000e+00	539	0	575
577	 3.048175436404084e+02 -1.500000000000000e+03  1.305929734398338e+03	0.000000000000000e+00 0.000000000000000e+00 0.000000000000000e+00	1.000000000000000e+00	19	-1	485
579	 1.817886160476504e+02 -3.861211904174456e+02  4.500000000000000e+03	0.000000000000000e+00 0.000000000000000e+00 0.000000000000000e+00	1.000000000000000e+00	497	-1	276
581	 1.500000000000000e+03 -2.308717016165277e+02  6.556891905891808e+02	0.000000000000000e+00 0.000000000000000e+00 0.000000000000000e+00	1.000000000000000e+00	487	-1	539
584	 4.059473768686702e+01 -7.892584881575158e+02  1.776797010315889e+03	 9.064488268146912e-03 -1.374586190407475e-02  4.681373635927836e-03	1.000000000000000e+00	55	0	584
585	8.733800588102002e+01 2.019479383382855e+01 3.470532651038068e+03	-2.734915857824187e-04  5.705988054008533e-04  2.971072196184347e-04	1.000000000000000e+00	539	0	585
589	-6.631177793230139e+02 -1.399477706810332e+02  3.391076369146811e+03	 4.071641499952723e-04 -5.393654088644931e-04  1.322012588692208e-04	1.000000000000000e+00	539	0	589
591	 1.347435331827232e+02 -7.318969586572105e+02  1.625286685319727e+03	 1.847170479595661e-02 -1.599621027708054e-02 -2.475494518876076e-03	1.000000000000000e+00	55	0	591
593	 3.271015364046250e+02 -8.950472709326937e+02  6.644120848683898e+02	 4.351652693003416e-03 -6.012900266796350e-03 -1.036455295979977e-02	1.000000000000000e+00	487	0	593
594	 2.553403989547573e+02 -3.914575613832317e+02  2.724127981571238e+03	 8.834674954414368e-03  5.062151700258255e-03 -1.389682665467262e-02	1.000000000000000e+00	539	0	594
595	 8.894425207224650e+02 -3.620646990065997e+02  6.350536724766437e+02	 6.252855528146029e-03 -6.129021290689707e-03 -1.238187681883574e-02	1.000000000000000e+00	487	0	595
596	-3.915087372159118e+02  1.500000000000000e+03  2.023817015915113e+03	0.000000000000000e+00 0.000000000000000e+00 0.000000000000000e+00	1.000000000000000e+00	539	-1	425
598	-2.956527445285815e+02  1.500000000000000e+03  1.902350362786640e+03	0.000000000000000e+00 0.000000000000000e+00 0.000000000000000e+00	1.000000000000000e+00	525	-1	520
600	 3.031777230982557e+01 -1.500000000000000e+03  1.826393623683826e+03	0.000000000000000e+00 0.000000000000000e+00 0.000000000000000e+00	1.000000000000000e+00	539	-1	323
602	9.627140511123660e+02 4.223797168248883e+02 2.571618946768281e+03	1.020671497099102e-02 1.854403410106897e-03 1.206111838109791e-02	7.500000000000000e-01	26	0	602
603	3.235654426298445e+02 6.651263870224935e+02 2.481266064263142e+03	5.947152773539226e-04 2.502519423918178e-03 1.907804146564255e-03	1.000000000000000e+00	539	0	603
604	 7.824068687163179e+01 -5.422140893327833e+02  3.947455030260681e+03	-6.349815055727959e-03 -1.332210376858711e-03  5.017604678869247e-03	1.000000000000000e+00	497	0	604
605	 1.904976736875877e+02 -2.319456152859916e+02  2.639930154774592e+03	-4.223681055009365e-03 -2.299119951203465e-03 -1.924561103805900e-03	1.000000000000000e+00	539	0	605
606	9.627359817192473e+02 4.299038554964809e+02 2.307636012071121e+03	 1.857540182148417e-02 -2.200964294994871e-02 -3.434241128464540e-03	1.000000000000000e+00	539	0	606
607	1.500000000000000e+03 4.584388212840595e+02 2.373434996139452e+03	0.000000000000000e+00 0.000000000000000e+00 0.000000000000000e+00	1.000000000000000e+00	539	-1	258
2	 0.000000000000000e+00  7.071067811865475e-01 -7.071067811865475e-01	 5.773502691896257e-01 -5.773502691896257e-01 -5.773502691896257e-01	-7.391622886003375e+02  7.391622886003375e+02  7.391622886003375e+02	1	0	0.000000000000000e+00	0.000000000000000e+00	0.000000000000000e+00
3	-7.071067811865475e-01  0.000000000000000e+00  7.071067811865475e-01	-5.773502691896257e-01  5.773502691896257e-01 -5.773502691896257e-01	 6.288536307352362e+02 -6.288536307352362e+02  6.288536307352362e+02	1	0	0.000000000000000e+00	0.000000000000000e+00	0.000000000000000e+00
4	0.000000000000000e+00 7.071067811865475e-01 7.071067811865475e-01	 5.773502691896257e-01 -5.773502691896257e-01  5.773502691896257e-01	 1.522636602155032e+03 -1.522636602155032e+03  1.522636602155032e+03	1	0	0.000000000000000e+00	0.000000000000000e+00	0.000000000000000e+00
5	 7.071067811865475e-01 -7.071067811865475e-01  0.000000000000000e+00	-5.773502691896257e-01 -5.773502691896257e-01  5.773502691896257e-01	-6.670373969193098e+02 -6.670373969193098e+02  6.670373969193098e+02	1	0	0.000000000000000e+00	0.000000000000000e+00	0.000000000000000e+00
7	-7.071067811865475e-01  7.071067811865475e-01  0.000000000000000e+00	-5.773502691896257e-01 -5.773502691896257e-01  5.773502691896257e-01	-3.955083929436755e+02 -3.955083929436755e+02  3.955083929436755e+02	1	0	0.000000000000000e+00	0.000000000000000e+00	0.000000000000000e+00
8	 0.000000000000000e+00 -7.071067811865475e-01 -7.071067811865475e-01	-5.773502691896257e-01  5.773502691896257e-01 -5.773502691896257e-01	 2.022325394193525e+02 -2.022325394193525e+02  2.022325394193525e+02	1	0	0.000000000000000e+00	0.000000000000000e+00	0.000000000000000e+00
9	-7.071067811865475e-01  0.000000000000000e+00  7.071067811865475e-01	-5.773502691896257e-01  5.773502691896257e-01 -5.773502691896257e-01	 7.132350399568309e+02 -7.132350399568309e+02  7.132350399568309e+02	1	0	0.000000000000000e+00	0.000000000000000e+00	0.000000000000000e+00
10	-7.071067811865475e-01 -7.071067811865475e-01  0.000000000000000e+00	-5.773502691896257e-01  5.773502691896257e-01  5.773502691896257e-01	-6.330962714223555e+02  6.330962714223555e+02  6.330962714223555e+02	1	0	0.000000000000000e+00	0.000000000000000e+00	0.000000000000000e+00
11	-7.071067811865475e-01 -7.071067811865475e-01  0.000000000000000e+00	0.000000000000000e+00 0.000000000000000e+00 0.000000000000000e+00	 2.192031021678289e+02 -4.907321061434643e+02  2.609224022578360e+03	1	1	0.000000000000000e+00	0.000000000000000e+00	0.000000000000000e+00
12	-7.071067811865475e-01 -7.071067811865475e-01  0.000000000000000e+00	-5.773502691896257e-01  5.773502691896257e-01  5.773502691896257e-01	-9.611938178929136e+02  9.611938178929136e+02  9.611938178929136e+02	1	0	0.000000000000000e+00	0.000000000000000e+00	0.000000000000000e+00
13	-7.071067811865475e-01  7.071067811865475e-01  0.000000000000000e+00	 5.773502691896257e-01  5.773502691896257e-01 -5.773502691896257e-01	-1.120999950441073e+03 -1.120999950441073e+03  1.120999950441073e+03	1	0	0.000000000000000e+00	0.000000000000000e+00	0.000000000000000e+00
14	-7.071067811865475e-01  7.071067811865475e-01  0.000000000000000e+00	0.000000000000000e+00 0.000000000000000e+00 0.000000000000000e+00	1.824335495461293e+02 3.747665940288729e+01 3.582910060272236e+03	1	1	0.000000000000000e+00	0.000000000000000e+00	0.000000000000000e+00
15	-7.071067811865475e-01  7.071067811865475e-01  0.000000000000000e+00	-5.773502691896257e-01 -5.773502691896257e-01  5.773502691896257e-01	-3.049987249517975e+02 -3.049987249517975e+02  3.049987249517975e+02	1	0	0.000000000000000e+00	0.000000000000000e+00	0.000000000000000e+00
16	 0.000000000000000e+00 -7.071067811865475e-01  7.071067811865475e-01	5.773502691896257e-01 5.773502691896257e-01 5.773502691896257e-01	1.080459161653044e+03 1.080459161653044e+03 1.080459161653044e+03	1	0	0.000000000000000e+00	0.000000000000000e+00	0.000000000000000e+00
17	 0.000000000000000e+00 -7.071067811865475e-01  7.071067811865475e-01	0.000000000000000e+00 0.000000000000000e+00 0.000000000000000e+00	 9.142890680742061e+02 -6.201326471006022e+02  2.947221063985530e+03	1	1	0.000000000000000e+00	0.000000000000000e+00	0.000000000000000e+00
18	 0.000000000000000e+00 -7.071067811865475e-01  7.071067811865475e-01	5.773502691896257e-01 5.773502691896257e-01 5.773502691896257e-01	8.626702730475879e+02 8.626702730475879e+02 8.626702730475879e+02	1	0	0.000000000000000e+00	0.000000000000000e+00	0.000000000000000e+00
19	 7.071067811865475e-01 -7.071067811865475e-01  0.000000000000000e+00	-5.773502691896257e-01 -5.773502691896257e-01 -5.773502691896257e-01	3.427110866150800e+02 3.427110866150800e+02 3.427110866150800e+02	1	0	0.000000000000000e+00	0.000000000000000e+00	0.000000000000000e+00
20	 7.071067811865475e-01 -7.071067811865475e-01  0.000000000000000e+00	0.000000000000000e+00 0.000000000000000e+00 0.000000000000000e+00	3.577960312803930e+02 7.283199846221450e+01 5.975052301026326e+02	1	1	0.000000000000000e+00	0.000000000000000e+00	0.000000000000000e+00
21	 7.071067811865475e-01 -7.071067811865475e-01  0.000000000000000e+00	-5.773502691896257e-01 -5.773502691896257e-01 -5.773502691896257e-01	6.128258770283411e+02 6.128258770283411e+02 6.128258770283411e+02	1	0	0.000000000000000e+00	0.000000000000000e+00	0.000000000000000e+00
22	-7.071067811865475e-01  0.000000000000000e+00 -7.071067811865475e-01	0.000000000000000e+00 0.000000000000000e+00 0.000000000000000e+00	1.000000000000000e+03 4.153257531310242e+02 4.000000000000000e+03	1	2	0.000000000000000e+00	0.000000000000000e+00	0.000000000000000e+00
23	-7.071067811865475e-01  0.000000000000000e+00 -7.071067811865475e-01	0.000000000000000e+00 0.000000000000000e+00 0.000000000000000e+00	1.000000000000000e+03 1.000000000000000e+03 3.415325753131025e+03	1	2	0.000000000000000e+00	0.000000000000000e+00	0.000000000000000e+00
25	-7.071067811865475e-01  0.000000000000000e+00  7.071067811865475e-01	0.000000000000000e+00 0.000000000000000e+00 0.000000000000000e+00	-1.000000000000000e+03 -1.000000000000000e+03  2.856711395993652e+03	1	2	0.000000000000000e+00	0.000000000000000e+00	0.000000000000000e+00
27	 0.000000000000000e+00  7.071067811865475e-01 -7.071067811865475e-01	0.000000000000000e+00 0.000000000000000e+00 0.000000000000000e+00	1.000000000000000e+03 1.000000000000000e+03 2.217486865801013e+03	1	2	0.000000000000000e+00	0.000000000000000e+00	0.000000000000000e+00
28	 0.000000000000000e+00  7.071067811865475e-01 -7.071067811865475e-01	0.000000000000000e+00 0.000000000000000e+00 0.000000000000000e+00	 1.000000000000000e+03 -7.825131341989875e+02  4.000000000000000e+03	1	2	0.000000000000000e+00	0.000000000000000e+00	0.000000000000000e+00
29	 0.000000000000000e+00  7.071067811865475e-01 -7.071067811865475e-01	0.000000000000000e+00 0.000000000000000e+00 0.000000000000000e+00	 7.825131341989878e+02 -1.000000000000000e+03  4.000000000000000e+03	1	2	0.000000000000000e+00	0.000000000000000e+00	0.000000000000000e+00
30	 0.000000000000000e+00  7.071067811865475e-01 -7.071067811865475e-01	0.000000000000000e+00 0.000000000000000e+00 0.000000000000000e+00	 8.397379770666115e-01 -1.000000000000000e+03  3.218326603778079e+03	1	2	0.000000000000000e+00	0.000000000000000e+00	0.000000000000000e+00
32	-7.071067811865475e-01  0.000000000000000e+00  7.071067811865475e-01	0.000000000000000e+00 0.000000000000000e+00 0.000000000000000e+00	 8.865608922057086e+02 -1.000000000000000e+03  0.000000000000000e+00	1	2	0.000000000000000e+00	0.000000000000000e+00	0.000000000000000e+00
33	-7.071067811865475e-01  0.000000000000000e+00  7.071067811865475e-01	0.000000000000000e+00 0.000000000000000e+00 0.000000000000000e+00	 1.941462804443662e+02 -1.000000000000000e+03  6.924146117613424e+02	1	2	0.000000000000000e+00	0.000000000000000e+00	0.000000000000000e+00
35	0.000000000000000e+00 7.071067811865475e-01 7.071067811865475e-01	0.000000000000000e+00 0.000000000000000e+00 0.000000000000000e+00	-2.531154654585333e+01 -1.000000000000000e+03  3.593221353010949e+03	1	2	0.000000000000000e+00	0.000000000000000e+00	0.000000000000000e+00
36	 7.071067811865475e-01 -7.071067811865475e-01  0.000000000000000e+00	0.000000000000000e+00 0.000000000000000e+00 0.000000000000000e+00	-1.000000000000000e+03  1.000000000000000e+03  2.001112190757930e+03	1	2	0.000000000000000e+00	0.000000000000000e+00	0.000000000000000e+00
37	 7.071067811865475e-01 -7.071067811865475e-01  0.000000000000000e+00	0.000000000000000e+00 0.000000000000000e+00 0.000000000000000e+00	-1.000000000000000e+03 -1.000000000000000e+03  1.112190757929056e+00	1	2	0.000000000000000e+00	0.000000000000000e+00	0.000000000000000e+00
39	 7.071067811865475e-01 -7.071067811865475e-01  0.000000000000000e+00	0.000000000000000e+00 0.000000000000000e+00 0.000000000000000e+00	-1.000000000000000e+03  4.343145750507622e+02  0.000000000000000e+00	1	2	0.000000000000000e+00	0.000000000000000e+00	0.000000000000000e+00
41	-7.071067811865475e-01  7.071067811865475e-01  0.000000000000000e+00	0.000000000000000e+00 0.000000000000000e+00 0.000000000000000e+00	1.000000000000000e+03 1.000000000000000e+03 3.186525178831027e+03	1	2	0.000000000000000e+00	0.000000000000000e+00	0.000000000000000e+00
42	-7.071067811865475e-01  7.071067811865475e-01  0.000000000000000e+00	0.000000000000000e+00 0.000000000000000e+00 0.000000000000000e+00	5.133969054870611e+02 1.000000000000000e+03 2.699922084318089e+03	1	2	0.000000000000000e+00	0.000000000000000e+00	0.000000000000000e+00
44	 0.000000000000000e+00 -7.071067811865475e-01 -7.071067811865475e-01	0.000000000000000e+00 0.000000000000000e+00 0.000000000000000e+00	1.000000000000000e+03 3.933023817419428e+02 0.000000000000000e+00	1	2	0.000000000000000e+00	0.000000000000000e+00	0.000000000000000e+00
45	 0.000000000000000e+00 -7.071067811865475e-01 -7.071067811865475e-01	0.000000000000000e+00 0.000000000000000e+00 0.000000000000000e+00	7.509670838547297e+02 1.442694655966718e+02 0.000000000000000e+00	1	2	0.000000000000000e+00	0.000000000000000e+00	0.000000000000000e+00
46	-7.071067811865475e-01  0.000000000000000e+00  7.071067811865475e-01	0.000000000000000e+00 0.000000000000000e+00 0.000000000000000e+00	 1.000000000000000e+03 -1.000000000000000e+03  1.397051198704921e+02	1	2	0.000000000000000e+00	0.000000000000000e+00	0.000000000000000e+00
47	-7.071067811865475e-01  0.000000000000000e+00  7.071067811865475e-01	0.000000000000000e+00 0.000000000000000e+00 0.000000000000000e+00	-1.000000000000000e+03 -1.000000000000000e+03  2.139705119870493e+03	1	2	0.000000000000000e+00	0.000000000000000e+00	0.000000000000000e+00
48	-7.071067811865475e-01  0.000000000000000e+00  7.071067811865475e-01	0.000000000000000e+00 0.000000000000000e+00 0.000000000000000e+00	-1.000000000000000e+03  2.425189946074513e+02  3.382224114477943e+03	1	2	0.000000000000000e+00	0.000000000000000e+00	0.000000000000000e+00
49	-7.071067811865475e-01  7.071067811865475e-01  0.000000000000000e+00	5.773502691896257e-01 5.773502691896257e-01 5.773502691896257e-01	8.626702730475879e+02 8.626702730475879e+02 8.626702730475879e+02	1	0	0.000000000000000e+00	0.000000000000000e+00	0.000000000000000e+00
50	 0.000000000000000e+00 -7.071067811865475e-01 -7.071067811865475e-01	-5.773502691896257e-01 -5.773502691896257e-01  5.773502691896257e-01	-1.120999950441073e+03 -1.120999950441073e+03  1.120999950441073e+03	1	0	0.000000000000000e+00	0.000000000000000e+00	0.000000000000000e+00
53	 7.071067811865475e-01 -7.071067811865475e-01  0.000000000000000e+00	5.773502691896257e-01 5.773502691896257e-01 5.773502691896257e-01	8.626702730475879e+02 8.626702730475879e+02 8.626702730475879e+02	1	0	0.000000000000000e+00	0.000000000000000e+00	0.000000000000000e+00
56	 7.071067811865475e-01 -7.071067811865475e-01  0.000000000000000e+00	-5.773502691896257e-01 -5.773502691896257e-01 -5.773502691896257e-01	-1.885618083164127e+02 -1.885618083164127e+02 -1.885618083164127e+02	1	0	0.000000000000000e+00	0.000000000000000e+00	0.000000000000000e+00
57	 7.071067811865475e-01 -7.071067811865475e-01  0.000000000000000e+00	0.000000000000000e+00 0.000000000000000e+00 0.000000000000000e+00	-1.000000000000000e+03  4.343145750507622e+02  0.000000000000000e+00	1	2	0.000000000000000e+00	0.000000000000000e+00	0.000000000000000e+00
61	 7.071067811865475e-01 -7.071067811865475e-01  0.000000000000000e+00	0.000000000000000e+00 0.000000000000000e+00 0.000000000000000e+00	-1.000000000000000e+03 -1.000000000000000e+03  1.112190757929056e+00	1	2	0.000000000000000e+00	0.000000000000000e+00	0.000000000000000e+00
65	 7.071067811865475e-01  0.000000000000000e+00 -7.071067811865475e-01	0.000000000000000e+00 0.000000000000000e+00 0.000000000000000e+00	 1.000000000000000e+03 -8.865608922057086e+02  0.000000000000000e+00	1	2	0.000000000000000e+00	0.000000000000000e+00	0.000000000000000e+00
67	 0.000000000000000e+00 -7.071067811865475e-01 -7.071067811865475e-01	0.000000000000000e+00 0.000000000000000e+00 0.000000000000000e+00	-4.320901935349040e+02 -1.000000000000000e+03  4.000000000000000e+03	1	2	0.000000000000000e+00	0.000000000000000e+00	0.000000000000000e+00
69	-7.071067811865475e-01  0.000000000000000e+00 -7.071067811865475e-01	-5.773502691896257e-01  5.773502691896257e-01  5.773502691896257e-01	-1.138441917710341e+03  1.138441917710341e+03  1.138441917710341e+03	1	0	0.000000000000000e+00	0.000000000000000e+00	0.000000000000000e+00
70	-7.071067811865475e-01  0.000000000000000e+00 -7.071067811865475e-01	0.000000000000000e+00 0.000000000000000e+00 0.000000000000000e+00	1.000000000000000e+03 1.000000000000000e+03 3.415325753131025e+03	1	2	0.000000000000000e+00	0.000000000000000e+00	0.000000000000000e+00
73	0.000000000000000e+00 7.071067811865475e-01 7.071067811865475e-01	0.000000000000000e+00 0.000000000000000e+00 0.000000000000000e+00	1.000000000000000e+03 1.000000000000000e+03 6.066976182580577e+02	1	2	0.000000000000000e+00	0.000000000000000e+00	0.000000000000000e+00
74	-7.071067811865475e-01  0.000000000000000e+00  7.071067811865475e-01	 5.773502691896257e-01 -5.773502691896257e-01  5.773502691896257e-01	 9.522371319978838e+02 -9.522371319978838e+02  9.522371319978838e+02	1	0	0.000000000000000e+00	0.000000000000000e+00	0.000000000000000e+00
75	-7.071067811865475e-01  0.000000000000000e+00  7.071067811865475e-01	0.000000000000000e+00 0.000000000000000e+00 0.000000000000000e+00	-1.000000000000000e+03 -1.000000000000000e+03  2.856711395993652e+03	1	2	0.000000000000000e+00	0.000000000000000e+00	0.000000000000000e+00
76	-7.071067811865475e-01  7.071067811865475e-01  0.000000000000000e+00	0.000000000000000e+00 0.000000000000000e+00 0.000000000000000e+00	1.000000000000000e+03 7.554940916894761e+02 2.670490266544869e+03	1	2	0.000000000000000e+00	0.000000000000000e+00	0.000000000000000e+00
69	0	1	1
22	1	0	1
22	0	205	-1
69	481	0	0
69	1	2	1
23	2	1	1
22	206	1	-1
23	1	206	-1
23	207	2	-1
70	2	207	-1
69	2	425	1
70	425	2	1
74	4	5	1
25	5	4	1
25	4	209	-1
74	359	4	0
25	210	5	-1
75	5	210	-1
74	5	323	1
75	323	5	1
2	7	8	1
27	8	7	1
27	7	212	-1
2	428	7	0
2	8	9	1
28	9	8	1
27	213	8	-1
28	8	213	-1
2	9	10	1
29	10	9	1
28	214	9	-1
29	9	214	-1
2	10	11	1
30	11	10	1
29	215	10	-1
30	10	215	-1
30	216	11	-1
2	11	429	0
3	13	14	1
32	14	13	1
32	13	218	-1
65	13	218	-1
3	539	13	1
65	539	13	1
3	14	15	1
33	15	14	1
32	219	14	-1
33	14	219	-1
33	220	15	-1
3	15	327	0
4	17	18	1
35	18	17	1
35	17	222	-1
67	17	222	-1
4	276	17	1
67	276	17	1
35	223	18	-1
4	18	329	0
5	19	20	1
36	20	19	1
36	19	224	-1
5	484	19	0
5	20	21	1
37	21	20	1
36	225	20	-1
37	20	225	-1
37	226	21	-1
61	21	226	-1
5	21	485	1
61	485	21	1
56	23	24	1
39	24	23	1
39	23	228	-1
56	432	23	0
39	229	24	-1
57	24	229	-1
56	24	433	1
57	433	24	1
7	26	27	1
41	27	26	1
41	26	231	-1
7	602	26	0
7	27	28	1
42	28	27	1
41	232	27	-1
42	27	232	-1
42	233	28	-1
7	28	335	0
8	30	31	1
44	31	30	1
44	30	235	-1
73	30	235	-1
8	520	30	1
73	520	30	1
8	31	32	1
45	32	31	1
44	236	31	-1
45	31	236	-1
45	237	32	-1
8	32	487	0
9	33	34	1
46	34	33	1
46	33	238	-1
9	436	33	0
9	34	35	1
47	35	34	1
46	239	34	-1
47	34	239	-1
9	35	36	1
48	36	35	1
47	240	35	-1
48	35	240	-1
48	241	36	-1
9	36	437	0
10	37	38	0
11	38	37	0
11	37	40	0
10	340	37	0
11	39	38	0
10	38	341	0
11	40	39	0
12	39	40	0
12	342	39	0
12	40	343	0
10	41	344	0
10	345	41	0
12	42	346	0
12	347	42	0
13	43	44	0
14	44	43	0
14	43	46	0
13	348	43	0
14	45	44	0
13	44	452	0
14	46	45	0
15	45	46	0
15	350	45	0
15	46	351	0
15	48	354	0
15	355	48	0
16	49	50	0
17	50	49	0
17	49	52	0
16	356	49	0
17	51	50	0
16	50	357	0
17	52	51	0
18	51	52	0
18	358	51	0
18	52	551	0
16	53	360	0
16	361	53	0
18	54	362	0
18	363	54	0
19	55	56	0
20	56	55	0
20	55	58	0
19	364	55	0
20	57	56	0
19	56	365	0
20	58	57	0
21	57	58	0
21	366	57	0
21	58	367	0
19	59	368	0
19	369	59	0
21	60	370	0
21	371	60	0
22	205	206	-1
23	206	207	-1
70	207	596	-1
25	209	210	-1
75	210	600	-1
27	212	213	-1
28	213	214	-1
29	214	215	-1
30	215	216	-1
32	218	219	-1
65	218	581	-1
33	219	220	-1
35	222	223	-1
67	222	579	-1
36	224	225	-1
37	225	226	-1
61	226	577	-1
39	228	229	-1
57	229	568	-1
41	231	232	-1
42	232	233	-1
44	235	236	-1
73	235	598	-1
45	236	237	-1
46	238	239	-1
47	239	240	-1
48	240	241	-1
69	242	488	0
69	489	242	0
13	243	256	0
74	256	243	0
13	353	243	0
74	243	527	0
2	244	545	0
2	549	244	0
3	245	378	0
3	379	245	0
4	381	246	0
4	246	604	0
5	247	492	0
5	493	247	0
56	248	446	0
56	447	248	0
7	249	386	0
7	387	249	0
8	250	494	0
8	542	250	0
9	439	251	0
9	251	450	0
10	252	392	0
10	393	252	0
10	253	315	0
10	394	253	0
12	254	396	0
12	397	254	0
12	398	255	0
12	255	399	0
13	256	400	0
74	530	256	0
13	402	257	0
13	257	403	0
15	258	350	1
76	350	258	1
15	606	258	0
76	258	607	-1
15	406	259	0
15	259	407	0
16	260	408	0
16	409	260	0
16	410	261	0
16	261	411	0
18	413	262	0
2	413	262	0
18	262	594	0
2	262	605	0
18	414	263	0
18	263	415	0
19	264	584	0
19	591	264	0
19	418	265	0
19	265	419	0
21	266	420	0
21	421	266	0
21	422	267	0
21	267	423	0
13	268	402	0
69	268	452	0
13	452	268	0
50	452	268	0
69	453	268	0
50	268	585	0
69	496	269	0
69	269	497	0
74	500	271	0
74	271	501	0
2	272	460	0
2	562	272	0
3	378	274	0
3	274	595	0
3	275	379	0
3	593	275	0
4	380	276	0
67	579	276	-1
4	329	277	0
4	277	381	0
5	278	502	0
5	503	278	0
5	504	279	0
5	279	505	0
56	280	468	0
56	469	280	0
56	470	281	0
56	281	471	0
7	386	282	0
7	282	602	0
7	335	283	0
7	283	387	0
8	284	506	0
8	507	284	0
8	540	285	0
8	285	543	0
9	286	476	0
9	547	286	0
9	478	287	0
9	287	479	0
10	288	340	0
10	392	288	0
10	341	289	0
10	289	394	0
12	290	342	0
12	396	290	0
12	343	291	0
12	291	398	0
10	344	292	0
10	292	393	0
10	315	293	0
10	293	345	0
12	346	294	0
12	294	397	0
12	295	347	0
12	399	295	0
13	296	348	0
13	400	296	0
15	351	299	0
15	299	406	0
13	301	353	0
13	403	301	0
15	354	302	0
15	302	405	0
15	303	355	0
15	407	303	0
16	304	356	0
16	408	304	0
16	357	305	0
16	305	410	0
18	306	358	0
18	412	306	0
18	359	307	0
74	307	359	0
49	359	307	0
18	307	414	0
74	414	307	0
53	414	307	0
49	307	553	0
53	307	563	0
16	360	308	0
16	308	409	0
16	309	361	0
16	411	309	0
18	310	413	0
18	575	310	0
18	311	363	0
18	415	311	0
19	312	364	0
19	416	312	0
19	365	313	0
19	313	418	0
21	314	366	0
21	420	314	0
21	367	315	0
21	315	422	0
19	368	316	0
19	316	417	0
19	317	369	0
19	419	317	0
21	370	318	0
21	318	421	0
21	319	371	0
21	423	319	0
69	320	508	0
69	509	320	0
69	510	321	0
69	321	511	0
74	323	515	0
75	600	323	-1
2	324	428	0
2	460	324	0
3	326	539	0
3	595	326	0
3	327	593	0
5	330	516	0
5	517	330	0
5	518	331	0
5	331	519	0
56	332	432	0
56	468	332	0
56	433	333	0
56	333	470	0
8	336	520	0
8	521	336	0
8	337	474	0
8	522	337	0
9	476	338	0
9	338	548	0
9	437	339	0
9	339	478	0
76	564	350	-1
18	551	359	0
49	553	359	0
18	362	575	0
69	523	372	0
69	372	524	0
69	373	439	0
69	526	373	0
74	527	374	0
74	374	528	0
2	376	461	0
2	544	376	0
4	604	380	0
5	531	382	0
5	382	532	0
5	383	533	0
5	534	383	0
56	446	384	0
56	384	469	0
56	385	447	0
56	471	385	0
8	535	388	0
8	388	536	0
8	541	389	0
8	389	546	0
9	450	390	0
9	390	603	0
9	552	391	0
9	391	573	0
15	405	606	0
18	558	412	0
2	429	413	0
74	499	414	0
53	589	414	0
19	584	416	0
19	417	591	0
69	424	481	0
69	508	424	0
69	425	510	0
70	596	425	-1
5	430	484	0
5	516	430	0
5	485	431	0
5	431	518	0
57	568	433	-1
8	487	435	0
8	435	522	0
9	548	436	0
69	488	438	0
69	438	523	0
69	439	489	0
9	573	439	0
2	442	544	0
2	545	442	0
2	443	549	0
2	605	443	0
5	492	444	0
5	444	531	0
5	445	493	0
5	533	445	0
8	494	448	0
8	448	535	0
8	449	542	0
8	546	449	0
69	452	509	0
50	554	452	0
69	524	453	0
69	454	496	0
69	511	454	0
69	497	455	0
69	455	526	0
74	457	499	0
74	528	457	0
74	458	500	0
74	515	458	0
74	501	459	0
74	459	530	0
2	461	562	0
5	502	464	0
5	464	517	0
5	465	503	0
5	532	465	0
5	466	504	0
5	519	466	0
5	505	467	0
5	467	534	0
8	506	472	0
8	472	521	0
8	473	507	0
8	536	473	0
8	474	540	0
8	475	541	0
8	543	475	0
9	477	547	0
9	603	477	0
9	479	552	0
61	577	485	-1
73	598	520	-1
65	581	539	-1
50	585	554	0
18	574	558	0
53	563	589	0
76	607	564	-1
18	594	574	0
