367
53
473
0	 3.715825193419588e+02 -2.130917275270171e+02  4.000000000000000e+03	 5.648588994517922e-03  5.648588994517922e-03 -6.600433720364233e-19	1.000000000000000e+00	619	1	0
1	1.000000000000000e+03 4.153257531310242e+02 4.000000000000000e+03	0.000000000000000e+00 0.000000000000000e+00 0.000000000000000e+00	1.000000000000000e+00	619	1	1
2	1.000000000000000e+03 1.000000000000000e+03 3.415325753131025e+03	0.000000000000000e+00 0.000000000000000e+00 0.000000000000000e+00	1.000000000000000e+00	619	1	2
4	-1.000000000000000e+03 -1.452187674121442e+02  3.711492628581508e+03	 1.488819849653537e-19 -1.114765764214099e-03 -1.114765764214098e-03	1.000000000000000e+00	619	1	4
5	-1.000000000000000e+03 -1.000000000000000e+03  2.856711395993652e+03	0.000000000000000e+00 0.000000000000000e+00 0.000000000000000e+00	1.000000000000000e+00	619	1	5
7	6.095101793964240e+02 1.000000000000000e+03 1.826997045197437e+03	 1.583952456712723e-03 -7.215661275203804e-20  1.583952456712723e-03	1.000000000000000e+00	619	1	7
8	1.000000000000000e+03 1.000000000000000e+03 2.217486865801013e+03	0.000000000000000e+00 0.000000000000000e+00 0.000000000000000e+00	1.000000000000000e+00	619	1	8
9	 1.000000000000000e+03 -7.825131341989875e+02  4.000000000000000e+03	0.000000000000000e+00 0.000000000000000e+00 0.000000000000000e+00	1.000000000000000e+00	619	1	9
10	 7.825131341989878e+02 -1.000000000000000e+03  4.000000000000000e+03	0.000000000000000e+00 0.000000000000000e+00 0.000000000000000e+00	1.000000000000000e+00	619	1	10
11	 3.734496954682461e+01 -1.000000000000000e+03  3.254831835347837e+03	6.008313852362335e-03 1.316286938147359e-18 6.008313852362335e-03	1.000000000000000e+00	619	1	11
13	 1.000000000000000e+03 -8.865608922057086e+02  0.000000000000000e+00	0.000000000000000e+00 0.000000000000000e+00 0.000000000000000e+00	1.000000000000000e+00	610	1	13
14	 8.865608922057086e+02 -1.000000000000000e+03  0.000000000000000e+00	0.000000000000000e+00 0.000000000000000e+00 0.000000000000000e+00	1.000000000000000e+00	610	1	14
15	 2.476037410076897e+02 -1.000000000000000e+03  6.389571511980188e+02	 9.672619053162634e-03  2.487182885612006e-18 -9.672619053162633e-03	1.000000000000000e+00	610	1	15
17	-4.320901935349040e+02 -1.000000000000000e+03  4.000000000000000e+03	0.000000000000000e+00 0.000000000000000e+00 0.000000000000000e+00	1.000000000000000e+00	552	1	17
18	-4.029310928526447e+01 -1.000000000000000e+03  3.608202915750360e+03	-5.830815993249416e-03  1.219211947106049e-18  5.830815993249416e-03	1.000000000000000e+00	552	1	18
20	-1.000000000000000e+03  1.000000000000000e+03  2.001112190757930e+03	0.000000000000000e+00 0.000000000000000e+00 0.000000000000000e+00	1.000000000000000e+00	571	1	20
21	-1.000000000000000e+03 -1.000000000000000e+03  1.112190757929056e+00	0.000000000000000e+00 0.000000000000000e+00 0.000000000000000e+00	1.000000000000000e+00	571	1	21
23	-1.000000000000000e+03 -3.187749218549764e+02  7.530894969057387e+02	 3.278827501941112e-19  4.010444390587509e-03 -4.010444390587509e-03	1.000000000000000e+00	453	1	23
24	-1.000000000000000e+03  4.343145750507622e+02  0.000000000000000e+00	0.000000000000000e+00 0.000000000000000e+00 0.000000000000000e+00	1.000000000000000e+00	453	1	24
26	1.000000000000000e+03 4.274444592198976e+02 2.613969638050925e+03	-4.091563384705786e-18  1.104760658927262e-02  1.104760658927262e-02	1.000000000000000e+00	26	1	26
27	1.000000000000000e+03 1.000000000000000e+03 3.186525178831027e+03	0.000000000000000e+00 0.000000000000000e+00 0.000000000000000e+00	1.000000000000000e+00	26	1	27
28	5.671285168875522e+02 1.000000000000000e+03 2.753653695718580e+03	 1.205233018845320e-02 -1.434298641368327e-18  1.205233018845320e-02	1.000000000000000e+00	26	1	28
30	1.000000000000000e+03 1.000000000000000e+03 6.066976182580577e+02	0.000000000000000e+00 0.000000000000000e+00 0.000000000000000e+00	1.000000000000000e+00	600	1	30
31	1.000000000000000e+03 3.933023817419428e+02 0.000000000000000e+00	0.000000000000000e+00 0.000000000000000e+00 0.000000000000000e+00	1.000000000000000e+00	600	1	31
32	7.930766156363582e+02 1.863789973783003e+02 0.000000000000000e+00	1.039870455861092e-02 1.039870455861092e-02 2.868245713460334e-20	1.000000000000000e+00	600	1	32
33	1.000000000000000e+03 9.164895670632887e+02 2.056194686933781e+03	-3.521554187312579e-19  7.950063794851303e-03  7.950063794851303e-03	1.000000000000000e+00	619	1	33
34	 1.000000000000000e+03 -1.000000000000000e+03  1.397051198704921e+02	0.000000000000000e+00 0.000000000000000e+00 0.000000000000000e+00	1.000000000000000e+00	619	1	34
35	-1.000000000000000e+03 -1.000000000000000e+03  2.139705119870493e+03	0.000000000000000e+00 0.000000000000000e+00 0.000000000000000e+00	1.000000000000000e+00	619	1	35
36	-1.000000000000000e+03  2.211303568654783e+02  3.360835476735971e+03	 1.413590723954923e-20 -2.439280971884727e-03 -2.439280971884727e-03	1.000000000000000e+00	619	1	36
37	-5.395224740453357e+02  2.679934700697016e+02  1.091772870152029e+03	0.000000000000000e+00 0.000000000000000e+00 0.000000000000000e+00	1.000000000000000e+00	55	0	37
38	 2.192031021678290e+02 -4.907321061434644e+02  2.609224022578360e+03	0.000000000000000e+00 0.000000000000000e+00 0.000000000000000e+00	1.000000000000000e+00	55	0	38
39	-1.088944443027284e+02 -1.626345596729055e+02  2.937321569048918e+03	0.000000000000000e+00 0.000000000000000e+00 0.000000000000000e+00	1.000000000000000e+00	55	0	39
40	-8.676200205158938e+02  5.960910165402597e+02  1.419870416622587e+03	0.000000000000000e+00 0.000000000000000e+00 0.000000000000000e+00	1.000000000000000e+00	55	0	40
41	-9.884155110313174e+01 -5.910513950721145e+01  1.859552402671146e+03	4.890990482332806e-03 4.034712406185766e-03 8.562780761470398e-04	1.000000000000000e+00	55	0	41
42	-5.539923247509255e+02  1.339664347991825e+02  2.195622694128633e+03	-5.564929374183218e-03 -8.464776988451680e-03  2.899847614268462e-03	1.000000000000000e+00	55	0	42
43	-6.102331521639902e+02 -7.551900423072325e+02  1.997576656851997e+03	0.000000000000000e+00 0.000000000000000e+00 0.000000000000000e+00	1.000000000000000e+00	619	0	43
44	1.824335495461294e+02 3.747665940288730e+01 3.582910060272236e+03	0.000000000000000e+00 0.000000000000000e+00 0.000000000000000e+00	1.000000000000000e+00	619	0	44
45	9.984347750354049e+02 8.534778848921627e+02 2.766908834782960e+03	0.000000000000000e+00 0.000000000000000e+00 0.000000000000000e+00	1.000000000000000e+00	619	0	45
46	2.057680733252847e+02 6.081118318204376e+01 1.181575431362721e+03	0.000000000000000e+00 0.000000000000000e+00 0.000000000000000e+00	1.000000000000000e+00	619	0	46
48	8.006940800647053e+02 2.081284582499599e+02 1.923818713170058e+03	 1.286935433745384e-02 -2.374666184186935e-02 -1.087730750441551e-02	1.000000000000000e+00	619	0	48
49	-7.756961389616431e+02  2.248599564173224e+02  3.792213667503454e+03	0.000000000000000e+00 0.000000000000000e+00 0.000000000000000e+00	1.000000000000000e+00	619	0	49
50	 9.142890680742061e+02 -6.201326471006022e+02  2.947221063985530e+03	0.000000000000000e+00 0.000000000000000e+00 0.000000000000000e+00	1.000000000000000e+00	619	0	50
51	 6.965001794687494e+02 -8.379215357060586e+02  2.729432175380073e+03	0.000000000000000e+00 0.000000000000000e+00 0.000000000000000e+00	1.000000000000000e+00	619	0	51
52	-9.934850275670997e+02  7.071067811866185e+00  3.574424778897997e+03	0.000000000000000e+00 0.000000000000000e+00 0.000000000000000e+00	1.000000000000000e+00	619	0	52
53	 6.672216141767875e+01 -2.087094959898234e+02  3.383364819531278e+03	 9.421863455827407e-05  3.179884096198293e-04 -4.122070441781034e-04	2.373046875000000e-01	619	0	53
54	-1.676455958716467e+02 -5.712891640886088e+02  3.326945579103019e+03	-3.647113218903542e-03 -3.494344651699066e-03  7.141457870602608e-03	1.000000000000000e+00	619	0	54
55	-3.705239533417505e+02 -6.554879861599293e+02  2.054145199346920e+03	0.000000000000000e+00 0.000000000000000e+00 0.000000000000000e+00	1.000000000000000e+00	55	0	55
56	3.577960312803930e+02 7.283199846221450e+01 5.975052301026326e+02	0.000000000000000e+00 0.000000000000000e+00 0.000000000000000e+00	1.000000000000000e+00	55	0	56
57	6.279108216936542e+02 3.429467888754754e+02 8.676200205158938e+02	0.000000000000000e+00 0.000000000000000e+00 0.000000000000000e+00	1.000000000000000e+00	55	0	57
58	-1.004091629284902e+02 -3.853731957466687e+02  2.324259989760182e+03	0.000000000000000e+00 0.000000000000000e+00 0.000000000000000e+00	1.000000000000000e+00	55	0	58
59	 3.029721319187460e+02 -4.829066060025253e+02  1.208067733929019e+03	 1.629634387791157e-02 -1.008068863302469e-02 -6.215655244886875e-03	1.000000000000000e+00	55	0	59
60	2.348373486467362e+02 9.447693374555291e+00 1.594192589063732e+03	-3.851935046744377e-04  4.400761378443955e-04 -5.488263316995776e-05	1.000000000000000e+00	55	0	60
205	 3.715825193419588e+02 -2.130917275270171e+02  4.500000000000000e+03	0.000000000000000e+00 0.000000000000000e+00 0.000000000000000e+00	1.000000000000000e+00	619	-1	0
206	1.353553390593274e+03 4.153257531310242e+02 4.353553390593273e+03	0.000000000000000e+00 0.000000000000000e+00 0.000000000000000e+00	1.000000000000000e+00	619	-1	1
207	1.353553390593274e+03 1.353553390593274e+03 3.415325753131025e+03	0.000000000000000e+00 0.000000000000000e+00 0.000000000000000e+00	1.000000000000000e+00	619	-1	2
209	-1.500000000000000e+03 -1.452187674121442e+02  3.711492628581508e+03	0.000000000000000e+00 0.000000000000000e+00 0.000000000000000e+00	1.000000000000000e+00	619	-1	4
210	-1.353553390593274e+03 -1.353553390593274e+03  2.856711395993652e+03	0.000000000000000e+00 0.000000000000000e+00 0.000000000000000e+00	1.000000000000000e+00	619	-1	5
212	6.095101793964240e+02 1.500000000000000e+03 1.826997045197437e+03	0.000000000000000e+00 0.000000000000000e+00 0.000000000000000e+00	1.000000000000000e+00	619	-1	7
213	1.353553390593274e+03 1.353553390593274e+03 2.217486865801013e+03	0.000000000000000e+00 0.000000000000000e+00 0.000000000000000e+00	1.000000000000000e+00	619	-1	8
214	 1.353553390593274e+03 -7.825131341989875e+02  4.353553390593273e+03	0.000000000000000e+00 0.000000000000000e+00 0.000000000000000e+00	1.000000000000000e+00	619	-1	9
215	 7.825131341989878e+02 -1.353553390593274e+03  4.353553390593273e+03	0.000000000000000e+00 0.000000000000000e+00 0.000000000000000e+00	1.000000000000000e+00	619	-1	10
216	 3.734496954682461e+01 -1.500000000000000e+03  3.254831835347837e+03	0.000000000000000e+00 0.000000000000000e+00 0.000000000000000e+00	1.000000000000000e+00	619	-1	11
218	 1.353553390593274e+03 -8.865608922057086e+02 -3.535533905932737e+02	0.000000000000000e+00 0.000000000000000e+00 0.000000000000000e+00	1.000000000000000e+00	610	-1	13
219	 8.865608922057086e+02 -1.353553390593274e+03 -3.535533905932737e+02	0.000000000000000e+00 0.000000000000000e+00 0.000000000000000e+00	1.000000000000000e+00	610	-1	14
220	 2.476037410076897e+02 -1.500000000000000e+03  6.389571511980188e+02	0.000000000000000e+00 0.000000000000000e+00 0.000000000000000e+00	1.000000000000000e+00	610	-1	15
222	-4.320901935349040e+02 -1.353553390593274e+03  4.353553390593273e+03	0.000000000000000e+00 0.000000000000000e+00 0.000000000000000e+00	1.000000000000000e+00	552	-1	17
223	-4.029310928526447e+01 -1.500000000000000e+03  3.608202915750360e+03	0.000000000000000e+00 0.000000000000000e+00 0.000000000000000e+00	1.000000000000000e+00	552	-1	18
225	-1.353553390593274e+03  1.353553390593274e+03  2.001112190757930e+03	0.000000000000000e+00 0.000000000000000e+00 0.000000000000000e+00	1.000000000000000e+00	571	-1	20
226	-1.353553390593274e+03 -1.353553390593274e+03  1.112190757929058e+00	0.000000000000000e+00 0.000000000000000e+00 0.000000000000000e+00	1.000000000000000e+00	571	-1	21
228	-1.500000000000000e+03 -3.187749218549764e+02  7.530894969057387e+02	0.000000000000000e+00 0.000000000000000e+00 0.000000000000000e+00	1.000000000000000e+00	453	-1	23
229	-1.353553390593274e+03  4.343145750507622e+02 -3.535533905932737e+02	0.000000000000000e+00 0.000000000000000e+00 0.000000000000000e+00	1.000000000000000e+00	453	-1	24
231	1.500000000000000e+03 4.274444592198976e+02 2.613969638050925e+03	0.000000000000000e+00 0.000000000000000e+00 0.000000000000000e+00	1.000000000000000e+00	26	-1	26
232	1.353553390593274e+03 1.353553390593274e+03 3.186525178831027e+03	0.000000000000000e+00 0.000000000000000e+00 0.000000000000000e+00	1.000000000000000e+00	26	-1	27
233	5.671285168875522e+02 1.500000000000000e+03 2.753653695718580e+03	0.000000000000000e+00 0.000000000000000e+00 0.000000000000000e+00	1.000000000000000e+00	26	-1	28
235	1.353553390593274e+03 1.353553390593274e+03 6.066976182580577e+02	0.000000000000000e+00 0.000000000000000e+00 0.000000000000000e+00	1.000000000000000e+00	600	-1	30
236	 1.353553390593274e+03  3.933023817419428e+02 -3.535533905932737e+02	0.000000000000000e+00 0.000000000000000e+00 0.000000000000000e+00	1.000000000000000e+00	600	-1	31
237	 7.930766156363582e+02  1.863789973783003e+02 -5.000000000000000e+02	0.000000000000000e+00 0.000000000000000e+00 0.000000000000000e+00	1.000000000000000e+00	600	-1	32
238	1.500000000000000e+03 9.164895670632887e+02 2.056194686933781e+03	0.000000000000000e+00 0.000000000000000e+00 0.000000000000000e+00	1.000000000000000e+00	619	-1	33
239	 1.353553390593274e+03 -1.353553390593274e+03  1.397051198704921e+02	0.000000000000000e+00 0.000000000000000e+00 0.000000000000000e+00	1.000000000000000e+00	619	-1	34
240	-1.353553390593274e+03 -1.353553390593274e+03  2.139705119870493e+03	0.000000000000000e+00 0.000000000000000e+00 0.000000000000000e+00	1.000000000000000e+00	619	-1	35
241	-1.500000000000000e+03  2.211303568654783e+02  3.360835476735971e+03	0.000000000000000e+00 0.000000000000000e+00 0.000000000000000e+00	1.000000000000000e+00	619	-1	36
242	-5.347117829504212e+01  4.160371844624806e+02  2.945817390373501e+03	5.358966600397252e-04 3.226472836104221e-04 2.132493764293031e-04	4.218750000000000e-01	619	0	242
244	 1.860225835180333e+02 -4.600117408571800e+01  2.449510623404764e+03	-4.928242124151438e-04 -2.805305994115770e-04 -2.122936130035669e-04	7.500000000000000e-01	619	0	244
245	 6.461047913984162e+02 -6.733714223487923e+02  5.670846784584999e+02	 6.052465178072453e-03 -8.478239178657532e-03 -1.453070435672998e-02	1.000000000000000e+00	610	0	245
246	 8.136862119631861e+00 -6.182082562353040e+02  3.941564688110160e+03	-5.553172862467666e-03  5.287389115740857e-04  6.081911774041752e-03	1.000000000000000e+00	552	0	246
247	3.347445926926418e+02 7.268880000316864e+01 2.408545583453740e+03	-9.456555320260426e-03  8.804469408156971e-03 -6.520859121034545e-04	1.000000000000000e+00	571	0	247
248	-3.444924082454908e+02 -5.376371150841650e+02  3.164440983804178e+02	-2.580066987623771e-03  1.006261624085406e-02 -7.482549253230293e-03	1.000000000000000e+00	453	0	248
249	8.248672923221068e+02 6.857804620298872e+02 2.697172933183021e+03	6.544919606919090e-03 2.510850472996632e-03 9.055770079915723e-03	1.000000000000000e+00	26	0	249
250	2.130356586246509e+02 6.652555420332162e+02 1.058917501666623e+03	9.750296284134189e-03 1.055357519847651e-02 8.032789143423241e-04	1.000000000000000e+00	600	0	250
251	4.019484455450028e+00 5.698246807401190e+02 2.705510316155161e+03	-2.495407049233714e-04  7.862216540767500e-04  1.035762359000121e-03	1.000000000000000e+00	619	0	251
252	-2.565941775813536e+02  1.791920612958268e+02  1.463502575389886e+03	 3.751053571856270e-03  4.100382231020679e-03 -3.493286591644088e-04	1.000000000000000e+00	55	0	252
253	 1.380636371599774e+01 -3.184980226851435e+02  2.231593200668208e+03	6.404316111002117e-03 6.111200142186135e-03 2.931159688159825e-04	7.500000000000000e-01	55	0	253
254	-2.551786809124280e+02  7.873558517625735e+01  2.549667187590055e+03	-6.250491132959723e-04 -9.911342203849927e-04  3.660851070890203e-04	7.500000000000000e-01	55	0	254
255	-8.306916065945652e+02  2.426172947032162e+02  1.810272552380959e+03	-1.328717102296650e-02 -1.457384577952325e-02  1.286674756556750e-03	1.000000000000000e+00	55	0	255
257	-1.056077481646859e+02 -8.047568192661393e+01  3.176916421231920e+03	-7.079731673002243e-03  6.007899995893240e-03 -1.071831677109003e-03	1.000000000000000e+00	619	0	257
259	4.555947170312966e+02 1.887118270175427e+02 1.559302718904232e+03	 5.198783241212368e-03 -9.218160063028336e-03 -4.019376821815968e-03	1.000000000000000e+00	619	0	259
260	-3.479947122410294e+02  1.174467050588021e+02  3.471925492141361e+03	 4.369697029081482e-04  4.006931024681156e-03 -4.443900727589305e-03	1.000000000000000e+00	619	0	260
261	 4.829340890360243e+02 -4.682503503432851e+02  3.226693746266394e+03	-5.903110286453740e-05 -3.914789376722183e-04  4.505100405367557e-04	1.000000000000000e+00	619	0	261
262	 1.852619766708758e+02 -8.800542497950836e+01  2.490754267451397e+03	-2.921885932898672e-18  5.058719031512737e-02 -5.058719031512737e-02	1.000000000000000e+00	619	0	262
263	-4.523082280174389e+02 -1.925309438013055e+02  3.232849990961508e+03	 5.980373437826832e-03  4.176915002365907e-04 -6.398064938063423e-03	1.000000000000000e+00	619	0	263
264	 1.681938009218205e+02 -8.603134317190186e+02  1.720252890642438e+03	 1.052511289405326e-02 -1.405506216300030e-02  3.529949268947045e-03	1.000000000000000e+00	55	0	264
265	 3.301778248666246e+02 -2.269712806044954e+02  9.249267155831111e+02	 1.509155131255587e-02 -8.900635099659363e-03 -6.190916212896506e-03	1.000000000000000e+00	55	0	265
266	4.290243110187926e+02 1.764756677031820e+02 1.232977652363049e+03	-2.875451056752354e-03  2.373320225160569e-03  5.021308315917850e-04	1.000000000000000e+00	55	0	266
267	 5.830921355879886e+00 -1.272232413835888e+02  1.959869951112732e+03	-2.694317178490262e-03  1.786435449806352e-03  9.078817286839087e-04	1.000000000000000e+00	55	0	267
268	-6.586123284147925e+01  2.616295090390246e+01  3.323301569385642e+03	-7.990909740328785e-03 -2.087449977181273e-19 -7.990909740328792e-03	1.000000000000000e+00	619	0	268
269	-2.254246375501607e+02  7.639202716221500e+02  2.425980843958714e+03	6.725762039422989e-03 5.116560496389866e-03 1.609201543033123e-03	1.000000000000000e+00	619	0	269
271	-2.222530540128321e+02 -9.443922277033090e+02  2.134572222303174e+03	-5.184563621878624e-02 -5.029173195362091e-02  1.553904265165329e-03	1.000000000000000e+00	619	0	271
272	3.713547092540547e+02 4.924369266349992e+02 2.096404648420068e+03	-1.226812591388201e-03 -6.353445739174883e-05 -1.163278133996452e-03	1.000000000000000e+00	619	0	272
274	 8.733062396316515e+02 -4.664216170069991e+02  5.468330355670579e+02	 6.226365764935811e-03 -7.146071487416823e-03 -1.337243725235263e-02	1.000000000000000e+00	610	0	274
275	 4.120308023496889e+02 -8.769171215308231e+02  5.976129683251963e+02	 3.871173753092686e-03 -6.400210705275337e-03 -1.027138445836802e-02	1.000000000000000e+00	610	0	275
277	-1.564648927296872e+01 -8.194008220260861e+02  3.764155473711979e+03	-5.643515925233562e-03 -2.374100654075543e-03  3.269415271158020e-03	1.000000000000000e+00	552	0	277
278	5.056151356822876e+02 5.174060256789573e+02 3.024133352119174e+03	-6.739172541225950e-03  4.089507351939877e-03 -2.649665189286073e-03	1.000000000000000e+00	571	0	278
279	 2.980384238685214e+02 -4.978795135084223e+02  1.801271101118029e+03	-3.016299073351547e-03  9.932930115610361e-04 -2.023006061790511e-03	7.500000000000000e-01	571	0	279
280	-6.693996249901232e+02 -4.334892200180294e+02  5.372034200589146e+02	-1.239605946466327e-03  6.925933645106852e-03 -5.686327698640525e-03	1.000000000000000e+00	453	0	280
281	-2.282026507832386e+01 -6.217219482202954e+02  7.885678834938129e+01	-2.700068211803834e-03  1.209564328504105e-02 -9.395575073237220e-03	1.000000000000000e+00	453	0	281
282	9.552805181508472e+02 5.038278978677626e+02 2.645633594849636e+03	7.018555945251137e-03 6.270309677347542e-04 7.645586912985891e-03	1.000000000000000e+00	26	0	282
283	6.834475733298391e+02 8.657680346446789e+02 2.735740786805544e+03	4.661201499402523e-03 2.555373008362949e-03 7.216574507765472e-03	5.625000000000000e-01	26	0	283
284	-3.166238237925834e+01  9.199652017681409e+02  1.558325202405457e+03	 9.696879559972634e-03  8.965336581847319e-03 -7.315429781253138e-04	1.000000000000000e+00	600	0	284
285	4.875834129305966e+02 4.188450916965664e+02 5.379592970240274e+02	8.821380053025981e-03 9.891879085140923e-03 1.070499032114943e-03	1.000000000000000e+00	600	0	285
286	5.203889303874436e+02 7.469410506585498e+02 2.366257240141599e+03	7.598965506379801e-04 4.459294936774920e-03 3.699398386136939e-03	1.000000000000000e+00	619	0	286
287	-4.940009825384299e+02  4.358135437008889e+02  3.069519646109811e+03	-5.720013674969474e-04 -3.074638797746351e-03 -2.502637430249403e-03	1.000000000000000e+00	619	0	287
288	-3.871347297634448e+02  2.421747740108822e+02  1.269979310492739e+03	 2.428760053589940e-03  3.330881707370281e-03 -9.021216537803411e-04	1.000000000000000e+00	55	0	288
289	 1.191611766981853e+02 -4.029555841883462e+02  2.421405575153598e+03	 1.379135328655441e-02  1.587738298500578e-02 -2.086029698451360e-03	1.000000000000000e+00	55	0	289
290	-1.138643212401318e+02  1.894605156161450e+01  2.750771080876994e+03	-3.133560436253902e-03 -2.951297188701574e-03 -1.822632475523279e-04	7.500000000000000e-01	55	0	290
291	-9.186057836955739e+02  3.779771235346956e+02  1.586998546448471e+03	-8.551851768667499e-03 -5.038503635053833e-03 -3.513348133613666e-03	1.000000000000000e+00	55	0	291
292	-1.617696118632716e+02  6.522683531741751e+01  1.672292367086377e+03	4.205355866967389e-03 3.537211353735378e-03 6.681445132320127e-04	1.000000000000000e+00	55	0	292
293	-3.527263520811887e+01 -1.868645271670713e+02  2.050880706226019e+03	 7.193883910332488e-04  8.398955987019008e-04 -1.205072076686520e-04	1.334838867187500e-01	55	0	293
294	-4.046185615392038e+02  1.050024696494286e+02  2.373960422490108e+03	-2.345951041206717e-03 -3.777105361223221e-03  1.431154320016503e-03	1.000000000000000e+00	55	0	294
295	-6.980344948086818e+02  1.757275349707199e+02  2.009819423899339e+03	-9.472813534860810e-03 -1.282004166084031e-02  3.347228125979503e-03	1.000000000000000e+00	55	0	295
296	-3.674320547097130e+02 -8.785856606348666e+02  2.116982135978640e+03	 2.251739799976349e-02 -1.221733689308167e-01 -9.965597093105316e-02	1.000000000000000e+00	619	0	296
299	2.844647747444417e+02 1.726229246742335e+02 1.372083874274068e+03	 4.058858418526748e-03 -5.727295724985501e-03 -1.668437306458751e-03	1.000000000000000e+00	619	0	299
301	-1.956575110978814e+02 -1.642422277377650e+02  3.003100112487573e+03	-2.162060001865029e-03  3.003742313012481e-03  8.416823111474514e-04	1.000000000000000e+00	619	0	301
302	9.603474689913726e+02 2.249039039485749e+02 2.100247547795340e+03	 2.136513963341713e-02 -1.999406702816486e-02  1.371072605252266e-03	1.000000000000000e+00	619	0	302
303	6.282030902575952e+02 2.000145866784106e+02 1.743213851791398e+03	 8.889612896988789e-03 -1.660851746176680e-02 -7.718904564778009e-03	1.000000000000000e+00	619	0	303
304	-5.747336799836291e+02  2.168911321314883e+02  3.599220032811274e+03	-8.639246613408128e-04  3.363819346607973e-03 -2.499894685267160e-03	1.000000000000000e+00	619	0	304
305	 7.054316770247405e+02 -5.927441787256905e+02  3.128689986660084e+03	 1.016691094264388e-04  3.409508572076447e-04 -4.426199666340835e-04	7.500000000000000e-01	619	0	305
306	 5.450576280159892e+02 -6.216642768052247e+02  2.664617467931999e+03	 6.413803979133566e-03  3.272575636704762e-03 -9.686379615838328e-03	1.000000000000000e+00	619	0	306
307	-7.685726550388058e+02 -1.343502884254438e+02  3.490933762607014e+03	-5.583416204899552e-04  4.154533069674588e-19  5.583416204899552e-04	1.000000000000000e+00	619	0	307
308	-1.310071642301862e+02 -3.692151332633861e+01  3.409306162515658e+03	 6.827093505611023e-04  1.230226616219928e-03 -1.912935966781030e-03	1.000000000000000e+00	619	0	308
309	 2.779109481765437e+02 -3.407505335275942e+02  3.304217070310184e+03	-8.548802482740334e-05 -5.616667889019785e-04  6.471548137293818e-04	1.000000000000000e+00	619	0	309
310	 3.830494118668002e+01 -7.634638026563215e+02  3.313169680612405e+03	-5.320686226089795e-03 -8.404803307106098e-03  1.372548953319589e-02	1.000000000000000e+00	619	0	310
311	-3.405249675013725e+02 -3.716678089835074e+02  3.300203595627644e+03	 7.936121061599503e-04  1.465711781444649e-04 -9.401832843044152e-04	1.000000000000000e+00	619	0	311
312	-1.399160933242946e+02 -7.995862590810387e+02  1.967635612250574e+03	-4.141720128245651e-04 -7.878139702370390e-03  8.292311715194955e-03	1.000000000000000e+00	55	0	312
313	 3.528250783997761e+02 -9.114407642687279e+01  7.664522578723368e+02	 9.136098514621457e-03 -5.648516972238819e-03 -3.487581542382638e-03	1.000000000000000e+00	55	0	313
314	5.066760683146879e+02 2.822392496319956e+02 1.049562313138340e+03	-3.100845474061013e-03  3.157860855329394e-03 -5.701538126838085e-05	1.000000000000000e+00	55	0	314
315	-3.040559159102147e+01 -2.491458717809884e+02  2.118029094457034e+03	 7.902922738276746e-18  1.609662547707566e-03 -1.609662547707549e-03	1.000000000000000e+00	55	0	315
316	 2.650310109390619e+02 -6.403745043170497e+02  1.403476753223228e+03	 1.483765523880720e-02 -9.715596213936806e-03 -5.122059024870395e-03	1.000000000000000e+00	55	0	316
317	 3.183431569320012e+02 -3.493175885343061e+02  1.059107691447545e+03	 1.672342776631315e-02 -9.448176405082146e-03 -7.275251361231009e-03	1.000000000000000e+00	55	0	317
318	3.583263945708825e+02 7.642093658619893e+01 1.403730299927942e+03	-5.659506423398852e-04  1.554160146042705e-03 -9.882095037028193e-04	1.000000000000000e+00	55	0	318
319	 1.254671876330548e+02 -6.201909139981964e+01  1.775029534851788e+03	-1.375147044503440e-03  1.632239999404798e-03 -2.570929549013575e-04	1.000000000000000e+00	55	0	319
320	 2.799276391706865e+02 -4.216407572031478e+01  3.737417468022025e+03	 1.137154429973937e-03  1.145182855604314e-03 -8.028425630376049e-06	1.000000000000000e+00	619	0	320
321	-2.947140878913328e+02  9.473359282529295e+02  2.173275736986762e+03	 5.935283833726619e-03  6.415249789521719e-03 -4.799659557950994e-04	1.000000000000000e+00	619	0	321
324	4.919356932194332e+02 7.494486198828005e+02 1.959973939137645e+03	-9.014123497763649e-05 -4.781815476917473e-07 -8.966305722424295e-05	7.500000000000000e-01	619	0	324
326	 1.000000000000000e+03 -3.143078118169745e+02  5.722530803887340e+02	-3.654364335854002e-18 -8.113121148198845e-03 -8.113121148198841e-03	1.000000000000000e+00	610	1	326
329	-2.637110241104774e+01 -9.166211947105144e+02  3.677659714165629e+03	-5.134306925659378e-03 -1.948519066597025e-03  3.185787859062354e-03	1.000000000000000e+00	552	0	329
330	5.194613567634566e+02 7.896087328847829e+02 3.310182280406169e+03	-6.656867995237310e-03  3.272829965377847e-03 -3.384038029859463e-03	1.000000000000000e+00	571	0	330
331	 3.721763604822328e+02 -8.114365947653858e+02  1.561851956474776e+03	-1.972855752683245e-04  6.497531830973458e-05 -1.323102515016217e-04	7.500000000000000e-01	571	0	331
332	-8.356278763555214e+02 -3.740517627939408e+02  6.439942142002242e+02	-8.110598816225928e-04  4.676496105579038e-03 -3.865436223956446e-03	1.000000000000000e+00	453	0	332
333	 1.518617518149568e+02 -7.175471767641945e+02  0.000000000000000e+00	-1.039058435708285e-03  1.039058435708283e-03  6.139866665046826e-18	1.000000000000000e+00	453	1	333
337	6.416977720497421e+02 3.228382976373707e+02 2.878381438456863e+02	7.677288260310888e-03 8.974159136414528e-03 1.296870876103640e-03	1.000000000000000e+00	600	0	337
338	7.697242327423518e+02 8.394715618680927e+02 2.209452448996234e+03	1.011214296643933e-03 6.273899266185860e-03 5.262684969541927e-03	1.000000000000000e+00	619	0	338
339	-7.508084771238618e+02  3.361382213806704e+02  3.226651818375025e+03	-3.497726089941958e-04 -3.884480790778374e-03 -3.534708181784178e-03	1.000000000000000e+00	619	0	339
340	-4.597999578531804e+02  2.647170321889146e+02  1.174771824224971e+03	 8.314747440939149e-04  2.134762684969852e-03 -1.303287940875938e-03	1.000000000000000e+00	55	0	340
341	 1.792932989875353e+02 -4.411249079472708e+02  2.519707021201873e+03	 1.671367905025060e-02  1.699354850764697e-02 -2.798694573963680e-04	1.000000000000000e+00	55	0	341
342	-8.898028023054766e+01 -6.791932468106970e+01  2.862520498129263e+03	-7.656856090761721e-03 -3.666528267785907e-03 -3.990327822975814e-03	7.500000000000000e-01	55	0	342
343	-9.103547146806425e+02  4.942938432584356e+02  1.478932895739663e+03	-3.058771350576232e-03 -7.011289320265254e-04 -2.357642418549707e-03	1.000000000000000e+00	55	0	343
344	-1.295367077036504e+02  7.290797953667424e-01  1.769023026768049e+03	4.529389028903097e-03 3.635540895629674e-03 8.938481332734226e-04	1.000000000000000e+00	55	0	344
345	-6.475552514660052e+01 -1.158174766142013e+02  1.950350765734667e+03	5.734394420869648e-03 4.334728582762182e-03 1.399665838107467e-03	1.000000000000000e+00	55	0	345
346	-4.796997298271598e+02  1.184704929176410e+02  2.285411230933940e+03	-3.819881705567241e-03 -6.024170666933060e-03  2.204288961365819e-03	1.000000000000000e+00	55	0	346
347	-6.269743236281130e+02  1.526091180705111e+02  2.103998011980117e+03	-7.473166178291042e-03 -1.080376088308791e-02  3.330594704796870e-03	1.000000000000000e+00	55	0	347
348	-5.030163815616912e+02 -8.189028267608792e+02  2.041080643000649e+03	-1.191590679809451e-03 -1.358704094309360e-02 -1.477863162290305e-02	1.000000000000000e+00	619	0	348
350	1.000000000000000e+03 7.581423633153614e+02 2.673138538170754e+03	-6.272480279486477e-18  4.956908524036412e-04  4.956908524036403e-04	1.000000000000000e+00	619	1	350
351	2.356634043952185e+02 1.274650372403784e+02 1.278124616490989e+03	 4.598746095628788e-03 -4.058745670287560e-03  5.400004253412286e-04	1.000000000000000e+00	619	0	351
353	-2.531442276647838e+02 -1.826778761947324e+02  2.927177747463703e+03	-3.982762611324055e-18  1.006541959941387e-02  1.006541959941388e-02	1.000000000000000e+00	619	0	353
354	8.781789204835595e+02 2.132269769323284e+02 2.006402072271281e+03	 1.421004068106413e-02 -2.470744773745537e-02 -1.049740705639124e-02	1.000000000000000e+00	619	0	354
355	7.163203664729062e+02 2.039801624708125e+02 1.835296703799111e+03	 1.108519732952118e-02 -2.073744125664234e-02 -9.652243927121162e-03	1.000000000000000e+00	619	0	355
356	-6.907855740665879e+02  2.378641823750873e+02  3.694298876650634e+03	-1.292224963738893e-03  1.564678280071045e-03 -2.724533163321515e-04	1.000000000000000e+00	619	0	356
357	 8.299902739958144e+02 -6.317361510695455e+02  3.043123362032864e+03	 5.393385266264279e-04  6.548913855416079e-04 -1.194229912168036e-03	1.000000000000000e+00	619	0	357
358	 6.320895976703395e+02 -7.315755812167193e+02  2.687496802689143e+03	 2.637010489706881e-03  1.845928782131523e-04 -2.821603367920034e-03	1.000000000000000e+00	619	0	358
359	-9.526099085337784e+02 -1.343502884254438e+02  3.674971016101987e+03	 4.527256824076175e-04  8.523135459335324e-20 -4.527256824076176e-04	1.000000000000000e+00	619	0	359
360	-3.209696919287595e+01 -1.278660668865745e+02  3.401340521038584e+03	 1.070719561539590e-03  1.213224488310516e-03 -2.283944049850106e-03	1.000000000000000e+00	619	0	360
361	 1.725570261729497e+02 -2.775807940979367e+02  3.346401252884120e+03	 1.326639994658763e-05  1.834727404457226e-04 -1.967391403923102e-04	7.500000000000000e-01	619	0	361
362	-7.442524142308051e+01 -6.612883511255071e+02  3.323724411691351e+03	-5.032255935172240e-03 -5.845025336990754e-03  1.087728127216299e-02	1.000000000000000e+00	619	0	362
363	-2.607916279880611e+02 -4.716431958064996e+02  3.320445642937325e+03	-1.212536706589162e-03 -8.379587961826473e-04  2.050495502771810e-03	7.500000000000000e-01	619	0	363
364	-2.659556516965022e+02 -7.298276174462368e+02  2.023916528987979e+03	-2.205973180631797e-03 -1.011741921926538e-02  1.232339239989718e-02	1.000000000000000e+00	55	0	364
365	 3.661594502906308e+02 -7.550489482299668e+00  6.695242990369089e+02	 4.051663951637845e-03 -1.596611769249042e-03 -2.455052182388802e-03	1.000000000000000e+00	55	0	365
366	5.604807624561666e+02 3.253873019327352e+02 9.526095666961214e+02	-1.697755961989363e-03  2.819193100246290e-03 -1.121437138256927e-03	1.000000000000000e+00	55	0	366
367	-8.651553762890927e+01 -3.268049159738715e+02  2.251798084687804e+03	 1.824426581151783e-03 -2.353308489546180e-03  5.288819083943963e-04	1.000000000000000e+00	55	0	367
368	 2.869794466738285e+02 -5.607775844684905e+02  1.301931397639902e+03	 1.559126640980442e-02 -1.029790767158071e-02 -5.293358738223711e-03	1.000000000000000e+00	55	0	368
369	 3.123917275258241e+02 -4.124089557406728e+02  1.128150488060089e+03	 1.669472300757964e-02 -9.715920003751913e-03 -6.978803003827731e-03	1.000000000000000e+00	55	0	369
370	2.903362824789639e+02 4.631158252161296e+01 1.501829766084446e+03	-4.112059250473976e-04  6.874633254483342e-04 -2.762574004009366e-04	1.000000000000000e+00	55	0	370
371	 1.801695242632061e+02 -2.719915499815852e+01  1.685507261819976e+03	-8.397568696333717e-04  9.652010533803452e-04 -1.254441837469737e-04	1.000000000000000e+00	55	0	371
372	-5.429687144532665e+01  1.882659843558331e+02  3.172762897329864e+03	-2.767019206658006e-03 -1.206070533953607e-03 -1.560948672704399e-03	1.000000000000000e+00	619	0	372
373	-1.394138759712861e+02  5.915811681181052e+02  2.684330709041633e+03	4.326299686605732e-03 3.264056130622824e-03 1.062243555982908e-03	1.000000000000000e+00	619	0	373
374	-3.183571851112692e+02 -1.626055047387185e+02  3.012463076366202e+03	2.374813115845124e-02 3.409895331909259e-02 1.035082216064135e-02	1.000000000000000e+00	619	0	374
376	2.586865670985833e+02 2.310221581721994e+02 2.245151274727396e+03	-3.764103548746789e-04 -4.690337300417013e-05 -3.295069818705088e-04	7.500000000000000e-01	619	0	376
378	 7.596697123823759e+02 -5.709285296390640e+02  5.559626501842685e+02	 6.799818637470404e-03 -9.003695255766312e-03 -1.580351389323672e-02	1.000000000000000e+00	610	0	378
379	 5.301785339365856e+02 -7.761794304379202e+02  5.802029278312027e+02	 4.964307726671298e-03 -7.581263159712155e-03 -1.254557088638345e-02	1.000000000000000e+00	610	0	379
380	 4.618428147238232e+01 -5.217255249927136e+02  4.000000000000000e+03	-1.523826003540307e-02 -1.523826003540307e-02 -3.307688586930550e-18	1.000000000000000e+00	552	1	380
381	-6.607097588303599e+00 -7.252493585267531e+02  3.849267545526647e+03	-6.251039371515314e-03 -2.501070577030381e-03  3.749968794484933e-03	1.000000000000000e+00	552	0	381
382	4.380877221438750e+02 2.777514943242708e+02 2.716951407226075e+03	-7.897390052676201e-03  5.871821660548449e-03 -2.025568392127752e-03	1.000000000000000e+00	571	0	382
383	 2.411969911334207e+02 -1.875064310142204e+02  2.054802750877130e+03	-9.635571235169968e-03  4.038779685894649e-03 -5.596791549275319e-03	1.000000000000000e+00	571	0	383
384	-5.054669445742136e+02 -4.891645522776784e+02  4.289460719026540e+02	-1.841272537906964e-03  8.675824773187438e-03 -6.834552235280474e-03	1.000000000000000e+00	453	0	384
385	-1.856767084746508e+02 -5.792355625531042e+02  1.992268460785170e+02	-3.289013169705868e-03  1.151327416300774e-02 -8.224260993301868e-03	1.000000000000000e+00	453	0	385
386	8.872983877627316e+02 5.993039696615135e+02 2.673127536255272e+03	6.639401894062757e-03 2.256820444017649e-03 8.896222338080406e-03	1.000000000000000e+00	26	0	386
387	7.571568208684654e+02 7.749336134809977e+02 2.718615613180490e+03	5.235684181873997e-03 2.474945814659198e-03 7.710629996533195e-03	1.000000000000000e+00	26	0	387
388	8.014013411021459e+01 7.849076464854596e+02 1.311465130633303e+03	 1.218913411139511e-02  1.192558175534941e-02 -2.635523560456933e-04	1.000000000000000e+00	600	0	388
389	3.636417489450607e+02 5.361824421465877e+02 7.792383114595847e+02	 9.179578121499313e-03  9.096657898529278e-03 -8.292022297003604e-05	1.000000000000000e+00	600	0	389
390	2.634664645021811e+02 6.617735139726581e+02 2.538012169340970e+03	5.961861461400986e-04 2.919120015576482e-03 2.322933869436383e-03	1.000000000000000e+00	619	0	390
391	-2.377149546309375e+02  5.129895035354974e+02  2.890409578036928e+03	-2.236263680970296e-04 -8.078383034444414e-04 -5.842119353474118e-04	7.500000000000000e-01	619	0	391
392	-3.204346265336197e+02  2.154389877390735e+02  1.363415199994373e+03	 3.201521525625139e-03  4.003937297966331e-03 -8.024157723411919e-04	1.000000000000000e+00	55	0	392
393	-2.023009798697711e+02  1.282793021024350e+02  1.568708532294860e+03	3.993332415120676e-03 3.795506403548643e-03 1.978260115720331e-04	1.000000000000000e+00	55	0	393
394	 6.195605577056185e+01 -3.643553672163508e+02  2.325600237253979e+03	 8.498700277414173e-03  9.209057141561061e-03 -7.103568641468880e-04	7.500000000000000e-01	55	0	394
396	-1.811715058959725e+02  5.996462320132186e+01  2.642445324581446e+03	-9.767723386175931e-04 -1.491586910560727e-03  5.148145719431341e-04	7.500000000000000e-01	55	0	396
397	-3.295534376237703e+02  9.227045307362266e+01  2.461757562981348e+03	-1.303398593639334e-03 -2.102851906480888e-03  7.994533128415545e-04	1.000000000000000e+00	55	0	397
398	-8.879068976557826e+02  2.955513391594368e+02  1.700123216863521e+03	-1.293664254869024e-02 -1.102648101126154e-02 -1.910161537428697e-03	1.000000000000000e+00	55	0	398
399	-7.663460892193548e+02  2.049655833846117e+02  1.912269781074774e+03	-1.133892126381397e-02 -1.410440914332867e-02  2.765487879514693e-03	1.000000000000000e+00	55	0	399
402	-7.095786480525643e+01 -1.532682065373118e+01  3.276715165864232e+03	-6.510994862765074e-03  5.887864157557487e-03 -6.231307052075864e-04	1.000000000000000e+00	619	0	402
403	-1.482238463445148e+02 -1.376504429109796e+02  3.077125562067725e+03	-6.977693211714116e-03  7.081000566055688e-03  1.033073543415714e-04	1.000000000000000e+00	619	0	403
405	1.000000000000000e+03 2.903483748787850e+02 2.205344549734178e+03	-5.323739709164221e-18 -6.257285946048794e-03 -6.257285946048798e-03	1.000000000000000e+00	619	1	405
406	3.733749702167901e+02 1.805241523185891e+02 1.468895297390771e+03	 4.208426534508665e-03 -7.401550111050407e-03 -3.193123576541742e-03	1.000000000000000e+00	619	0	406
407	5.409090477353182e+02 1.954759124679022e+02 1.651381135058613e+03	 6.852922495454550e-03 -1.254274975508451e-02 -5.689827259629965e-03	1.000000000000000e+00	619	0	407
408	-4.614029333896819e+02  1.764932456290337e+02  3.526287172719782e+03	-3.391343052498996e-04  4.382011567940935e-03 -4.042877262691036e-03	1.000000000000000e+00	619	0	408
409	-2.378064936725688e+02  4.517782132163003e+01  3.434006157310072e+03	 7.768866295615832e-04  2.507952313559751e-03 -3.284838943121334e-03	1.000000000000000e+00	619	0	409
410	 5.913207709515992e+02 -5.339604751490975e+02  3.184017189156632e+03	 3.348589962115511e-05  4.681074642576277e-05 -8.029665150388610e-05	7.500000000000000e-01	619	0	410
411	 3.792494592693103e+02 -4.030043551551648e+02  3.265132380844988e+03	-1.244969510783752e-04 -6.946995175288370e-04  8.191964686072121e-04	1.000000000000000e+00	619	0	411
412	 4.659795415949633e+02 -5.250588977864907e+02  2.647090175334291e+03	 1.318944493929545e-02  5.981664794186751e-03 -1.917110973348220e-02	1.000000000000000e+00	619	0	412
413	 1.852619766708760e+02 -8.870838303013626e+02  3.289832672773251e+03	-7.966930925916472e-19 -1.262187771499157e-02  1.262187771499157e-02	1.000000000000000e+00	619	0	413
414	-4.838581470289797e+02 -1.343502884254439e+02  3.206219254597188e+03	 1.045753975631670e-02 -2.737442344506509e-19 -1.045753975631669e-02	1.000000000000000e+00	619	0	414
415	-4.027840816337306e+02 -2.784836374114841e+02  3.269278538187979e+03	 3.267754567787051e-03  4.501428920775651e-04 -3.717897459864616e-03	1.000000000000000e+00	619	0	415
416	-4.977885899417108e+00 -8.510523566795822e+02  1.884163502424239e+03	 3.096430096775293e-03 -9.547496214509010e-03  6.451066117733717e-03	1.000000000000000e+00	55	0	416
417	 2.477142419337020e+02 -7.401317814495283e+02  1.520550799361066e+03	 1.484187133610249e-02 -9.463829919695854e-03 -5.378041416406631e-03	1.000000000000000e+00	55	0	417
418	 3.399435708411306e+02 -1.612509129897412e+02  8.494406019938507e+02	 1.276564489429196e-02 -7.849366559336582e-03 -4.916278334955375e-03	1.000000000000000e+00	55	0	418
419	 3.235570036031803e+02 -2.889213175757891e+02  9.934975738178489e+02	 1.627901755273342e-02 -9.261437691748142e-03 -7.017579860985279e-03	1.000000000000000e+00	55	0	419
420	4.634695039958922e+02 2.326654385596470e+02 1.142342688529484e+03	-3.176461245554189e-03  2.864720959526797e-03  3.117402860273917e-04	1.000000000000000e+00	55	0	420
421	3.990282652934209e+02 1.087014766554232e+02 1.330747889136179e+03	-1.863388111814857e-03  7.859893376007676e-04  1.077398774214089e-03	1.000000000000000e+00	55	0	421
422	-2.521324233519451e+01 -1.833548588439186e+02  2.047045732264136e+03	-4.204817268771421e-04  6.372531013596472e-04 -2.167713744825051e-04	1.779785156250000e-01	55	0	422
423	 6.909302518615371e+01 -9.249172672801835e+01  1.861876332626888e+03	-1.840439848213767e-03  2.236385839448000e-03 -3.959459912342329e-04	1.000000000000000e+00	55	0	423
424	 3.386774387966369e+02 -1.205833110218277e+02  3.874586502949488e+03	2.745144049792240e-03 2.311062087149670e-03 4.340819626425703e-04	1.000000000000000e+00	619	0	424
425	-3.387645744007215e+02  1.000000000000000e+03  2.076561178730303e+03	 1.092285395134240e-02 -3.750487800730735e-18  1.092285395134241e-02	1.000000000000000e+00	619	1	425
428	5.527742609596679e+02 8.790916046846093e+02 1.891169522076071e+03	6.022416134025358e-04 2.415735919688209e-05 5.780842542056538e-04	1.000000000000000e+00	619	0	428
429	 1.257749041757964e+02 -9.397628553607100e+02  3.283024625337519e+03	 3.555555983136097e-03 -9.145136844987670e-03  1.270069282812377e-02	1.000000000000000e+00	619	0	429
430	5.219488902793665e+02 9.381131911181757e+02 3.461174272155471e+03	-5.079168865146737e-03  3.427033972305556e-03 -1.652134892841180e-03	1.000000000000000e+00	571	0	430
431	 3.985943399778142e+02 -1.000000000000000e+03  1.399706530735744e+03	1.289144530892372e-02 2.348940100649328e-18 1.289144530892372e-02	1.000000000000000e+00	571	1	431
432	-9.242254652680857e+02 -3.422875082419498e+02  7.008275485607975e+02	-8.014063350856305e-04  3.658171975985169e-03 -2.856765640899539e-03	1.000000000000000e+00	453	0	432
435	7.266214150572799e+02 2.647193428945729e+02 1.447955460953507e+02	8.956981706432998e-03 9.376249392516911e-03 4.192676860839127e-04	1.000000000000000e+00	600	0	435
436	9.029481671879212e+02 8.860326886532858e+02 2.122789641335857e+03	1.486886292695999e-03 6.924647837877274e-03 5.437761545181274e-03	1.000000000000000e+00	619	0	436
437	-8.797892556883461e+02  2.792398008849405e+02  3.298734176443779e+03	-2.653119736351072e-04 -3.937801375286654e-03 -3.672489401651546e-03	1.000000000000000e+00	619	0	437
438	-4.833311878991750e+01  3.043092968945440e+02  3.062683337446563e+03	-7.746383198536932e-04 -3.681986709125340e-04 -4.064396489411592e-04	1.000000000000000e+00	619	0	438
439	-9.611393972995853e+01  5.416963769003073e+02  2.777515436500758e+03	 2.062702667899429e-03  2.062702667899431e-03 -1.081928895426996e-18	1.000000000000000e+00	619	0	439
442	1.956022345509416e+02 8.523824518261706e+01 2.327850855169337e+03	-1.060736394720152e-03 -7.994190382305533e-04 -2.613173564895988e-04	7.500000000000000e-01	619	0	442
444	3.907825202685613e+02 1.682445658449417e+02 2.560139276871432e+03	-9.291355614550412e-03  7.384387194178998e-03 -1.906968420371413e-03	1.000000000000000e+00	571	0	444
445	 2.481399325031514e+02 -2.561013920029236e+01  2.223641984060788e+03	-1.055701527123650e-02  8.105425319323937e-03 -2.451589951912562e-03	1.000000000000000e+00	571	0	445
446	-4.245968107072164e+02 -5.144044741265290e+02  3.733158598845074e+02	-2.206564104805390e-03  9.413710872953137e-03 -7.207146768147747e-03	1.000000000000000e+00	453	0	446
447	-2.650717626909793e+02 -5.590279600514660e+02  2.584142977932073e+02	-2.930693949262301e-03  1.068497922581931e-02 -7.754285276557009e-03	1.000000000000000e+00	453	0	447
448	1.428299310679782e+02 7.232901059044552e+02 1.187157793094535e+03	1.097708295371073e-02 1.139794935200674e-02 4.208663982960087e-04	1.000000000000000e+00	600	0	448
449	2.896298401638664e+02 6.049034621404487e+02 9.219712402346399e+02	9.085265065853795e-03 9.636112411196033e-03 5.508473453422387e-04	1.000000000000000e+00	600	0	449
450	1.347755005956870e+02 6.175710103745384e+02 2.622500629649344e+03	3.583836757267515e-04 2.043550154970338e-03 1.685166479243586e-03	1.000000000000000e+00	619	0	450
452	1.904298238108272e+02 2.616295090390254e+01 3.579592626037949e+03	 9.455848839933427e-06 -6.594992596950031e-19  9.455848839935240e-06	1.779785156250000e-01	619	0	452
454	-2.602937611532600e+02  8.528203578030682e+02  2.302211634174696e+03	7.854379868755737e-03 5.767598127325376e-03 2.086781741430362e-03	1.000000000000000e+00	619	0	454
455	-1.859698040074979e+02  6.775757962624982e+02  2.551780152861028e+03	5.527711473405361e-03 4.415054339915514e-03 1.112657133489847e-03	1.000000000000000e+00	619	0	455
457	-4.282279217068916e+02 -1.472133403764042e+02  3.137725977324139e+03	6.910128518939018e-03 1.124106999486685e-02 4.330941475927830e-03	1.000000000000000e+00	619	0	457
458	-1.266588404490252e+02 -1.000000000000000e+03  1.983370236442677e+03	-4.261143971234558e-03  7.318845819933399e-18  4.261143971234560e-03	1.000000000000000e+00	619	1	458
460	4.303190856658363e+02 6.197347449233547e+02 2.028071206543494e+03	-6.752461595169734e-04 -2.983721060445533e-05 -6.454089489125181e-04	7.500000000000000e-01	619	0	460
461	3.131988319164281e+02 3.606038498498287e+02 2.170081847867612e+03	-7.310374603548553e-04 -6.842151196906340e-05 -6.626159483857919e-04	7.500000000000000e-01	619	0	461
464	5.178189930082349e+02 6.504604418974334e+02 3.169391625663598e+03	-6.673231177652876e-03  3.553003150348862e-03 -3.120228027304014e-03	1.000000000000000e+00	571	0	464
465	4.779067192997591e+02 3.939837900442797e+02 2.873002700101968e+03	-7.045327763383587e-03  4.868290309483807e-03 -2.177037453899781e-03	1.000000000000000e+00	571	0	465
466	 3.304583202420613e+02 -6.524567113165314e+02  1.679113799683459e+03	-2.889341194531880e-04  9.247464913642033e-05 -1.964594703167677e-04	7.500000000000000e-01	571	0	466
467	 2.673019609903439e+02 -3.430551975661981e+02  1.925358954182075e+03	-7.307371978337566e-03  2.515920748313268e-03 -4.791451230024298e-03	1.000000000000000e+00	571	0	467
468	-7.521991083814133e+02 -4.038341836715852e+02  5.903478671037604e+02	-1.026087207719684e-03  5.915313609875739e-03 -4.889226402156055e-03	1.000000000000000e+00	453	0	468
469	-5.871405622809505e+02 -4.620521513161164e+02  4.835072886478288e+02	-1.516718805457155e-03  7.846066689429184e-03 -6.329347883972028e-03	1.000000000000000e+00	453	0	469
470	 9.608917532522004e+01 -6.643659582735022e+02  2.591357999044216e+00	 1.706440389777223e-03  3.837210281441609e-03 -5.543650671218833e-03	1.000000000000000e+00	453	0	470
471	-1.055977340337091e+02 -5.989163375689953e+02  1.388286466534664e+02	-3.374488558620214e-03  1.253979816101491e-02 -9.165309602394700e-03	1.000000000000000e+00	453	0	471
472	-1.023798613085062e+02  9.976131996572325e+02  1.706690679223796e+03	1.294948803357965e-05 7.349397012452148e-03 7.336447524418570e-03	1.000000000000000e+00	600	0	472
473	2.262411505473451e+01 8.503753969338745e+02 1.434448900137198e+03	 1.156063476810232e-02  1.081522455206141e-02 -7.454102160409094e-04	1.000000000000000e+00	600	0	473
474	5.613475008899970e+02 3.716801355342278e+02 4.170302529022882e+02	8.124371059238911e-03 9.548200294375420e-03 1.423829235136509e-03	1.000000000000000e+00	600	0	474
475	4.271569363378304e+02 4.688371445540973e+02 6.483778264743245e+02	9.377665829864176e-03 9.459306473824350e-03 8.164064396017574e-05	1.000000000000000e+00	600	0	475
476	6.482704771165155e+02 7.940066897815210e+02 2.285441332535498e+03	8.515386919801433e-04 5.415289759791146e-03 4.563751067811002e-03	1.000000000000000e+00	619	0	476
477	3.916828324742469e+02 7.031669713186117e+02 2.451189258714857e+03	7.535356950635710e-04 3.657114478604247e-03 2.903578783540676e-03	1.000000000000000e+00	619	0	477
478	-6.224488184447710e+02  3.887542697447083e+02  3.150908208059971e+03	-4.978328943252563e-04 -3.622685791924596e-03 -3.124852897599339e-03	1.000000000000000e+00	619	0	478
479	-3.665432389346648e+02  4.768490985989479e+02  2.983097457404106e+03	-4.004991205874829e-04 -1.727423106785864e-03 -1.326923986198381e-03	7.500000000000000e-01	619	0	479
484	5.423095720738032e+02 1.000000000000000e+03 3.543421762831732e+03	-5.968375946395099e-03 -2.357855330871383e-18 -5.968375946395099e-03	1.000000000000000e+00	571	1	484
487	7.783315718401877e+02 2.164774224146153e+02 4.484346883248516e+01	 1.142307188517104e-02  9.826081766126057e-03 -1.596990119044979e-03	1.000000000000000e+00	600	0	487
488	-4.903159231127602e+01  3.610142890873364e+02  3.005279871732412e+03	1.849820764618926e-04 1.104002512875013e-04 7.458183608832769e-05	7.500000000000000e-01	619	0	488
489	-6.470467390611127e+01  4.823255639419857e+02  2.868295515282927e+03	 2.092608017846942e-03  2.593896351754665e-03 -5.012883339077233e-04	1.000000000000000e+00	619	0	489
492	3.645291415066102e+02 1.181087394440891e+02 2.483750071708629e+03	-9.725587636542818e-03  8.159449129986266e-03 -1.566138506556550e-03	1.000000000000000e+00	571	0	492
493	2.903592808808257e+02 2.868429714544698e+01 2.320155768784202e+03	-9.757253477194656e-03  9.107069907865178e-03 -6.501835693294807e-04	1.000000000000000e+00	571	0	493
494	1.769812375911259e+02 6.941099919685827e+02 1.123826372635514e+03	1.028246155086284e-02 1.095465475615735e-02 6.721932052945097e-04	1.000000000000000e+00	600	0	494
496	-2.433138595337133e+02  8.080611239025128e+02  2.363950769694798e+03	7.318413855197529e-03 5.457368640539547e-03 1.861045214657982e-03	1.000000000000000e+00	619	0	496
497	-2.063332829191247e+02  7.203373132941954e+02  2.488655156917704e+03	6.123831029981375e-03 4.768383689224720e-03 1.355447340756655e-03	1.000000000000000e+00	619	0	497
500	-1.837502993277741e+02 -9.891482451753982e+02  2.051313450146027e+03	-1.159957020233075e-02 -1.943593503286441e-02 -7.836364830533663e-03	1.000000000000000e+00	619	0	500
501	-2.531442276647839e+02 -9.118253307210894e+02  2.198030292937346e+03	 1.782062897660390e-18 -7.102588133420793e-03 -7.102588133420797e-03	1.000000000000000e+00	619	0	501
502	5.134449105358179e+02 5.829200158494173e+02 3.097477117143164e+03	-6.659323815256357e-03  3.765061264857650e-03 -2.894262550398707e-03	1.000000000000000e+00	571	0	502
503	4.937573221610310e+02 4.545549770382710e+02 2.949424489957231e+03	-6.856023489187161e-03  4.470322591563066e-03 -2.385700897624095e-03	1.000000000000000e+00	571	0	503
504	 3.141035590217066e+02 -5.753413461395528e+02  1.739874403640083e+03	-1.606538571650162e-03  5.220762977842242e-04 -1.084462273865938e-03	7.500000000000000e-01	571	0	504
505	 2.823780260120949e+02 -4.203933403043915e+02  1.863096876465633e+03	-5.781747439565758e-03  1.937163372834523e-03 -3.844584066731234e-03	1.000000000000000e+00	571	0	505
506	-6.054185480186163e+01  9.557895337866987e+02  1.623029006846618e+03	 8.010882001447802e-03  7.842844303619737e-03 -1.680376978280643e-04	1.000000000000000e+00	600	0	506
507	-4.490693210080691e+00  8.845950733456150e+02  1.495783384813753e+03	 1.079256267985329e-02  9.937325550708920e-03 -8.552371291443703e-04	1.000000000000000e+00	600	0	507
508	 3.111847123172266e+02 -7.948346310003942e+01  3.805993928548290e+03	1.915973009696851e-03 1.719534416527798e-03 1.964385931690534e-04	1.000000000000000e+00	619	0	508
509	2.345949900101780e+02 6.566172752696088e-01 3.649264125865933e+03	 9.391467998890828e-05  4.653979825282780e-04 -3.714833025393697e-04	1.000000000000000e+00	619	0	509
511	-2.767350227000608e+02  8.982603530390531e+02  2.240330377391910e+03	8.306089012573162e-03 6.072888926913341e-03 2.233200085659822e-03	1.000000000000000e+00	619	0	511
516	5.181382064603063e+02 8.607359673528496e+02 3.379986364571085e+03	-6.292520944649975e-03  3.283732182656725e-03 -3.008788761993249e-03	1.000000000000000e+00	571	0	516
517	5.196079160126704e+02 7.195725800187706e+02 3.240292686789370e+03	-6.657518989716967e-03  3.387664832795660e-03 -3.269854156921307e-03	1.000000000000000e+00	571	0	517
518	 4.005197097472941e+02 -9.023702230443740e+02  1.499261677460849e+03	 1.870180247351527e-03 -2.781009534373879e-03 -9.108292870223522e-04	1.000000000000000e+00	571	0	518
519	 3.472310637855551e+02 -7.291951160489344e+02  1.619148138494550e+03	 2.592621049188892e-04 -2.461917729306151e-04  1.307033198827412e-05	1.000000000000000e+00	571	0	519
521	-1.527353513359868e+02  1.000000000000000e+03  1.759432969594045e+03	 8.868770673871049e-04 -1.671134955938612e-18 -8.868770673871032e-04	1.000000000000000e+00	600	1	521
522	6.826317682813747e+02 2.963048685999233e+02 2.203707185766063e+02	7.976021772871414e-03 9.024433636416992e-03 1.048411863545577e-03	1.000000000000000e+00	600	0	522
523	-5.040905008110719e+01  2.466747153558848e+02  3.118241987694032e+03	-1.773163424028705e-03 -8.093546687935789e-04 -9.638087552351255e-04	1.000000000000000e+00	619	0	523
524	-6.029478311168706e+01  1.273745424162504e+02  3.227656427603087e+03	-3.791141789406538e-03 -1.752563053742051e-03 -2.038578735664487e-03	1.000000000000000e+00	619	0	524
526	-1.641515423130778e+02  6.357589729429873e+02  2.615415237874959e+03	4.908104873417567e-03 4.026806467057516e-03 8.812984063600501e-04	1.000000000000000e+00	619	0	526
528	-3.747230895519062e+02 -1.552169399173790e+02  3.076217545628178e+03	9.905569100131592e-03 1.657188140476743e-02 6.666312304635842e-03	1.000000000000000e+00	619	0	528
531	4.152815820387647e+02 2.219164055303158e+02 2.638310178327009e+03	-8.569911277542511e-03  6.570964896430572e-03 -1.998946381111940e-03	1.000000000000000e+00	571	0	531
532	4.590899430611076e+02 3.351214298597152e+02 2.795323563678752e+03	-7.381915192430218e-03  5.313262731457750e-03 -2.068652460972468e-03	1.000000000000000e+00	571	0	532
533	 2.352375696626562e+02 -1.047798173507590e+02  2.131569943069826e+03	-1.040870121990641e-02  5.747580590347449e-03 -4.661120629558961e-03	1.000000000000000e+00	571	0	533
534	 2.532329207284552e+02 -2.659081694838503e+02  1.988436942002534e+03	-8.585459707925716e-03  3.125035980095466e-03 -5.460423727830251e-03	1.000000000000000e+00	571	0	534
535	1.105373390282253e+02 7.534320351289376e+02 1.249592314358770e+03	1.168464131236154e-02 1.175355997353715e-02 6.891866117560638e-05	1.000000000000000e+00	600	0	535
536	5.071607867841237e+01 8.171557427760873e+02 1.373137282355733e+03	 1.196235515332470e-02  1.146124858253946e-02 -5.011065707852445e-04	1.000000000000000e+00	600	0	536
540	5.225608594992905e+02 3.956090205758478e+02 4.797457793346148e+02	8.443872405526539e-03 9.784366042974094e-03 1.340493637447556e-03	1.000000000000000e+00	600	0	540
541	3.965131155438587e+02 5.007375570873305e+02 7.109220598015294e+02	 9.344707228592597e-03  9.157239474006929e-03 -1.874677545856687e-04	1.000000000000000e+00	600	0	541
542	2.508113332158551e+02 6.359307060020269e+02 9.918169910442294e+02	9.303396587104848e-03 1.006771622148032e-02 7.643196343754727e-04	1.000000000000000e+00	600	0	542
543	4.567787827017733e+02 4.422097358724659e+02 5.921285714287503e+02	9.170742550243935e-03 9.776343746731678e-03 6.056011964877448e-04	1.000000000000000e+00	600	0	543
544	2.303524029261637e+02 1.667317285254207e+02 2.281107540201755e+03	-5.018918600399047e-04 -8.213614637497814e-05 -4.197557136649266e-04	7.500000000000000e-01	619	0	544
545	1.859112038814464e+02 2.622319401177509e+01 2.377174875670684e+03	-1.545035920571536e-04  6.780830881325528e-04 -8.325866801897064e-04	1.000000000000000e+00	619	0	545
546	3.276983198802508e+02 5.716703504515135e+02 8.506696488293203e+02	9.058160920782635e-03 9.284365708784511e-03 2.262047880018753e-04	1.000000000000000e+00	600	0	546
547	4.560553899764463e+02 7.246013084109335e+02 2.408251038304980e+03	7.786710048094392e-04 4.044273460749537e-03 3.265602455940098e-03	1.000000000000000e+00	619	0	547
548	8.342909651231799e+02 8.625519889973555e+02 2.167966143744668e+03	1.197532828276356e-03 6.606237070324520e-03 5.408704242048165e-03	1.000000000000000e+00	619	0	548
551	-9.819779329180112e+02 -5.109444117480816e+01  3.621083193235583e+03	-3.010582295246422e-04  6.945634377188981e-04 -3.935052081942558e-04	1.000000000000000e+00	619	0	551
552	-3.023596564515948e+02  4.955128046075196e+02  2.937577580929607e+03	-3.213569143554196e-04 -1.276219489227515e-03 -9.548625748720951e-04	7.500000000000000e-01	619	0	552
553	-8.537533693203781e+02 -1.256122586469485e+02  3.567376447110090e+03	-1.938573084771633e-03  1.438435399904847e-03  5.001376848667860e-04	1.000000000000000e+00	619	0	553
554	1.518905797545059e+02 1.783812897076169e+01 3.532728560048488e+03	 1.722997035055111e-03 -1.799403592788925e-03 -7.640655773381394e-05	1.000000000000000e+00	619	0	554
558	 4.230364536535243e+02 -4.646378677158784e+02  2.629612233205118e+03	-1.253904280019924e-03 -5.157972918823361e-04  1.769701571902260e-03	7.500000000000000e-01	619	0	558
562	3.422262989958172e+02 4.274011617346945e+02 2.132312003062135e+03	-8.905393970053409e-04 -6.803414362366315e-05 -8.225052533816780e-04	7.500000000000000e-01	619	0	562
563	-7.218955916450640e+02 -1.392922640079989e+02  3.449198674795826e+03	-4.143254094136258e-04  9.278463063916812e-04 -5.135208969780555e-04	1.000000000000000e+00	619	0	563
564	1.500000000000000e+03 7.581423633153614e+02 2.673138538170754e+03	0.000000000000000e+00 0.000000000000000e+00 0.000000000000000e+00	1.000000000000000e+00	619	-1	350
573	-1.721525023427798e+02  5.291243039013945e+02  2.840981926114667e+03	 1.120310262194835e-04 -2.085531050397549e-04 -3.205841312592383e-04	7.500000000000000e-01	619	0	573
575	-2.008782142799702e+01 -7.116302455178416e+02  3.319728886088603e+03	-5.264737643301487e-03 -7.119815796613693e-03  1.238455343991518e-02	1.000000000000000e+00	619	0	575
584	 8.326774795880952e+01 -8.659130914393816e+02  1.810778603325812e+03	 5.667976569384336e-03 -1.209344528615475e-02  6.425468716770411e-03	1.000000000000000e+00	55	0	584
585	8.648126525126135e+01 2.214020196143242e+01 3.471621318535914e+03	 4.861783818341791e-04 -1.309545361436903e-03 -8.233669796027243e-04	7.500000000000000e-01	619	0	585
589	-6.614654405356995e+02 -1.432522902116021e+02  3.392728549890065e+03	-9.507459277908007e-04  2.045857681271931e-03 -1.095111753481130e-03	1.000000000000000e+00	619	0	589
591	 2.313699514891777e+02 -8.169598437581017e+02  1.613723152114164e+03	 1.568194129504263e-02 -1.362467999570072e-02 -2.057261299341917e-03	1.000000000000000e+00	55	0	591
593	 3.462820002085033e+02 -9.316031518372829e+02  6.086757401599222e+02	 1.711924405147632e-03 -6.963660319646200e-03 -8.675584724793831e-03	1.000000000000000e+00	610	0	593
594	 3.474037248383200e+02 -3.693603644857473e+02  2.609967458790191e+03	 1.843729530810378e-02  3.455242433119565e-03 -2.189253774122335e-02	5.625000000000000e-01	619	0	594
595	 9.390893024362226e+02 -3.991625730929021e+02  5.483090166765837e+02	 7.081974763423204e-03 -2.432930748909711e-03 -9.514905512332916e-03	1.000000000000000e+00	610	0	595
596	-3.387645744007215e+02  1.500000000000000e+03  2.076561178730303e+03	0.000000000000000e+00 0.000000000000000e+00 0.000000000000000e+00	1.000000000000000e+00	619	-1	425
603	3.276006669921841e+02 6.824817914321468e+02 2.494586244310455e+03	6.942190229892731e-04 3.286179853603244e-03 2.591960830613971e-03	1.000000000000000e+00	619	0	603
608	-6.022394359033482e+02 -1.451246819636005e+02  3.335374937009712e+03	-1.486930724543830e-03  3.019013480904202e-03 -1.532082756360372e-03	1.000000000000000e+00	619	0	608
609	 4.618428147238232e+01 -5.217255249927136e+02  4.500000000000000e+03	0.000000000000000e+00 0.000000000000000e+00 0.000000000000000e+00	1.000000000000000e+00	552	-1	380
611	 1.518617518149568e+02 -7.175471767641945e+02 -5.000000000000000e+02	0.000000000000000e+00 0.000000000000000e+00 0.000000000000000e+00	1.000000000000000e+00	453	-1	333
615	5.423095720738032e+02 1.500000000000000e+03 3.543421762831732e+03	0.000000000000000e+00 0.000000000000000e+00 0.000000000000000e+00	1.000000000000000e+00	571	-1	484
617	 9.906240718658520e+01 -8.143330544726094e+02  3.303281466428788e+03	-5.305863916873932e-03 -9.033729322254658e-03  1.433959323912859e-02	1.000000000000000e+00	619	0	617
619	 3.985943399778142e+02 -1.500000000000000e+03  1.399706530735744e+03	0.000000000000000e+00 0.000000000000000e+00 0.000000000000000e+00	1.000000000000000e+00	571	-1	431
623	 3.171082834490796e+02 -3.072561133764538e+02  2.578158649070138e+03	 8.311064537338098e-03  1.235388299392068e-04 -8.434603367277305e-03	5.625000000000000e-01	619	0	623
624	6.998173301187639e+01 5.940283449965129e+02 2.663751731855129e+03	2.484275028109550e-04 1.507599139586091e-03 1.259171636775136e-03	1.000000000000000e+00	619	0	624
625	1.883376873931058e+01 3.430698943897595e+01 3.416140609501506e+03	-1.683033537119627e-03 -9.543974883854388e-04 -2.637431025505066e-03	1.000000000000000e+00	619	0	625
626	1.989976018118877e+02 6.401826873883876e+02 2.580890205446993e+03	4.758493741974235e-04 2.513192070182413e-03 2.037342695984989e-03	1.000000000000000e+00	619	0	626
628	 3.618003134713526e+02 -1.675487592878790e+02  3.944674825890256e+03	3.968363084519903e-03 2.086395242561896e-03 1.881967841958006e-03	1.000000000000000e+00	619	0	628
629	-1.527353513359868e+02  1.500000000000000e+03  1.759432969594045e+03	0.000000000000000e+00 0.000000000000000e+00 0.000000000000000e+00	1.000000000000000e+00	600	-1	521
631	1.500000000000000e+03 2.903483748787850e+02 2.205344549734178e+03	0.000000000000000e+00 0.000000000000000e+00 0.000000000000000e+00	1.000000000000000e+00	619	-1	405
632	 2.775650642995404e+02 -2.329437439355474e+02  2.543389498778771e+03	 1.955950811194877e-02  1.275135359416406e-03 -2.083464347136517e-02	1.000000000000000e+00	619	0	632
633	-5.703240018172803e+01 -2.885945549960492e+02  2.184104586262800e+03	 1.108684567346548e-03 -9.731614942817638e-04 -1.355230730647842e-04	1.000000000000000e+00	55	0	633
634	-1.266588404490252e+02 -1.500000000000000e+03  1.983370236442677e+03	0.000000000000000e+00 0.000000000000000e+00 0.000000000000000e+00	1.000000000000000e+00	619	-1	458
636	-7.172487495446471e+01 -8.291917462664032e+02  1.929049881066108e+03	 1.134747096026937e-03 -7.445652464715143e-03  6.310905368688206e-03	1.000000000000000e+00	55	0	636
637	-4.344490562804877e+02 -8.507441480018948e+02  2.077806647040837e+03	 3.726072609424591e-03 -4.169937223196030e-02 -3.797329962253571e-02	1.000000000000000e+00	619	0	637
638	 1.500000000000000e+03 -3.143078118169745e+02  5.722530803887340e+02	0.000000000000000e+00 0.000000000000000e+00 0.000000000000000e+00	1.000000000000000e+00	610	-1	326
640	-5.447732803251583e+02 -1.447158136475753e+02  3.277499913115498e+03	 8.413598455566292e-04 -6.650176898498709e-04 -1.763421557067583e-04	1.000000000000000e+00	619	0	640
641	 2.397170056655238e+02 -1.656426839280299e+02  2.513936497405270e+03	 2.107940412436922e-02  5.332693768044313e-03 -2.641209789241354e-02	1.000000000000000e+00	619	0	641
642	6.263257071260819e+02 9.339271504463698e+02 2.746778036403478e+03	1.001745307197173e-02 6.771111239989598e-03 1.678856431196133e-02	1.000000000000000e+00	26	0	642
2	 0.000000000000000e+00  7.071067811865475e-01 -7.071067811865475e-01	 5.773502691896257e-01 -5.773502691896257e-01 -5.773502691896257e-01	-7.391622886003375e+02  7.391622886003375e+02  7.391622886003375e+02	1	0	0.000000000000000e+00	0.000000000000000e+00	0.000000000000000e+00
3	-7.071067811865475e-01  0.000000000000000e+00  7.071067811865475e-01	-5.773502691896257e-01  5.773502691896257e-01 -5.773502691896257e-01	 6.288536307352362e+02 -6.288536307352362e+02  6.288536307352362e+02	1	0	0.000000000000000e+00	0.000000000000000e+00	0.000000000000000e+00
4	0.000000000000000e+00 7.071067811865475e-01 7.071067811865475e-01	 5.773502691896257e-01 -5.773502691896257e-01  5.773502691896257e-01	 1.522636602155032e+03 -1.522636602155032e+03  1.522636602155032e+03	1	0	0.000000000000000e+00	0.000000000000000e+00	0.000000000000000e+00
5	 7.071067811865475e-01 -7.071067811865475e-01  0.000000000000000e+00	-5.773502691896257e-01 -5.773502691896257e-01  5.773502691896257e-01	-6.670373969193098e+02 -6.670373969193098e+02  6.670373969193098e+02	1	0	0.000000000000000e+00	0.000000000000000e+00	0.000000000000000e+00
7	-7.071067811865475e-01  7.071067811865475e-01  0.000000000000000e+00	-5.773502691896257e-01 -5.773502691896257e-01  5.773502691896257e-01	-3.955083929436755e+02 -3.955083929436755e+02  3.955083929436755e+02	1	0	0.000000000000000e+00	0.000000000000000e+00	0.000000000000000e+00
8	 0.000000000000000e+00 -7.071067811865475e-01 -7.071067811865475e-01	-5.773502691896257e-01  5.773502691896257e-01 -5.773502691896257e-01	 2.022325394193525e+02 -2.022325394193525e+02  2.022325394193525e+02	1	0	0.000000000000000e+00	0.000000000000000e+00	0.000000000000000e+00
9	-7.071067811865475e-01  0.000000000000000e+00  7.071067811865475e-01	-5.773502691896257e-01  5.773502691896257e-01 -5.773502691896257e-01	 7.132350399568309e+02 -7.132350399568309e+02  7.132350399568309e+02	1	0	0.000000000000000e+00	0.000000000000000e+00	0.000000000000000e+00
10	-7.071067811865475e-01 -7.071067811865475e-01  0.000000000000000e+00	-5.773502691896257e-01  5.773502691896257e-01  5.773502691896257e-01	-6.330962714223555e+02  6.330962714223555e+02  6.330962714223555e+02	1	0	0.000000000000000e+00	0.000000000000000e+00	0.000000000000000e+00
11	-7.071067811865475e-01 -7.071067811865475e-01  0.000000000000000e+00	0.000000000000000e+00 0.000000000000000e+00 0.000000000000000e+00	 2.192031021678290e+02 -4.907321061434644e+02  2.609224022578360e+03	1	1	0.000000000000000e+00	0.000000000000000e+00	0.000000000000000e+00
12	-7.071067811865475e-01 -7.071067811865475e-01  0.000000000000000e+00	-5.773502691896257e-01  5.773502691896257e-01  5.773502691896257e-01	-9.611938178929136e+02  9.611938178929136e+02  9.611938178929136e+02	1	0	0.000000000000000e+00	0.000000000000000e+00	0.000000000000000e+00
13	-7.071067811865475e-01  7.071067811865475e-01  0.000000000000000e+00	 5.773502691896257e-01  5.773502691896257e-01 -5.773502691896257e-01	-1.120999950441073e+03 -1.120999950441073e+03  1.120999950441073e+03	1	0	0.000000000000000e+00	0.000000000000000e+00	0.000000000000000e+00
14	-7.071067811865475e-01  7.071067811865475e-01  0.000000000000000e+00	0.000000000000000e+00 0.000000000000000e+00 0.000000000000000e+00	1.824335495461294e+02 3.747665940288730e+01 3.582910060272236e+03	1	1	0.000000000000000e+00	0.000000000000000e+00	0.000000000000000e+00
15	-7.071067811865475e-01  7.071067811865475e-01  0.000000000000000e+00	-5.773502691896257e-01 -5.773502691896257e-01  5.773502691896257e-01	-3.049987249517975e+02 -3.049987249517975e+02  3.049987249517975e+02	1	0	0.000000000000000e+00	0.000000000000000e+00	0.000000000000000e+00
16	 0.000000000000000e+00 -7.071067811865475e-01  7.071067811865475e-01	5.773502691896257e-01 5.773502691896257e-01 5.773502691896257e-01	1.080459161653044e+03 1.080459161653044e+03 1.080459161653044e+03	1	0	0.000000000000000e+00	0.000000000000000e+00	0.000000000000000e+00
17	 0.000000000000000e+00 -7.071067811865475e-01  7.071067811865475e-01	0.000000000000000e+00 0.000000000000000e+00 0.000000000000000e+00	 9.142890680742061e+02 -6.201326471006022e+02  2.947221063985530e+03	1	1	0.000000000000000e+00	0.000000000000000e+00	0.000000000000000e+00
18	 0.000000000000000e+00 -7.071067811865475e-01  7.071067811865475e-01	-5.773502691896257e-01 -5.773502691896257e-01 -5.773502691896257e-01	8.626702730475879e+02 8.626702730475879e+02 8.626702730475879e+02	1	0	0.000000000000000e+00	0.000000000000000e+00	0.000000000000000e+00
19	 7.071067811865475e-01 -7.071067811865475e-01  0.000000000000000e+00	-5.773502691896257e-01 -5.773502691896257e-01 -5.773502691896257e-01	3.427110866150800e+02 3.427110866150800e+02 3.427110866150800e+02	1	0	0.000000000000000e+00	0.000000000000000e+00	0.000000000000000e+00
20	 7.071067811865475e-01 -7.071067811865475e-01  0.000000000000000e+00	0.000000000000000e+00 0.000000000000000e+00 0.000000000000000e+00	3.577960312803930e+02 7.283199846221450e+01 5.975052301026326e+02	1	1	0.000000000000000e+00	0.000000000000000e+00	0.000000000000000e+00
21	 7.071067811865475e-01 -7.071067811865475e-01  0.000000000000000e+00	-5.773502691896257e-01 -5.773502691896257e-01 -5.773502691896257e-01	6.128258770283411e+02 6.128258770283411e+02 6.128258770283411e+02	1	0	0.000000000000000e+00	0.000000000000000e+00	0.000000000000000e+00
22	-7.071067811865475e-01  0.000000000000000e+00 -7.071067811865475e-01	0.000000000000000e+00 0.000000000000000e+00 0.000000000000000e+00	1.000000000000000e+03 4.153257531310242e+02 4.000000000000000e+03	1	2	0.000000000000000e+00	0.000000000000000e+00	0.000000000000000e+00
23	-7.071067811865475e-01  0.000000000000000e+00 -7.071067811865475e-01	0.000000000000000e+00 0.000000000000000e+00 0.000000000000000e+00	1.000000000000000e+03 1.000000000000000e+03 3.415325753131025e+03	1	2	0.000000000000000e+00	0.000000000000000e+00	0.000000000000000e+00
25	-7.071067811865475e-01  0.000000000000000e+00  7.071067811865475e-01	0.000000000000000e+00 0.000000000000000e+00 0.000000000000000e+00	-1.000000000000000e+03 -1.000000000000000e+03  2.856711395993652e+03	1	2	0.000000000000000e+00	0.000000000000000e+00	0.000000000000000e+00
27	 0.000000000000000e+00  7.071067811865475e-01 -7.071067811865475e-01	0.000000000000000e+00 0.000000000000000e+00 0.000000000000000e+00	1.000000000000000e+03 1.000000000000000e+03 2.217486865801013e+03	1	2	0.000000000000000e+00	0.000000000000000e+00	0.000000000000000e+00
28	 0.000000000000000e+00  7.071067811865475e-01 -7.071067811865475e-01	0.000000000000000e+00 0.000000000000000e+00 0.000000000000000e+00	 1.000000000000000e+03 -7.825131341989875e+02  4.000000000000000e+03	1	2	0.000000000000000e+00	0.000000000000000e+00	0.000000000000000e+00
29	 0.000000000000000e+00  7.071067811865475e-01 -7.071067811865475e-01	0.000000000000000e+00 0.000000000000000e+00 0.000000000000000e+00	 7.825131341989878e+02 -1.000000000000000e+03  4.000000000000000e+03	1	2	0.000000000000000e+00	0.000000000000000e+00	0.000000000000000e+00
30	 0.000000000000000e+00  7.071067811865475e-01 -7.071067811865475e-01	0.000000000000000e+00 0.000000000000000e+00 0.000000000000000e+00	 3.734496954682461e+01 -1.000000000000000e+03  3.254831835347837e+03	1	2	0.000000000000000e+00	0.000000000000000e+00	0.000000000000000e+00
32	-7.071067811865475e-01  0.000000000000000e+00  7.071067811865475e-01	0.000000000000000e+00 0.000000000000000e+00 0.000000000000000e+00	 8.865608922057086e+02 -1.000000000000000e+03  0.000000000000000e+00	1	2	0.000000000000000e+00	0.000000000000000e+00	0.000000000000000e+00
33	-7.071067811865475e-01  0.000000000000000e+00  7.071067811865475e-01	0.000000000000000e+00 0.000000000000000e+00 0.000000000000000e+00	 2.476037410076897e+02 -1.000000000000000e+03  6.389571511980188e+02	1	2	0.000000000000000e+00	0.000000000000000e+00	0.000000000000000e+00
35	0.000000000000000e+00 7.071067811865475e-01 7.071067811865475e-01	0.000000000000000e+00 0.000000000000000e+00 0.000000000000000e+00	-4.029310928526447e+01 -1.000000000000000e+03  3.608202915750360e+03	1	2	0.000000000000000e+00	0.000000000000000e+00	0.000000000000000e+00
37	 7.071067811865475e-01 -7.071067811865475e-01  0.000000000000000e+00	0.000000000000000e+00 0.000000000000000e+00 0.000000000000000e+00	-1.000000000000000e+03 -1.000000000000000e+03  1.112190757929056e+00	1	2	0.000000000000000e+00	0.000000000000000e+00	0.000000000000000e+00
39	 7.071067811865475e-01 -7.071067811865475e-01  0.000000000000000e+00	0.000000000000000e+00 0.000000000000000e+00 0.000000000000000e+00	-1.000000000000000e+03  4.343145750507622e+02  0.000000000000000e+00	1	2	0.000000000000000e+00	0.000000000000000e+00	0.000000000000000e+00
41	-7.071067811865475e-01  7.071067811865475e-01  0.000000000000000e+00	0.000000000000000e+00 0.000000000000000e+00 0.000000000000000e+00	1.000000000000000e+03 1.000000000000000e+03 3.186525178831027e+03	1	2	0.000000000000000e+00	0.000000000000000e+00	0.000000000000000e+00
42	-7.071067811865475e-01  7.071067811865475e-01  0.000000000000000e+00	0.000000000000000e+00 0.000000000000000e+00 0.000000000000000e+00	5.671285168875522e+02 1.000000000000000e+03 2.753653695718580e+03	1	2	0.000000000000000e+00	0.000000000000000e+00	0.000000000000000e+00
44	 0.000000000000000e+00 -7.071067811865475e-01 -7.071067811865475e-01	0.000000000000000e+00 0.000000000000000e+00 0.000000000000000e+00	1.000000000000000e+03 3.933023817419428e+02 0.000000000000000e+00	1	2	0.000000000000000e+00	0.000000000000000e+00	0.000000000000000e+00
45	 0.000000000000000e+00 -7.071067811865475e-01 -7.071067811865475e-01	0.000000000000000e+00 0.000000000000000e+00 0.000000000000000e+00	7.930766156363582e+02 1.863789973783003e+02 0.000000000000000e+00	1	2	0.000000000000000e+00	0.000000000000000e+00	0.000000000000000e+00
46	-7.071067811865475e-01  0.000000000000000e+00  7.071067811865475e-01	0.000000000000000e+00 0.000000000000000e+00 0.000000000000000e+00	 1.000000000000000e+03 -1.000000000000000e+03  1.397051198704921e+02	1	2	0.000000000000000e+00	0.000000000000000e+00	0.000000000000000e+00
47	-7.071067811865475e-01  0.000000000000000e+00  7.071067811865475e-01	0.000000000000000e+00 0.000000000000000e+00 0.000000000000000e+00	-1.000000000000000e+03 -1.000000000000000e+03  2.139705119870493e+03	1	2	0.000000000000000e+00	0.000000000000000e+00	0.000000000000000e+00
48	-7.071067811865475e-01  0.000000000000000e+00  7.071067811865475e-01	0.000000000000000e+00 0.000000000000000e+00 0.000000000000000e+00	-1.000000000000000e+03  2.211303568654783e+02  3.360835476735971e+03	1	2	0.000000000000000e+00	0.000000000000000e+00	0.000000000000000e+00
49	-7.071067811865475e-01  7.071067811865475e-01  0.000000000000000e+00	5.773502691896257e-01 5.773502691896257e-01 5.773502691896257e-01	8.626702730475879e+02 8.626702730475879e+02 8.626702730475879e+02	1	0	0.000000000000000e+00	0.000000000000000e+00	0.000000000000000e+00
50	 0.000000000000000e+00 -7.071067811865475e-01 -7.071067811865475e-01	-5.773502691896257e-01 -5.773502691896257e-01  5.773502691896257e-01	-1.120999950441073e+03 -1.120999950441073e+03  1.120999950441073e+03	1	0	0.000000000000000e+00	0.000000000000000e+00	0.000000000000000e+00
53	 7.071067811865475e-01 -7.071067811865475e-01  0.000000000000000e+00	5.773502691896257e-01 5.773502691896257e-01 5.773502691896257e-01	8.626702730475879e+02 8.626702730475879e+02 8.626702730475879e+02	1	0	0.000000000000000e+00	0.000000000000000e+00	0.000000000000000e+00
69	-7.071067811865475e-01  0.000000000000000e+00 -7.071067811865475e-01	-5.773502691896257e-01  5.773502691896257e-01  5.773502691896257e-01	-1.138441917710341e+03  1.138441917710341e+03  1.138441917710341e+03	1	0	0.000000000000000e+00	0.000000000000000e+00	0.000000000000000e+00
70	-7.071067811865475e-01  0.000000000000000e+00 -7.071067811865475e-01	0.000000000000000e+00 0.000000000000000e+00 0.000000000000000e+00	1.000000000000000e+03 1.000000000000000e+03 3.415325753131025e+03	1	2	0.000000000000000e+00	0.000000000000000e+00	0.000000000000000e+00
78	 0.000000000000000e+00 -7.071067811865475e-01 -7.071067811865475e-01	0.000000000000000e+00 0.000000000000000e+00 0.000000000000000e+00	-4.320901935349040e+02 -1.000000000000000e+03  4.000000000000000e+03	1	2	0.000000000000000e+00	0.000000000000000e+00	0.000000000000000e+00
79	 7.071067811865475e-01 -7.071067811865475e-01  0.000000000000000e+00	-5.773502691896257e-01 -5.773502691896257e-01 -5.773502691896257e-01	-1.885618083164127e+02 -1.885618083164127e+02 -1.885618083164127e+02	1	0	0.000000000000000e+00	0.000000000000000e+00	0.000000000000000e+00
80	 7.071067811865475e-01 -7.071067811865475e-01  0.000000000000000e+00	0.000000000000000e+00 0.000000000000000e+00 0.000000000000000e+00	-1.000000000000000e+03  4.343145750507622e+02  0.000000000000000e+00	1	2	0.000000000000000e+00	0.000000000000000e+00	0.000000000000000e+00
84	-7.071067811865475e-01  7.071067811865475e-01  0.000000000000000e+00	0.000000000000000e+00 0.000000000000000e+00 0.000000000000000e+00	-1.000000000000000e+03  1.000000000000000e+03  2.001112190757930e+03	1	2	0.000000000000000e+00	0.000000000000000e+00	0.000000000000000e+00
87	 7.071067811865475e-01 -7.071067811865475e-01  0.000000000000000e+00	0.000000000000000e+00 0.000000000000000e+00 0.000000000000000e+00	-1.000000000000000e+03 -1.000000000000000e+03  1.112190757929056e+00	1	2	0.000000000000000e+00	0.000000000000000e+00	0.000000000000000e+00
90	0.000000000000000e+00 7.071067811865475e-01 7.071067811865475e-01	0.000000000000000e+00 0.000000000000000e+00 0.000000000000000e+00	1.000000000000000e+03 1.000000000000000e+03 6.066976182580577e+02	1	2	0.000000000000000e+00	0.000000000000000e+00	0.000000000000000e+00
91	 7.071067811865475e-01 -7.071067811865475e-01  0.000000000000000e+00	0.000000000000000e+00 0.000000000000000e+00 0.000000000000000e+00	1.000000000000000e+03 2.903483748787850e+02 2.205344549734178e+03	1	2	0.000000000000000e+00	0.000000000000000e+00	0.000000000000000e+00
92	-7.071067811865475e-01  0.000000000000000e+00  7.071067811865475e-01	 5.773502691896257e-01 -5.773502691896257e-01  5.773502691896257e-01	 9.522371319978838e+02 -9.522371319978838e+02  9.522371319978838e+02	1	0	0.000000000000000e+00	0.000000000000000e+00	0.000000000000000e+00
93	-7.071067811865475e-01  0.000000000000000e+00  7.071067811865475e-01	0.000000000000000e+00 0.000000000000000e+00 0.000000000000000e+00	-1.000000000000000e+03 -1.000000000000000e+03  2.856711395993652e+03	1	2	0.000000000000000e+00	0.000000000000000e+00	0.000000000000000e+00
95	 7.071067811865475e-01  0.000000000000000e+00 -7.071067811865475e-01	0.000000000000000e+00 0.000000000000000e+00 0.000000000000000e+00	 1.000000000000000e+03 -8.865608922057086e+02  0.000000000000000e+00	1	2	0.000000000000000e+00	0.000000000000000e+00	0.000000000000000e+00
69	0	1	1
22	1	0	1
22	0	205	-1
69	628	0	0
69	1	2	1
23	2	1	1
22	206	1	-1
23	1	206	-1
23	207	2	-1
70	2	207	-1
69	2	425	1
70	425	2	1
92	4	5	1
25	5	4	1
25	4	209	-1
92	359	4	0
25	210	5	-1
93	5	210	-1
92	5	458	1
93	458	5	1
2	7	8	1
27	8	7	1
27	7	212	-1
2	428	7	0
2	8	9	1
28	9	8	1
27	213	8	-1
28	8	213	-1
2	9	10	1
29	10	9	1
28	214	9	-1
29	9	214	-1
2	10	11	1
30	11	10	1
29	215	10	-1
30	10	215	-1
30	216	11	-1
2	11	429	0
3	13	14	1
32	14	13	1
32	13	218	-1
95	13	218	-1
3	326	13	1
95	326	13	1
3	14	15	1
33	15	14	1
32	219	14	-1
33	14	219	-1
33	220	15	-1
3	15	593	0
4	17	18	1
35	18	17	1
35	17	222	-1
78	17	222	-1
4	380	17	1
78	380	17	1
35	223	18	-1
4	18	329	0
5	20	21	1
37	21	20	1
37	20	225	-1
84	20	225	-1
5	484	20	1
84	484	20	1
37	226	21	-1
87	21	226	-1
5	21	431	1
87	431	21	1
79	23	24	1
39	24	23	1
39	23	228	-1
79	432	23	0
39	229	24	-1
80	24	229	-1
79	24	333	1
80	333	24	1
7	26	27	1
41	27	26	1
41	26	231	-1
7	282	26	0
7	27	28	1
42	28	27	1
41	232	27	-1
42	27	232	-1
42	233	28	-1
7	28	642	0
8	30	31	1
44	31	30	1
44	30	235	-1
90	30	235	-1
8	521	30	1
90	521	30	1
8	31	32	1
45	32	31	1
44	236	31	-1
45	31	236	-1
45	237	32	-1
8	32	487	0
9	33	34	1
46	34	33	1
46	33	238	-1
9	436	33	0
9	34	35	1
47	35	34	1
46	239	34	-1
47	34	239	-1
9	35	36	1
48	36	35	1
47	240	35	-1
48	35	240	-1
48	241	36	-1
9	36	437	0
10	37	38	0
11	38	37	0
11	37	40	0
10	340	37	0
11	39	38	0
10	38	341	0
11	40	39	0
12	39	40	0
12	342	39	0
12	40	343	0
10	41	344	0
10	345	41	0
12	42	346	0
12	347	42	0
13	43	44	0
14	44	43	0
14	43	46	0
13	348	43	0
14	45	44	0
13	44	452	0
14	46	45	0
15	45	46	0
15	350	45	0
15	46	351	0
15	48	354	0
15	355	48	0
16	49	50	0
17	50	49	0
17	49	52	0
16	356	49	0
17	51	50	0
16	50	357	0
17	52	51	0
18	51	52	0
18	358	51	0
18	52	551	0
16	53	360	0
16	361	53	0
18	54	362	0
18	363	54	0
19	55	56	0
20	56	55	0
20	55	58	0
19	364	55	0
20	57	56	0
19	56	365	0
20	58	57	0
21	57	58	0
21	366	57	0
21	58	367	0
19	59	368	0
19	369	59	0
21	60	370	0
21	371	60	0
22	205	206	-1
23	206	207	-1
70	207	596	-1
25	209	210	-1
93	210	634	-1
27	212	213	-1
28	213	214	-1
29	214	215	-1
30	215	216	-1
32	218	219	-1
95	218	638	-1
33	219	220	-1
35	222	223	-1
78	222	609	-1
37	225	226	-1
84	225	615	-1
87	226	619	-1
39	228	229	-1
80	229	611	-1
41	231	232	-1
42	232	233	-1
44	235	236	-1
90	235	629	-1
45	236	237	-1
46	238	239	-1
47	239	240	-1
48	240	241	-1
69	242	488	0
69	489	242	0
2	262	244	0
2	244	545	0
3	245	378	0
3	379	245	0
4	246	380	0
4	381	246	0
5	247	492	0
5	493	247	0
79	248	446	0
79	447	248	0
7	249	386	0
7	387	249	0
8	250	494	0
8	542	250	0
9	439	251	0
9	251	624	0
10	252	392	0
10	393	252	0
10	253	315	0
10	394	253	0
12	254	396	0
12	397	254	0
12	398	255	0
12	255	399	0
13	402	257	0
13	257	403	0
15	406	259	0
15	259	407	0
16	260	408	0
16	409	260	0
16	410	261	0
16	261	411	0
18	413	262	0
2	413	262	0
18	262	641	0
18	414	263	0
18	263	415	0
19	264	584	0
19	591	264	0
19	418	265	0
19	265	419	0
21	266	420	0
21	421	266	0
21	422	267	0
21	267	423	0
13	268	402	0
69	268	452	0
13	452	268	0
50	452	268	0
69	524	268	0
50	268	625	0
69	496	269	0
69	269	497	0
92	500	271	0
92	271	501	0
2	272	460	0
2	562	272	0
3	378	274	0
3	274	595	0
3	275	379	0
3	593	275	0
4	329	277	0
4	277	381	0
5	278	502	0
5	503	278	0
5	504	279	0
5	279	505	0
79	280	468	0
79	469	280	0
79	470	281	0
79	281	471	0
7	386	282	0
7	283	387	0
7	642	283	0
8	284	506	0
8	507	284	0
8	540	285	0
8	285	543	0
9	286	476	0
9	547	286	0
9	478	287	0
9	287	479	0
10	288	340	0
10	392	288	0
10	341	289	0
10	289	394	0
12	290	342	0
12	396	290	0
12	343	291	0
12	291	398	0
10	344	292	0
10	292	393	0
10	315	293	0
10	293	345	0
12	346	294	0
12	294	397	0
12	295	347	0
12	399	295	0
13	501	296	0
13	296	637	0
15	351	299	0
15	299	406	0
13	301	353	0
13	403	301	0
15	354	302	0
15	302	405	0
15	303	355	0
15	407	303	0
16	304	356	0
16	408	304	0
16	357	305	0
16	305	410	0
18	306	358	0
18	412	306	0
18	359	307	0
92	307	359	0
49	359	307	0
18	307	414	0
92	414	307	0
53	414	307	0
49	307	553	0
53	307	563	0
16	360	308	0
16	308	409	0
16	309	361	0
16	411	309	0
18	575	310	0
18	310	617	0
18	311	363	0
18	415	311	0
19	312	364	0
19	636	312	0
19	365	313	0
19	313	418	0
21	314	366	0
21	420	314	0
21	315	422	0
21	633	315	0
19	368	316	0
19	316	417	0
19	317	369	0
19	419	317	0
21	370	318	0
21	318	421	0
21	319	371	0
21	423	319	0
69	320	508	0
69	509	320	0
69	425	321	0
69	321	511	0
2	324	428	0
2	460	324	0
3	595	326	0
95	638	326	-1
5	330	516	0
5	517	330	0
5	518	331	0
5	331	519	0
79	332	432	0
79	468	332	0
79	333	470	0
80	611	333	-1
8	337	474	0
8	522	337	0
9	476	338	0
9	338	548	0
9	437	339	0
9	339	478	0
13	637	348	0
15	405	350	1
91	405	350	1
91	350	564	-1
92	353	374	0
13	353	501	0
92	501	353	0
18	551	359	0
49	553	359	0
18	362	575	0
21	367	633	0
69	523	372	0
69	372	524	0
69	373	439	0
69	526	373	0
92	374	528	0
2	376	461	0
2	544	376	0
78	609	380	-1
5	531	382	0
5	382	532	0
5	383	533	0
5	534	383	0
79	446	384	0
79	384	469	0
79	385	447	0
79	471	385	0
8	535	388	0
8	388	536	0
8	541	389	0
8	389	546	0
9	390	603	0
9	626	390	0
9	552	391	0
9	391	573	0
91	631	405	-1
18	558	412	0
2	429	413	0
18	617	413	0
92	457	414	0
53	640	414	0
19	584	416	0
19	416	636	0
19	417	591	0
69	508	424	0
69	424	628	0
70	596	425	-1
5	430	484	0
5	516	430	0
5	431	518	0
87	619	431	-1
8	487	435	0
8	435	522	0
9	548	436	0
69	488	438	0
69	438	523	0
69	439	489	0
9	573	439	0
2	442	544	0
2	545	442	0
5	492	444	0
5	444	531	0
5	445	493	0
5	533	445	0
8	494	448	0
8	448	535	0
8	449	542	0
8	546	449	0
9	624	450	0
9	450	626	0
69	452	509	0
50	554	452	0
69	454	496	0
69	511	454	0
69	497	455	0
69	455	526	0
92	528	457	0
92	458	500	0
93	634	458	-1
2	461	562	0
5	502	464	0
5	464	517	0
5	465	503	0
5	532	465	0
5	466	504	0
5	519	466	0
5	505	467	0
5	467	534	0
8	506	472	0
8	472	521	0
8	473	507	0
8	536	473	0
8	474	540	0
8	475	541	0
8	543	475	0
9	477	547	0
9	603	477	0
9	479	552	0
84	615	484	-1
90	629	521	-1
50	585	554	0
18	594	558	0
53	563	589	0
91	564	631	-1
50	625	585	0
53	589	608	0
18	623	594	0
53	608	640	0
18	632	623	0
18	641	632	0
