361
56
476
0	 4.175534183393617e+02 -1.671208285296143e+02  4.000000000000000e+03	 3.709273179993033e-03  3.709273179993033e-03 -2.678938084760841e-19	1.000000000000000e+00	771	1	0
1	1.000000000000000e+03 4.153257531310242e+02 4.000000000000000e+03	0.000000000000000e+00 0.000000000000000e+00 0.000000000000000e+00	1.000000000000000e+00	771	1	1
2	1.000000000000000e+03 1.000000000000000e+03 3.415325753131025e+03	0.000000000000000e+00 0.000000000000000e+00 0.000000000000000e+00	1.000000000000000e+00	771	1	2
4	-1.000000000000000e+03 -1.473389444404422e+02  3.709372451553210e+03	-7.159597316785948e-06 -2.625037086545490e-05 -1.909077400341630e-05	1.000000000000000e+00	771	1	4
5	-1.000000000000000e+03 -1.000000000000000e+03  2.856711395993652e+03	0.000000000000000e+00 0.000000000000000e+00 0.000000000000000e+00	1.000000000000000e+00	771	1	5
7	6.520498221087927e+02 1.000000000000000e+03 1.869536687909806e+03	2.705161459743977e-03 1.788949529886880e-19 2.705161459743977e-03	1.000000000000000e+00	771	1	7
8	1.000000000000000e+03 1.000000000000000e+03 2.217486865801013e+03	0.000000000000000e+00 0.000000000000000e+00 0.000000000000000e+00	1.000000000000000e+00	771	1	8
9	 1.000000000000000e+03 -7.825131341989875e+02  4.000000000000000e+03	0.000000000000000e+00 0.000000000000000e+00 0.000000000000000e+00	1.000000000000000e+00	771	1	9
10	 7.825131341989878e+02 -1.000000000000000e+03  4.000000000000000e+03	0.000000000000000e+00 0.000000000000000e+00 0.000000000000000e+00	1.000000000000000e+00	771	1	10
13	 1.000000000000000e+03 -8.865608922057086e+02  0.000000000000000e+00	0.000000000000000e+00 0.000000000000000e+00 0.000000000000000e+00	1.000000000000000e+00	679	1	13
14	 8.865608922057086e+02 -1.000000000000000e+03  0.000000000000000e+00	0.000000000000000e+00 0.000000000000000e+00 0.000000000000000e+00	1.000000000000000e+00	679	1	14
15	 3.686146754452927e+02 -1.000000000000000e+03  5.179462167604158e+02	 8.153027971275153e-03  4.333613228431165e-18 -8.153027971275149e-03	1.000000000000000e+00	679	1	15
17	-4.320901935349040e+02 -1.000000000000000e+03  4.000000000000000e+03	0.000000000000000e+00 0.000000000000000e+00 0.000000000000000e+00	1.000000000000000e+00	684	1	17
18	-1.208773725448266e+02 -1.000000000000000e+03  3.688787179009923e+03	-7.455255603417753e-03  1.271314201799170e-18  7.455255603417754e-03	1.000000000000000e+00	684	1	18
20	-1.000000000000000e+03  1.000000000000000e+03  2.001112190757930e+03	0.000000000000000e+00 0.000000000000000e+00 0.000000000000000e+00	1.000000000000000e+00	771	1	20
21	-1.000000000000000e+03 -1.000000000000000e+03  1.112190757929056e+00	0.000000000000000e+00 0.000000000000000e+00 0.000000000000000e+00	1.000000000000000e+00	771	1	21
23	-1.000000000000000e+03 -2.608914872025847e+02  6.952060622533469e+02	 9.661706941519693e-19  4.856789484620093e-03 -4.856789484620095e-03	1.000000000000000e+00	769	1	23
24	-1.000000000000000e+03  4.343145750507622e+02  0.000000000000000e+00	0.000000000000000e+00 0.000000000000000e+00 0.000000000000000e+00	1.000000000000000e+00	769	1	24
27	1.000000000000000e+03 1.000000000000000e+03 3.186525178831027e+03	0.000000000000000e+00 0.000000000000000e+00 0.000000000000000e+00	1.000000000000000e+00	757	1	27
28	7.001259398715786e+02 1.000000000000000e+03 2.886651118702606e+03	 1.018322957679629e-02 -1.324979427593199e-18  1.018322957679629e-02	1.000000000000000e+00	757	1	28
30	1.000000000000000e+03 1.000000000000000e+03 6.066976182580577e+02	0.000000000000000e+00 0.000000000000000e+00 0.000000000000000e+00	1.000000000000000e+00	739	1	30
31	1.000000000000000e+03 3.933023817419428e+02 0.000000000000000e+00	0.000000000000000e+00 0.000000000000000e+00 0.000000000000000e+00	1.000000000000000e+00	739	1	31
32	9.259858671013819e+02 3.192882488433240e+02 0.000000000000000e+00	1.014436874538660e-02 1.014436874538660e-02 6.033924192541282e-19	1.000000000000000e+00	739	1	32
33	1.000000000000000e+03 1.000000000000000e+03 2.139705119870493e+03	0.000000000000000e+00 0.000000000000000e+00 0.000000000000000e+00	7.500000000000000e-01	771	1	33
34	 1.000000000000000e+03 -1.000000000000000e+03  1.397051198704921e+02	0.000000000000000e+00 0.000000000000000e+00 0.000000000000000e+00	1.000000000000000e+00	771	1	34
35	-1.000000000000000e+03 -1.000000000000000e+03  2.139705119870493e+03	0.000000000000000e+00 0.000000000000000e+00 0.000000000000000e+00	1.000000000000000e+00	771	1	35
36	-1.000000000000000e+03  2.097651125470539e+02  3.349470232417546e+03	-1.398281370786927e-21 -3.578730393201113e-04 -3.578730393201113e-04	1.000000000000000e+00	771	1	36
37	-5.395224740453357e+02  2.679934700697016e+02  1.091772870152029e+03	0.000000000000000e+00 0.000000000000000e+00 0.000000000000000e+00	1.000000000000000e+00	771	0	37
38	 2.192031021678291e+02 -4.907321061434645e+02  2.609224022578360e+03	0.000000000000000e+00 0.000000000000000e+00 0.000000000000000e+00	1.000000000000000e+00	771	0	38
39	-1.088944443027282e+02 -1.626345596729054e+02  2.937321569048918e+03	0.000000000000000e+00 0.000000000000000e+00 0.000000000000000e+00	1.000000000000000e+00	771	0	39
40	-8.676200205158938e+02  5.960910165402597e+02  1.419870416622587e+03	0.000000000000000e+00 0.000000000000000e+00 0.000000000000000e+00	1.000000000000000e+00	771	0	40
41	-9.585513546062961e+01 -5.686164239845685e+01  1.860295321204894e+03	-1.325200098411490e-03 -1.131278326890121e-03 -1.939217715213696e-04	1.000000000000000e+00	771	0	41
42	-6.337961620052316e+02 -2.194626281080365e+01  2.271731554484313e+03	-6.196325023969015e-03 -1.559263902405898e-02  9.396314000089964e-03	1.000000000000000e+00	771	0	42
43	-6.102331521639902e+02 -7.551900423072325e+02  1.997576656851997e+03	0.000000000000000e+00 0.000000000000000e+00 0.000000000000000e+00	1.000000000000000e+00	771	0	43
44	1.824335495461294e+02 3.747665940288713e+01 3.582910060272236e+03	0.000000000000000e+00 0.000000000000000e+00 0.000000000000000e+00	1.000000000000000e+00	771	0	44
45	9.984347750354049e+02 8.534778848921627e+02 2.766908834782960e+03	0.000000000000000e+00 0.000000000000000e+00 0.000000000000000e+00	1.000000000000000e+00	771	0	45
46	2.057680733252844e+02 6.081118318204409e+01 1.181575431362721e+03	0.000000000000000e+00 0.000000000000000e+00 0.000000000000000e+00	1.000000000000000e+00	771	0	46
48	 9.089609527491652e+02 -1.913337780641487e+01  1.804823749798143e+03	 6.334194603065650e-03 -1.272538661335905e-02 -6.391192010293405e-03	1.000000000000000e+00	771	0	48
49	-7.756961389616430e+02  2.248599564173225e+02  3.792213667503454e+03	0.000000000000000e+00 0.000000000000000e+00 0.000000000000000e+00	1.000000000000000e+00	771	0	49
50	 9.142890680742061e+02 -6.201326471006022e+02  2.947221063985530e+03	0.000000000000000e+00 0.000000000000000e+00 0.000000000000000e+00	1.000000000000000e+00	771	0	50
51	 6.965001794687494e+02 -8.379215357060586e+02  2.729432175380073e+03	0.000000000000000e+00 0.000000000000000e+00 0.000000000000000e+00	1.000000000000000e+00	771	0	51
52	-9.934850275670997e+02  7.071067811866160e+00  3.574424778897997e+03	0.000000000000000e+00 0.000000000000000e+00 0.000000000000000e+00	1.000000000000000e+00	771	0	52
53	 6.478877615988992e+01 -2.119658801272633e+02  3.388554588926507e+03	-2.452702901791781e-04 -4.871204582741484e-04  7.323907484533265e-04	7.500000000000000e-01	771	0	53
54	-1.771925254744299e+02 -5.767419144017626e+02  3.341945259018956e+03	-8.887980948202312e-04 -2.741020289249718e-04  1.162900123745203e-03	1.000000000000000e+00	771	0	54
55	-3.705239533417505e+02 -6.554879861599293e+02  2.054145199346920e+03	0.000000000000000e+00 0.000000000000000e+00 0.000000000000000e+00	1.000000000000000e+00	771	0	55
56	3.577960312803930e+02 7.283199846221450e+01 5.975052301026326e+02	0.000000000000000e+00 0.000000000000000e+00 0.000000000000000e+00	1.000000000000000e+00	771	0	56
57	6.279108216936542e+02 3.429467888754754e+02 8.676200205158938e+02	0.000000000000000e+00 0.000000000000000e+00 0.000000000000000e+00	1.000000000000000e+00	771	0	57
58	-1.004091629284902e+02 -3.853731957466688e+02  2.324259989760182e+03	0.000000000000000e+00 0.000000000000000e+00 0.000000000000000e+00	1.000000000000000e+00	771	0	58
59	 4.798300049369385e+02 -5.868682130031648e+02  1.135171467911466e+03	 1.253291328127185e-02 -6.382402343054612e-03 -6.150510938217242e-03	1.000000000000000e+00	771	0	59
60	 2.432890125754653e+02 -9.444130102151163e-01  1.596133031519773e+03	 9.134146433401232e-04 -1.135920751645851e-03  2.225061083057275e-04	1.000000000000000e+00	771	0	60
205	 4.175534183393617e+02 -1.671208285296143e+02  4.500000000000000e+03	0.000000000000000e+00 0.000000000000000e+00 0.000000000000000e+00	1.000000000000000e+00	771	-1	0
206	1.353553390593274e+03 4.153257531310242e+02 4.353553390593273e+03	0.000000000000000e+00 0.000000000000000e+00 0.000000000000000e+00	1.000000000000000e+00	771	-1	1
207	1.353553390593274e+03 1.353553390593274e+03 3.415325753131025e+03	0.000000000000000e+00 0.000000000000000e+00 0.000000000000000e+00	1.000000000000000e+00	771	-1	2
209	-1.500000000000000e+03 -1.473389444404422e+02  3.709372451553210e+03	0.000000000000000e+00 0.000000000000000e+00 0.000000000000000e+00	1.000000000000000e+00	771	-1	4
210	-1.353553390593274e+03 -1.353553390593274e+03  2.856711395993652e+03	0.000000000000000e+00 0.000000000000000e+00 0.000000000000000e+00	1.000000000000000e+00	771	-1	5
212	6.520498221087927e+02 1.500000000000000e+03 1.869536687909806e+03	0.000000000000000e+00 0.000000000000000e+00 0.000000000000000e+00	1.000000000000000e+00	771	-1	7
213	1.353553390593274e+03 1.353553390593274e+03 2.217486865801013e+03	0.000000000000000e+00 0.000000000000000e+00 0.000000000000000e+00	1.000000000000000e+00	771	-1	8
214	 1.353553390593274e+03 -7.825131341989875e+02  4.353553390593273e+03	0.000000000000000e+00 0.000000000000000e+00 0.000000000000000e+00	1.000000000000000e+00	771	-1	9
215	 7.825131341989878e+02 -1.353553390593274e+03  4.353553390593273e+03	0.000000000000000e+00 0.000000000000000e+00 0.000000000000000e+00	1.000000000000000e+00	771	-1	10
218	 1.353553390593274e+03 -8.865608922057086e+02 -3.535533905932737e+02	0.000000000000000e+00 0.000000000000000e+00 0.000000000000000e+00	1.000000000000000e+00	679	-1	13
219	 8.865608922057086e+02 -1.353553390593274e+03 -3.535533905932737e+02	0.000000000000000e+00 0.000000000000000e+00 0.000000000000000e+00	1.000000000000000e+00	679	-1	14
220	 3.686146754452927e+02 -1.500000000000000e+03  5.179462167604158e+02	0.000000000000000e+00 0.000000000000000e+00 0.000000000000000e+00	1.000000000000000e+00	679	-1	15
222	-4.320901935349040e+02 -1.353553390593274e+03  4.353553390593273e+03	0.000000000000000e+00 0.000000000000000e+00 0.000000000000000e+00	1.000000000000000e+00	684	-1	17
223	-1.208773725448266e+02 -1.500000000000000e+03  3.688787179009923e+03	0.000000000000000e+00 0.000000000000000e+00 0.000000000000000e+00	1.000000000000000e+00	684	-1	18
225	-1.353553390593274e+03  1.353553390593274e+03  2.001112190757930e+03	0.000000000000000e+00 0.000000000000000e+00 0.000000000000000e+00	1.000000000000000e+00	771	-1	20
226	-1.353553390593274e+03 -1.353553390593274e+03  1.112190757929058e+00	0.000000000000000e+00 0.000000000000000e+00 0.000000000000000e+00	1.000000000000000e+00	771	-1	21
228	-1.500000000000000e+03 -2.608914872025847e+02  6.952060622533469e+02	0.000000000000000e+00 0.000000000000000e+00 0.000000000000000e+00	1.000000000000000e+00	769	-1	23
229	-1.353553390593274e+03  4.343145750507622e+02 -3.535533905932737e+02	0.000000000000000e+00 0.000000000000000e+00 0.000000000000000e+00	1.000000000000000e+00	769	-1	24
232	1.353553390593274e+03 1.353553390593274e+03 3.186525178831027e+03	0.000000000000000e+00 0.000000000000000e+00 0.000000000000000e+00	1.000000000000000e+00	757	-1	27
233	7.001259398715786e+02 1.500000000000000e+03 2.886651118702606e+03	0.000000000000000e+00 0.000000000000000e+00 0.000000000000000e+00	1.000000000000000e+00	757	-1	28
235	1.353553390593274e+03 1.353553390593274e+03 6.066976182580577e+02	0.000000000000000e+00 0.000000000000000e+00 0.000000000000000e+00	1.000000000000000e+00	739	-1	30
236	 1.353553390593274e+03  3.933023817419428e+02 -3.535533905932737e+02	0.000000000000000e+00 0.000000000000000e+00 0.000000000000000e+00	1.000000000000000e+00	739	-1	31
237	 9.259858671013819e+02  3.192882488433240e+02 -5.000000000000000e+02	0.000000000000000e+00 0.000000000000000e+00 0.000000000000000e+00	1.000000000000000e+00	739	-1	32
238	1.353553390593274e+03 1.353553390593274e+03 2.139705119870493e+03	0.000000000000000e+00 0.000000000000000e+00 0.000000000000000e+00	1.000000000000000e+00	771	-1	33
239	 1.353553390593274e+03 -1.353553390593274e+03  1.397051198704921e+02	0.000000000000000e+00 0.000000000000000e+00 0.000000000000000e+00	1.000000000000000e+00	771	-1	34
240	-1.353553390593274e+03 -1.353553390593274e+03  2.139705119870493e+03	0.000000000000000e+00 0.000000000000000e+00 0.000000000000000e+00	1.000000000000000e+00	771	-1	35
241	-1.500000000000000e+03  2.097651125470539e+02  3.349470232417546e+03	0.000000000000000e+00 0.000000000000000e+00 0.000000000000000e+00	1.000000000000000e+00	771	-1	36
242	-4.204066868855759e+01  4.224410903017561e+02  2.950843994140710e+03	1.802434562705457e-03 9.397224639542402e-04 8.627120987512172e-04	1.000000000000000e+00	771	0	242
245	 7.053814317902165e+02 -7.793582333969682e+02  4.018212270185236e+02	 3.743218413243691e-03 -7.927807901675502e-03 -1.167102631491919e-02	1.000000000000000e+00	679	0	245
247	2.628760402608661e+02 1.376814878585961e+02 2.401669718877391e+03	-8.774492307566106e-04  3.025361220352351e-04 -5.749131087213755e-04	1.000000000000000e+00	771	0	247
248	-4.088771171910885e+02 -3.487263312272941e+02  1.919180234691446e+02	-7.635894852379957e-03  1.895039187123378e-02 -1.131449701885382e-02	1.000000000000000e+00	769	0	248
249	9.227981220396359e+02 7.189708045422459e+02 2.828294105412908e+03	4.533908950785796e-03 1.000793340305487e-03 5.534702291091283e-03	1.000000000000000e+00	757	0	249
250	3.476261969532652e+02 7.989625839260974e+02 1.058034005230890e+03	 1.431804728539040e-02  1.293939239500711e-02 -1.378654890383283e-03	1.000000000000000e+00	739	0	250
251	1.388065273275813e+00 5.924478635799521e+02 2.730764918177169e+03	-4.194988481079539e-04  2.026430583403756e-03  2.445929431511710e-03	1.000000000000000e+00	771	0	251
252	-2.548945582191752e+02  1.807789438183767e+02  1.463615312229515e+03	-1.541238375163327e-03 -1.690335940414419e-03  1.490975652510921e-04	1.000000000000000e+00	771	0	252
253	 2.878918012450729e+01 -2.963686411891184e+02  2.224446635580692e+03	 1.342884594729791e-03  2.213692777634909e-03 -8.708081829051176e-04	1.000000000000000e+00	771	0	253
254	-2.831194044757049e+02  2.394605261341793e+01  2.576515996589618e+03	-4.493735264986753e-03 -9.843626059591770e-03  5.349890794605017e-03	1.000000000000000e+00	771	0	254
255	-1.000000000000000e+03  2.922518698650545e+01  1.854356266692236e+03	 5.083413604899171e-18 -1.604324672371148e-03  1.604324672371150e-03	1.000000000000000e+00	771	1	255
257	-1.595085993539369e+02 -3.634585717979164e+01  3.167145394789491e+03	-1.991780455379436e-03  1.543792682544639e-03 -4.479877728347977e-04	1.000000000000000e+00	771	0	257
259	5.094288223412941e+02 6.277305575435165e+01 1.487198052951038e+03	 3.237364348024130e-03 -1.023126021027565e-02 -6.993895862251520e-03	1.000000000000000e+00	771	0	259
260	-3.464549587084560e+02  1.361008114910799e+02  3.451731632176509e+03	-7.916936980715643e-05  3.315171319021222e-04 -2.523477620949658e-04	1.000000000000000e+00	771	0	260
261	 4.819970314764582e+02 -4.758327347494098e+02  3.235213188232085e+03	-1.803286158974516e-05 -2.745067372416088e-04  2.925395988313539e-04	7.500000000000000e-01	771	0	261
262	1.852619766708758e+02 1.149942553682146e+02 2.287754587103674e+03	-4.746574964492250e-18 -5.700741894546002e-06  5.700741894540340e-06	7.500000000000000e-01	771	0	262
263	-4.013725041268082e+02 -1.921838144000723e+02  3.181567137669644e+03	 1.066207867552293e-03 -1.872266147984193e-05 -1.047485206072452e-03	7.500000000000000e-01	771	0	263
265	 4.536880036988015e+02 -2.879482969494547e+02  8.623935530958933e+02	 6.806506232048075e-03 -2.511338175584872e-03 -4.295168056463202e-03	1.000000000000000e+00	771	0	265
266	4.336496935519321e+02 1.725004071856114e+02 1.232327530347480e+03	 2.895574997334430e-03 -2.309884196923425e-03 -5.856908004110057e-04	1.000000000000000e+00	771	0	266
267	-3.385794672767233e+00 -1.276666616961485e+02  1.969530087453939e+03	 4.907357166909304e-05 -1.015609699000682e-03  9.665361273315890e-04	1.000000000000000e+00	771	0	267
268	-1.314491923340703e+02  2.616295090390243e+01  3.257713609893051e+03	-4.624898079782724e-03 -2.267746938112638e-18 -4.624898079782724e-03	1.000000000000000e+00	771	0	268
269	-1.668451770100561e+02  8.061568073321781e+02  2.442323768788790e+03	4.851234145462513e-03 3.279525088146329e-03 1.571709057316184e-03	1.000000000000000e+00	771	0	269
272	3.752681083434382e+02 4.929850745075921e+02 2.099769899636859e+03	1.060112745108199e-04 1.304502234233951e-05 9.296625012211734e-05	5.625000000000000e-01	771	0	272
274	 9.736852496901074e+02 -5.331095208441508e+02  3.797661216714503e+02	 6.857718767908712e-03  4.086647337923449e-04 -6.449054034116368e-03	1.000000000000000e+00	679	0	274
275	 4.334215180118764e+02 -9.733129809933645e+02  4.798263932004676e+02	-2.850150844703118e-03 -6.850340946887930e-03 -4.000190102184813e-03	1.000000000000000e+00	679	0	275
277	-1.206449350259064e+02 -8.680495979131024e+02  3.820505143577900e+03	-8.647498674690723e-03 -4.411259200423956e-03  4.236239474266768e-03	1.000000000000000e+00	684	0	277
278	4.292698437264685e+02 5.629219836242805e+02 2.993304018108679e+03	-6.667285614336531e-03  3.882065958653887e-03 -2.785219655682643e-03	1.000000000000000e+00	771	0	278
279	 2.961339130720734e+02 -4.976947613508157e+02  1.799551342479187e+03	-7.849857793189585e-04  1.732413074932992e-04 -6.117444718256593e-04	1.000000000000000e+00	771	0	279
280	-7.039739268105704e+02 -3.014955943620949e+02  4.397840962234274e+02	-4.384221819539865e-03  1.287692800785104e-02 -8.492706188311180e-03	1.000000000000000e+00	769	0	280
283	7.719582083303728e+02 9.148779665729182e+02 2.873361353734318e+03	5.122093406195442e-03 2.915358326087395e-03 8.037451732282838e-03	1.000000000000000e+00	757	0	283
285	5.970031865126517e+02 5.407038273106459e+02 5.503982590560519e+02	1.055253941255311e-02 1.189207107139130e-02 1.339531658838193e-03	1.000000000000000e+00	739	0	285
286	5.271710377626983e+02 8.085731555221153e+02 2.421107237629909e+03	2.614013307417432e-04 8.312763432816913e-03 8.051362102075169e-03	1.000000000000000e+00	771	0	286
287	-4.938231696342079e+02  4.370005222446609e+02  3.070528811749361e+03	1.101142188417726e-04 7.520634571847040e-04 6.419492383429315e-04	7.500000000000000e-01	771	0	287
288	-3.846671418821037e+02  2.455393315238630e+02  1.269082340861100e+03	-7.408023423825701e-04 -1.026430613516520e-03  2.856282711339494e-04	1.000000000000000e+00	771	0	288
289	 1.636745539408029e+02 -3.523394411708841e+02  2.415302809378753e+03	2.683872347309564e-03 2.498902390167738e-03 1.849699571418266e-04	1.000000000000000e+00	771	0	289
290	-1.282545699713662e+02 -7.970025514752624e-01  2.756123886258850e+03	-4.121813845510284e-03 -5.047244563077887e-03  9.254307175676028e-04	1.000000000000000e+00	771	0	290
292	-1.623488469503682e+02  6.506254887697932e+01  1.671877418439719e+03	-1.788300471768404e-03 -1.478766081466650e-03 -3.095343903017541e-04	1.000000000000000e+00	771	0	292
293	-3.462533248781416e+01 -1.811937314697757e+02  2.045857213249028e+03	-3.343001466816986e-03 -1.657776869251393e-03 -1.685224597565593e-03	1.334838867187500e-01	771	0	293
294	-4.527327144834337e+02  4.023245171765870e+00  2.426825494023541e+03	-4.891172361870607e-03 -1.271762341881792e-02  7.826451056947311e-03	1.000000000000000e+00	771	0	294
295	-8.259896874658231e+02 -4.122167925471437e+01  2.098813445467632e+03	-8.011601244409880e-03 -1.685131123910348e-02  8.839709994693598e-03	1.000000000000000e+00	771	0	295
296	-3.399356877471442e+02 -9.490360122981557e+02  2.074028151277920e+03	2.558098628166287e-04 4.602057985418166e-05 3.018304426708103e-04	1.000000000000000e+00	771	0	296
299	3.567831004688019e+02 8.619032928246013e+01 1.357969604606654e+03	 7.331733009777963e-03 -5.733705242164433e-03  1.598027767613530e-03	1.000000000000000e+00	771	0	299
303	6.989445876538098e+02 1.856651429928311e+01 1.632507276808486e+03	 3.587392003585895e-03 -1.167468812006215e-02 -8.087296116476258e-03	1.000000000000000e+00	771	0	303
304	-5.784334149604452e+02  2.338954828517617e+02  3.585915417067817e+03	 1.905533451160105e-04  9.481320254659900e-05 -2.853665476626095e-04	1.000000000000000e+00	771	0	304
305	 7.051354554256749e+02 -5.866329195410541e+02  3.122874949074513e+03	-1.001248068253820e-04  5.596797588320138e-04 -4.595549520066318e-04	1.000000000000000e+00	771	0	305
306	 6.014684565345643e+02 -6.098326741243250e+02  2.596375036732524e+03	 1.639729609451024e-03 -5.416993371909487e-05 -1.585559675731929e-03	1.000000000000000e+00	771	0	306
307	-7.741615504501874e+02 -1.343502884254438e+02  3.496522658018396e+03	-4.101006197743119e-04 -1.172771391647956e-19  4.101006197743118e-04	1.000000000000000e+00	771	0	307
308	-1.299322856246740e+02 -3.548430352938878e+01  3.406794074113197e+03	-4.280803841538727e-04 -4.975555348210037e-04  9.256359189748764e-04	7.500000000000000e-01	771	0	308
309	 2.754447391412529e+02 -3.550262139766397e+02  3.320958959794520e+03	-1.445561865693889e-04 -8.098781436274294e-04  9.544343301968183e-04	7.500000000000000e-01	771	0	309
310	-3.602756432404089e+00 -8.050020866783709e+02  3.396615662253539e+03	-2.201905978533129e-03 -1.302249186361829e-03  3.504155164894958e-03	1.000000000000000e+00	771	0	310
311	-3.124136495442538e+02 -3.657851859100949e+02  3.266209654597112e+03	 4.399241479404736e-04  3.252989699831231e-05 -4.724540449387860e-04	7.500000000000000e-01	771	0	311
312	-1.566771752711329e+02 -8.554041202858735e+02  2.040214555402247e+03	-1.105470350012183e-03 -1.684393035247922e-03  2.789863385260105e-03	1.000000000000000e+00	771	0	312
313	 4.217312980618965e+02 -1.230544230751042e+02  7.294563848584479e+02	 3.419734304770827e-03 -9.985968936234715e-04 -2.421137411147356e-03	1.000000000000000e+00	771	0	313
314	5.040805996129339e+02 2.860799505294313e+02 1.048317080942658e+03	 2.649846011384701e-03 -2.469515437648321e-03 -1.803305737363795e-04	1.000000000000000e+00	771	0	314
315	-3.040559159102147e+01 -2.362611382846610e+02  2.105144360960706e+03	 4.959137038949259e-18  1.112753525376325e-03 -1.112753525376314e-03	1.000000000000000e+00	771	0	315
316	 4.675811708042900e+02 -7.665881784265711e+02  1.327140267467521e+03	 1.317793875932693e-02 -7.632988970726728e-03 -5.544949788600206e-03	1.000000000000000e+00	771	0	316
317	 4.721150471084151e+02 -4.286503810216446e+02  9.846685937584697e+02	 9.514454907427231e-03 -4.052799039830764e-03 -5.461655867596467e-03	1.000000000000000e+00	771	0	317
319	 1.260619148526383e+02 -6.299790685356815e+01  1.775413623085954e+03	 1.785564022914817e-03 -2.234992318941901e-03  4.494282960270842e-04	1.000000000000000e+00	771	0	319
320	 2.946433475730058e+02 -2.619101589123829e+01  3.736160116595268e+03	 1.000969321466982e-03  1.167532755061984e-03 -1.665634335950017e-04	7.500000000000000e-01	771	0	320
324	5.117327027655526e+02 7.491378248817535e+02 1.980081743684812e+03	 1.128215367013278e-03 -9.056548393952348e-05  1.218780850952802e-03	1.000000000000000e+00	771	0	324
329	-1.204128190171981e+02 -9.572987222275545e+02  3.731023903254740e+03	-7.252942770719528e-03 -3.575798124074936e-03  3.677144646644592e-03	1.000000000000000e+00	684	0	329
330	4.384589324290797e+02 8.290841951067612e+02 3.268655318293770e+03	-4.982769489288330e-03  2.511220518499613e-03 -2.471548970788717e-03	1.000000000000000e+00	771	0	330
331	 4.004019601982016e+02 -8.194384748045287e+02  1.582075676151602e+03	-2.977406838908792e-04 -6.919826846569777e-04 -9.897233685478568e-04	1.000000000000000e+00	771	0	331
332	-8.631264067266874e+02 -2.701388702286490e+02  5.675798520060982e+02	-3.257469894985358e-03  9.052536527936658e-03 -5.795066632951300e-03	1.000000000000000e+00	769	0	332
337	7.490114907126618e+02 4.497024751311577e+02 3.073886026765534e+02	9.603610029444098e-03 1.162967761047184e-02 2.026067581027746e-03	1.000000000000000e+00	739	0	337
338	7.778215426148184e+02 9.372407497897819e+02 2.299124327045456e+03	-9.052846968794863e-04  1.661021819260592e-02  1.751550288948541e-02	1.000000000000000e+00	771	0	338
339	-7.512136634764419e+02  3.289633551877295e+02  3.219882138534664e+03	2.809572288242634e-05 2.098018012475222e-04 1.817060692701489e-04	1.000000000000000e+00	771	0	339
340	-4.645662331669088e+02  2.677422054701287e+02  1.166980375630029e+03	-7.667159079574049e-04 -3.967428056057543e-04 -3.699731023516506e-04	1.000000000000000e+00	771	0	340
341	 2.196909508277470e+02 -4.132945305337919e+02  2.532274295628606e+03	1.115723425755277e-03 4.878467880189418e-04 6.278766377363354e-04	1.000000000000000e+00	771	0	341
342	-9.547245891676312e+01 -7.342768348121120e+01  2.861536678243189e+03	-1.634969618559505e-03 -1.389855276405190e-03 -2.451143421543142e-04	1.000000000000000e+00	771	0	342
343	-9.629993907817422e+02  4.995496152222145e+02  1.421032447674784e+03	-4.034588617893556e-03  1.000162136430542e-03 -5.034750754324099e-03	1.000000000000000e+00	771	0	343
344	-1.284556534083203e+02  1.504835642538069e+00  1.769328325216208e+03	-1.604165183380246e-03 -1.318793161772192e-03 -2.853720216080546e-04	1.000000000000000e+00	771	0	344
345	-5.785335800187018e+01 -1.159642011182984e+02  1.957399657383495e+03	-1.917620541159219e-03 -1.988473811555498e-03  7.085327039627989e-05	1.000000000000000e+00	771	0	345
346	-5.420050956065787e+02 -9.180253097418561e+00  2.350756611169581e+03	-5.441350241502126e-03 -1.415741831685106e-02  8.716068075348932e-03	1.000000000000000e+00	771	0	346
347	-7.280576528415195e+02 -3.308786316976426e+01  2.188611664006985e+03	-7.056711862484613e-03 -1.675358631958564e-02  9.696874457101027e-03	1.000000000000000e+00	771	0	347
348	-5.100596128380333e+02 -8.330566131543853e+02  2.019883625330801e+03	-2.312012972348990e-04 -8.610743194973716e-05 -3.173087291846363e-04	1.000000000000000e+00	771	0	348
350	1.000000000000000e+03 7.644164309746330e+02 2.679412605830026e+03	-1.028097435178332e-17  5.397684872150445e-04  5.397684872150397e-04	1.000000000000000e+00	771	1	350
351	2.921453678205156e+02 5.973256402640867e+01 1.266874106702317e+03	 2.015108087410530e-03 -4.009699836994211e-03 -1.994591749583682e-03	1.000000000000000e+00	771	0	351
353	-2.531442276647838e+02 -1.374842166631782e+02  2.972371406995257e+03	-4.831108115583901e-19  1.212848932482301e-03  1.212848932482303e-03	1.000000000000000e+00	771	0	353
354	1.000000000000000e+03 3.228274835607636e+01 1.947278923211469e+03	-3.866392906621968e-18 -3.167883027344941e-03 -3.167883027344943e-03	1.000000000000000e+00	771	1	354
355	 8.017372951749646e+02 -4.018948196559867e+00  1.712714521833797e+03	 4.308979958295821e-03 -1.199151668697596e-02 -7.682536728680133e-03	1.000000000000000e+00	771	0	355
356	-7.027656953268084e+02  2.437672401957344e+02  3.700375940090207e+03	-9.845240128925070e-04 -7.160232053138317e-05  1.056126333423890e-03	1.000000000000000e+00	771	0	356
357	 8.426088064336095e+02 -6.269672889507113e+02  3.025735967476235e+03	 1.298043430627634e-03  1.285054798548420e-04 -1.426548910482476e-03	1.000000000000000e+00	771	0	357
358	 6.602082473508686e+02 -7.340824083236722e+02  2.661884980115567e+03	 8.276805844313154e-04 -3.355227139157553e-04 -4.921578705155601e-04	1.000000000000000e+00	771	0	358
359	-9.506401966930748e+02 -1.343502884254438e+02  3.673001304261283e+03	 5.724385846406065e-05 -2.063412600130210e-18 -5.724385846406378e-05	7.500000000000000e-01	771	0	359
360	-3.079026368903269e+01 -1.291057950922365e+02  3.401273543740403e+03	-4.474033776205033e-04 -7.178601517807692e-04  1.165263529401273e-03	7.500000000000000e-01	771	0	360
361	 1.696055053975369e+02 -2.878354001890403e+02  3.359607379750637e+03	-2.295870217494667e-04 -7.200868931249715e-04  9.496739148744382e-04	7.500000000000000e-01	771	0	361
362	-1.016511974184212e+02 -6.801936628904078e+02  3.369855679451593e+03	-1.729956148968389e-03 -6.584340784077842e-04  2.388390227376173e-03	1.000000000000000e+00	771	0	362
363	-2.505636364832374e+02 -4.676612449264778e+02  3.306235700552479e+03	-6.038819901732495e-05 -1.818708255996171e-05  7.857528362364974e-05	5.625000000000000e-01	771	0	363
364	-2.743371874685154e+02 -7.504568122540275e+02  2.052927259567783e+03	-4.597751152080794e-04 -7.638064756368598e-04  1.223581590844939e-03	1.000000000000000e+00	771	0	364
365	 3.923381167149846e+02 -1.199003102888983e+01  6.477851741591453e+02	 1.048730579592908e-03  1.344055441829065e-04 -1.183136123775815e-03	1.000000000000000e+00	771	0	365
366	5.628710184362690e+02 3.340503088394374e+02 9.415563038093169e+02	 1.779980938105534e-03 -1.266170312495281e-03 -5.138106256102523e-04	1.000000000000000e+00	771	0	366
367	-9.966413637926051e+01 -3.327152517339860e+02  2.270857019198269e+03	-1.049546524882317e-03 -8.120695129036902e-04  1.861616037786007e-03	1.000000000000000e+00	771	0	367
368	 4.759744848956903e+02 -6.794851509461839e+02  1.231643925895733e+03	 1.380606926977634e-02 -7.580491714179515e-03 -6.225577555596828e-03	1.000000000000000e+00	771	0	368
369	 4.778121630538703e+02 -5.026601757392565e+02  1.052981272530626e+03	 1.093529645974437e-02 -5.075272948791583e-03 -5.860023510952790e-03	1.000000000000000e+00	771	0	369
370	3.049348797586970e+02 2.949034521485913e+01 1.504052406111467e+03	 2.298453776650907e-04 -2.865905395689576e-04  5.674516190386688e-05	1.000000000000000e+00	771	0	370
371	 1.838351988594283e+02 -3.181392105261721e+01  1.686456353278212e+03	 1.574670798921337e-03 -1.932130641459177e-03  3.574598425378402e-04	1.000000000000000e+00	771	0	371
372	-7.787050591601593e+01  1.790110542513201e+02  3.158444192963688e+03	-6.943790358491242e-04 -2.225994685431942e-04 -4.717795673059300e-04	7.500000000000000e-01	771	0	372
373	-1.004786413327177e+02  6.168008858529394e+02  2.698046225945367e+03	3.557691816240549e-03 2.247021533548832e-03 1.310670282691717e-03	1.000000000000000e+00	771	0	373
374	-2.872545190150372e+02 -1.323156732201022e+02  3.011650241788586e+03	 1.996764214709401e-03  6.413174560293555e-04 -1.355446758680046e-03	1.000000000000000e+00	771	0	374
376	2.542138266260380e+02 2.309815576232507e+02 2.240719134803800e+03	-3.597935671374823e-04 -5.738037483145793e-05 -3.024131923060243e-04	1.000000000000000e+00	771	0	376
378	 8.288878550504752e+02 -6.778880243750475e+02  3.797850127801857e+02	 5.173356737941504e-03 -7.717037107795477e-03 -1.289039384573698e-02	1.000000000000000e+00	679	0	378
379	 5.787200262092996e+02 -8.749087360674054e+02  4.329321299290035e+02	 2.265255898237228e-03 -6.613514386117458e-03 -8.878770284354687e-03	1.000000000000000e+00	679	0	379
380	-1.125558117558572e+02 -6.804656182209532e+02  4.000000000000000e+03	-1.417213305830956e-02 -1.417213305830956e-02 -4.220836083203088e-18	1.000000000000000e+00	684	1	380
381	-1.224084782916895e+02 -7.754164843620372e+02  3.914901800394749e+03	-1.012029405683279e-02 -4.176951013505459e-03  5.943343043327332e-03	1.000000000000000e+00	684	0	381
382	3.728658437880038e+02 3.265940834055511e+02 2.700572117951484e+03	-4.626211671469112e-03  3.390846579956512e-03 -1.235365091512601e-03	1.000000000000000e+00	771	0	382
383	 2.077246493080440e+02 -1.735311449957593e+02  2.035305695070214e+03	-8.423572871834040e-04  4.514067259151489e-04 -3.909505612682551e-04	1.000000000000000e+00	771	0	383
384	-5.529426109569140e+02 -3.285488704317477e+02  3.158060564394237e+02	-5.818776786327362e-03  1.579029485583305e-02 -9.971518069505692e-03	1.000000000000000e+00	769	0	384
385	-2.555649460123629e+02 -3.674355821150757e+02  5.731510317820062e+01	-1.642154452080527e-03  1.855492215448370e-02 -1.691276770240317e-02	1.000000000000000e+00	769	0	385
386	9.878607956269345e+02 6.096571734768066e+02 2.784043147934768e+03	 5.158887205955883e-03 -4.135623613062005e-03  1.023263592893879e-03	1.000000000000000e+00	757	0	386
387	8.509232742501100e+02 8.156930518357686e+02 2.853141504916905e+03	4.858260120575626e-03 1.977850993474324e-03 6.836111114049952e-03	1.000000000000000e+00	757	0	387
388	2.526732606086699e+02 9.424288538367535e+02 1.296453211486141e+03	 1.201209616071234e-02  1.061896417134752e-02 -1.393131989364823e-03	1.000000000000000e+00	739	0	388
389	4.759435652067304e+02 6.471400744207458e+02 7.778941274720730e+02	 1.140454155392945e-02  1.120500615797937e-02 -1.995353959500788e-04	1.000000000000000e+00	739	0	389
390	2.709312710025011e+02 7.042320835391540e+02 2.573005932407145e+03	6.810924969613551e-04 4.699072334915400e-03 4.017979837954044e-03	1.000000000000000e+00	771	0	390
391	-2.342645410269092e+02  5.271904290812764e+02  2.901160089978678e+03	4.363252664916217e-04 2.004431065870449e-03 1.568105799378827e-03	1.000000000000000e+00	771	0	391
392	-3.176437886270448e+02  2.185798610381132e+02  1.363065164601908e+03	-1.113528492472445e-03 -1.419458547995115e-03  3.059300555226703e-04	1.000000000000000e+00	771	0	392
393	-2.027360105987908e+02  1.284774542180037e+02  1.568075349450272e+03	-1.812071287228415e-03 -1.642768523500611e-03 -1.693027637278040e-04	1.000000000000000e+00	771	0	393
394	 9.422246181903962e+01 -3.232487016845793e+02  2.316759977770686e+03	 2.205232410536458e-03  2.904409756107877e-03 -6.991773455714185e-04	1.000000000000000e+00	771	0	394
396	-2.005611492855013e+02  2.347095860395089e+01  2.659549345789289e+03	-4.548223844418923e-03 -8.099697375049194e-03  3.551473530630270e-03	1.000000000000000e+00	771	0	396
397	-3.663258420294146e+02  1.584833525916016e+01  2.501407276390166e+03	-4.564113138864438e-03 -1.127821284656723e-02  6.714099707702796e-03	1.000000000000000e+00	771	0	397
399	-9.265024155688031e+02 -4.029667803881388e+01  1.997375716148752e+03	-9.510572068393230e-03 -1.563425548374653e-02  6.123683415353298e-03	1.000000000000000e+00	771	0	399
403	-1.887894520009247e+02 -1.016610901451547e+02  3.072549309177140e+03	-1.429067357094027e-03 -8.061071275733409e-05 -1.509678069851361e-03	1.000000000000000e+00	771	0	403
406	4.208159082025790e+02 8.095966779390476e+01 1.416771750851876e+03	 2.446883358061314e-03 -7.443439681082964e-03 -4.996556323021650e-03	1.000000000000000e+00	771	0	406
407	6.019352270385101e+02 4.157862604178751e+01 1.558510027935690e+03	 3.383649513125420e-03 -1.121617015451193e-02 -7.832520641386509e-03	1.000000000000000e+00	771	0	407
408	-4.633454920391288e+02  1.994626539102633e+02  3.505260323087999e+03	-1.646716555114834e-05  3.359434558660723e-04 -3.194762903149240e-04	1.000000000000000e+00	771	0	408
409	-2.356543073257374e+02  5.355581612875968e+01  3.423475976156111e+03	 1.516683914815076e-05  1.937635970534757e-04 -2.089304325636476e-04	1.000000000000000e+00	771	0	409
410	 5.915608773854588e+02 -5.346415774353889e+02  3.184458185009064e+03	 2.091005808324553e-05  1.767808425938711e-04 -1.976909115910530e-04	1.000000000000000e+00	771	0	410
411	 3.772511576059621e+02 -4.158554276667115e+02  3.279981755019883e+03	-9.142145184644807e-05 -7.420177401703161e-04  8.334391920167643e-04	1.000000000000000e+00	771	0	411
412	 5.473413129848700e+02 -5.058346327777035e+02  2.546504138935597e+03	 2.180894555446381e-03  6.652260587240253e-05 -2.247417161318784e-03	1.000000000000000e+00	771	0	412
413	 1.852619766708760e+02 -9.892658632887037e+02  3.392014705760592e+03	 3.790801584460727e-19 -1.335787703283131e-03  1.335787703283131e-03	1.000000000000000e+00	771	0	413
414	-4.257680681891660e+02 -1.343502884254439e+02  3.148129175757374e+03	 1.044668257236487e-03  8.262122864169606e-18 -1.044668257236474e-03	1.000000000000000e+00	771	0	414
415	-3.612552372710092e+02 -2.754208457898785e+02  3.224686902203651e+03	 7.867889892168023e-04 -8.319988864968750e-06 -7.784690003518335e-04	7.500000000000000e-01	771	0	415
416	 2.169955788413508e+01 -9.807555010684576e+02  1.987189203029563e+03	 3.961000203465422e-03 -2.979602587098876e-03 -9.813976163665452e-04	1.000000000000000e+00	771	0	416
417	 4.560290681321747e+02 -8.563153845360405e+02  1.428419576249106e+03	 7.171013780559103e-03 -4.358978553985556e-03 -2.812035226573546e-03	1.000000000000000e+00	771	0	417
418	 4.400387647038885e+02 -2.100742630746726e+02  7.981687582160242e+02	 5.237977951765060e-03 -1.779986079782248e-03 -3.457991871982813e-03	1.000000000000000e+00	771	0	418
419	 4.641096430845525e+02 -3.592146064642797e+02  9.232382232249672e+02	 8.185264654457569e-03 -3.238649573177099e-03 -4.946615081280470e-03	1.000000000000000e+00	771	0	419
420	4.653743085443476e+02 2.315663477346876e+02 1.141536974805988e+03	 2.941719983937219e-03 -2.497252047760412e-03 -4.444679361768067e-04	1.000000000000000e+00	771	0	420
421	4.005405067381615e+02 7.354235985992290e+01 1.364394764486939e+03	 1.573144768675168e-03 -4.399398264164726e-03  2.826253495489557e-03	1.000000000000000e+00	771	0	421
422	-2.563948688582591e+01 -1.800480528641320e+02  2.044165170834981e+03	-1.645227906630353e-03  1.171754826303939e-03  4.734730803264142e-04	7.508468627929688e-02	771	0	422
423	 6.742811464227474e+01 -9.100956393845206e+01  1.862059080381201e+03	 1.729593874188140e-03 -2.195128676248714e-03  4.655348020605743e-04	1.000000000000000e+00	771	0	423
424	 3.688037739050202e+02 -9.428733694285583e+01  3.878416863978900e+03	2.168685687744679e-03 2.045347098222313e-03 1.233385895223667e-04	1.000000000000000e+00	771	0	424
425	-2.198025765504545e+02  1.000000000000000e+03  2.195523176580570e+03	 8.462423458695410e-03 -3.336322114980420e-18  8.462423458695413e-03	1.000000000000000e+00	771	1	425
428	5.841203085104239e+02 8.788593006804664e+02 1.922747873630970e+03	 1.907428280295183e-03 -1.578719432776172e-04  2.065300223572801e-03	1.000000000000000e+00	771	0	428
429	 1.602457327635937e+02 -1.000000000000000e+03  3.377732598564606e+03	3.004035097546875e-03 1.940804727418706e-18 3.004035097546875e-03	1.000000000000000e+00	771	1	429
431	 5.109294262817552e+02 -1.000000000000000e+03  1.512041617039685e+03	 2.081071445718408e-02 -2.437915339618736e-18  2.081071445718408e-02	1.000000000000000e+00	771	1	431
432	-9.533441676804088e+02 -2.563505892465573e+02  6.440093319777280e+02	-3.145090459535520e-03  6.565898734455307e-03 -3.420808274919788e-03	1.000000000000000e+00	769	0	432
435	8.446708947192053e+02 3.964380486094478e+02 1.584647721483001e+02	9.834897665617367e-03 1.118742678469668e-02 1.352529119079312e-03	1.000000000000000e+00	739	0	435
436	9.257285915211207e+02 1.000000000000000e+03 2.213976528349372e+03	-7.553707575425507e-03 -6.233431874851106e-18  7.553707575425503e-03	1.000000000000000e+00	771	1	436
437	-8.809020613040403e+02  2.690284535971952e+02  3.289635634771728e+03	-6.317950465017930e-05 -8.626095950603485e-05 -2.308145485585555e-05	1.000000000000000e+00	771	0	437
438	-5.517569593513891e+01  3.012478558419918e+02  3.058902201353893e+03	5.678606103174388e-04 2.208716177847236e-04 3.469889925327152e-04	1.000000000000000e+00	771	0	438
439	-6.732465122455739e+01  5.704856654057085e+02  2.777515436500758e+03	 3.069711965508758e-03  3.069711965508760e-03 -8.357237659731863e-19	1.000000000000000e+00	771	0	439
444	3.257459547668686e+02 2.221491318958130e+02 2.549007277420611e+03	-2.700005463945369e-03  2.219294391882916e-03 -4.807110720624526e-04	1.000000000000000e+00	771	0	444
445	2.197091499089165e+02 9.146223417589882e-01 2.221735963008605e+03	5.673774673293034e-04 1.037592281742642e-03 1.604969749071946e-03	1.000000000000000e+00	771	0	445
446	-4.802271557891817e+02 -3.395514489158600e+02  2.540931797558038e+02	-6.739446893334389e-03  1.740025170147419e-02 -1.066080480813980e-02	1.000000000000000e+00	769	0	446
447	-3.372664723353703e+02 -3.569796426491499e+02  1.285606900352822e+02	-8.006865158677101e-03  1.990514993667603e-02 -1.189828477799892e-02	1.000000000000000e+00	769	0	447
448	2.982858016043700e+02 8.709836321193131e+02 1.179395448773001e+03	 1.455569845469048e-02  1.262870690940569e-02 -1.926991545284788e-03	1.000000000000000e+00	739	0	448
449	4.074363302591102e+02 7.235596537160012e+02 9.228209417149486e+02	 1.262164566045006e-02  1.194397003079454e-02 -6.776756296555201e-04	1.000000000000000e+00	739	0	449
450	1.395756961329465e+02 6.518505735783253e+02 2.651979997315872e+03	3.697913683330019e-04 3.610296155481289e-03 3.240504787148287e-03	1.000000000000000e+00	771	0	450
452	1.904760473335702e+02 2.616295090390254e+01 3.579638849560692e+03	 2.809979628182143e-05 -6.843489488399607e-19  2.809979628182239e-05	2.373046875000000e-01	771	0	452
454	-1.890519916417625e+02  9.024603059209120e+02  2.323813455568350e+03	5.594766621167461e-03 3.587426229690512e-03 2.007340391476949e-03	1.000000000000000e+00	771	0	454
455	-1.386587292554667e+02  7.133664501077726e+02  2.563300573767785e+03	3.927885127874712e-03 2.832633171540996e-03 1.095251956333717e-03	1.000000000000000e+00	771	0	455
460	4.405883249811087e+02 6.197851166960560e+02 2.038290074086065e+03	 4.545304739925389e-04 -3.581062386122842e-05  4.903410978537673e-04	1.000000000000000e+00	771	0	460
461	3.128955202265980e+02 3.610154156329653e+02 2.169366970394645e+03	-2.969071465486195e-05  1.445865677851543e-06 -3.113658021902665e-05	1.000000000000000e+00	771	0	461
464	4.376440475063412e+02 6.925854323242414e+02 3.131341670588512e+03	-6.500904448330402e-03  3.383069531992078e-03 -3.117834916338325e-03	1.000000000000000e+00	771	0	464
465	4.077699260454147e+02 4.416706337232285e+02 2.850552750526572e+03	-5.939809605479240e-03  3.924601711332798e-03 -2.015207894146442e-03	1.000000000000000e+00	771	0	465
466	 3.472213371510327e+02 -6.573913520588233e+02  1.690942175850139e+03	-1.239699631696567e-03  2.592827077023684e-04 -9.804169239941984e-04	1.000000000000000e+00	771	0	466
467	 2.473533973050279e+02 -3.373669760124637e+02  1.911098612050494e+03	-9.842681562683235e-04  2.559471953039368e-04 -7.283209609643867e-04	1.000000000000000e+00	771	0	467
468	-7.822823788596639e+02 -2.860084067066724e+02  5.026053606170984e+02	-3.781216374288003e-03  1.125116840315362e-02 -7.469952028865616e-03	1.000000000000000e+00	769	0	468
469	-6.275550142243119e+02 -3.157659136835378e+02  3.776355029586117e+02	-5.058470803002516e-03  1.434313397233685e-02 -9.284663169334332e-03	1.000000000000000e+00	769	0	469
471	-1.585337434091428e+02 -4.071516815400950e+02  0.000000000000000e+00	-1.555722253397107e-02  1.555722253397107e-02  5.656944533016841e-18	1.000000000000000e+00	769	1	471
473	1.792098806795923e+02 1.000000000000000e+03 1.427487737578466e+03	 6.461057811975477e-03 -7.347129450884466e-18 -6.461057811975481e-03	1.000000000000000e+00	739	1	473
474	6.674678260654960e+02 4.958953236641603e+02 4.351251158567219e+02	9.929885117647549e-03 1.178118683552990e-02 1.851301717882355e-03	1.000000000000000e+00	739	0	474
475	5.402183949176623e+02 5.847334259270739e+02 6.512126492674693e+02	1.107853835371012e-02 1.160117706361537e-02 5.226387099052471e-04	1.000000000000000e+00	739	0	475
476	6.547169527064706e+02 8.719362719712285e+02 2.356924439135250e+03	-2.819116149718562e-04  1.150631611623491e-02  1.178822773120677e-02	1.000000000000000e+00	771	0	476
477	4.001673221637317e+02 7.538515166399732e+02 2.493389314346734e+03	7.583176096280416e-04 6.218696866805355e-03 5.460379257177313e-03	1.000000000000000e+00	771	0	477
478	-6.228618356813713e+02  3.852432589891110e+02  3.147810214540975e+03	4.714046372100710e-05 4.304615358705632e-04 3.833210721495561e-04	7.500000000000000e-01	771	0	478
479	-3.654357008770894e+02  4.837350472370457e+02  2.988875867984627e+03	2.054387684135387e-04 1.255495333073971e-03 1.050056564660433e-03	1.000000000000000e+00	771	0	479
484	4.807980435546895e+02 1.000000000000000e+03 3.481910234312619e+03	-5.114051222335547e-03 -2.022105974362718e-18 -5.114051222335547e-03	1.000000000000000e+00	771	1	484
488	-4.677017087514881e+01  3.620309143986718e+02  3.006524667857203e+03	1.201488446289052e-03 5.113513131315509e-04 6.901371331575016e-04	1.000000000000000e+00	771	0	488
489	-4.455393574856059e+01  5.076341276543598e+02  2.863137689728104e+03	2.441647491650656e-03 2.330328308744356e-03 1.113191829062997e-04	1.000000000000000e+00	771	0	489
492	2.977922464697299e+02 1.770565441017737e+02 2.475960981329433e+03	-1.642046874621883e-03  1.392322097672150e-03 -2.497247769497335e-04	1.000000000000000e+00	771	0	492
493	2.214922717560895e+02 7.195704243632757e+01 2.294561504950347e+03	-2.572247758507765e-04  2.572247758507692e-04 -3.154428729271722e-18	1.000000000000000e+00	771	0	493
494	3.219446720473161e+02 8.352255279838885e+02 1.119978474194630e+03	 1.465836916274081e-02  1.293788753294696e-02 -1.720481629793843e-03	1.000000000000000e+00	739	0	494
496	-1.787151484704415e+02  8.537743477245770e+02  2.382836256936006e+03	5.313359123344223e-03 3.475513852511843e-03 1.837845270832380e-03	1.000000000000000e+00	771	0	496
497	-1.535341110549575e+02  7.592916090111042e+02  2.502500033064962e+03	4.373805170568327e-03 3.049711192337175e-03 1.324093978231152e-03	1.000000000000000e+00	771	0	497
500	-2.505294356848170e+02 -1.000000000000000e+03  2.107240831678469e+03	-1.942205271916464e-04 -1.462847612856422e-04  4.793577136297245e-05	7.500000000000000e-01	771	1	500
501	-2.531442276647839e+02 -9.935618210091125e+02  2.116293802649323e+03	-1.360033746243104e-19 -2.276367158629000e-03 -2.276367158629000e-03	1.000000000000000e+00	771	0	501
502	4.348431490657595e+02 6.266462151814914e+02 3.062601555005180e+03	-6.728272031371792e-03  3.675414637352030e-03 -3.052857394019763e-03	1.000000000000000e+00	771	0	502
503	4.202854482086691e+02 5.015340828079663e+02 2.922931721774565e+03	-6.370254714662830e-03  3.961423023914297e-03 -2.408831690748533e-03	1.000000000000000e+00	771	0	503
504	 3.215737529187130e+02 -5.777153114591625e+02  1.744970632217480e+03	-8.744191048511615e-04  1.874016985918085e-04 -6.870174062593529e-04	1.000000000000000e+00	771	0	504
505	 2.711797062561490e+02 -4.175291597157189e+02  1.854762737298359e+03	-8.798461591747279e-04  2.057023132996013e-04 -6.741438458751267e-04	1.000000000000000e+00	771	0	505
508	 3.332400785066170e+02 -5.828566691740216e+01  3.806851498555043e+03	 1.285448560035244e-03  1.310209155538663e-03 -2.476059550341838e-05	1.000000000000000e+00	771	0	508
509	2.375352452791745e+02 1.114131156525844e+01 3.641719686844940e+03	 1.593045526533387e-04  7.276635187736247e-04 -5.683589661202859e-04	7.500000000000000e-01	771	0	509
511	-2.005522027124231e+02  9.587919322032061e+02  2.255981618215395e+03	5.540947449238350e-03 4.812944195388506e-03 7.280032538498442e-04	1.000000000000000e+00	771	0	511
516	4.393177653648143e+02 9.024025395618260e+02 3.342832495684569e+03	-3.805776786369582e-03  2.161442108141879e-03 -1.644334678227703e-03	1.000000000000000e+00	771	0	516
517	4.385478323447551e+02 7.603842068145004e+02 3.200044229917185e+03	-5.941779352724552e-03  2.996818860992789e-03 -2.944960491731763e-03	1.000000000000000e+00	771	0	517
518	 4.571798751076792e+02 -9.436693405640237e+02  1.514622725301585e+03	-1.430687308311464e-02  1.430687308311461e-02 -1.488261500693858e-17	1.000000000000000e+00	771	0	518
519	 3.732029920615554e+02 -7.369703611901598e+02  1.637344821629325e+03	-1.507133002936219e-03  3.107866311135392e-04 -1.196346371822680e-03	1.000000000000000e+00	771	0	519
522	7.929991734084476e+02 4.253848980142188e+02 2.390833428638287e+02	9.618985544269284e-03 1.163562472599248e-02 2.016639181723197e-03	1.000000000000000e+00	739	0	522
523	-6.584061414271692e+01  2.402569486004547e+02  3.109228190387853e+03	-4.506670211412711e-05 -1.343874464510009e-05 -3.162795474054292e-05	7.500000000000000e-01	771	0	523
524	-9.233647044752097e+01  1.132678735767648e+02  3.209721409106739e+03	-1.826526044169441e-03 -9.317730145994574e-04 -8.947530295699835e-04	7.500000000000000e-01	771	0	524
526	-1.220246707489429e+02  6.685478957058499e+02  2.624753186676232e+03	3.540196456015110e-03 2.649571048095822e-03 8.906254079192877e-04	1.000000000000000e+00	771	0	526
528	-3.661942170849333e+02 -1.367161066170673e+02  3.086189506461517e+03	-2.895648067351431e-04 -2.781648072414100e-05  2.617483260110021e-04	1.000000000000000e+00	771	0	528
531	3.508629682455555e+02 2.725261407694448e+02 2.624501299772930e+03	-3.741767761918406e-03  2.894215246972939e-03 -8.475525149454672e-04	1.000000000000000e+00	771	0	531
532	3.918317777866284e+02 3.832076335681811e+02 2.776151602112739e+03	-5.339151752802233e-03  3.720724450734755e-03 -1.618427302067479e-03	1.000000000000000e+00	771	0	532
533	 1.995659131456786e+02 -8.396796668046555e+01  2.116710137223142e+03	-4.347064241301268e-04  4.863916547037661e-04  5.168523057363925e-05	1.000000000000000e+00	771	0	533
534	 2.257236629378427e+02 -2.570376015732185e+02  1.969798252122554e+03	-9.893545745095860e-04  3.125489650604626e-04 -6.768056094491234e-04	1.000000000000000e+00	771	0	534
535	2.755680367604508e+02 9.066442345803865e+02 1.237773816077993e+03	 1.345946379782011e-02  1.161382700471828e-02 -1.845636793101828e-03	1.000000000000000e+00	739	0	535
536	2.253152255957828e+02 9.808418373870564e+02 1.362224230049331e+03	5.507805695136389e-03 1.087566666925947e-02 5.367860974123081e-03	1.000000000000000e+00	739	0	536
540	6.299942024418261e+02 5.187831382047989e+02 4.954865540210303e+02	1.021778796954701e-02 1.185553121225288e-02 1.637743242705862e-03	1.000000000000000e+00	739	0	540
541	5.094865482266115e+02 6.129993810227029e+02 7.102104510541490e+02	1.122719221166335e-02 1.133630159893073e-02 1.091093872673814e-04	1.000000000000000e+00	739	0	541
542	3.759946484728409e+02 7.618720091657664e+02 9.925749789509831e+02	 1.352864309834937e-02  1.252467658681174e-02 -1.003966511537631e-03	1.000000000000000e+00	739	0	542
543	5.683825664742454e+02 5.616835412708460e+02 5.999985930546582e+02	1.084599839911486e-02 1.180413262530540e-02 9.581342261905470e-04	1.000000000000000e+00	739	0	543
544	2.194606922474578e+02 1.613505200782936e+02 2.275597037970177e+03	-3.007330427256723e-03 -1.344542756366233e-03 -1.662787670890490e-03	1.000000000000000e+00	771	0	544
546	4.411981606690742e+02 6.849205864500960e+02 8.504200440390794e+02	 1.184268677995230e-02  1.141840582325434e-02 -4.242809566979609e-04	1.000000000000000e+00	739	0	546
547	4.641113695482629e+02 7.804104607704837e+02 2.456004211092713e+03	6.210939027369023e-04 7.102448958903551e-03 6.481355056166649e-03	1.000000000000000e+00	771	0	547
548	8.488387587866341e+02 9.766405852372257e+02 2.267506946321084e+03	4.668886773288250e-03 1.323105953633785e-02 8.562172763049603e-03	1.000000000000000e+00	771	0	548
551	-9.830702639292576e+02 -4.431099920508639e+01  3.615392082277107e+03	-1.649919528669367e-04  4.999032729150107e-04 -3.349113200480739e-04	1.000000000000000e+00	771	0	551
552	-2.999861698417025e+02  5.059105900279096e+02  2.945601879740104e+03	3.343860153108835e-04 1.637388602830470e-03 1.303002587519586e-03	1.000000000000000e+00	771	0	552
553	-8.721974986588556e+02 -1.232087577020101e+02  3.583417075503629e+03	-1.720767451236801e-03  3.797534251740818e-05  1.682792108719392e-03	1.000000000000000e+00	771	0	553
554	1.575163583841836e+02 2.056601141886580e+01 3.541082221126269e+03	-1.275774775422178e-05  7.370519215328386e-04  7.242941737786168e-04	7.500000000000000e-01	771	0	554
558	 5.168216145379868e+02 -4.483519070501720e+02  2.519541111654949e+03	 2.364943087741267e-03  8.591044752392921e-05 -2.450853535265196e-03	1.000000000000000e+00	771	0	558
562	3.438302798103208e+02 4.277754105443847e+02 2.133541735066949e+03	 1.215303313983895e-05 -5.661207822527103e-07  1.271915334655205e-05	5.625000000000000e-01	771	0	562
563	-7.219916204460520e+02 -1.391961476099070e+02  3.449198587198723e+03	 1.820834586396813e-05 -5.246190994512290e-05  3.425356408115476e-05	1.000000000000000e+00	771	0	563
564	1.500000000000000e+03 7.644164309746330e+02 2.679412605830026e+03	0.000000000000000e+00 0.000000000000000e+00 0.000000000000000e+00	1.000000000000000e+00	771	-1	350
573	-1.623679161606611e+02  5.493593972321390e+02  2.851432433263293e+03	9.960090586294730e-04 2.287830264928440e-03 1.291821206298967e-03	1.000000000000000e+00	771	0	573
575	-5.493494892274360e+01 -7.408634433027117e+02  3.383809211368219e+03	-2.073935931548476e-03 -9.790447074919939e-04  3.052980639040470e-03	1.000000000000000e+00	771	0	575
584	 1.019510957734897e+02 -1.000000000000000e+03  1.926182164071751e+03	-5.997021216899158e-03  3.753110265288710e-18  5.997021216899155e-03	1.000000000000000e+00	771	1	584
585	8.316115110705657e+01 2.740426233326403e+01 3.473565264763541e+03	-2.174991881474853e-03  6.388572102878243e-03  4.213580221403390e-03	7.500000000000000e-01	771	0	585
589	-6.617332267259702e+02 -1.427184486740371e+02  3.392462494542771e+03	-2.057879555650288e-06  1.464371734982706e-06  5.935078206675826e-07	1.000000000000000e+00	771	0	589
591	 5.004695011064491e+02 -1.000000000000000e+03  1.527663758738791e+03	 4.736848920583725e-02 -5.618500214420172e-18 -4.736848920583725e-02	1.000000000000000e+00	771	1	591
594	 4.692887596970666e+02 -3.573852908917838e+02  2.476107350337481e+03	 2.427282521239249e-03  5.004133709007880e-05 -2.477323858329328e-03	1.000000000000000e+00	771	0	594
595	 1.000000000000000e+03 -4.774535925661324e+02  4.091072996395761e+02	-2.386508840590501e-18 -5.215512181166560e-03 -5.215512181166559e-03	1.000000000000000e+00	679	1	595
596	-2.198025765504545e+02  1.500000000000000e+03  2.195523176580570e+03	0.000000000000000e+00 0.000000000000000e+00 0.000000000000000e+00	1.000000000000000e+00	771	-1	425
603	3.359452943492293e+02 7.288086085454468e+02 2.532568434066710e+03	7.767957091952364e-04 5.386767928333332e-03 4.609972219138096e-03	1.000000000000000e+00	771	0	603
608	-6.023593612010260e+02 -1.450380603055870e+02  3.335408240649376e+03	-6.393807439053489e-07  4.163102005350083e-07  2.230705291594859e-07	1.000000000000000e+00	771	0	608
609	-1.125558117558572e+02 -6.804656182209532e+02  4.500000000000000e+03	0.000000000000000e+00 0.000000000000000e+00 0.000000000000000e+00	1.000000000000000e+00	684	-1	380
615	4.807980435546895e+02 1.500000000000000e+03 3.481910234312619e+03	0.000000000000000e+00 0.000000000000000e+00 0.000000000000000e+00	1.000000000000000e+00	771	-1	484
617	 5.559756779582526e+01 -8.737961220757915e+02  3.406209373422730e+03	-1.770397143748899e-03 -1.635043726613124e-03  3.405440870362023e-03	1.000000000000000e+00	771	0	617
619	 5.109294262817552e+02 -1.500000000000000e+03  1.512041617039685e+03	0.000000000000000e+00 0.000000000000000e+00 0.000000000000000e+00	1.000000000000000e+00	771	-1	431
623	 4.426850452996159e+02 -3.047404621256117e+02  2.450066235968759e+03	 2.326213054099450e-03 -9.089704083938519e-06 -2.317123350015512e-03	1.000000000000000e+00	771	0	623
624	7.373928008871579e+01 6.234319300855968e+02 2.689397769867373e+03	2.780629244322578e-04 3.136456497789671e-03 2.858393573357413e-03	1.000000000000000e+00	771	0	624
625	-4.993437630580795e+01  6.970203196752786e+01  3.382767506984940e+03	-3.251148232569297e-03 -8.432508523886403e-03 -1.168365675645570e-02	1.000000000000000e+00	771	0	625
626	2.051176512346882e+02 6.787969020632430e+02 2.613384370699047e+03	5.171018807838360e-04 4.116110930529733e-03 3.599009049745897e-03	1.000000000000000e+00	771	0	626
628	 4.029222683321527e+02 -1.376212006432804e+02  3.955869222106457e+03	3.898490879995127e-03 2.486526772069435e-03 1.411964107925693e-03	1.000000000000000e+00	771	0	628
632	 4.071517003337680e+02 -2.322295059261866e+02  2.413088624735182e+03	 2.015067259587037e-03 -3.300303554472821e-05 -1.982064224042309e-03	1.000000000000000e+00	771	0	632
633	-6.767481136621238e+01 -2.790569849252154e+02  2.185209427376451e+03	-1.072682200174313e-03  9.527214642730542e-04  1.199607359012589e-04	1.000000000000000e+00	771	0	633
636	-7.871478298337971e+01 -9.160914275198741e+02  2.022939470348494e+03	-5.390587418029705e-04 -2.524055579366783e-03  3.063114321169754e-03	1.000000000000000e+00	771	0	636
637	-4.357951277579868e+02 -8.862285547645754e+02  2.040976168800657e+03	 5.516602929371100e-05 -3.286884505844985e-04 -2.735224212907876e-04	1.000000000000000e+00	771	0	637
640	-5.398413977735034e+02 -1.465683412426120e+02  3.274420558158879e+03	 3.874402682413347e-05 -8.225845522247255e-05  4.351442476036027e-05	1.000000000000000e+00	771	0	640
641	 3.711597541486834e+02 -1.582493453157100e+02  2.375100410309790e+03	 1.567437198294404e-03  1.615995764344309e-05 -1.583597155937847e-03	1.000000000000000e+00	771	0	641
647	-1.000000000000000e+03  4.524669674241535e+02  1.431114486254587e+03	 1.881045202358339e-18  1.139692217111588e-02 -1.139692217111588e-02	1.000000000000000e+00	771	1	647
648	-2.505294356848170e+02 -1.500000000000000e+03  2.107240831678469e+03	0.000000000000000e+00 0.000000000000000e+00 0.000000000000000e+00	1.000000000000000e+00	771	-1	500
652	 3.329807468545927e+02 -8.358377468352462e+01  2.338613846971696e+03	 1.000684938238313e-03  2.002423473944267e-04 -1.200927285632739e-03	1.000000000000000e+00	771	0	652
658	2.798951237835583e+02 6.823874168986196e+00 2.301291821190219e+03	-1.232143452701469e-03  2.364081835063795e-03 -1.131938382362326e-03	1.000000000000000e+00	771	0	658
659	 8.957855212853501e+02 -6.173917443385405e+02  3.733836265818179e+02	 6.142413088430961e-03 -5.816201058526834e-03 -1.195861414695779e-02	1.000000000000000e+00	679	0	659
661	 1.500000000000000e+03 -4.774535925661324e+02  4.091072996395761e+02	0.000000000000000e+00 0.000000000000000e+00 0.000000000000000e+00	1.000000000000000e+00	679	-1	595
666	7.077000824407227e+02 4.727193116350744e+02 3.717168474524094e+02	9.704473428428173e-03 1.167756877839565e-02 1.973095349967480e-03	1.000000000000000e+00	739	0	666
668	 7.691275247125749e+02 -6.092013294732956e+02  3.081451289719854e+03	-9.386589711842438e-05  5.010918199938411e-04 -4.072259228754168e-04	1.000000000000000e+00	771	0	668
671	8.933363893009301e+02 3.602907114081676e+02 7.365194036529503e+01	1.215358477672150e-02 1.216055426160286e-02 6.969484881362015e-06	1.000000000000000e+00	739	0	671
674	 1.602457327635937e+02 -1.500000000000000e+03  3.377732598564606e+03	0.000000000000000e+00 0.000000000000000e+00 0.000000000000000e+00	1.000000000000000e+00	771	-1	429
677	 9.836327172498210e+02 -1.032966512355620e+01  1.888299226981657e+03	 1.161670580040663e-02 -9.862310369499028e-03  1.754395430907607e-03	1.000000000000000e+00	771	0	677
678	 4.460353198157138e+02 -8.990896686788154e+02  1.481187608708342e+03	 7.096849343118568e-03 -8.686590978565315e-03  1.589741635446747e-03	1.000000000000000e+00	771	0	678
679	-6.395006419912482e+02  2.415873494870497e+02  3.639290777463332e+03	 5.429015800473280e-06  5.179854633752257e-05 -5.722756031900644e-05	1.000000000000000e+00	771	0	679
680	1.500000000000000e+03 3.228274835607635e+01 1.947278923211469e+03	0.000000000000000e+00 0.000000000000000e+00 0.000000000000000e+00	1.000000000000000e+00	771	-1	354
682	 5.133923058243992e+02 -9.205468951205381e+02  4.526216912607711e+02	 1.650928442055980e-03 -6.149862000408271e-03 -7.800790442464253e-03	1.000000000000000e+00	679	0	682
684	-1.500000000000000e+03  4.524669674241535e+02  1.431114486254587e+03	0.000000000000000e+00 0.000000000000000e+00 0.000000000000000e+00	1.000000000000000e+00	771	-1	647
686	1.000000000000000e+03 5.550059541709096e+02 2.741531133001937e+03	-4.213616905657007e-18  4.413258284330369e-03  4.413258284330367e-03	1.000000000000000e+00	757	1	686
690	-9.931689058150085e+02 -1.810520775447645e+01  1.908517755618209e+03	-1.525827202325066e-02 -1.111307290072243e-02 -4.145199122528235e-03	1.000000000000000e+00	771	0	690
691	 1.136829829169461e+02 -9.320958896481673e+02  3.406423725873985e+03	-1.286519574932754e-03 -1.513468450866640e-03  2.799988025799394e-03	1.000000000000000e+00	771	0	691
694	-1.500000000000000e+03  2.922518698650545e+01  1.854356266692236e+03	0.000000000000000e+00 0.000000000000000e+00 0.000000000000000e+00	1.000000000000000e+00	771	-1	255
695	 1.019510957734897e+02 -1.500000000000000e+03  1.926182164071751e+03	0.000000000000000e+00 0.000000000000000e+00 0.000000000000000e+00	1.000000000000000e+00	771	-1	584
696	1.500000000000000e+03 5.550059541709096e+02 2.741531133001937e+03	0.000000000000000e+00 0.000000000000000e+00 0.000000000000000e+00	1.000000000000000e+00	757	-1	686
698	-4.796673515966995e+02 -1.477665727538810e+02  3.215444743493345e+03	 1.127850371024882e-03 -2.124480476292471e-04 -9.154023233956347e-04	1.000000000000000e+00	771	0	698
699	 5.004695011064491e+02 -1.500000000000000e+03  1.527663758738791e+03	0.000000000000000e+00 0.000000000000000e+00 0.000000000000000e+00	1.000000000000000e+00	771	-1	591
700	-1.585337434091428e+02 -4.071516815400950e+02 -5.000000000000000e+02	0.000000000000000e+00 0.000000000000000e+00 0.000000000000000e+00	1.000000000000000e+00	769	-1	471
702	4.137611644865058e+02 1.284821996902533e+02 1.296234266908264e+03	 2.789008663967252e-03 -2.167042111977935e-03 -6.219665519893169e-04	1.000000000000000e+00	771	0	702
703	4.469835437394317e+02 9.730863185787304e+02 3.421182053076091e+03	-1.908599010979136e-03  6.280642041626076e-03  4.372043030646940e-03	1.000000000000000e+00	771	0	703
704	3.524132931274848e+02 5.350849358973609e+01 1.432555844367802e+03	 1.091809506760910e-03 -1.313364104134962e-03  2.215545973740518e-04	1.000000000000000e+00	771	0	704
705	 7.676946060859622e+02 -7.294063294385801e+02  3.894599566811662e+02	 4.528561607003212e-03 -8.274007588624954e-03 -1.280256919562817e-02	1.000000000000000e+00	679	0	705
706	 6.424904326401364e+02 -8.277879630224701e+02  4.162824965431020e+02	 2.993715771784385e-03 -7.312174964075287e-03 -1.030589073585967e-02	1.000000000000000e+00	679	0	706
707	1.792098806795923e+02 1.500000000000000e+03 1.427487737578466e+03	0.000000000000000e+00 0.000000000000000e+00 0.000000000000000e+00	1.000000000000000e+00	739	-1	473
710	9.257285915211207e+02 1.500000000000000e+03 2.213976528349372e+03	0.000000000000000e+00 0.000000000000000e+00 0.000000000000000e+00	1.000000000000000e+00	771	-1	436
711	1.893688954355057e+01 4.666666107056510e+01 3.428603401937336e+03	 3.311082255095243e-04 -1.702318084426224e-03 -1.371209858916700e-03	1.000000000000000e+00	771	0	711
3	-7.071067811865475e-01  0.000000000000000e+00  7.071067811865475e-01	-5.773502691896257e-01  5.773502691896257e-01 -5.773502691896257e-01	 6.288536307352362e+02 -6.288536307352362e+02  6.288536307352362e+02	1	0	0.000000000000000e+00	0.000000000000000e+00	0.000000000000000e+00
4	0.000000000000000e+00 7.071067811865475e-01 7.071067811865475e-01	 5.773502691896257e-01 -5.773502691896257e-01  5.773502691896257e-01	 1.522636602155032e+03 -1.522636602155032e+03  1.522636602155032e+03	1	0	0.000000000000000e+00	0.000000000000000e+00	0.000000000000000e+00
5	 7.071067811865475e-01 -7.071067811865475e-01  0.000000000000000e+00	-5.773502691896257e-01 -5.773502691896257e-01  5.773502691896257e-01	-6.670373969193098e+02 -6.670373969193098e+02  6.670373969193098e+02	1	0	0.000000000000000e+00	0.000000000000000e+00	0.000000000000000e+00
7	-7.071067811865475e-01  7.071067811865475e-01  0.000000000000000e+00	-5.773502691896257e-01 -5.773502691896257e-01  5.773502691896257e-01	-3.955083929436755e+02 -3.955083929436755e+02  3.955083929436755e+02	1	0	0.000000000000000e+00	0.000000000000000e+00	0.000000000000000e+00
8	 0.000000000000000e+00 -7.071067811865475e-01 -7.071067811865475e-01	-5.773502691896257e-01  5.773502691896257e-01 -5.773502691896257e-01	 2.022325394193525e+02 -2.022325394193525e+02  2.022325394193525e+02	1	0	0.000000000000000e+00	0.000000000000000e+00	0.000000000000000e+00
9	-7.071067811865475e-01  0.000000000000000e+00  7.071067811865475e-01	-5.773502691896257e-01  5.773502691896257e-01 -5.773502691896257e-01	 7.132350399568309e+02 -7.132350399568309e+02  7.132350399568309e+02	1	0	0.000000000000000e+00	0.000000000000000e+00	0.000000000000000e+00
10	-7.071067811865475e-01 -7.071067811865475e-01  0.000000000000000e+00	-5.773502691896257e-01  5.773502691896257e-01  5.773502691896257e-01	-6.330962714223555e+02  6.330962714223555e+02  6.330962714223555e+02	1	0	0.000000000000000e+00	0.000000000000000e+00	0.000000000000000e+00
11	-7.071067811865475e-01 -7.071067811865475e-01  0.000000000000000e+00	0.000000000000000e+00 0.000000000000000e+00 0.000000000000000e+00	 2.192031021678291e+02 -4.907321061434645e+02  2.609224022578360e+03	1	1	0.000000000000000e+00	0.000000000000000e+00	0.000000000000000e+00
12	-7.071067811865475e-01 -7.071067811865475e-01  0.000000000000000e+00	-5.773502691896257e-01  5.773502691896257e-01  5.773502691896257e-01	-9.611938178929136e+02  9.611938178929136e+02  9.611938178929136e+02	1	0	0.000000000000000e+00	0.000000000000000e+00	0.000000000000000e+00
13	-7.071067811865475e-01  7.071067811865475e-01  0.000000000000000e+00	 5.773502691896257e-01  5.773502691896257e-01 -5.773502691896257e-01	-1.120999950441073e+03 -1.120999950441073e+03  1.120999950441073e+03	1	0	0.000000000000000e+00	0.000000000000000e+00	0.000000000000000e+00
14	-7.071067811865475e-01  7.071067811865475e-01  0.000000000000000e+00	0.000000000000000e+00 0.000000000000000e+00 0.000000000000000e+00	1.824335495461294e+02 3.747665940288713e+01 3.582910060272236e+03	1	1	0.000000000000000e+00	0.000000000000000e+00	0.000000000000000e+00
15	-7.071067811865475e-01  7.071067811865475e-01  0.000000000000000e+00	-5.773502691896257e-01 -5.773502691896257e-01  5.773502691896257e-01	-3.049987249517975e+02 -3.049987249517975e+02  3.049987249517975e+02	1	0	0.000000000000000e+00	0.000000000000000e+00	0.000000000000000e+00
16	 0.000000000000000e+00 -7.071067811865475e-01  7.071067811865475e-01	5.773502691896257e-01 5.773502691896257e-01 5.773502691896257e-01	1.080459161653044e+03 1.080459161653044e+03 1.080459161653044e+03	1	0	0.000000000000000e+00	0.000000000000000e+00	0.000000000000000e+00
17	 0.000000000000000e+00 -7.071067811865475e-01  7.071067811865475e-01	0.000000000000000e+00 0.000000000000000e+00 0.000000000000000e+00	 9.142890680742061e+02 -6.201326471006022e+02  2.947221063985530e+03	1	1	0.000000000000000e+00	0.000000000000000e+00	0.000000000000000e+00
18	 0.000000000000000e+00 -7.071067811865475e-01  7.071067811865475e-01	-5.773502691896257e-01 -5.773502691896257e-01 -5.773502691896257e-01	8.626702730475879e+02 8.626702730475879e+02 8.626702730475879e+02	1	0	0.000000000000000e+00	0.000000000000000e+00	0.000000000000000e+00
19	 7.071067811865475e-01 -7.071067811865475e-01  0.000000000000000e+00	-5.773502691896257e-01 -5.773502691896257e-01 -5.773502691896257e-01	3.427110866150800e+02 3.427110866150800e+02 3.427110866150800e+02	1	0	0.000000000000000e+00	0.000000000000000e+00	0.000000000000000e+00
20	 7.071067811865475e-01 -7.071067811865475e-01  0.000000000000000e+00	0.000000000000000e+00 0.000000000000000e+00 0.000000000000000e+00	3.577960312803930e+02 7.283199846221450e+01 5.975052301026326e+02	1	1	0.000000000000000e+00	0.000000000000000e+00	0.000000000000000e+00
21	 7.071067811865475e-01 -7.071067811865475e-01  0.000000000000000e+00	-5.773502691896257e-01 -5.773502691896257e-01 -5.773502691896257e-01	6.128258770283411e+02 6.128258770283411e+02 6.128258770283411e+02	1	0	0.000000000000000e+00	0.000000000000000e+00	0.000000000000000e+00
22	-7.071067811865475e-01  0.000000000000000e+00 -7.071067811865475e-01	0.000000000000000e+00 0.000000000000000e+00 0.000000000000000e+00	1.000000000000000e+03 4.153257531310242e+02 4.000000000000000e+03	1	2	0.000000000000000e+00	0.000000000000000e+00	0.000000000000000e+00
23	-7.071067811865475e-01  0.000000000000000e+00 -7.071067811865475e-01	0.000000000000000e+00 0.000000000000000e+00 0.000000000000000e+00	1.000000000000000e+03 1.000000000000000e+03 3.415325753131025e+03	1	2	0.000000000000000e+00	0.000000000000000e+00	0.000000000000000e+00
25	-7.071067811865475e-01  0.000000000000000e+00  7.071067811865475e-01	0.000000000000000e+00 0.000000000000000e+00 0.000000000000000e+00	-1.000000000000000e+03 -1.000000000000000e+03  2.856711395993652e+03	1	2	0.000000000000000e+00	0.000000000000000e+00	0.000000000000000e+00
27	 0.000000000000000e+00  7.071067811865475e-01 -7.071067811865475e-01	0.000000000000000e+00 0.000000000000000e+00 0.000000000000000e+00	1.000000000000000e+03 1.000000000000000e+03 2.217486865801013e+03	1	2	0.000000000000000e+00	0.000000000000000e+00	0.000000000000000e+00
28	 0.000000000000000e+00  7.071067811865475e-01 -7.071067811865475e-01	0.000000000000000e+00 0.000000000000000e+00 0.000000000000000e+00	 1.000000000000000e+03 -7.825131341989875e+02  4.000000000000000e+03	1	2	0.000000000000000e+00	0.000000000000000e+00	0.000000000000000e+00
29	 0.000000000000000e+00  7.071067811865475e-01 -7.071067811865475e-01	0.000000000000000e+00 0.000000000000000e+00 0.000000000000000e+00	 7.825131341989878e+02 -1.000000000000000e+03  4.000000000000000e+03	1	2	0.000000000000000e+00	0.000000000000000e+00	0.000000000000000e+00
32	-7.071067811865475e-01  0.000000000000000e+00  7.071067811865475e-01	0.000000000000000e+00 0.000000000000000e+00 0.000000000000000e+00	 8.865608922057086e+02 -1.000000000000000e+03  0.000000000000000e+00	1	2	0.000000000000000e+00	0.000000000000000e+00	0.000000000000000e+00
33	-7.071067811865475e-01  0.000000000000000e+00  7.071067811865475e-01	0.000000000000000e+00 0.000000000000000e+00 0.000000000000000e+00	 3.686146754452927e+02 -1.000000000000000e+03  5.179462167604158e+02	1	2	0.000000000000000e+00	0.000000000000000e+00	0.000000000000000e+00
35	0.000000000000000e+00 7.071067811865475e-01 7.071067811865475e-01	0.000000000000000e+00 0.000000000000000e+00 0.000000000000000e+00	-1.208773725448266e+02 -1.000000000000000e+03  3.688787179009923e+03	1	2	0.000000000000000e+00	0.000000000000000e+00	0.000000000000000e+00
37	 7.071067811865475e-01 -7.071067811865475e-01  0.000000000000000e+00	0.000000000000000e+00 0.000000000000000e+00 0.000000000000000e+00	-1.000000000000000e+03 -1.000000000000000e+03  1.112190757929056e+00	1	2	0.000000000000000e+00	0.000000000000000e+00	0.000000000000000e+00
39	 7.071067811865475e-01 -7.071067811865475e-01  0.000000000000000e+00	0.000000000000000e+00 0.000000000000000e+00 0.000000000000000e+00	-1.000000000000000e+03  4.343145750507622e+02  0.000000000000000e+00	1	2	0.000000000000000e+00	0.000000000000000e+00	0.000000000000000e+00
42	-7.071067811865475e-01  7.071067811865475e-01  0.000000000000000e+00	0.000000000000000e+00 0.000000000000000e+00 0.000000000000000e+00	7.001259398715786e+02 1.000000000000000e+03 2.886651118702606e+03	1	2	0.000000000000000e+00	0.000000000000000e+00	0.000000000000000e+00
44	 0.000000000000000e+00 -7.071067811865475e-01 -7.071067811865475e-01	0.000000000000000e+00 0.000000000000000e+00 0.000000000000000e+00	1.000000000000000e+03 3.933023817419428e+02 0.000000000000000e+00	1	2	0.000000000000000e+00	0.000000000000000e+00	0.000000000000000e+00
45	 0.000000000000000e+00 -7.071067811865475e-01 -7.071067811865475e-01	0.000000000000000e+00 0.000000000000000e+00 0.000000000000000e+00	9.259858671013819e+02 3.192882488433240e+02 0.000000000000000e+00	1	2	0.000000000000000e+00	0.000000000000000e+00	0.000000000000000e+00
46	-7.071067811865475e-01  0.000000000000000e+00  7.071067811865475e-01	0.000000000000000e+00 0.000000000000000e+00 0.000000000000000e+00	 1.000000000000000e+03 -1.000000000000000e+03  1.397051198704921e+02	1	2	0.000000000000000e+00	0.000000000000000e+00	0.000000000000000e+00
47	-7.071067811865475e-01  0.000000000000000e+00  7.071067811865475e-01	0.000000000000000e+00 0.000000000000000e+00 0.000000000000000e+00	-1.000000000000000e+03 -1.000000000000000e+03  2.139705119870493e+03	1	2	0.000000000000000e+00	0.000000000000000e+00	0.000000000000000e+00
48	-7.071067811865475e-01  0.000000000000000e+00  7.071067811865475e-01	0.000000000000000e+00 0.000000000000000e+00 0.000000000000000e+00	-1.000000000000000e+03  2.097651125470539e+02  3.349470232417546e+03	1	2	0.000000000000000e+00	0.000000000000000e+00	0.000000000000000e+00
49	-7.071067811865475e-01  7.071067811865475e-01  0.000000000000000e+00	5.773502691896257e-01 5.773502691896257e-01 5.773502691896257e-01	8.626702730475879e+02 8.626702730475879e+02 8.626702730475879e+02	1	0	0.000000000000000e+00	0.000000000000000e+00	0.000000000000000e+00
50	 0.000000000000000e+00 -7.071067811865475e-01 -7.071067811865475e-01	 5.773502691896257e-01  5.773502691896257e-01 -5.773502691896257e-01	-1.120999950441073e+03 -1.120999950441073e+03  1.120999950441073e+03	1	0	0.000000000000000e+00	0.000000000000000e+00	0.000000000000000e+00
53	 7.071067811865475e-01 -7.071067811865475e-01  0.000000000000000e+00	5.773502691896257e-01 5.773502691896257e-01 5.773502691896257e-01	8.626702730475879e+02 8.626702730475879e+02 8.626702730475879e+02	1	0	0.000000000000000e+00	0.000000000000000e+00	0.000000000000000e+00
69	-7.071067811865475e-01  0.000000000000000e+00 -7.071067811865475e-01	-5.773502691896257e-01  5.773502691896257e-01  5.773502691896257e-01	-1.138441917710341e+03  1.138441917710341e+03  1.138441917710341e+03	1	0	0.000000000000000e+00	0.000000000000000e+00	0.000000000000000e+00
70	-7.071067811865475e-01  0.000000000000000e+00 -7.071067811865475e-01	0.000000000000000e+00 0.000000000000000e+00 0.000000000000000e+00	1.000000000000000e+03 1.000000000000000e+03 3.415325753131025e+03	1	2	0.000000000000000e+00	0.000000000000000e+00	0.000000000000000e+00
78	 0.000000000000000e+00 -7.071067811865475e-01 -7.071067811865475e-01	0.000000000000000e+00 0.000000000000000e+00 0.000000000000000e+00	-4.320901935349040e+02 -1.000000000000000e+03  4.000000000000000e+03	1	2	0.000000000000000e+00	0.000000000000000e+00	0.000000000000000e+00
84	-7.071067811865475e-01  7.071067811865475e-01  0.000000000000000e+00	0.000000000000000e+00 0.000000000000000e+00 0.000000000000000e+00	-1.000000000000000e+03  1.000000000000000e+03  2.001112190757930e+03	1	2	0.000000000000000e+00	0.000000000000000e+00	0.000000000000000e+00
87	 7.071067811865475e-01 -7.071067811865475e-01  0.000000000000000e+00	0.000000000000000e+00 0.000000000000000e+00 0.000000000000000e+00	-1.000000000000000e+03 -1.000000000000000e+03  1.112190757929056e+00	1	2	0.000000000000000e+00	0.000000000000000e+00	0.000000000000000e+00
100	-7.071067811865475e-01  0.000000000000000e+00  7.071067811865475e-01	 5.773502691896257e-01 -5.773502691896257e-01  5.773502691896257e-01	 9.522371319978838e+02 -9.522371319978838e+02  9.522371319978838e+02	1	0	0.000000000000000e+00	0.000000000000000e+00	0.000000000000000e+00
101	-7.071067811865475e-01  0.000000000000000e+00  7.071067811865475e-01	0.000000000000000e+00 0.000000000000000e+00 0.000000000000000e+00	-1.000000000000000e+03 -1.000000000000000e+03  2.856711395993652e+03	1	2	0.000000000000000e+00	0.000000000000000e+00	0.000000000000000e+00
106	 7.071067811865475e-01  0.000000000000000e+00 -7.071067811865475e-01	0.000000000000000e+00 0.000000000000000e+00 0.000000000000000e+00	 1.000000000000000e+03 -8.865608922057086e+02  0.000000000000000e+00	1	2	0.000000000000000e+00	0.000000000000000e+00	0.000000000000000e+00
113	 0.000000000000000e+00  7.071067811865475e-01 -7.071067811865475e-01	 5.773502691896257e-01 -5.773502691896257e-01 -5.773502691896257e-01	-7.391622886003375e+02  7.391622886003375e+02  7.391622886003375e+02	1	0	0.000000000000000e+00	0.000000000000000e+00	0.000000000000000e+00
114	 0.000000000000000e+00  7.071067811865475e-01 -7.071067811865475e-01	0.000000000000000e+00 0.000000000000000e+00 0.000000000000000e+00	 7.825131341989878e+02 -1.000000000000000e+03  4.000000000000000e+03	1	2	0.000000000000000e+00	0.000000000000000e+00	0.000000000000000e+00
116	 7.071067811865475e-01 -7.071067811865475e-01  0.000000000000000e+00	0.000000000000000e+00 0.000000000000000e+00 0.000000000000000e+00	1.000000000000000e+03 3.228274835607636e+01 1.947278923211469e+03	1	2	0.000000000000000e+00	0.000000000000000e+00	0.000000000000000e+00
121	7.071067811865475e-01 7.071067811865475e-01 0.000000000000000e+00	0.000000000000000e+00 0.000000000000000e+00 0.000000000000000e+00	-1.000000000000000e+03  4.524669674241535e+02  1.431114486254587e+03	1	2	0.000000000000000e+00	0.000000000000000e+00	0.000000000000000e+00
124	 7.071067811865475e-01 -7.071067811865475e-01  0.000000000000000e+00	0.000000000000000e+00 0.000000000000000e+00 0.000000000000000e+00	1.000000000000000e+03 1.000000000000000e+03 3.186525178831027e+03	1	2	0.000000000000000e+00	0.000000000000000e+00	0.000000000000000e+00
125	-7.071067811865475e-01  7.071067811865475e-01  0.000000000000000e+00	0.000000000000000e+00 0.000000000000000e+00 0.000000000000000e+00	 5.004695011064491e+02 -1.000000000000000e+03  1.527663758738791e+03	1	2	0.000000000000000e+00	0.000000000000000e+00	0.000000000000000e+00
126	 7.071067811865475e-01 -7.071067811865475e-01  0.000000000000000e+00	-5.773502691896257e-01 -5.773502691896257e-01 -5.773502691896257e-01	-1.885618083164127e+02 -1.885618083164127e+02 -1.885618083164127e+02	1	0	0.000000000000000e+00	0.000000000000000e+00	0.000000000000000e+00
127	 7.071067811865475e-01 -7.071067811865475e-01  0.000000000000000e+00	0.000000000000000e+00 0.000000000000000e+00 0.000000000000000e+00	-1.000000000000000e+03  4.343145750507622e+02  0.000000000000000e+00	1	2	0.000000000000000e+00	0.000000000000000e+00	0.000000000000000e+00
129	0.000000000000000e+00 7.071067811865475e-01 7.071067811865475e-01	0.000000000000000e+00 0.000000000000000e+00 0.000000000000000e+00	1.000000000000000e+03 1.000000000000000e+03 6.066976182580577e+02	1	2	0.000000000000000e+00	0.000000000000000e+00	0.000000000000000e+00
130	 7.071067811865475e-01  0.000000000000000e+00 -7.071067811865475e-01	0.000000000000000e+00 0.000000000000000e+00 0.000000000000000e+00	1.000000000000000e+03 1.000000000000000e+03 2.139705119870493e+03	1	2	0.000000000000000e+00	0.000000000000000e+00	0.000000000000000e+00
69	0	1	1
22	1	0	1
22	0	205	-1
69	628	0	0
69	1	2	1
23	2	1	1
22	206	1	-1
23	1	206	-1
23	207	2	-1
70	2	207	-1
69	2	425	1
70	425	2	1
100	4	5	1
25	5	4	1
25	4	209	-1
100	359	4	0
25	210	5	-1
101	5	210	-1
100	5	500	1
101	500	5	1
113	7	8	1
27	8	7	1
27	7	212	-1
113	428	7	0
113	8	9	1
28	9	8	1
27	213	8	-1
28	8	213	-1
113	9	10	1
29	10	9	1
28	214	9	-1
29	9	214	-1
29	215	10	-1
114	10	215	-1
113	10	429	1
114	429	10	1
3	13	14	1
32	14	13	1
32	13	218	-1
106	13	218	-1
3	595	13	1
106	595	13	1
3	14	15	1
33	15	14	1
32	219	14	-1
33	14	219	-1
33	220	15	-1
3	15	275	0
4	17	18	1
35	18	17	1
35	17	222	-1
78	17	222	-1
4	380	17	1
78	380	17	1
35	223	18	-1
4	18	329	0
5	20	21	1
37	21	20	1
37	20	225	-1
84	20	225	-1
5	484	20	1
84	484	20	1
37	226	21	-1
87	21	226	-1
5	21	431	1
87	431	21	1
126	23	24	1
39	24	23	1
39	23	228	-1
126	432	23	0
39	229	24	-1
127	24	229	-1
126	24	471	1
127	471	24	1
7	27	28	1
42	28	27	1
42	27	232	-1
124	27	232	-1
7	686	27	1
124	686	27	1
42	233	28	-1
7	28	283	0
8	30	31	1
44	31	30	1
44	30	235	-1
129	30	235	-1
8	473	30	1
129	473	30	1
8	31	32	1
45	32	31	1
44	236	31	-1
45	31	236	-1
45	237	32	-1
8	32	671	0
9	33	34	1
46	34	33	1
46	33	238	-1
130	33	238	-1
9	436	33	1
130	436	33	1
9	34	35	1
47	35	34	1
46	239	34	-1
47	34	239	-1
9	35	36	1
48	36	35	1
47	240	35	-1
48	35	240	-1
48	241	36	-1
9	36	437	0
10	37	38	0
11	38	37	0
11	37	40	0
10	340	37	0
11	39	38	0
10	38	341	0
11	40	39	0
12	39	40	0
12	342	39	0
12	40	343	0
10	41	344	0
10	345	41	0
12	42	346	0
12	347	42	0
13	43	44	0
14	44	43	0
14	43	46	0
13	348	43	0
14	45	44	0
13	44	452	0
14	46	45	0
15	45	46	0
15	350	45	0
15	46	351	0
15	355	48	0
15	48	677	0
16	49	50	0
17	50	49	0
17	49	52	0
16	356	49	0
17	51	50	0
16	50	357	0
17	52	51	0
18	51	52	0
18	358	51	0
18	52	551	0
16	53	360	0
16	361	53	0
18	54	362	0
18	363	54	0
19	55	56	0
20	56	55	0
20	55	58	0
19	364	55	0
20	57	56	0
19	56	365	0
20	58	57	0
21	57	58	0
21	366	57	0
21	58	367	0
19	59	368	0
19	369	59	0
21	60	370	0
21	371	60	0
22	205	206	-1
23	206	207	-1
70	207	596	-1
25	209	210	-1
101	210	648	-1
27	212	213	-1
28	213	214	-1
29	214	215	-1
114	215	674	-1
32	218	219	-1
106	218	661	-1
33	219	220	-1
35	222	223	-1
78	222	609	-1
37	225	226	-1
84	225	615	-1
87	226	619	-1
39	228	229	-1
127	229	700	-1
42	232	233	-1
124	232	696	-1
44	235	236	-1
129	235	707	-1
45	236	237	-1
46	238	239	-1
130	238	710	-1
47	239	240	-1
48	240	241	-1
69	242	488	0
69	489	242	0
3	245	705	0
3	706	245	0
5	247	492	0
5	493	247	0
126	248	446	0
126	447	248	0
7	249	386	0
7	387	249	0
8	250	494	0
8	542	250	0
9	439	251	0
9	251	624	0
10	252	392	0
10	393	252	0
10	253	315	0
10	394	253	0
12	254	396	0
12	397	254	0
12	647	255	1
121	647	255	1
12	255	690	0
121	255	694	-1
13	268	257	0
13	257	403	0
15	406	259	0
15	259	407	0
16	260	408	0
16	409	260	0
16	410	261	0
16	261	411	0
18	413	262	0
113	413	262	0
18	262	493	0
113	262	544	0
18	414	263	0
18	263	415	0
19	418	265	0
19	265	419	0
21	266	420	0
21	702	266	0
21	422	267	0
21	267	423	0
69	268	452	0
13	452	268	0
50	452	268	0
69	524	268	0
50	268	625	0
69	496	269	0
69	269	497	0
113	272	460	0
113	562	272	0
3	274	595	0
3	659	274	0
3	275	682	0
4	329	277	0
4	277	381	0
5	278	502	0
5	503	278	0
5	504	279	0
5	279	505	0
126	280	468	0
126	469	280	0
7	283	387	0
8	540	285	0
8	285	543	0
9	286	476	0
9	547	286	0
9	478	287	0
9	287	479	0
10	288	340	0
10	392	288	0
10	341	289	0
10	289	394	0
12	290	342	0
12	396	290	0
10	344	292	0
10	292	393	0
10	315	293	0
10	293	345	0
12	346	294	0
12	294	397	0
12	295	347	0
12	399	295	0
13	501	296	0
13	296	637	0
15	351	299	0
15	299	406	0
15	303	355	0
15	407	303	0
16	408	304	0
16	304	679	0
16	305	410	0
16	668	305	0
18	306	358	0
18	412	306	0
18	359	307	0
100	307	359	0
49	359	307	0
18	307	414	0
100	414	307	0
53	414	307	0
49	307	553	0
53	307	563	0
16	360	308	0
16	308	409	0
16	309	361	0
16	411	309	0
18	575	310	0
18	310	617	0
18	311	363	0
18	415	311	0
19	312	364	0
19	636	312	0
19	365	313	0
19	313	418	0
21	314	366	0
21	420	314	0
21	315	422	0
21	633	315	0
19	368	316	0
19	316	417	0
19	317	369	0
19	419	317	0
21	319	371	0
21	423	319	0
69	320	508	0
69	509	320	0
113	324	428	0
113	460	324	0
5	330	516	0
5	517	330	0
5	518	331	0
5	331	519	0
126	332	432	0
126	468	332	0
8	522	337	0
8	337	666	0
9	476	338	0
9	338	548	0
9	437	339	0
9	339	478	0
12	343	647	0
13	637	348	0
15	354	350	1
116	354	350	1
116	350	564	-1
100	353	374	0
13	403	353	0
13	353	501	0
100	501	353	0
15	677	354	0
116	680	354	-1
16	679	356	0
16	357	668	0
18	551	359	0
49	553	359	0
18	362	575	0
21	367	633	0
21	370	704	0
69	523	372	0
69	372	524	0
69	373	439	0
69	526	373	0
100	374	528	0
113	376	461	0
113	544	376	0
3	378	659	0
3	705	378	0
3	682	379	0
3	379	706	0
4	381	380	0
78	609	380	-1
5	531	382	0
5	382	532	0
5	383	533	0
5	534	383	0
126	446	384	0
126	384	469	0
126	385	447	0
126	471	385	0
7	386	686	0
8	535	388	0
8	388	536	0
8	541	389	0
8	389	546	0
9	390	603	0
9	626	390	0
9	552	391	0
9	391	573	0
12	690	399	0
18	558	412	0
113	429	413	0
18	691	413	0
100	528	414	0
53	698	414	0
19	584	416	0
19	416	636	0
19	417	678	0
21	421	702	0
21	704	421	0
69	508	424	0
69	424	628	0
69	425	511	0
70	596	425	-1
114	674	429	-1
5	431	518	0
87	619	431	-1
8	435	522	0
8	671	435	0
9	548	436	0
130	710	436	-1
69	488	438	0
69	438	523	0
69	439	489	0
9	573	439	0
5	492	444	0
5	444	531	0
5	445	493	0
5	533	445	0
8	494	448	0
8	448	535	0
8	449	542	0
8	546	449	0
9	624	450	0
9	450	626	0
69	452	509	0
50	554	452	0
69	454	496	0
69	511	454	0
69	497	455	0
69	455	526	0
113	461	562	0
5	502	464	0
5	464	517	0
5	465	503	0
5	532	465	0
5	466	504	0
5	519	466	0
5	505	467	0
5	467	534	0
127	700	471	-1
8	536	473	0
129	707	473	-1
8	474	540	0
8	666	474	0
8	475	541	0
8	543	475	0
9	477	547	0
9	603	477	0
9	479	552	0
84	615	484	-1
5	703	484	0
18	493	658	0
100	500	501	0
101	648	500	-1
5	516	703	0
19	518	591	0
19	678	518	0
50	585	554	0
18	594	558	0
53	563	589	0
116	564	680	-1
19	591	584	1
125	591	584	1
125	584	695	-1
50	711	585	0
53	589	608	0
125	699	591	-1
18	623	594	0
106	661	595	-1
53	608	640	0
18	617	691	0
18	632	623	0
50	625	711	0
18	641	632	0
53	640	698	0
18	652	641	0
121	684	647	-1
18	658	652	0
121	694	684	-1
124	696	686	-1
125	695	699	-1
