360
54
468
0	 4.003084445857149e+02 -1.843658022832610e+02  4.000000000000000e+03	 2.607326139695942e-03  2.607326139695942e-03 -2.503640354596243e-19	1.000000000000000e+00	707	1	0
1	1.000000000000000e+03 4.153257531310242e+02 4.000000000000000e+03	0.000000000000000e+00 0.000000000000000e+00 0.000000000000000e+00	1.000000000000000e+00	707	1	1
2	1.000000000000000e+03 1.000000000000000e+03 3.415325753131025e+03	0.000000000000000e+00 0.000000000000000e+00 0.000000000000000e+00	1.000000000000000e+00	707	1	2
4	-1.000000000000000e+03 -1.471029377947358e+02  3.709608458198916e+03	-3.125850707874633e-05 -1.139143350883387e-04 -8.265583164757118e-05	1.000000000000000e+00	707	1	4
5	-1.000000000000000e+03 -1.000000000000000e+03  2.856711395993652e+03	0.000000000000000e+00 0.000000000000000e+00 0.000000000000000e+00	1.000000000000000e+00	707	1	5
7	6.336958666880488e+02 1.000000000000000e+03 1.851182732489062e+03	4.170691128820181e-03 4.379943634788501e-20 4.170691128820181e-03	1.000000000000000e+00	707	1	7
8	1.000000000000000e+03 1.000000000000000e+03 2.217486865801013e+03	0.000000000000000e+00 0.000000000000000e+00 0.000000000000000e+00	1.000000000000000e+00	707	1	8
9	 1.000000000000000e+03 -7.825131341989875e+02  4.000000000000000e+03	0.000000000000000e+00 0.000000000000000e+00 0.000000000000000e+00	1.000000000000000e+00	707	1	9
10	 7.825131341989878e+02 -1.000000000000000e+03  4.000000000000000e+03	0.000000000000000e+00 0.000000000000000e+00 0.000000000000000e+00	1.000000000000000e+00	707	1	10
13	 1.000000000000000e+03 -8.865608922057086e+02  0.000000000000000e+00	0.000000000000000e+00 0.000000000000000e+00 0.000000000000000e+00	1.000000000000000e+00	679	1	13
14	 8.865608922057086e+02 -1.000000000000000e+03  0.000000000000000e+00	0.000000000000000e+00 0.000000000000000e+00 0.000000000000000e+00	1.000000000000000e+00	679	1	14
15	 3.083463050681401e+02 -1.000000000000000e+03  5.782145871375685e+02	 6.631718249991538e-03  1.918656447166262e-18 -6.631718249991534e-03	1.000000000000000e+00	679	1	15
17	-4.320901935349040e+02 -1.000000000000000e+03  4.000000000000000e+03	0.000000000000000e+00 0.000000000000000e+00 0.000000000000000e+00	1.000000000000000e+00	684	1	17
18	-7.944746895478133e+01 -1.000000000000000e+03  3.647357275419877e+03	-7.735543418675661e-03  8.228879482767750e-19  7.735543418675661e-03	1.000000000000000e+00	684	1	18
20	-1.000000000000000e+03  1.000000000000000e+03  2.001112190757930e+03	0.000000000000000e+00 0.000000000000000e+00 0.000000000000000e+00	1.000000000000000e+00	571	1	20
21	-1.000000000000000e+03 -1.000000000000000e+03  1.112190757929056e+00	0.000000000000000e+00 0.000000000000000e+00 0.000000000000000e+00	1.000000000000000e+00	571	1	21
23	-1.000000000000000e+03 -2.907002741745006e+02  7.250148492252628e+02	-1.792681226488086e-20  4.399632802233100e-03 -4.399632802233100e-03	1.000000000000000e+00	643	1	23
24	-1.000000000000000e+03  4.343145750507622e+02  0.000000000000000e+00	0.000000000000000e+00 0.000000000000000e+00 0.000000000000000e+00	1.000000000000000e+00	643	1	24
26	1.000000000000000e+03 4.786709461732839e+02 2.665196125004311e+03	-6.641409241247366e-18  3.388670738786460e-03  3.388670738786457e-03	1.000000000000000e+00	26	1	26
27	1.000000000000000e+03 1.000000000000000e+03 3.186525178831027e+03	0.000000000000000e+00 0.000000000000000e+00 0.000000000000000e+00	1.000000000000000e+00	26	1	27
28	6.349839330957705e+02 1.000000000000000e+03 2.821509111926798e+03	 1.306903082877398e-02 -3.756112560226090e-19  1.306903082877397e-02	1.000000000000000e+00	26	1	28
30	1.000000000000000e+03 1.000000000000000e+03 6.066976182580577e+02	0.000000000000000e+00 0.000000000000000e+00 0.000000000000000e+00	1.000000000000000e+00	666	1	30
31	1.000000000000000e+03 3.933023817419428e+02 0.000000000000000e+00	0.000000000000000e+00 0.000000000000000e+00 0.000000000000000e+00	1.000000000000000e+00	666	1	31
32	8.599837640679655e+02 2.532861458099076e+02 0.000000000000000e+00	1.362728653475642e-02 1.362728653475642e-02 8.643858412396594e-20	1.000000000000000e+00	666	1	32
33	1.000000000000000e+03 9.689946605920081e+02 2.108699780462501e+03	-9.358410600291686e-20  8.215538924559951e-03  8.215538924559951e-03	1.000000000000000e+00	707	1	33
34	 1.000000000000000e+03 -1.000000000000000e+03  1.397051198704921e+02	0.000000000000000e+00 0.000000000000000e+00 0.000000000000000e+00	1.000000000000000e+00	707	1	34
35	-1.000000000000000e+03 -1.000000000000000e+03  2.139705119870493e+03	0.000000000000000e+00 0.000000000000000e+00 0.000000000000000e+00	1.000000000000000e+00	707	1	35
36	-1.000000000000000e+03  2.104044227923633e+02  3.350109542662855e+03	 2.550503933613380e-20 -5.798694910481572e-04 -5.798694910481572e-04	1.000000000000000e+00	707	1	36
37	-5.395224740453357e+02  2.679934700697016e+02  1.091772870152029e+03	0.000000000000000e+00 0.000000000000000e+00 0.000000000000000e+00	1.000000000000000e+00	55	0	37
38	 2.192031021678291e+02 -4.907321061434645e+02  2.609224022578360e+03	0.000000000000000e+00 0.000000000000000e+00 0.000000000000000e+00	1.000000000000000e+00	55	0	38
39	-1.088944443027283e+02 -1.626345596729054e+02  2.937321569048918e+03	0.000000000000000e+00 0.000000000000000e+00 0.000000000000000e+00	1.000000000000000e+00	55	0	39
40	-8.676200205158938e+02  5.960910165402597e+02  1.419870416622587e+03	0.000000000000000e+00 0.000000000000000e+00 0.000000000000000e+00	1.000000000000000e+00	55	0	40
41	-9.219490086254481e+01 -5.372588395838403e+01  1.860819797362906e+03	4.992124789472049e-04 3.962671568539615e-04 1.029453220932434e-04	1.000000000000000e+00	55	0	41
42	-5.950303416505712e+02  6.375531549225798e+01  2.224795796535911e+03	-7.141137495636940e-03 -1.378986798226833e-02  6.648730486631393e-03	1.000000000000000e+00	55	0	42
43	-6.102331521639902e+02 -7.551900423072325e+02  1.997576656851997e+03	0.000000000000000e+00 0.000000000000000e+00 0.000000000000000e+00	1.000000000000000e+00	707	0	43
44	1.824335495461294e+02 3.747665940288718e+01 3.582910060272236e+03	0.000000000000000e+00 0.000000000000000e+00 0.000000000000000e+00	1.000000000000000e+00	707	0	44
45	9.984347750354048e+02 8.534778848921626e+02 2.766908834782960e+03	0.000000000000000e+00 0.000000000000000e+00 0.000000000000000e+00	1.000000000000000e+00	707	0	45
46	2.057680733252846e+02 6.081118318204395e+01 1.181575431362721e+03	0.000000000000000e+00 0.000000000000000e+00 0.000000000000000e+00	1.000000000000000e+00	707	0	46
48	8.690201359768814e+02 7.078797481960206e+01 1.854804285651876e+03	 1.031841151416302e-02 -2.178311534225941e-02 -1.146470382809639e-02	1.000000000000000e+00	707	0	48
49	-7.756961389616431e+02  2.248599564173224e+02  3.792213667503454e+03	0.000000000000000e+00 0.000000000000000e+00 0.000000000000000e+00	1.000000000000000e+00	707	0	49
50	 9.142890680742061e+02 -6.201326471006022e+02  2.947221063985530e+03	0.000000000000000e+00 0.000000000000000e+00 0.000000000000000e+00	1.000000000000000e+00	707	0	50
51	 6.965001794687494e+02 -8.379215357060586e+02  2.729432175380073e+03	0.000000000000000e+00 0.000000000000000e+00 0.000000000000000e+00	1.000000000000000e+00	707	0	51
52	-9.934850275670996e+02  7.071067811866271e+00  3.574424778897997e+03	0.000000000000000e+00 0.000000000000000e+00 0.000000000000000e+00	1.000000000000000e+00	707	0	52
53	 6.663760120765811e+01 -2.082580594635149e+02  3.382997943214990e+03	-1.242018515767995e-04 -2.244775960207335e-04  3.486794475975330e-04	5.625000000000000e-01	707	0	53
54	-1.719397052518668e+02 -5.746930318463008e+02  3.334643556240931e+03	-5.534556694328785e-04 -2.873643534258008e-04  8.408200228586793e-04	1.000000000000000e+00	707	0	54
55	-3.705239533417505e+02 -6.554879861599293e+02  2.054145199346920e+03	0.000000000000000e+00 0.000000000000000e+00 0.000000000000000e+00	1.000000000000000e+00	55	0	55
56	3.577960312803930e+02 7.283199846221450e+01 5.975052301026326e+02	0.000000000000000e+00 0.000000000000000e+00 0.000000000000000e+00	1.000000000000000e+00	55	0	56
57	6.279108216936542e+02 3.429467888754754e+02 8.676200205158938e+02	0.000000000000000e+00 0.000000000000000e+00 0.000000000000000e+00	1.000000000000000e+00	55	0	57
58	-1.004091629284902e+02 -3.853731957466687e+02  2.324259989760182e+03	0.000000000000000e+00 0.000000000000000e+00 0.000000000000000e+00	1.000000000000000e+00	55	0	58
59	 4.006196322122088e+02 -5.429164134887809e+02  1.170430041121812e+03	 1.423627122615775e-02 -8.401560752342144e-03 -5.834710473815600e-03	1.000000000000000e+00	55	0	59
60	2.356974750784761e+02 8.443620746893981e+00 1.594336535259653e+03	 8.896175131667405e-04 -1.055694621754810e-03  1.660771085880697e-04	1.000000000000000e+00	55	0	60
205	 4.003084445857149e+02 -1.843658022832610e+02  4.500000000000000e+03	0.000000000000000e+00 0.000000000000000e+00 0.000000000000000e+00	1.000000000000000e+00	707	-1	0
206	1.353553390593274e+03 4.153257531310242e+02 4.353553390593273e+03	0.000000000000000e+00 0.000000000000000e+00 0.000000000000000e+00	1.000000000000000e+00	707	-1	1
207	1.353553390593274e+03 1.353553390593274e+03 3.415325753131025e+03	0.000000000000000e+00 0.000000000000000e+00 0.000000000000000e+00	1.000000000000000e+00	707	-1	2
209	-1.500000000000000e+03 -1.471029377947358e+02  3.709608458198916e+03	0.000000000000000e+00 0.000000000000000e+00 0.000000000000000e+00	1.000000000000000e+00	707	-1	4
210	-1.353553390593274e+03 -1.353553390593274e+03  2.856711395993652e+03	0.000000000000000e+00 0.000000000000000e+00 0.000000000000000e+00	1.000000000000000e+00	707	-1	5
212	6.336958666880488e+02 1.500000000000000e+03 1.851182732489062e+03	0.000000000000000e+00 0.000000000000000e+00 0.000000000000000e+00	1.000000000000000e+00	707	-1	7
213	1.353553390593274e+03 1.353553390593274e+03 2.217486865801013e+03	0.000000000000000e+00 0.000000000000000e+00 0.000000000000000e+00	1.000000000000000e+00	707	-1	8
214	 1.353553390593274e+03 -7.825131341989875e+02  4.353553390593273e+03	0.000000000000000e+00 0.000000000000000e+00 0.000000000000000e+00	1.000000000000000e+00	707	-1	9
215	 7.825131341989878e+02 -1.353553390593274e+03  4.353553390593273e+03	0.000000000000000e+00 0.000000000000000e+00 0.000000000000000e+00	1.000000000000000e+00	707	-1	10
218	 1.353553390593274e+03 -8.865608922057086e+02 -3.535533905932737e+02	0.000000000000000e+00 0.000000000000000e+00 0.000000000000000e+00	1.000000000000000e+00	679	-1	13
219	 8.865608922057086e+02 -1.353553390593274e+03 -3.535533905932737e+02	0.000000000000000e+00 0.000000000000000e+00 0.000000000000000e+00	1.000000000000000e+00	679	-1	14
220	 3.083463050681401e+02 -1.500000000000000e+03  5.782145871375685e+02	0.000000000000000e+00 0.000000000000000e+00 0.000000000000000e+00	1.000000000000000e+00	679	-1	15
222	-4.320901935349040e+02 -1.353553390593274e+03  4.353553390593273e+03	0.000000000000000e+00 0.000000000000000e+00 0.000000000000000e+00	1.000000000000000e+00	684	-1	17
223	-7.944746895478133e+01 -1.500000000000000e+03  3.647357275419877e+03	0.000000000000000e+00 0.000000000000000e+00 0.000000000000000e+00	1.000000000000000e+00	684	-1	18
225	-1.353553390593274e+03  1.353553390593274e+03  2.001112190757930e+03	0.000000000000000e+00 0.000000000000000e+00 0.000000000000000e+00	1.000000000000000e+00	571	-1	20
226	-1.353553390593274e+03 -1.353553390593274e+03  1.112190757929058e+00	0.000000000000000e+00 0.000000000000000e+00 0.000000000000000e+00	1.000000000000000e+00	571	-1	21
228	-1.500000000000000e+03 -2.907002741745006e+02  7.250148492252628e+02	0.000000000000000e+00 0.000000000000000e+00 0.000000000000000e+00	1.000000000000000e+00	643	-1	23
229	-1.353553390593274e+03  4.343145750507622e+02 -3.535533905932737e+02	0.000000000000000e+00 0.000000000000000e+00 0.000000000000000e+00	1.000000000000000e+00	643	-1	24
231	1.500000000000000e+03 4.786709461732839e+02 2.665196125004311e+03	0.000000000000000e+00 0.000000000000000e+00 0.000000000000000e+00	1.000000000000000e+00	26	-1	26
232	1.353553390593274e+03 1.353553390593274e+03 3.186525178831027e+03	0.000000000000000e+00 0.000000000000000e+00 0.000000000000000e+00	1.000000000000000e+00	26	-1	27
233	6.349839330957705e+02 1.500000000000000e+03 2.821509111926798e+03	0.000000000000000e+00 0.000000000000000e+00 0.000000000000000e+00	1.000000000000000e+00	26	-1	28
235	1.353553390593274e+03 1.353553390593274e+03 6.066976182580577e+02	0.000000000000000e+00 0.000000000000000e+00 0.000000000000000e+00	1.000000000000000e+00	666	-1	30
236	 1.353553390593274e+03  3.933023817419428e+02 -3.535533905932737e+02	0.000000000000000e+00 0.000000000000000e+00 0.000000000000000e+00	1.000000000000000e+00	666	-1	31
237	 8.599837640679655e+02  2.532861458099076e+02 -5.000000000000000e+02	0.000000000000000e+00 0.000000000000000e+00 0.000000000000000e+00	1.000000000000000e+00	666	-1	32
238	1.500000000000000e+03 9.689946605920081e+02 2.108699780462501e+03	0.000000000000000e+00 0.000000000000000e+00 0.000000000000000e+00	1.000000000000000e+00	707	-1	33
239	 1.353553390593274e+03 -1.353553390593274e+03  1.397051198704921e+02	0.000000000000000e+00 0.000000000000000e+00 0.000000000000000e+00	1.000000000000000e+00	707	-1	34
240	-1.353553390593274e+03 -1.353553390593274e+03  2.139705119870493e+03	0.000000000000000e+00 0.000000000000000e+00 0.000000000000000e+00	1.000000000000000e+00	707	-1	35
241	-1.500000000000000e+03  2.104044227923633e+02  3.350109542662855e+03	0.000000000000000e+00 0.000000000000000e+00 0.000000000000000e+00	1.000000000000000e+00	707	-1	36
242	-4.971834617707074e+01  4.182645557707554e+02  2.947342851183198e+03	7.006029967063417e-04 4.081043104330699e-04 2.924986862732719e-04	1.000000000000000e+00	707	0	242
245	 6.805482531413986e+02 -7.291646496072100e+02  4.768479894570999e+02	 5.396508301297824e-03 -1.060413305337230e-02 -1.600064135467013e-02	1.000000000000000e+00	679	0	245
247	2.896935769400847e+02 1.144843839448456e+02 2.405290151642860e+03	-9.267551853554323e-03  8.858054847223684e-03 -4.094970063306393e-04	1.000000000000000e+00	571	0	247
248	-3.732512743261684e+02 -4.443710230709910e+02  2.519368724479215e+02	-5.906655142704645e-03  1.647366241862376e-02 -1.056700727591912e-02	1.000000000000000e+00	643	0	248
249	8.751138111618550e+02 7.041709526161377e+02 2.765809942609019e+03	7.693134558697541e-03 2.666705132772525e-03 1.035983969147007e-02	1.000000000000000e+00	26	0	249
250	2.749293262264175e+02 7.299354498130575e+02 1.061703741844698e+03	 1.253443506175245e-02  1.250754653847252e-02 -2.688852327992213e-05	1.000000000000000e+00	666	0	250
251	3.288413339503498e+00 5.813778173198132e+02 2.717794523850802e+03	-1.470896240789443e-04  2.159653682610951e-03  2.306743306689896e-03	1.000000000000000e+00	707	0	251
252	-2.471135315206524e+02  1.894195088023856e+02  1.462755773944028e+03	-3.014202702615876e-04 -3.567974890756886e-04  5.537721881410108e-05	7.500000000000000e-01	55	0	252
253	 1.669904192557117e+01 -3.132307949103401e+02  2.229218651102978e+03	 2.198668002771834e-03  2.845197877225777e-03 -6.465298744539419e-04	1.000000000000000e+00	55	0	253
254	-2.629620231015409e+02  6.486617240694051e+01  2.555753258170259e+03	-2.572214463725686e-03 -4.789873957633972e-03  2.217659493908286e-03	1.000000000000000e+00	55	0	254
255	-9.402573891460856e+02  1.150111264320474e+02  1.828312938100608e+03	-4.078481780985991e-02 -5.773451117177805e-02  1.694969336191813e-02	1.000000000000000e+00	55	0	255
257	-1.466134206591986e+02 -4.683802613966480e+01  3.169548404524356e+03	-4.247169902858635e-03  3.275150239157180e-03 -9.720196637014548e-04	1.000000000000000e+00	707	0	257
259	4.851794588202312e+02 1.284852523032680e+02 1.528660885978892e+03	 4.863535054028034e-03 -1.146207842975855e-02 -6.598543375730515e-03	1.000000000000000e+00	707	0	259
260	-3.463430846658963e+02  1.326208491236163e+02  3.455099720501414e+03	 7.914538825086011e-05  1.124887511347576e-03 -1.204032899598436e-03	1.000000000000000e+00	707	0	260
261	 4.822480280675757e+02 -4.730613430083191e+02  3.232190799899877e+03	-1.991916826682426e-05 -1.967163236145097e-04  2.166354918813340e-04	4.218750000000000e-01	707	0	261
262	1.852619766708758e+02 1.000021833028490e+02 2.302746659169040e+03	-2.050890093535166e-18  1.347669889219105e-02 -1.347669889219105e-02	1.000000000000000e+00	707	0	262
263	-4.152169888317740e+02 -1.917679958560078e+02  3.194995803830546e+03	 3.930492406652775e-03 -7.632553752046095e-05 -3.854166869132314e-03	1.000000000000000e+00	707	0	263
264	 2.318872174160378e+02 -9.635878944030034e+02  1.759833936832206e+03	 9.122317035992941e-03 -1.915686360249917e-02  1.003454656650623e-02	1.000000000000000e+00	55	0	264
265	 4.066151428470510e+02 -2.679836684158483e+02  8.895017854140373e+02	 9.722108021378517e-03 -4.564349073916674e-03 -5.157758947461843e-03	1.000000000000000e+00	55	0	265
266	4.207369995551097e+02 1.830133009852100e+02 1.234727330544704e+03	-2.276672375955968e-05 -6.600976848858409e-05  8.877649088390172e-05	7.500000000000000e-01	55	0	266
267	-3.619984005841059e+00 -1.232596446841816e+02  1.965357259775046e+03	-1.260519590384017e-03  2.295435018216570e-04  1.030976088562359e-03	1.000000000000000e+00	55	0	267
268	-1.070259223500713e+02  2.616295090390244e+01  3.282136879877050e+03	-4.813104867935188e-03  6.561908776603074e-18 -4.813104867935177e-03	1.000000000000000e+00	707	0	268
269	-1.941983284288503e+02  7.869845252883706e+02  2.434142899413803e+03	3.567987393277387e-03 2.592406196830173e-03 9.755811964472136e-04	1.000000000000000e+00	707	0	269
272	3.783937269816550e+02 4.929308131422781e+02 2.102949779640389e+03	4.503050852993813e-04 3.372877351163577e-05 4.165763117877456e-04	1.000000000000000e+00	707	0	272
274	 9.278042349383230e+02 -5.200808587120841e+02  4.386757985553014e+02	 8.243100562443336e-03 -4.869457644720872e-03 -1.311255820716421e-02	1.000000000000000e+00	679	0	274
275	 4.351797853353563e+02 -9.222770758637959e+02  5.291040310065563e+02	 3.742162138223648e-03 -9.239546023309231e-03 -1.298170816153288e-02	1.000000000000000e+00	679	0	275
277	-6.626982373348534e+01 -8.417989859555217e+02  3.792380644243060e+03	-1.013099122792482e-02 -4.637767095118761e-03  5.493224132806063e-03	1.000000000000000e+00	684	0	277
278	4.672558146388209e+02 5.405014655357658e+02 3.008869470932516e+03	-5.845253278190891e-03  3.494168243681391e-03 -2.351085034509500e-03	1.000000000000000e+00	571	0	278
279	 3.048957272955117e+02 -4.996550335958120e+02  1.806352884457629e+03	-9.988170301464077e-04  2.349705803984155e-04 -7.638464497479921e-04	1.000000000000000e+00	571	0	279
280	-6.825662837225093e+02 -3.725252610450253e+02  4.894061198182968e+02	-2.973552172382672e-03  1.147568753610055e-02 -8.502135363717874e-03	1.000000000000000e+00	643	0	280
281	-4.736999524055378e+01 -5.183154297086840e+02  0.000000000000000e+00	-1.430920313578099e-02  1.430920313578099e-02  5.955295945051513e-18	1.000000000000000e+00	643	1	281
283	7.293852877862394e+02 8.902351821632785e+02 2.806145648780544e+03	9.651394793763757e-03 5.818877136334777e-03 1.547027193009853e-02	7.500000000000000e-01	26	0	283
284	4.087063253031287e+01 1.000000000000000e+03 1.565826985727745e+03	 9.586066240444776e-03 -3.519935685057311e-18 -9.586066240444781e-03	1.000000000000000e+00	666	1	284
285	5.396619778015198e+02 4.767199311205797e+02 5.437555715771175e+02	9.484084284243485e-03 1.050210096097241e-02 1.018016676728924e-03	1.000000000000000e+00	666	0	285
286	5.247601360763150e+02 7.780683056198122e+02 2.393013289413990e+03	5.592474093039829e-04 5.044083033377926e-03 4.484835624073942e-03	1.000000000000000e+00	707	0	286
287	-4.941483292882876e+02  4.349045844743241e+02  3.068758033633105e+03	3.967191332776565e-05 2.394555222053896e-04 1.997836088776239e-04	5.625000000000000e-01	707	0	287
288	-3.805389048158476e+02  2.513904052935391e+02  1.267359504157680e+03	-3.654290812846739e-04 -5.278732314764056e-04  1.624441501917318e-04	7.500000000000000e-01	55	0	288
289	 1.418579385695864e+02 -3.757100669413639e+02  2.416856819778017e+03	 4.407129813140879e-03  5.137812714868535e-03 -7.306829017276566e-04	1.000000000000000e+00	55	0	289
290	-1.123931711210348e+02  1.784953997634608e+01  2.753338742581360e+03	-1.297458220506087e-03 -1.616700174054131e-03  3.192419535480440e-04	1.000000000000000e+00	55	0	290
291	-1.000000000000000e+03  3.387812194426253e+02  1.544800234236116e+03	 1.975532824189884e-18  1.627409365028143e-03 -1.627409365028143e-03	1.000000000000000e+00	55	1	291
292	-1.542003394956795e+02  7.171211854982627e+01  1.673376356221561e+03	-1.202301081093537e-04 -8.734038772217902e-05 -3.288972038717475e-05	4.218750000000000e-01	55	0	292
293	-3.486180323944021e+01 -1.833033890693053e+02  2.047730400096931e+03	-1.109152328893970e-03 -2.454194620327144e-04 -8.637328668612554e-04	1.779785156250000e-01	55	0	293
294	-4.263537665308909e+02  6.518775233878887e+01  2.392039934809061e+03	-4.302499039719502e-03 -8.832558834304413e-03  4.530059794584909e-03	1.000000000000000e+00	55	0	294
295	-7.653211710581586e+02  7.589390223822645e+01  2.042366380382356e+03	-1.307027352352937e-02 -2.170220731447140e-02  8.631933790942034e-03	1.000000000000000e+00	55	0	295
296	-3.457013360518114e+02 -9.306186779112760e+02  2.086679837360132e+03	 2.132184104993939e-03 -5.099952686578035e-03 -2.967768581584096e-03	1.000000000000000e+00	707	0	296
299	3.137012689770347e+02 1.336202340468808e+02 1.362317677879308e+03	 6.646835361607373e-03 -8.430012385360897e-03 -1.783177023753524e-03	1.000000000000000e+00	707	0	299
301	-2.150189122294671e+02 -1.397390682810936e+02  3.008241870812659e+03	-2.007382233083869e-03  2.256986908226585e-03  2.496046751427153e-04	1.000000000000000e+00	707	0	301
302	1.000000000000000e+03 1.439842756217784e+02 2.058980450477171e+03	-5.782488473426338e-18 -4.918772261589763e-03 -4.918772261589766e-03	1.000000000000000e+00	707	1	302
303	6.720758071505338e+02 1.009686942454216e+02 1.688040676251348e+03	 5.848648957908154e-03 -1.603625342249870e-02 -1.018760446459055e-02	1.000000000000000e+00	707	0	303
304	-5.787212245928710e+02  2.310454965783932e+02  3.589053212973611e+03	-3.212060352476935e-04  1.062034037507450e-03 -7.408280022597562e-04	1.000000000000000e+00	707	0	304
305	 7.057021826964732e+02 -5.896343246960334e+02  3.125309626958694e+03	 2.813963419612260e-06 -3.452872958860098e-04  3.424733324663976e-04	5.625000000000000e-01	707	0	305
306	 5.816328611056040e+02 -6.107969464881259e+02  2.617174904525285e+03	 4.585591552313417e-03  5.405569681897758e-04 -5.126148520503193e-03	1.000000000000000e+00	707	0	306
307	-7.717024529117832e+02 -1.343502884254438e+02  3.494063560479991e+03	-4.467312246561050e-04 -4.817223433424502e-20  4.467312246561050e-04	1.000000000000000e+00	707	0	307
308	-1.293096473754438e+02 -3.453443999065701e+01  3.405221572325235e+03	 2.172222593799233e-06 -3.992744541392312e-05  3.775522282012389e-05	5.625000000000000e-01	707	0	308
309	 2.766196427643442e+02 -3.484865298670138e+02  3.313244372061803e+03	-9.917224997479934e-05 -5.495481555044535e-04  6.487204054792528e-04	5.625000000000000e-01	707	0	309
310	 1.592288463917235e+01 -7.913437904470914e+02  3.363431724950683e+03	-5.571719259023666e-03 -4.703959450125694e-03  1.027567870914936e-02	1.000000000000000e+00	707	0	310
311	-3.200003238782489e+02 -3.667439033331327e+02  3.274755046354145e+03	 2.403236935303236e-03  3.935133378642300e-04 -2.796750273167466e-03	1.000000000000000e+00	707	0	311
312	-1.443799737266477e+02 -8.262464927945832e+02  1.998759726366471e+03	-1.374762505292892e-03 -5.087199155241251e-03  6.461961660534143e-03	1.000000000000000e+00	55	0	312
313	 3.969866733926305e+02 -1.141818806750283e+02  7.453284671276380e+02	 5.815196782350540e-03 -2.422962104901671e-03 -3.392234677448869e-03	1.000000000000000e+00	55	0	313
314	4.968888827457235e+02 2.925412413244055e+02 1.049047507014894e+03	-6.836300041565361e-04  7.954823061785040e-04 -1.118523020219679e-04	1.000000000000000e+00	55	0	314
315	-3.040559159102147e+01 -2.432594909073717e+02  2.112142713583417e+03	 1.058149172143766e-17  1.228149980306634e-03 -1.228149980306617e-03	1.000000000000000e+00	55	0	315
316	 3.690212889165983e+02 -7.075537705302289e+02  1.366665741458871e+03	 1.656582190965613e-02 -1.033065949256221e-02 -6.235162417093912e-03	1.000000000000000e+00	55	0	316
317	 4.091195193181941e+02 -3.988719468101992e+02  1.017885687337245e+03	 1.211113668978214e-02 -6.167511921375990e-03 -5.943624768406153e-03	1.000000000000000e+00	55	0	317
318	3.617696115319844e+02 7.848440698040025e+01 1.398223612572639e+03	 1.165857063218330e-03 -7.602806532910715e-04 -4.055764099272589e-04	1.000000000000000e+00	55	0	318
319	 1.208125822366789e+02 -5.643936924012998e+01  1.774104418088474e+03	 3.165371090290137e-04 -3.955803040298633e-04  7.904319500084966e-05	1.000000000000000e+00	55	0	319
320	 2.901185103709838e+02 -3.148917699880653e+01  3.736933440500814e+03	 1.019370174617507e-03  1.141260363510810e-03 -1.218901888933033e-04	1.000000000000000e+00	707	0	320
324	5.049283478657140e+02 7.494406950849667e+02 1.972974518581760e+03	 2.833249057099844e-03 -7.174977023775379e-05  2.904998827337598e-03	1.000000000000000e+00	707	0	324
329	-7.196166193333850e+01 -9.351317440698647e+02  3.704739724328570e+03	-1.010454166680574e-02 -4.278845619410276e-03  5.825696047395468e-03	1.000000000000000e+00	684	0	329
330	4.792562528901472e+02 8.094847499300544e+02 3.289853193578131e+03	-8.200016027937332e-03  3.966394190986952e-03 -4.233621836950382e-03	1.000000000000000e+00	571	0	330
331	 4.048665925802929e+02 -8.184263851456535e+02  1.587552398192569e+03	 5.069199056985478e-03 -1.186374419679244e-03  3.882824637306233e-03	1.000000000000000e+00	571	0	331
332	-8.458602291318815e+02 -3.258464439608299e+02  6.060212481434735e+02	-2.190482802689075e-03  8.373756892979145e-03 -6.183274090290070e-03	1.000000000000000e+00	643	0	332
337	6.889531740858076e+02 3.774980610129236e+02 2.952425051851735e+02	8.913216103489200e-03 1.018873796177407e-02 1.275521858284871e-03	1.000000000000000e+00	666	0	337
338	7.756648318195638e+02 8.859690310338027e+02 2.250009319084731e+03	7.195388510202367e-04 7.737613263695191e-03 7.018074412674953e-03	1.000000000000000e+00	707	0	338
339	-7.512556149793603e+02  3.294156492172311e+02  3.220376384067084e+03	 4.660897957364796e-06 -1.685460592852905e-04 -1.732069504214451e-04	1.000000000000000e+00	707	0	339
340	-4.599717173071901e+02  2.702607775739935e+02  1.169056319385883e+03	-7.804128593609979e-04 -3.932891510582218e-04 -3.871237083027760e-04	1.000000000000000e+00	55	0	340
341	 2.078060940968597e+02 -4.199014735037511e+02  2.526996381867677e+03	3.205354286668201e-03 1.987262202116350e-03 1.218092084551851e-03	1.000000000000000e+00	55	0	341
342	-8.863319468042432e+01 -6.808973918158172e+01  2.863037998179898e+03	-5.793968496921783e-04 -4.795353112664695e-04 -9.986153842570880e-05	1.000000000000000e+00	55	0	342
343	-9.384420657857432e+02  4.988311656941269e+02  1.446308222198870e+03	-1.414502194772164e-03  7.400063720221320e-04 -2.154508566794296e-03	1.000000000000000e+00	55	0	343
344	-1.224572745352381e+02  6.380918075758871e+00  1.770450621656069e+03	5.828741316804553e-05 4.622028468759254e-05 1.206712416390587e-05	2.373046875000000e-01	55	0	344
345	-5.724423623855030e+01 -1.123350703729667e+02  1.954379648401483e+03	7.408362569852519e-04 3.990133033463897e-06 7.368461239517879e-04	1.000000000000000e+00	55	0	345
346	-5.103336053251097e+02  6.362634571692562e+01  2.309621502636705e+03	-5.522090786447127e-03 -1.116926331693927e-02  5.647172530492147e-03	1.000000000000000e+00	55	0	346
347	-6.800434668997381e+02  6.740101763666063e+01  2.136136969142342e+03	-9.384502501537401e-03 -1.696110532308618e-02  7.576602821548780e-03	1.000000000000000e+00	55	0	347
348	-5.078453947972266e+02 -8.306160255349104e+02  2.024538430991083e+03	-5.623775844772657e-04 -8.087571671543022e-04 -1.371134751631568e-03	1.000000000000000e+00	707	0	348
350	1.000000000000000e+03 7.613660409375989e+02 2.676362215792992e+03	-1.140958988820527e-17  5.112132057547600e-04  5.112132057547539e-04	1.000000000000000e+00	707	1	350
351	2.657011550853377e+02 9.772746055029810e+01 1.278424790491028e+03	 6.209774874150753e-03 -7.174618542194366e-03 -9.648436680436137e-04	1.000000000000000e+00	707	0	351
353	-2.531442276647838e+02 -1.514751100675671e+02  2.958380513590868e+03	-8.760678480613952e-19  3.511221497319638e-03  3.511221497319640e-03	1.000000000000000e+00	707	0	353
354	9.790568072217601e+02 7.377090678614395e+01 1.967823888863296e+03	 2.462173068973546e-02 -2.373675627556319e-02  8.849744141722722e-04	1.000000000000000e+00	707	0	354
355	7.702599891165443e+02 8.462334783054305e+01 1.769879511802480e+03	 7.161098842819531e-03 -1.900153250123064e-02 -1.184043365841111e-02	1.000000000000000e+00	707	0	355
356	-6.972478322298490e+02  2.438415683791102e+02  3.694783748809872e+03	-6.602623616345227e-04  2.767964033409953e-04  3.834659582935274e-04	1.000000000000000e+00	707	0	356
357	 8.358033801980446e+02 -6.310694996188115e+02  3.036643604379900e+03	 6.164932856336236e-04  1.909766928292811e-03 -2.526260213926435e-03	1.000000000000000e+00	707	0	357
358	 6.506572813677892e+02 -7.319223085138243e+02  2.669275846288799e+03	 2.526852069422603e-03 -3.374891821295023e-04 -2.189362887293100e-03	1.000000000000000e+00	707	0	358
359	-9.512272199801209e+02 -1.343502884254438e+02  3.673588327548329e+03	 1.565669663250442e-04 -6.026249205272583e-18 -1.565669663250451e-04	1.000000000000000e+00	707	0	359
360	-2.976728960609466e+01 -1.264095583634067e+02  3.397554332928635e+03	-4.306323080527362e-05 -2.024526297645934e-04  2.455158605698671e-04	5.625000000000000e-01	707	0	360
361	 1.713667549233424e+02 -2.820403876312612e+02  3.352051117667052e+03	-1.307631191593827e-04 -4.255975700289127e-04  5.563606891882955e-04	5.625000000000000e-01	707	0	361
362	-8.914641980100629e+01 -6.741859447996293e+02  3.351343183743399e+03	-2.480521371277670e-03 -1.497416213775674e-03  3.977937585053344e-03	1.000000000000000e+00	707	0	362
363	-2.524499333177856e+02 -4.681180919930927e+02  3.308578844453642e+03	 1.100276829674840e-03  3.373065264895558e-04 -1.437583356164396e-03	1.000000000000000e+00	707	0	363
364	-2.686816328150071e+02 -7.394567251959190e+02  2.036271617856166e+03	-6.581105214233199e-04 -1.808842799315850e-03  2.466953320739170e-03	1.000000000000000e+00	55	0	364
365	 3.838743077649960e+02 -1.200143983089031e+01  6.562603919111344e+02	 2.398638733817885e-03 -3.395329307143887e-04 -2.059105803103497e-03	1.000000000000000e+00	55	0	365
366	5.570751510492930e+02 3.354937855475978e+02 9.459086944881325e+02	-9.169206896331163e-05  1.172687036159914e-03 -1.080994967196602e-03	1.000000000000000e+00	55	0	366
367	-8.925874464835455e+01 -3.313031858946739e+02  2.259039561628052e+03	-1.664132786875901e-03  1.507220537556956e-04  1.513410733120206e-03	1.000000000000000e+00	55	0	367
368	 3.869812519274431e+02 -6.265122842628484e+02  1.267664292180645e+03	 1.537976336355011e-02 -9.707041860868534e-03 -5.672721502681574e-03	1.000000000000000e+00	55	0	368
369	 4.071503193715329e+02 -4.666687447649138e+02  1.087651685238621e+03	 1.313892674321930e-02 -7.149397705992063e-03 -5.989529037227233e-03	1.000000000000000e+00	55	0	369
370	2.937605603793078e+02 4.313474647257410e+01 1.501582324233141e+03	 1.574407215230167e-03 -1.853944500908256e-03  2.795372856780887e-04	1.000000000000000e+00	55	0	370
371	 1.778188161425267e+02 -2.446102583616733e+01  1.685119840778664e+03	 5.242638750739085e-04 -6.315829353601051e-04  1.073190602861966e-04	1.000000000000000e+00	55	0	371
372	-6.920689570796756e+01  1.821044243805005e+02  3.164014433042556e+03	-1.941989311793198e-03 -7.451937223474184e-04 -1.196795589445780e-03	1.000000000000000e+00	707	0	372
373	-1.193126614933539e+02  6.048982000610757e+02  2.691114891576594e+03	2.556750783696771e-03 1.522532664239407e-03 1.034218119457364e-03	1.000000000000000e+00	707	0	373
374	-2.992887847343522e+02 -1.427596684805070e+02  3.013240512247497e+03	 1.818080675244952e-03  1.355479578099524e-03 -4.626010971454283e-04	1.000000000000000e+00	707	0	374
376	2.647019553169621e+02 2.315890410224440e+02 2.250599780095531e+03	-3.218782643671148e-03 -2.046170120593160e-04 -3.014165631611831e-03	1.000000000000000e+00	707	0	376
378	 8.013495829060791e+02 -6.311063478677465e+02  4.541049614318828e+02	 6.040986937781175e-03 -1.094875469182928e-02 -1.698974162961046e-02	1.000000000000000e+00	679	0	378
379	 5.584177310730487e+02 -8.264115266667176e+02  5.017316344659421e+02	 4.894084607561430e-03 -1.035173594330748e-02 -1.524582055086891e-02	1.000000000000000e+00	679	0	379
380	-3.976549017706240e+01 -6.076752966421584e+02  4.000000000000000e+03	-1.375515200197697e-02 -1.375515200197697e-02 -2.247221675140322e-18	1.000000000000000e+00	684	1	380
381	-6.151217932179107e+01 -7.484454867502919e+02  3.880976499036595e+03	-1.072581950575113e-02 -4.872998688369989e-03  5.852820817381144e-03	1.000000000000000e+00	684	0	381
382	4.032939958308501e+02 3.038116426354512e+02 2.708217829224231e+03	-5.249250253352026e-03  3.947070760962864e-03 -1.302179492389163e-03	1.000000000000000e+00	571	0	382
383	 2.182851363823816e+02 -1.780203831496277e+02  2.041376943990683e+03	-3.218543560554584e-03  1.247689515973131e-03 -1.970854044581453e-03	1.000000000000000e+00	571	0	383
384	-5.246397284709166e+02 -4.134472083059832e+02  3.724015118276617e+02	-4.321210707227388e-03  1.433795861278971e-02 -1.001674790556232e-02	1.000000000000000e+00	643	0	384
385	-2.258436271131333e+02 -4.669231595012298e+02  1.270813616651252e+02	-5.046643006304899e-03  1.354805550848444e-02 -8.501412502179543e-03	1.000000000000000e+00	643	0	385
386	9.357348542757135e+02 6.131421033283866e+02 2.735402136435127e+03	6.713056121952832e-03 1.511568902060390e-03 8.224625024013221e-03	1.000000000000000e+00	26	0	386
387	8.058414145140840e+02 7.969122941792863e+02 2.789278887524397e+03	7.280572395150860e-03 3.290952028085788e-03 1.057152442323665e-02	1.000000000000000e+00	26	0	387
388	1.612596083532273e+02 8.619026221447352e+02 1.307340632049566e+03	 2.116656101619204e-02  1.899296433354418e-02 -2.173596682647864e-03	1.000000000000000e+00	666	0	388
389	4.176893003855811e+02 5.897720601371260e+02 7.787803780096025e+02	 1.004213563040442e-02  9.931099574411443e-03 -1.110360559929783e-04	1.000000000000000e+00	666	0	389
390	2.675947825568429e+02 6.835067620875249e+02 2.555617099401175e+03	6.327528196076552e-04 3.621495522869130e-03 2.988742703261475e-03	1.000000000000000e+00	707	0	390
391	-2.360616681249631e+02  5.193736574120999e+02  2.895140445407555e+03	3.486662559832136e-04 1.425827989199509e-03 1.077161733216296e-03	1.000000000000000e+00	707	0	391
392	-3.117123973335698e+02  2.262861776268767e+02  1.361290239306620e+03	-3.052950160054024e-04 -4.215059198031668e-04  1.162109037977643e-04	7.500000000000000e-01	55	0	392
393	-1.937607038252722e+02  1.365636710769370e+02  1.568964439364857e+03	-2.102044270486658e-04 -1.757606412411405e-04 -3.444378580752528e-05	4.218750000000000e-01	55	0	393
394	 7.517313226020156e+01 -3.480378472185909e+02  2.322499793745859e+03	 3.842248387324313e-03  4.900796765772005e-03 -1.058548378447691e-03	1.000000000000000e+00	55	0	394
396	-1.824825920887607e+02  5.493678916767914e+01  2.646162072422301e+03	-1.780041144229472e-03 -3.146070986986160e-03  1.366029842756689e-03	1.000000000000000e+00	55	0	396
397	-3.437198529541001e+02  6.642489812701342e+01  2.473436702597627e+03	-3.342792391777039e-03 -6.698005367070436e-03  3.355212975293398e-03	1.000000000000000e+00	55	0	397
399	-8.512822650198029e+02  9.164723762925385e+01  1.940651951029684e+03	-1.927658542990685e-02 -2.947363071143627e-02  1.019704528152943e-02	1.000000000000000e+00	55	0	399
403	-1.790472726494121e+02 -1.082253755933410e+02  3.075727203080467e+03	-3.024876311731835e-03  2.611278362261752e-03 -4.135979494700828e-04	1.000000000000000e+00	707	0	403
406	3.983739906563237e+02 1.326267029867853e+02 1.445996868498501e+03	 4.518242087215185e-03 -9.403065778315067e-03 -4.884823691099882e-03	1.000000000000000e+00	707	0	406
407	5.768982237961874e+02 1.165994487358480e+02 1.608493847387428e+03	 5.190545693039893e-03 -1.368694752454758e-02 -8.496401831507683e-03	1.000000000000000e+00	707	0	407
408	-4.629409875733440e+02  1.947169302286167e+02  3.509601542303861e+03	-1.202893181471154e-04  1.445511610654648e-03 -1.325222292507533e-03	1.000000000000000e+00	707	0	408
409	-2.355677670333600e+02  5.262665946235479e+01  3.424318592530139e+03	 6.056315517829110e-05  3.900513668971446e-04 -4.506145220754358e-04	1.000000000000000e+00	707	0	409
410	 5.914279623403590e+02 -5.348189753371404e+02  3.184768497955915e+03	 2.332591975573450e-05 -1.361895447189454e-04  1.128636249632109e-04	7.500000000000000e-01	707	0	410
411	 3.779972683158952e+02 -4.104666947342902e+02  3.273846911377529e+03	-7.358398033829874e-05 -4.840923293158995e-04  5.576763096541981e-04	5.625000000000000e-01	707	0	411
412	 5.194046314949783e+02 -5.083126904614135e+02  2.576918878109199e+03	 6.475049614285429e-03  9.690852214892706e-04 -7.444134835774700e-03	1.000000000000000e+00	707	0	412
413	 1.852619766708760e+02 -9.504779559632058e+02  3.353226798435094e+03	-9.387510688103783e-19 -1.477593276649714e-02  1.477593276649713e-02	1.000000000000000e+00	707	0	413
414	-4.425351853921139e+02 -1.343502884254439e+02  3.164896292960322e+03	 3.910707746399567e-03  6.458511664087102e-18 -3.910707746399565e-03	1.000000000000000e+00	707	0	414
415	-3.726521954107462e+02 -2.756515801444136e+02  3.236314594697923e+03	 3.271742728732837e-03  1.435123752647390e-04 -3.415255103997576e-03	1.000000000000000e+00	707	0	415
416	 9.064664228809889e+00 -9.121468044647594e+02  1.931215400081190e+03	 1.451342677076658e-03 -1.095611338193218e-02  9.504770704855522e-03	1.000000000000000e+00	55	0	416
417	 3.563360707974654e+02 -8.027015394663462e+02  1.474498728514121e+03	 1.665877178311348e-02 -8.517303504049778e-03 -8.141468279063702e-03	1.000000000000000e+00	55	0	417
418	 4.030449349595306e+02 -1.952540210670114e+02  8.203423459527210e+02	 8.037686347961426e-03 -3.632393665611744e-03 -4.405292682349682e-03	1.000000000000000e+00	55	0	418
419	 4.086553912548407e+02 -3.344928893465724e+02  9.539707579369718e+02	 1.102139443779985e-02 -5.355891150732835e-03 -5.665503287067016e-03	1.000000000000000e+00	55	0	419
420	4.541394624627320e+02 2.410760706812866e+02 1.143262097941005e+03	-1.045505723595852e-04  1.044703794832458e-04  8.018688113509143e-08	5.625000000000000e-01	55	0	420
421	3.955838184603342e+02 1.005255235650214e+02 1.342368289059668e+03	 1.410384332605948e-04 -2.973426885243195e-03  2.832388451982600e-03	1.000000000000000e+00	55	0	421
422	-2.570610160221121e+01 -1.818477887496414e+02  2.046031521436876e+03	-1.940404884578584e-03  1.740748709210038e-03  1.996561753685455e-04	2.373046875000000e-01	55	0	422
423	 6.303306838944119e+01 -8.530244039826904e+01  1.860747003093851e+03	 5.116043757880107e-05 -1.159171297331341e-04  6.475669215433300e-05	1.000000000000000e+00	55	0	423
424	 3.591080451715949e+02 -1.031648566880713e+02  3.877598654990691e+03	1.372445714271938e-03 1.232657591269041e-03 1.397881230028968e-04	1.000000000000000e+00	707	0	424
425	-2.774525668700276e+02  1.000000000000000e+03  2.137873186260997e+03	 1.061867468524724e-02 -2.815135937712339e-18  1.061867468524724e-02	1.000000000000000e+00	707	1	425
428	5.729069849121151e+02 8.793271186761993e+02 1.911066732036929e+03	 3.666642108631398e-03 -3.831393890626101e-05  3.704956047537659e-03	1.000000000000000e+00	707	0	428
429	 1.253487151294851e+02 -1.000000000000000e+03  3.342835580930498e+03	9.027272695675492e-03 1.878979192430552e-18 9.027272695675492e-03	1.000000000000000e+00	707	1	429
430	4.742801244713405e+02 9.737103711254077e+02 3.449102686354678e+03	-9.726453785939762e-03  8.997605900124958e-03 -7.288478858148059e-04	1.000000000000000e+00	571	0	430
431	 4.587287059877048e+02 -1.000000000000000e+03  1.459840896745634e+03	7.773988414555788e-03 6.732262257133629e-19 7.773988414555789e-03	1.000000000000000e+00	571	1	431
432	-9.345277089396840e+02 -3.026567491597864e+02  6.714990331502323e+02	-1.951670429358880e-03  6.187042299037178e-03 -4.235371869678299e-03	1.000000000000000e+00	643	0	432
435	7.776190116796546e+02 3.176610113189195e+02 1.467396178973225e+02	1.292495526528607e-02 1.476641181701173e-02 1.841456551725666e-03	1.000000000000000e+00	666	0	435
436	9.133068062165298e+02 9.404958052099130e+02 2.166894118863876e+03	1.437431744610270e-03 8.055212946298221e-03 6.617781201687952e-03	1.000000000000000e+00	707	0	436
437	-8.805445047173862e+02  2.700165113772870e+02  3.290266135965166e+03	-7.749337722392131e-05 -4.089770688248488e-04 -3.314836916009274e-04	1.000000000000000e+00	707	0	437
438	-5.464240028962463e+01  3.014403324650680e+02  3.059243020376332e+03	-3.891097785526654e-04 -1.613352869753726e-04 -2.277744915772928e-04	5.625000000000000e-01	707	0	438
439	-8.230876410790049e+01  5.555015525223654e+02  2.777515436500758e+03	2.258310443721711e-03 2.258310443721712e-03 6.059376299354354e-20	1.000000000000000e+00	707	0	439
444	3.528602353293198e+02 1.990802536720443e+02 2.553052679759293e+03	-5.826899840030819e-03  4.892387369181961e-03 -9.345124708488582e-04	1.000000000000000e+00	571	0	444
445	 2.154995318043368e+02 -2.415920446173234e-01  2.216370130517649e+03	-3.321868833154440e-03  2.226420911028981e-03 -1.095447922125459e-03	1.000000000000000e+00	571	0	445
446	-4.480843146558512e+02 -4.302938318349686e+02  3.126927215415819e+02	-5.160698667168617e-03  1.565306866541505e-02 -1.049236999824643e-02	1.000000000000000e+00	643	0	446
447	-2.997011663514957e+02 -4.559215474169184e+02  1.899372888191762e+02	-5.992799066007137e-03  1.594685949385166e-02 -9.954060427844524e-03	1.000000000000000e+00	643	0	447
448	2.144125674820519e+02 7.949185006838617e+02 1.187203551459867e+03	 1.558507152367383e-02  1.482780172955245e-02 -7.572697941213840e-04	1.000000000000000e+00	666	0	448
449	3.448865510726695e+02 6.623974229207569e+02 9.242084901061450e+02	1.065742791979574e-02 1.078671208233573e-02 1.292841625399883e-04	1.000000000000000e+00	666	0	449
450	1.375395025751535e+02 6.351238855501346e+02 2.637289502845474e+03	4.008685355074704e-04 2.906166744651273e-03 2.505298209143803e-03	1.000000000000000e+00	707	0	450
452	1.904516255596427e+02 2.616295090390254e+01 3.579614427786764e+03	 2.819083165377337e-04 -2.066292187960962e-18  2.819083165377420e-04	1.000000000000000e+00	707	0	452
454	-2.253452707202014e+02  8.780110897774701e+02  2.311969392633353e+03	6.685955993210276e-03 4.706362650419275e-03 1.979593342791001e-03	1.000000000000000e+00	707	0	454
455	-1.602940642045317e+02  6.974074942151335e+02  2.557624194711359e+03	2.748770891533544e-03 2.070270459322880e-03 6.785004322106640e-04	1.000000000000000e+00	707	0	455
460	4.388587892239378e+02 6.198679678843675e+02 2.036477687140583e+03	 1.657761883810356e-03 -3.549118749409297e-06  1.661311002559766e-03	1.000000000000000e+00	707	0	460
461	3.205350686052916e+02 3.614934680508437e+02 2.176528466355460e+03	-1.226768693110595e-03 -1.073381475483378e-04 -1.119430545562257e-03	1.000000000000000e+00	707	0	461
464	4.780442079061068e+02 6.715339645841919e+02 3.150690363248228e+03	-6.363245192915201e-03  3.361287061125040e-03 -3.001958131790161e-03	1.000000000000000e+00	571	0	464
465	4.420521345636137e+02 4.186047010292733e+02 2.861769026350816e+03	-5.444924890374144e-03  3.708089857051770e-03 -1.736835033322374e-03	1.000000000000000e+00	571	0	465
466	 3.537925318617258e+02 -6.586869401458590e+02  1.696217782473796e+03	 3.800260286273745e-04 -8.246657186343025e-05  2.975594567639443e-04	1.000000000000000e+00	571	0	466
467	 2.582973437347480e+02 -3.401642266362769e+02  1.919245307856401e+03	-2.040753878342608e-03  5.340475666647155e-04 -1.506706311677893e-03	1.000000000000000e+00	571	0	467
468	-7.635085084645368e+02 -3.495681934360916e+02  5.473912769513904e+02	-2.511426806449891e-03  1.004974916577339e-02 -7.538322359323502e-03	1.000000000000000e+00	643	0	468
469	-6.029085329536862e+02 -3.940348345702010e+02  4.312579425746492e+02	-3.568746304760376e-03  1.288519155544539e-02 -9.316445250685016e-03	1.000000000000000e+00	643	0	469
471	-1.401219673160534e+02 -4.809475334591250e+02  5.538407582594046e+01	 1.210551951468614e-04  8.272182184252111e-03 -8.393237379398974e-03	1.000000000000000e+00	643	0	471
473	1.139389185565696e+02 9.334149697813950e+02 1.426173669482883e+03	 2.112071208345393e-02  1.790156781983872e-02 -3.219144263615211e-03	1.000000000000000e+00	666	0	473
474	6.102774559316902e+02 4.287856406863135e+02 4.252058030126809e+02	8.480113154898087e-03 9.761175916840633e-03 1.281062761942546e-03	1.000000000000000e+00	666	0	474
475	4.818501323912596e+02 5.243874904133327e+02 6.492349762801307e+02	1.002800191054121e-02 1.026241941144690e-02 2.344175009056928e-04	1.000000000000000e+00	666	0	475
476	6.529886666292558e+02 8.324767839214917e+02 2.319193237162729e+03	5.442469070355096e-04 6.248560346042116e-03 5.704313439006607e-03	1.000000000000000e+00	707	0	476
477	3.964981443626217e+02 7.289550315815475e+02 2.472162007089418e+03	7.098208880051972e-04 4.250507394317538e-03 3.540686506312340e-03	1.000000000000000e+00	707	0	477
478	-6.229254243104089e+02  3.847748525615966e+02  3.147405396742498e+03	9.694087452771782e-06 6.220310615390190e-05 5.250902177067474e-05	5.625000000000000e-01	707	0	478
479	-3.661799888739444e+02  4.792145813219468e+02  2.985099690066384e+03	1.408211925687889e-04 8.165252996453395e-04 6.757041070765505e-04	1.000000000000000e+00	707	0	479
484	5.040120436193513e+02 1.000000000000000e+03 3.505124234377281e+03	-4.980138546670787e-03 -1.976933003719610e-18 -4.980138546670788e-03	1.000000000000000e+00	571	1	484
488	-5.039250949682431e+01  3.603852326197986e+02  3.004548011014401e+03	 5.042903922003461e-06  1.485905158915557e-05 -9.816148121899460e-06	1.000000000000000e+00	707	0	488
489	-5.619459658013809e+01  4.949549759188778e+02  2.864176180632008e+03	 1.275151754574229e-03  1.814744648678849e-03 -5.395928941046199e-04	1.000000000000000e+00	707	0	489
492	3.232911384613810e+02 1.534832837193563e+02 2.477886612938667e+03	-6.799728182765345e-03  6.171575242963930e-03 -6.281529398014146e-04	1.000000000000000e+00	571	0	492
493	2.478467595189796e+02 6.669315073890282e+01 2.315652101015812e+03	-1.097039307933301e-02  1.008581102360040e-02 -8.845820557326077e-04	1.000000000000000e+00	571	0	493
494	2.435850416752717e+02 7.624357276682609e+02 1.125548304251047e+03	 1.385822596300083e-02  1.352981028806729e-02 -3.284156749335432e-04	1.000000000000000e+00	666	0	494
496	-2.099856640422720e+02  8.323088571988698e+02  2.373031231889882e+03	4.929660858275990e-03 3.542657669944068e-03 1.387003188331922e-03	1.000000000000000e+00	707	0	496
497	-1.777009660658788e+02  7.419343022586185e+02  2.495690484806527e+03	2.944945590570569e-03 2.174434950575233e-03 7.705106399953364e-04	1.000000000000000e+00	707	0	497
500	-2.390050060088207e+02 -1.000000000000000e+03  2.095716402002472e+03	-5.284138140268623e-03  7.098789673382771e-19  5.284138140268624e-03	1.000000000000000e+00	707	1	500
501	-2.531442276647839e+02 -9.632256279516311e+02  2.146629995706804e+03	-2.888969972591350e-19 -7.006744155660273e-03 -7.006744155660271e-03	1.000000000000000e+00	707	0	501
502	4.742511187232693e+02 6.049268646990321e+02 3.080290174180231e+03	-6.059773731976748e-03  3.384571755304933e-03 -2.675201976671815e-03	1.000000000000000e+00	571	0	502
503	4.565468217254631e+02 4.786056527556463e+02 2.936264665239039e+03	-5.647334813450773e-03  3.616748532901207e-03 -2.030586280549566e-03	1.000000000000000e+00	571	0	503
504	 3.291026341941256e+02 -5.793206966787691e+02  1.750894128273286e+03	-4.774335854259940e-04  1.089567425272738e-04 -3.684768428987203e-04	1.000000000000000e+00	571	0	504
505	 2.811454923481391e+02 -4.198733424935502e+02  1.862384340612518e+03	-1.494160610794400e-03  3.656054420086244e-04 -1.128555168785776e-03	1.000000000000000e+00	571	0	505
507	9.138333330653330e+01 9.741665155624144e+02 1.489480800513939e+03	1.322213374078274e-02 2.024550177156925e-02 7.023368030786514e-03	1.000000000000000e+00	666	0	507
508	 3.260666598848375e+02 -6.540629933583212e+01  3.806798712351694e+03	1.625508781823252e-03 1.593357870054509e-03 3.215091176874318e-05	1.000000000000000e+00	707	0	508
509	2.378214186172119e+02 7.543109972923422e+00 3.645604061775313e+03	-9.203705606826891e-05  5.582939023346020e-04 -6.503309584028708e-04	1.000000000000000e+00	707	0	509
511	-2.390559730904071e+02  9.262029013285721e+02  2.250066878712045e+03	7.532378076575696e-03 6.519820191897452e-03 1.012557884678245e-03	1.000000000000000e+00	707	0	511
516	4.764806850570604e+02 8.825433373753129e+02 3.360136213190302e+03	-9.420890361070633e-03  4.515821579843760e-03 -4.905068781226873e-03	1.000000000000000e+00	571	0	516
517	4.795956118614126e+02 7.399456663919801e+02 3.220653469011322e+03	-6.995222143207988e-03  3.541037828351060e-03 -3.454184314856926e-03	1.000000000000000e+00	571	0	517
518	 4.454093826624227e+02 -9.242812706429738e+02  1.522240302777378e+03	 5.953691899776459e-03 -3.417764557525516e-03  2.535927342250943e-03	1.000000000000000e+00	571	0	518
519	 3.793660687224366e+02 -7.379938009905817e+02  1.642484458489784e+03	 1.880977884866297e-03 -4.102562088519334e-04  1.470721676014364e-03	1.000000000000000e+00	571	0	519
522	7.302069576816921e+02 3.497246327783538e+02 2.262152933547193e+02	1.093148894142359e-02 1.244362827856094e-02 1.512139337137341e-03	1.000000000000000e+00	666	0	522
523	-6.121132110514034e+01  2.420032123551312e+02  3.112111219670753e+03	-1.336744055151939e-03 -5.350181600078940e-04 -8.017258951440454e-04	1.000000000000000e+00	707	0	523
524	-7.854194238214896e+01  1.197964032425189e+02  3.216987407506356e+03	-2.530429783898095e-03 -1.136085794617733e-03 -1.394343989280363e-03	1.000000000000000e+00	707	0	524
526	-1.416803289886054e+02  6.535904169951343e+02  2.620055007147284e+03	2.631211226495604e-03 2.035062022817632e-03 5.961492036779722e-04	1.000000000000000e+00	707	0	526
528	-3.673969373480575e+02 -1.415375304779897e+02  3.082570802863719e+03	7.016885016734402e-05 5.003970485025396e-04 4.302281983351956e-04	1.000000000000000e+00	707	0	528
531	3.795471555547167e+02 2.497599070954734e+02 2.630419253408119e+03	-5.373112430485587e-03  4.251033494559427e-03 -1.122078935926159e-03	1.000000000000000e+00	571	0	531
532	4.241624251293895e+02 3.602460736014787e+02 2.785520689488797e+03	-5.296105557742218e-03  3.795663088870545e-03 -1.500442468871673e-03	1.000000000000000e+00	571	0	532
533	 2.066299689316938e+02 -8.884581309951105e+01  2.118896346590112e+03	-3.678356568949918e-03  1.937767917600771e-03 -1.740588651349147e-03	1.000000000000000e+00	571	0	533
534	 2.370098790510335e+02 -2.603844247006467e+02  1.977737645108316e+03	-2.614286941631387e-03  7.723051433761915e-04 -1.841981798255195e-03	1.000000000000000e+00	571	0	534
535	1.870784448054470e+02 8.279392881994663e+02 1.247558461652077e+03	 1.802180362089227e-02  1.667594696239879e-02 -1.345856658493479e-03	1.000000000000000e+00	666	0	535
536	1.369932940222561e+02 8.973785097156991e+02 1.367082833951501e+03	 2.292210810507337e-02  1.999273880695303e-02 -2.929369298120340e-03	1.000000000000000e+00	666	0	536
540	5.730179005914205e+02 4.533335532861915e+02 4.870132709528286e+02	9.036357514560223e-03 1.026916131377220e-02 1.232803799211979e-03	1.000000000000000e+00	666	0	540
541	4.511695719588161e+02 5.546715844960294e+02 7.101996307952708e+02	 1.006764904013835e-02  9.997447166824713e-03 -7.020187331363561e-05	1.000000000000000e+00	666	0	541
542	3.087663863481366e+02 6.968790184717708e+02 9.948102503816918e+02	1.145355124511601e-02 1.158922165147184e-02 1.356704063558332e-04	1.000000000000000e+00	666	0	542
543	5.104461205301470e+02 4.993530139764766e+02 5.956045117043873e+02	9.817781179056812e-03 1.047004268427069e-02 6.522615052138763e-04	1.000000000000000e+00	666	0	543
544	2.329907460948704e+02 1.681872477692290e+02 2.282290364126654e+03	-4.149320035746011e-03 -2.348473547802617e-04 -3.914472680965749e-03	1.000000000000000e+00	707	0	544
546	3.817131254906274e+02 6.265341939310240e+02 8.515186866984543e+02	1.019068518932424e-02 1.019914271031060e-02 8.457520986363768e-06	1.000000000000000e+00	666	0	546
547	4.608187224065432e+02 7.529009899317249e+02 2.431787387395674e+03	6.688197997088235e-04 4.637333001786222e-03 3.968513202077399e-03	1.000000000000000e+00	707	0	547
548	8.419933186071057e+02 9.132073523318054e+02 2.210919153595192e+03	1.050641837840279e-03 8.094349914851287e-03 7.043708077011009e-03	1.000000000000000e+00	707	0	548
551	-9.827434045668214e+02 -4.714367628681153e+01  3.617897899996397e+03	 2.337274102804561e-04  4.562891893632089e-04 -6.900165996436650e-04	1.000000000000000e+00	707	0	551
552	-3.013028967075224e+02  4.998229470961415e+02  2.940830963674156e+03	2.390899074574311e-04 1.038655648396040e-03 7.995657409386088e-04	1.000000000000000e+00	707	0	552
553	-8.627353190253538e+02 -1.246931261277515e+02  3.575439264295869e+03	-1.558919650657723e-03  3.751512461652358e-04  1.183768404492487e-03	1.000000000000000e+00	707	0	553
554	1.546151378695031e+02 2.067201075452347e+01 3.538286999947246e+03	 7.918689613385747e-04 -3.837299785421540e-04  4.081389827964206e-04	1.000000000000000e+00	707	0	554
558	 4.847813788093997e+02 -4.505729116592551e+02  2.553802351992619e+03	 7.560367618377010e-03  8.689073535303274e-04 -8.429274971907338e-03	1.000000000000000e+00	707	0	558
562	3.493145766825903e+02 4.280570197126900e+02 2.138744422770913e+03	-3.512571608249952e-04 -3.035277162174073e-05 -3.209043892032544e-04	1.000000000000000e+00	707	0	562
563	-7.220823931512552e+02 -1.389387588256724e+02  3.449031971119691e+03	-6.089351154514588e-05  1.299597142860875e-04 -6.906620274094166e-05	5.625000000000000e-01	707	0	563
564	1.500000000000000e+03 7.613660409375989e+02 2.676362215792992e+03	0.000000000000000e+00 0.000000000000000e+00 0.000000000000000e+00	1.000000000000000e+00	707	-1	350
573	-1.674440979534689e+02  5.385993810941093e+02  2.845748598918070e+03	9.426505227262776e-04 2.084369790585091e-03 1.141719267858813e-03	1.000000000000000e+00	707	0	573
575	-3.879968937610167e+01 -7.315019094366905e+02  3.358312417955556e+03	-3.718325092146794e-03 -2.708483875418703e-03  6.426808967565496e-03	1.000000000000000e+00	707	0	575
584	 1.163140679159779e+02 -9.517078699934686e+02  1.863527061922731e+03	 4.782280884683132e-03 -1.526829414069653e-02  1.048601325601339e-02	1.000000000000000e+00	55	0	584
585	8.370921025446654e+01 2.775639516667641e+01 3.474465456744363e+03	-4.299271289103975e-04  7.789603647931168e-04  3.490332358827193e-04	1.000000000000000e+00	707	0	585
589	-6.619425380719131e+02 -1.422443381022343e+02  3.392197695316911e+03	-8.856902513798559e-05  1.881952539406484e-04 -9.962622880266281e-05	5.625000000000000e-01	707	0	589
591	 3.627551337958917e+02 -9.184530214253597e+02  1.583831147474708e+03	 2.100628598903616e-02 -1.589754425610105e-02 -5.108741732935112e-03	1.000000000000000e+00	55	0	591
593	 3.490473385369969e+02 -9.835649903300916e+02  5.539485633386199e+02	-2.581774257123471e-03 -7.600767072290182e-03 -5.018992815166712e-03	1.000000000000000e+00	679	0	593
594	 4.326694854394011e+02 -3.585354414831476e+02  2.513876775186510e+03	 9.037007771742839e-03  5.543330529083805e-04 -9.591340824651223e-03	1.000000000000000e+00	707	0	594
595	 1.000000000000000e+03 -4.338146551527043e+02  4.527462370530042e+02	-2.693829328484357e-19 -9.014807874336839e-03 -9.014807874336839e-03	1.000000000000000e+00	679	1	595
596	-2.774525668700276e+02  1.500000000000000e+03  2.137873186260997e+03	0.000000000000000e+00 0.000000000000000e+00 0.000000000000000e+00	1.000000000000000e+00	707	-1	425
603	3.322282166377900e+02 7.061266388277268e+02 2.513603542060429e+03	7.051893820365271e-04 3.931039866680901e-03 3.225850484644373e-03	1.000000000000000e+00	707	0	603
608	-6.027378955090259e+02 -1.441339174396026e+02  3.334882632091392e+03	-1.829102645084883e-04  3.798456503621613e-04 -1.969353858536730e-04	1.000000000000000e+00	707	0	608
609	-3.976549017706240e+01 -6.076752966421584e+02  4.500000000000000e+03	0.000000000000000e+00 0.000000000000000e+00 0.000000000000000e+00	1.000000000000000e+00	684	-1	380
615	5.040120436193513e+02 1.500000000000000e+03 3.505124234377281e+03	0.000000000000000e+00 0.000000000000000e+00 0.000000000000000e+00	1.000000000000000e+00	571	-1	484
617	 7.477863023893238e+01 -8.520461660601427e+02  3.365278354963974e+03	-5.742077560474476e-03 -7.377162886162600e-03  1.311924044663707e-02	1.000000000000000e+00	707	0	617
619	 4.587287059877048e+02 -1.500000000000000e+03  1.459840896745634e+03	0.000000000000000e+00 0.000000000000000e+00 0.000000000000000e+00	1.000000000000000e+00	571	-1	431
623	 4.044188248543585e+02 -3.041082235664862e+02  2.487700217854891e+03	 9.841461621059958e-03  1.869825306736551e-05 -9.860159874127325e-03	1.000000000000000e+00	707	0	623
624	7.218078616243322e+01 6.090445335435442e+02 2.676568867251603e+03	3.185966052114964e-04 2.554822247475386e-03 2.236225642263889e-03	1.000000000000000e+00	707	0	624
625	-1.036883408455354e+01  5.047983260918087e+01  3.403110849847847e+03	-5.976883151258032e-03  2.562544153382381e-03 -3.414338997875650e-03	1.000000000000000e+00	707	0	625
626	2.024371784118776e+02 6.599644705625935e+02 2.597232412021208e+03	5.165391679232320e-04 3.286750734938929e-03 2.770211567015698e-03	1.000000000000000e+00	707	0	626
628	 3.890016926549253e+02 -1.469422556134313e+02  3.951269701399381e+03	-1.657610591792036e-03 -1.364973715681117e-03 -2.926368761109188e-04	7.500000000000000e-01	707	0	628
632	 3.684942752087007e+02 -2.305533120053155e+02  2.450069855939379e+03	 1.077950651718614e-02 -2.732993840860823e-04 -1.050620713310006e-02	1.000000000000000e+00	707	0	632
633	-5.885850274162206e+01 -2.868920453144364e+02  2.184228179141081e+03	-1.572928997726801e-03  1.381719111426112e-03  1.912098863006880e-04	1.000000000000000e+00	55	0	633
636	-6.968465538645007e+01 -8.713638708804325e+02  1.969181786112123e+03	-5.789895076304671e-04 -7.874517585150898e-03  8.453507092781365e-03	1.000000000000000e+00	55	0	636
637	-4.348486051264910e+02 -8.783386786493120e+02  2.049812567547417e+03	-2.240652393084019e-04 -2.247112119221129e-03 -2.471177358529530e-03	1.000000000000000e+00	707	0	637
640	-5.414608755791231e+02 -1.458154245297328e+02  3.275287119251620e+03	 2.083977451547980e-04  3.144592628814280e-04 -5.228570080362260e-04	1.000000000000000e+00	707	0	640
641	 3.333779869190399e+02 -1.566102022256975e+02  2.411243034449421e+03	 1.186344579521877e-02 -2.695786339851721e-04 -1.159386716123360e-02	1.000000000000000e+00	707	0	641
647	-9.901076385107599e+02  4.114134735653338e+02  1.482060341602647e+03	 5.423983209766448e-03 -3.341824514791370e-03  8.765807724557817e-03	7.500000000000000e-01	55	0	647
648	-2.390050060088207e+02 -1.500000000000000e+03  2.095716402002472e+03	0.000000000000000e+00 0.000000000000000e+00 0.000000000000000e+00	1.000000000000000e+00	707	-1	500
650	-1.262112346302273e+02  2.077756020299667e+00  3.238866372713292e+03	-4.880424579217409e-03  4.559303177908684e-03 -3.211214013087252e-04	1.000000000000000e+00	707	0	650
651	1.500000000000000e+03 1.439842756217784e+02 2.058980450477171e+03	0.000000000000000e+00 0.000000000000000e+00 0.000000000000000e+00	1.000000000000000e+00	707	-1	302
652	 2.974880344492661e+02 -8.320780008109618e+01  2.373730584774594e+03	 1.331393422151450e-02  1.969793520402162e-04 -1.351091357355472e-02	1.000000000000000e+00	707	0	652
653	 3.039141669583862e+02 -9.585739335040145e+02  1.682793026390868e+03	 1.481519655014078e-02 -2.010583862041434e-02  5.290642070273558e-03	1.000000000000000e+00	55	0	653
656	9.914093031261405e+02 5.252386196500765e+02 2.703173101607244e+03	 8.102181367576122e-03 -6.565454415977001e-03  1.536726951599122e-03	1.000000000000000e+00	26	0	656
657	-1.000000000000000e+03  1.364352260191323e+02  1.747146227659608e+03	 2.640906164067382e-18 -1.809094892814755e-02  1.809094892814755e-02	1.000000000000000e+00	55	1	657
658	 2.605467354435208e+02 -1.342271182866959e+01  2.340886795527912e+03	 1.461067865602672e-02  2.950176130980254e-03 -1.756085478700697e-02	1.000000000000000e+00	707	0	658
659	 8.639108770885925e+02 -5.780543632975179e+02  4.445956518195980e+02	 6.056449065605800e-03 -9.020242529610792e-03 -1.507669159521659e-02	1.000000000000000e+00	679	0	659
661	 1.500000000000000e+03 -4.338146551527043e+02  4.527462370530042e+02	0.000000000000000e+00 0.000000000000000e+00 0.000000000000000e+00	1.000000000000000e+00	679	-1	595
663	-5.686980273388905e+01 -6.847814880865977e+02  3.939998121112388e+03	-1.149310637265444e-02 -3.113402053713799e-03  8.379704318940639e-03	1.000000000000000e+00	684	0	663
664	-4.736999524055378e+01 -5.183154297086840e+02 -5.000000000000000e+02	0.000000000000000e+00 0.000000000000000e+00 0.000000000000000e+00	1.000000000000000e+00	643	-1	281
666	6.495333179485775e+02 4.034444821518429e+02 3.606087824613231e+02	8.041152536558608e-03 9.255531438005468e-03 1.214378901446859e-03	1.000000000000000e+00	666	0	666
668	 7.702928788731053e+02 -6.141516527059019e+02  3.085236258791930e+03	-2.136928281591585e-04  9.111798087057347e-04 -6.974869805465763e-04	1.000000000000000e+00	707	0	668
669	-1.500000000000000e+03  3.387812194426253e+02  1.544800234236116e+03	0.000000000000000e+00 0.000000000000000e+00 0.000000000000000e+00	1.000000000000000e+00	55	-1	291
671	8.218653173944008e+02 2.885350963111585e+02 7.336739717481531e+01	1.377131498884410e-02 1.437355775851756e-02 6.022427696734670e-04	1.000000000000000e+00	666	0	671
672	4.087063253031287e+01 1.500000000000000e+03 1.565826985727745e+03	0.000000000000000e+00 0.000000000000000e+00 0.000000000000000e+00	1.000000000000000e+00	666	-1	284
674	 1.253487151294851e+02 -1.500000000000000e+03  3.342835580930498e+03	0.000000000000000e+00 0.000000000000000e+00 0.000000000000000e+00	1.000000000000000e+00	707	-1	429
676	-1.500000000000000e+03  1.364352260191323e+02  1.747146227659608e+03	0.000000000000000e+00 0.000000000000000e+00 0.000000000000000e+00	1.000000000000000e+00	55	-1	657
3	-7.071067811865475e-01  0.000000000000000e+00  7.071067811865475e-01	-5.773502691896257e-01  5.773502691896257e-01 -5.773502691896257e-01	 6.288536307352362e+02 -6.288536307352362e+02  6.288536307352362e+02	1	0	0.000000000000000e+00	0.000000000000000e+00	0.000000000000000e+00
4	0.000000000000000e+00 7.071067811865475e-01 7.071067811865475e-01	 5.773502691896257e-01 -5.773502691896257e-01  5.773502691896257e-01	 1.522636602155032e+03 -1.522636602155032e+03  1.522636602155032e+03	1	0	0.000000000000000e+00	0.000000000000000e+00	0.000000000000000e+00
5	 7.071067811865475e-01 -7.071067811865475e-01  0.000000000000000e+00	-5.773502691896257e-01 -5.773502691896257e-01  5.773502691896257e-01	-6.670373969193098e+02 -6.670373969193098e+02  6.670373969193098e+02	1	0	0.000000000000000e+00	0.000000000000000e+00	0.000000000000000e+00
7	-7.071067811865475e-01  7.071067811865475e-01  0.000000000000000e+00	-5.773502691896257e-01 -5.773502691896257e-01  5.773502691896257e-01	-3.955083929436755e+02 -3.955083929436755e+02  3.955083929436755e+02	1	0	0.000000000000000e+00	0.000000000000000e+00	0.000000000000000e+00
8	 0.000000000000000e+00 -7.071067811865475e-01 -7.071067811865475e-01	-5.773502691896257e-01  5.773502691896257e-01 -5.773502691896257e-01	 2.022325394193525e+02 -2.022325394193525e+02  2.022325394193525e+02	1	0	0.000000000000000e+00	0.000000000000000e+00	0.000000000000000e+00
9	-7.071067811865475e-01  0.000000000000000e+00  7.071067811865475e-01	-5.773502691896257e-01  5.773502691896257e-01 -5.773502691896257e-01	 7.132350399568309e+02 -7.132350399568309e+02  7.132350399568309e+02	1	0	0.000000000000000e+00	0.000000000000000e+00	0.000000000000000e+00
10	-7.071067811865475e-01 -7.071067811865475e-01  0.000000000000000e+00	-5.773502691896257e-01  5.773502691896257e-01  5.773502691896257e-01	-6.330962714223555e+02  6.330962714223555e+02  6.330962714223555e+02	1	0	0.000000000000000e+00	0.000000000000000e+00	0.000000000000000e+00
11	-7.071067811865475e-01 -7.071067811865475e-01  0.000000000000000e+00	0.000000000000000e+00 0.000000000000000e+00 0.000000000000000e+00	 2.192031021678291e+02 -4.907321061434645e+02  2.609224022578360e+03	1	1	0.000000000000000e+00	0.000000000000000e+00	0.000000000000000e+00
12	-7.071067811865475e-01 -7.071067811865475e-01  0.000000000000000e+00	-5.773502691896257e-01  5.773502691896257e-01  5.773502691896257e-01	-9.611938178929136e+02  9.611938178929136e+02  9.611938178929136e+02	1	0	0.000000000000000e+00	0.000000000000000e+00	0.000000000000000e+00
13	-7.071067811865475e-01  7.071067811865475e-01  0.000000000000000e+00	 5.773502691896257e-01  5.773502691896257e-01 -5.773502691896257e-01	-1.120999950441073e+03 -1.120999950441073e+03  1.120999950441073e+03	1	0	0.000000000000000e+00	0.000000000000000e+00	0.000000000000000e+00
14	-7.071067811865475e-01  7.071067811865475e-01  0.000000000000000e+00	0.000000000000000e+00 0.000000000000000e+00 0.000000000000000e+00	1.824335495461294e+02 3.747665940288718e+01 3.582910060272236e+03	1	1	0.000000000000000e+00	0.000000000000000e+00	0.000000000000000e+00
15	-7.071067811865475e-01  7.071067811865475e-01  0.000000000000000e+00	-5.773502691896257e-01 -5.773502691896257e-01  5.773502691896257e-01	-3.049987249517975e+02 -3.049987249517975e+02  3.049987249517975e+02	1	0	0.000000000000000e+00	0.000000000000000e+00	0.000000000000000e+00
16	 0.000000000000000e+00 -7.071067811865475e-01  7.071067811865475e-01	5.773502691896257e-01 5.773502691896257e-01 5.773502691896257e-01	1.080459161653044e+03 1.080459161653044e+03 1.080459161653044e+03	1	0	0.000000000000000e+00	0.000000000000000e+00	0.000000000000000e+00
17	 0.000000000000000e+00 -7.071067811865475e-01  7.071067811865475e-01	0.000000000000000e+00 0.000000000000000e+00 0.000000000000000e+00	 9.142890680742061e+02 -6.201326471006022e+02  2.947221063985530e+03	1	1	0.000000000000000e+00	0.000000000000000e+00	0.000000000000000e+00
18	 0.000000000000000e+00 -7.071067811865475e-01  7.071067811865475e-01	-5.773502691896257e-01 -5.773502691896257e-01 -5.773502691896257e-01	8.626702730475879e+02 8.626702730475879e+02 8.626702730475879e+02	1	0	0.000000000000000e+00	0.000000000000000e+00	0.000000000000000e+00
19	 7.071067811865475e-01 -7.071067811865475e-01  0.000000000000000e+00	-5.773502691896257e-01 -5.773502691896257e-01 -5.773502691896257e-01	3.427110866150800e+02 3.427110866150800e+02 3.427110866150800e+02	1	0	0.000000000000000e+00	0.000000000000000e+00	0.000000000000000e+00
20	 7.071067811865475e-01 -7.071067811865475e-01  0.000000000000000e+00	0.000000000000000e+00 0.000000000000000e+00 0.000000000000000e+00	3.577960312803930e+02 7.283199846221450e+01 5.975052301026326e+02	1	1	0.000000000000000e+00	0.000000000000000e+00	0.000000000000000e+00
21	 7.071067811865475e-01 -7.071067811865475e-01  0.000000000000000e+00	-5.773502691896257e-01 -5.773502691896257e-01 -5.773502691896257e-01	6.128258770283411e+02 6.128258770283411e+02 6.128258770283411e+02	1	0	0.000000000000000e+00	0.000000000000000e+00	0.000000000000000e+00
22	-7.071067811865475e-01  0.000000000000000e+00 -7.071067811865475e-01	0.000000000000000e+00 0.000000000000000e+00 0.000000000000000e+00	1.000000000000000e+03 4.153257531310242e+02 4.000000000000000e+03	1	2	0.000000000000000e+00	0.000000000000000e+00	0.000000000000000e+00
23	-7.071067811865475e-01  0.000000000000000e+00 -7.071067811865475e-01	0.000000000000000e+00 0.000000000000000e+00 0.000000000000000e+00	1.000000000000000e+03 1.000000000000000e+03 3.415325753131025e+03	1	2	0.000000000000000e+00	0.000000000000000e+00	0.000000000000000e+00
25	-7.071067811865475e-01  0.000000000000000e+00  7.071067811865475e-01	0.000000000000000e+00 0.000000000000000e+00 0.000000000000000e+00	-1.000000000000000e+03 -1.000000000000000e+03  2.856711395993652e+03	1	2	0.000000000000000e+00	0.000000000000000e+00	0.000000000000000e+00
27	 0.000000000000000e+00  7.071067811865475e-01 -7.071067811865475e-01	0.000000000000000e+00 0.000000000000000e+00 0.000000000000000e+00	1.000000000000000e+03 1.000000000000000e+03 2.217486865801013e+03	1	2	0.000000000000000e+00	0.000000000000000e+00	0.000000000000000e+00
28	 0.000000000000000e+00  7.071067811865475e-01 -7.071067811865475e-01	0.000000000000000e+00 0.000000000000000e+00 0.000000000000000e+00	 1.000000000000000e+03 -7.825131341989875e+02  4.000000000000000e+03	1	2	0.000000000000000e+00	0.000000000000000e+00	0.000000000000000e+00
29	 0.000000000000000e+00  7.071067811865475e-01 -7.071067811865475e-01	0.000000000000000e+00 0.000000000000000e+00 0.000000000000000e+00	 7.825131341989878e+02 -1.000000000000000e+03  4.000000000000000e+03	1	2	0.000000000000000e+00	0.000000000000000e+00	0.000000000000000e+00
32	-7.071067811865475e-01  0.000000000000000e+00  7.071067811865475e-01	0.000000000000000e+00 0.000000000000000e+00 0.000000000000000e+00	 8.865608922057086e+02 -1.000000000000000e+03  0.000000000000000e+00	1	2	0.000000000000000e+00	0.000000000000000e+00	0.000000000000000e+00
33	-7.071067811865475e-01  0.000000000000000e+00  7.071067811865475e-01	0.000000000000000e+00 0.000000000000000e+00 0.000000000000000e+00	 3.083463050681401e+02 -1.000000000000000e+03  5.782145871375685e+02	1	2	0.000000000000000e+00	0.000000000000000e+00	0.000000000000000e+00
35	0.000000000000000e+00 7.071067811865475e-01 7.071067811865475e-01	0.000000000000000e+00 0.000000000000000e+00 0.000000000000000e+00	-7.944746895478133e+01 -1.000000000000000e+03  3.647357275419877e+03	1	2	0.000000000000000e+00	0.000000000000000e+00	0.000000000000000e+00
37	 7.071067811865475e-01 -7.071067811865475e-01  0.000000000000000e+00	0.000000000000000e+00 0.000000000000000e+00 0.000000000000000e+00	-1.000000000000000e+03 -1.000000000000000e+03  1.112190757929056e+00	1	2	0.000000000000000e+00	0.000000000000000e+00	0.000000000000000e+00
39	 7.071067811865475e-01 -7.071067811865475e-01  0.000000000000000e+00	0.000000000000000e+00 0.000000000000000e+00 0.000000000000000e+00	-1.000000000000000e+03  4.343145750507622e+02  0.000000000000000e+00	1	2	0.000000000000000e+00	0.000000000000000e+00	0.000000000000000e+00
41	-7.071067811865475e-01  7.071067811865475e-01  0.000000000000000e+00	0.000000000000000e+00 0.000000000000000e+00 0.000000000000000e+00	1.000000000000000e+03 1.000000000000000e+03 3.186525178831027e+03	1	2	0.000000000000000e+00	0.000000000000000e+00	0.000000000000000e+00
42	-7.071067811865475e-01  7.071067811865475e-01  0.000000000000000e+00	0.000000000000000e+00 0.000000000000000e+00 0.000000000000000e+00	6.349839330957705e+02 1.000000000000000e+03 2.821509111926798e+03	1	2	0.000000000000000e+00	0.000000000000000e+00	0.000000000000000e+00
44	 0.000000000000000e+00 -7.071067811865475e-01 -7.071067811865475e-01	0.000000000000000e+00 0.000000000000000e+00 0.000000000000000e+00	1.000000000000000e+03 3.933023817419428e+02 0.000000000000000e+00	1	2	0.000000000000000e+00	0.000000000000000e+00	0.000000000000000e+00
45	 0.000000000000000e+00 -7.071067811865475e-01 -7.071067811865475e-01	0.000000000000000e+00 0.000000000000000e+00 0.000000000000000e+00	8.599837640679655e+02 2.532861458099076e+02 0.000000000000000e+00	1	2	0.000000000000000e+00	0.000000000000000e+00	0.000000000000000e+00
46	-7.071067811865475e-01  0.000000000000000e+00  7.071067811865475e-01	0.000000000000000e+00 0.000000000000000e+00 0.000000000000000e+00	 1.000000000000000e+03 -1.000000000000000e+03  1.397051198704921e+02	1	2	0.000000000000000e+00	0.000000000000000e+00	0.000000000000000e+00
47	-7.071067811865475e-01  0.000000000000000e+00  7.071067811865475e-01	0.000000000000000e+00 0.000000000000000e+00 0.000000000000000e+00	-1.000000000000000e+03 -1.000000000000000e+03  2.139705119870493e+03	1	2	0.000000000000000e+00	0.000000000000000e+00	0.000000000000000e+00
48	-7.071067811865475e-01  0.000000000000000e+00  7.071067811865475e-01	0.000000000000000e+00 0.000000000000000e+00 0.000000000000000e+00	-1.000000000000000e+03  2.104044227923633e+02  3.350109542662855e+03	1	2	0.000000000000000e+00	0.000000000000000e+00	0.000000000000000e+00
49	-7.071067811865475e-01  7.071067811865475e-01  0.000000000000000e+00	5.773502691896257e-01 5.773502691896257e-01 5.773502691896257e-01	8.626702730475879e+02 8.626702730475879e+02 8.626702730475879e+02	1	0	0.000000000000000e+00	0.000000000000000e+00	0.000000000000000e+00
50	 0.000000000000000e+00 -7.071067811865475e-01 -7.071067811865475e-01	 5.773502691896257e-01  5.773502691896257e-01 -5.773502691896257e-01	-1.120999950441073e+03 -1.120999950441073e+03  1.120999950441073e+03	1	0	0.000000000000000e+00	0.000000000000000e+00	0.000000000000000e+00
53	 7.071067811865475e-01 -7.071067811865475e-01  0.000000000000000e+00	5.773502691896257e-01 5.773502691896257e-01 5.773502691896257e-01	8.626702730475879e+02 8.626702730475879e+02 8.626702730475879e+02	1	0	0.000000000000000e+00	0.000000000000000e+00	0.000000000000000e+00
69	-7.071067811865475e-01  0.000000000000000e+00 -7.071067811865475e-01	-5.773502691896257e-01  5.773502691896257e-01  5.773502691896257e-01	-1.138441917710341e+03  1.138441917710341e+03  1.138441917710341e+03	1	0	0.000000000000000e+00	0.000000000000000e+00	0.000000000000000e+00
70	-7.071067811865475e-01  0.000000000000000e+00 -7.071067811865475e-01	0.000000000000000e+00 0.000000000000000e+00 0.000000000000000e+00	1.000000000000000e+03 1.000000000000000e+03 3.415325753131025e+03	1	2	0.000000000000000e+00	0.000000000000000e+00	0.000000000000000e+00
78	 0.000000000000000e+00 -7.071067811865475e-01 -7.071067811865475e-01	0.000000000000000e+00 0.000000000000000e+00 0.000000000000000e+00	-4.320901935349040e+02 -1.000000000000000e+03  4.000000000000000e+03	1	2	0.000000000000000e+00	0.000000000000000e+00	0.000000000000000e+00
84	-7.071067811865475e-01  7.071067811865475e-01  0.000000000000000e+00	0.000000000000000e+00 0.000000000000000e+00 0.000000000000000e+00	-1.000000000000000e+03  1.000000000000000e+03  2.001112190757930e+03	1	2	0.000000000000000e+00	0.000000000000000e+00	0.000000000000000e+00
87	 7.071067811865475e-01 -7.071067811865475e-01  0.000000000000000e+00	0.000000000000000e+00 0.000000000000000e+00 0.000000000000000e+00	-1.000000000000000e+03 -1.000000000000000e+03  1.112190757929056e+00	1	2	0.000000000000000e+00	0.000000000000000e+00	0.000000000000000e+00
100	-7.071067811865475e-01  0.000000000000000e+00  7.071067811865475e-01	 5.773502691896257e-01 -5.773502691896257e-01  5.773502691896257e-01	 9.522371319978838e+02 -9.522371319978838e+02  9.522371319978838e+02	1	0	0.000000000000000e+00	0.000000000000000e+00	0.000000000000000e+00
101	-7.071067811865475e-01  0.000000000000000e+00  7.071067811865475e-01	0.000000000000000e+00 0.000000000000000e+00 0.000000000000000e+00	-1.000000000000000e+03 -1.000000000000000e+03  2.856711395993652e+03	1	2	0.000000000000000e+00	0.000000000000000e+00	0.000000000000000e+00
102	-7.071067811865475e-01  7.071067811865475e-01  0.000000000000000e+00	0.000000000000000e+00 0.000000000000000e+00 0.000000000000000e+00	1.000000000000000e+03 7.613660409375989e+02 2.676362215792992e+03	1	2	0.000000000000000e+00	0.000000000000000e+00	0.000000000000000e+00
106	 7.071067811865475e-01  0.000000000000000e+00 -7.071067811865475e-01	0.000000000000000e+00 0.000000000000000e+00 0.000000000000000e+00	 1.000000000000000e+03 -8.865608922057086e+02  0.000000000000000e+00	1	2	0.000000000000000e+00	0.000000000000000e+00	0.000000000000000e+00
107	 7.071067811865475e-01 -7.071067811865475e-01  0.000000000000000e+00	-5.773502691896257e-01 -5.773502691896257e-01 -5.773502691896257e-01	-1.885618083164127e+02 -1.885618083164127e+02 -1.885618083164127e+02	1	0	0.000000000000000e+00	0.000000000000000e+00	0.000000000000000e+00
108	 7.071067811865475e-01 -7.071067811865475e-01  0.000000000000000e+00	0.000000000000000e+00 0.000000000000000e+00 0.000000000000000e+00	-1.000000000000000e+03  4.343145750507622e+02  0.000000000000000e+00	1	2	0.000000000000000e+00	0.000000000000000e+00	0.000000000000000e+00
112	0.000000000000000e+00 7.071067811865475e-01 7.071067811865475e-01	0.000000000000000e+00 0.000000000000000e+00 0.000000000000000e+00	1.000000000000000e+03 1.000000000000000e+03 6.066976182580577e+02	1	2	0.000000000000000e+00	0.000000000000000e+00	0.000000000000000e+00
113	 0.000000000000000e+00  7.071067811865475e-01 -7.071067811865475e-01	 5.773502691896257e-01 -5.773502691896257e-01 -5.773502691896257e-01	-7.391622886003375e+02  7.391622886003375e+02  7.391622886003375e+02	1	0	0.000000000000000e+00	0.000000000000000e+00	0.000000000000000e+00
114	 0.000000000000000e+00  7.071067811865475e-01 -7.071067811865475e-01	0.000000000000000e+00 0.000000000000000e+00 0.000000000000000e+00	 7.825131341989878e+02 -1.000000000000000e+03  4.000000000000000e+03	1	2	0.000000000000000e+00	0.000000000000000e+00	0.000000000000000e+00
115	-7.071067811865475e-01 -7.071067811865475e-01  0.000000000000000e+00	0.000000000000000e+00 0.000000000000000e+00 0.000000000000000e+00	-1.000000000000000e+03  1.364352260191323e+02  1.747146227659608e+03	1	2	0.000000000000000e+00	0.000000000000000e+00	0.000000000000000e+00
69	0	1	1
22	1	0	1
22	0	205	-1
69	628	0	0
69	1	2	1
23	2	1	1
22	206	1	-1
23	1	206	-1
23	207	2	-1
70	2	207	-1
69	2	425	1
70	425	2	1
100	4	5	1
25	5	4	1
25	4	209	-1
100	359	4	0
25	210	5	-1
101	5	210	-1
100	5	500	1
101	500	5	1
113	7	8	1
27	8	7	1
27	7	212	-1
113	428	7	0
113	8	9	1
28	9	8	1
27	213	8	-1
28	8	213	-1
113	9	10	1
29	10	9	1
28	214	9	-1
29	9	214	-1
29	215	10	-1
114	10	215	-1
113	10	429	1
114	429	10	1
3	13	14	1
32	14	13	1
32	13	218	-1
106	13	218	-1
3	595	13	1
106	595	13	1
3	14	15	1
33	15	14	1
32	219	14	-1
33	14	219	-1
33	220	15	-1
3	15	593	0
4	17	18	1
35	18	17	1
35	17	222	-1
78	17	222	-1
4	380	17	1
78	380	17	1
35	223	18	-1
4	18	329	0
5	20	21	1
37	21	20	1
37	20	225	-1
84	20	225	-1
5	484	20	1
84	484	20	1
37	226	21	-1
87	21	226	-1
5	21	431	1
87	431	21	1
107	23	24	1
39	24	23	1
39	23	228	-1
107	432	23	0
39	229	24	-1
108	24	229	-1
107	24	281	1
108	281	24	1
7	26	27	1
41	27	26	1
41	26	231	-1
7	656	26	0
7	27	28	1
42	28	27	1
41	232	27	-1
42	27	232	-1
42	233	28	-1
7	28	283	0
8	30	31	1
44	31	30	1
44	30	235	-1
112	30	235	-1
8	284	30	1
112	284	30	1
8	31	32	1
45	32	31	1
44	236	31	-1
45	31	236	-1
45	237	32	-1
8	32	671	0
9	33	34	1
46	34	33	1
46	33	238	-1
9	436	33	0
9	34	35	1
47	35	34	1
46	239	34	-1
47	34	239	-1
9	35	36	1
48	36	35	1
47	240	35	-1
48	35	240	-1
48	241	36	-1
9	36	437	0
10	37	38	0
11	38	37	0
11	37	40	0
10	340	37	0
11	39	38	0
10	38	341	0
11	40	39	0
12	39	40	0
12	342	39	0
12	40	343	0
10	41	344	0
10	345	41	0
12	42	346	0
12	347	42	0
13	43	44	0
14	44	43	0
14	43	46	0
13	348	43	0
14	45	44	0
13	44	452	0
14	46	45	0
15	45	46	0
15	350	45	0
15	46	351	0
15	48	354	0
15	355	48	0
16	49	50	0
17	50	49	0
17	49	52	0
16	356	49	0
17	51	50	0
16	50	357	0
17	52	51	0
18	51	52	0
18	358	51	0
18	52	551	0
16	53	360	0
16	361	53	0
18	54	362	0
18	363	54	0
19	55	56	0
20	56	55	0
20	55	58	0
19	364	55	0
20	57	56	0
19	56	365	0
20	58	57	0
21	57	58	0
21	366	57	0
21	58	367	0
19	59	368	0
19	369	59	0
21	60	370	0
21	371	60	0
22	205	206	-1
23	206	207	-1
70	207	596	-1
25	209	210	-1
101	210	648	-1
27	212	213	-1
28	213	214	-1
29	214	215	-1
114	215	674	-1
32	218	219	-1
106	218	661	-1
33	219	220	-1
35	222	223	-1
78	222	609	-1
37	225	226	-1
84	225	615	-1
87	226	619	-1
39	228	229	-1
108	229	664	-1
41	231	232	-1
42	232	233	-1
44	235	236	-1
112	235	672	-1
45	236	237	-1
46	238	239	-1
47	239	240	-1
48	240	241	-1
69	242	488	0
69	489	242	0
3	245	378	0
3	379	245	0
5	247	492	0
5	493	247	0
107	248	446	0
107	447	248	0
7	249	386	0
7	387	249	0
8	250	494	0
8	542	250	0
9	439	251	0
9	251	624	0
10	252	392	0
10	393	252	0
10	253	315	0
10	394	253	0
12	254	396	0
12	397	254	0
12	255	399	0
12	657	255	0
13	257	403	0
13	650	257	0
15	406	259	0
15	259	407	0
16	260	408	0
16	409	260	0
16	410	261	0
16	261	411	0
18	413	262	0
113	413	262	0
113	262	544	0
18	262	658	0
18	414	263	0
18	263	415	0
19	264	584	0
19	653	264	0
19	418	265	0
19	265	419	0
21	266	420	0
21	421	266	0
21	422	267	0
21	267	423	0
69	268	452	0
13	452	268	0
50	452	268	0
69	524	268	0
50	268	625	0
13	268	650	0
69	496	269	0
69	269	497	0
113	272	460	0
113	562	272	0
3	274	595	0
3	659	274	0
3	275	379	0
3	593	275	0
4	329	277	0
4	277	381	0
5	278	502	0
5	503	278	0
5	504	279	0
5	279	505	0
107	280	468	0
107	469	280	0
107	281	471	0
108	664	281	-1
7	283	387	0
8	507	284	0
112	672	284	-1
8	540	285	0
8	285	543	0
9	286	476	0
9	547	286	0
9	478	287	0
9	287	479	0
10	288	340	0
10	392	288	0
10	341	289	0
10	289	394	0
12	290	342	0
12	396	290	0
12	647	291	0
12	291	657	1
115	657	291	1
115	291	669	-1
10	344	292	0
10	292	393	0
10	315	293	0
10	293	345	0
12	346	294	0
12	294	397	0
12	295	347	0
12	399	295	0
13	501	296	0
13	296	637	0
15	351	299	0
15	299	406	0
13	301	353	0
13	403	301	0
15	302	350	1
102	350	302	1
15	354	302	0
102	302	651	-1
15	303	355	0
15	407	303	0
16	304	356	0
16	408	304	0
16	305	410	0
16	668	305	0
18	306	358	0
18	412	306	0
18	359	307	0
100	307	359	0
49	359	307	0
18	307	414	0
100	414	307	0
53	414	307	0
49	307	553	0
53	307	563	0
16	360	308	0
16	308	409	0
16	309	361	0
16	411	309	0
18	575	310	0
18	310	617	0
18	311	363	0
18	415	311	0
19	312	364	0
19	636	312	0
19	365	313	0
19	313	418	0
21	314	366	0
21	420	314	0
21	315	422	0
21	633	315	0
19	368	316	0
19	316	417	0
19	317	369	0
19	419	317	0
21	370	318	0
21	318	421	0
21	319	371	0
21	423	319	0
69	320	508	0
69	509	320	0
113	324	428	0
113	460	324	0
5	330	516	0
5	517	330	0
5	518	331	0
5	331	519	0
107	332	432	0
107	468	332	0
8	522	337	0
8	337	666	0
9	476	338	0
9	338	548	0
9	437	339	0
9	339	478	0
12	343	647	0
13	637	348	0
102	564	350	-1
100	353	374	0
13	353	501	0
100	501	353	0
16	357	668	0
18	551	359	0
49	553	359	0
18	362	575	0
21	367	633	0
69	523	372	0
69	372	524	0
69	373	439	0
69	526	373	0
100	374	528	0
113	376	461	0
113	544	376	0
3	378	659	0
78	609	380	-1
4	663	380	0
4	381	663	0
5	531	382	0
5	382	532	0
5	383	533	0
5	534	383	0
107	446	384	0
107	384	469	0
107	385	447	0
107	471	385	0
7	386	656	0
8	535	388	0
8	388	536	0
8	541	389	0
8	389	546	0
9	390	603	0
9	626	390	0
9	552	391	0
9	391	573	0
18	558	412	0
113	429	413	0
18	617	413	0
100	528	414	0
53	640	414	0
19	584	416	0
19	416	636	0
19	417	591	0
69	508	424	0
69	424	628	0
69	425	511	0
70	596	425	-1
114	674	429	-1
5	430	484	0
5	516	430	0
5	431	518	0
87	619	431	-1
8	435	522	0
8	671	435	0
9	548	436	0
69	488	438	0
69	438	523	0
69	439	489	0
9	573	439	0
5	492	444	0
5	444	531	0
5	445	493	0
5	533	445	0
8	494	448	0
8	448	535	0
8	449	542	0
8	546	449	0
9	624	450	0
9	450	626	0
69	452	509	0
50	554	452	0
69	454	496	0
69	511	454	0
69	497	455	0
69	455	526	0
113	461	562	0
5	502	464	0
5	464	517	0
5	465	503	0
5	532	465	0
5	466	504	0
5	519	466	0
5	505	467	0
5	467	534	0
8	473	507	0
8	536	473	0
8	474	540	0
8	666	474	0
8	475	541	0
8	543	475	0
9	477	547	0
9	603	477	0
9	479	552	0
84	615	484	-1
100	500	501	0
101	648	500	-1
50	585	554	0
18	594	558	0
53	563	589	0
102	651	564	-1
50	625	585	0
53	589	608	0
19	591	653	0
18	623	594	0
106	661	595	-1
53	608	640	0
18	632	623	0
18	641	632	0
18	652	641	0
18	658	652	0
115	676	657	-1
115	669	676	-1
