377
53
483
0	 3.470728089999042e+02 -2.376014378690717e+02  4.000000000000000e+03	 8.175566559657454e-03  8.175566559657454e-03 -1.839732397341137e-18	1.000000000000000e+00	584	1	0
1	1.000000000000000e+03 4.153257531310242e+02 4.000000000000000e+03	0.000000000000000e+00 0.000000000000000e+00 0.000000000000000e+00	1.000000000000000e+00	584	1	1
2	1.000000000000000e+03 1.000000000000000e+03 3.415325753131025e+03	0.000000000000000e+00 0.000000000000000e+00 0.000000000000000e+00	1.000000000000000e+00	584	1	2
4	-1.000000000000000e+03 -1.309696109800296e+02  3.725741785013623e+03	 1.056015512190737e-18 -6.596700754016638e-03 -6.596700754016638e-03	1.000000000000000e+00	584	1	4
5	-1.000000000000000e+03 -1.000000000000000e+03  2.856711395993652e+03	0.000000000000000e+00 0.000000000000000e+00 0.000000000000000e+00	1.000000000000000e+00	584	1	5
7	6.009203351198252e+02 1.000000000000000e+03 1.818407200920838e+03	 3.261060453951359e-03 -6.959416092082617e-20  3.261060453951359e-03	1.000000000000000e+00	584	1	7
8	1.000000000000000e+03 1.000000000000000e+03 2.217486865801013e+03	0.000000000000000e+00 0.000000000000000e+00 0.000000000000000e+00	1.000000000000000e+00	584	1	8
9	 1.000000000000000e+03 -7.825131341989875e+02  4.000000000000000e+03	0.000000000000000e+00 0.000000000000000e+00 0.000000000000000e+00	1.000000000000000e+00	584	1	9
10	 7.825131341989878e+02 -1.000000000000000e+03  4.000000000000000e+03	0.000000000000000e+00 0.000000000000000e+00 0.000000000000000e+00	1.000000000000000e+00	584	1	10
11	 9.505027193637810e+00 -1.000000000000000e+03  3.226991892994650e+03	7.108712801709771e-03 5.596094642602174e-19 7.108712801709771e-03	1.000000000000000e+00	584	1	11
13	 1.000000000000000e+03 -8.865608922057086e+02  0.000000000000000e+00	0.000000000000000e+00 0.000000000000000e+00 0.000000000000000e+00	1.000000000000000e+00	487	1	13
14	 8.865608922057086e+02 -1.000000000000000e+03  0.000000000000000e+00	0.000000000000000e+00 0.000000000000000e+00 0.000000000000000e+00	1.000000000000000e+00	487	1	14
15	 2.078796012929757e+02 -1.000000000000000e+03  6.786812909127328e+02	 9.041615179739892e-03  2.009401006431572e-18 -9.041615179739892e-03	1.000000000000000e+00	487	1	15
17	-4.320901935349040e+02 -1.000000000000000e+03  4.000000000000000e+03	0.000000000000000e+00 0.000000000000000e+00 0.000000000000000e+00	1.000000000000000e+00	552	1	17
18	-2.682882119767323e+01 -1.000000000000000e+03  3.594738627662769e+03	-2.152788045350462e-03 -5.184022936904892e-20  2.152788045350462e-03	1.000000000000000e+00	552	1	18
20	-1.000000000000000e+03  1.000000000000000e+03  2.001112190757930e+03	0.000000000000000e+00 0.000000000000000e+00 0.000000000000000e+00	1.000000000000000e+00	571	1	20
21	-1.000000000000000e+03 -1.000000000000000e+03  1.112190757929056e+00	0.000000000000000e+00 0.000000000000000e+00 0.000000000000000e+00	1.000000000000000e+00	571	1	21
23	-1.000000000000000e+03 -3.337932898829175e+02  7.681078649336797e+02	 2.481817709038492e-19  3.733421210199594e-03 -3.733421210199594e-03	1.000000000000000e+00	453	1	23
24	-1.000000000000000e+03  4.343145750507622e+02  0.000000000000000e+00	0.000000000000000e+00 0.000000000000000e+00 0.000000000000000e+00	1.000000000000000e+00	453	1	24
26	1.000000000000000e+03 3.799060452706675e+02 2.566431224101695e+03	-7.450577644237741e-19  8.650047180708499e-03  8.650047180708494e-03	1.000000000000000e+00	26	1	26
27	1.000000000000000e+03 1.000000000000000e+03 3.186525178831027e+03	0.000000000000000e+00 0.000000000000000e+00 0.000000000000000e+00	1.000000000000000e+00	26	1	27
28	5.277457879631522e+02 1.000000000000000e+03 2.714270966794180e+03	 9.369526756927371e-03 -8.666931394974285e-19  9.369526756927371e-03	1.000000000000000e+00	26	1	28
30	1.000000000000000e+03 1.000000000000000e+03 6.066976182580577e+02	0.000000000000000e+00 0.000000000000000e+00 0.000000000000000e+00	1.000000000000000e+00	525	1	30
31	1.000000000000000e+03 3.933023817419428e+02 0.000000000000000e+00	0.000000000000000e+00 0.000000000000000e+00 0.000000000000000e+00	1.000000000000000e+00	525	1	31
32	7.637888884360252e+02 1.570912701779674e+02 0.000000000000000e+00	7.764429552480578e-03 7.764429552480578e-03 6.277219912436241e-19	1.000000000000000e+00	525	1	32
33	1.000000000000000e+03 8.883514313371932e+02 2.028056551207686e+03	-7.368041591233757e-19  5.086620803922415e-03  5.086620803922415e-03	1.000000000000000e+00	584	1	33
34	 1.000000000000000e+03 -1.000000000000000e+03  1.397051198704921e+02	0.000000000000000e+00 0.000000000000000e+00 0.000000000000000e+00	1.000000000000000e+00	584	1	34
35	-1.000000000000000e+03 -1.000000000000000e+03  2.139705119870493e+03	0.000000000000000e+00 0.000000000000000e+00 0.000000000000000e+00	1.000000000000000e+00	584	1	35
36	-1.000000000000000e+03  2.350459738937222e+02  3.374751093764214e+03	 2.382751788857904e-19 -5.487871356308460e-03 -5.487871356308460e-03	1.000000000000000e+00	584	1	36
37	-5.395224740453357e+02  2.679934700697016e+02  1.091772870152029e+03	0.000000000000000e+00 0.000000000000000e+00 0.000000000000000e+00	1.000000000000000e+00	55	0	37
38	 2.192031021678289e+02 -4.907321061434643e+02  2.609224022578360e+03	0.000000000000000e+00 0.000000000000000e+00 0.000000000000000e+00	1.000000000000000e+00	55	0	38
39	-1.088944443027284e+02 -1.626345596729055e+02  2.937321569048918e+03	0.000000000000000e+00 0.000000000000000e+00 0.000000000000000e+00	1.000000000000000e+00	55	0	39
40	-8.676200205158938e+02  5.960910165402597e+02  1.419870416622587e+03	0.000000000000000e+00 0.000000000000000e+00 0.000000000000000e+00	1.000000000000000e+00	55	0	40
41	-1.123982308779588e+02 -7.041341653842112e+01  1.857303999927529e+03	4.529270362885048e-03 3.839167281209181e-03 6.901030816758673e-04	1.000000000000000e+00	55	0	41
42	-5.290061003024738e+02  1.691673216263026e+02  2.185408031749964e+03	-6.269260658882558e-03 -8.212912944145501e-03  1.943652285262942e-03	1.000000000000000e+00	55	0	42
43	-6.102331521639902e+02 -7.551900423072325e+02  1.997576656851997e+03	0.000000000000000e+00 0.000000000000000e+00 0.000000000000000e+00	1.000000000000000e+00	584	0	43
44	1.824335495461293e+02 3.747665940288727e+01 3.582910060272236e+03	0.000000000000000e+00 0.000000000000000e+00 0.000000000000000e+00	1.000000000000000e+00	584	0	44
45	9.984347750354049e+02 8.534778848921627e+02 2.766908834782960e+03	0.000000000000000e+00 0.000000000000000e+00 0.000000000000000e+00	1.000000000000000e+00	584	0	45
46	2.057680733252849e+02 6.081118318204366e+01 1.181575431362721e+03	0.000000000000000e+00 0.000000000000000e+00 0.000000000000000e+00	1.000000000000000e+00	584	0	46
48	7.397447774219271e+02 3.063270570266421e+02 1.961068009303962e+03	 1.569622320433458e-02 -2.169626827041308e-02 -6.000045066078505e-03	1.000000000000000e+00	584	0	48
49	-7.756961389616430e+02  2.248599564173225e+02  3.792213667503454e+03	0.000000000000000e+00 0.000000000000000e+00 0.000000000000000e+00	1.000000000000000e+00	584	0	49
50	 9.142890680742061e+02 -6.201326471006022e+02  2.947221063985530e+03	0.000000000000000e+00 0.000000000000000e+00 0.000000000000000e+00	1.000000000000000e+00	584	0	50
51	 6.965001794687494e+02 -8.379215357060586e+02  2.729432175380073e+03	0.000000000000000e+00 0.000000000000000e+00 0.000000000000000e+00	1.000000000000000e+00	584	0	51
52	-9.934850275670998e+02  7.071067811866083e+00  3.574424778897997e+03	0.000000000000000e+00 0.000000000000000e+00 0.000000000000000e+00	1.000000000000000e+00	584	0	52
53	 6.707674078107627e+01 -2.090736485267365e+02  3.383374392704794e+03	-3.142989686845492e-04 -3.831172750021021e-04  6.974162436866512e-04	1.000000000000000e+00	584	0	53
54	-1.582888322298071e+02 -5.574731111199643e+02  3.303772762492535e+03	-2.841735879580180e-03 -5.857169084871808e-03  8.698904964451989e-03	1.000000000000000e+00	584	0	54
55	-3.705239533417505e+02 -6.554879861599293e+02  2.054145199346920e+03	0.000000000000000e+00 0.000000000000000e+00 0.000000000000000e+00	1.000000000000000e+00	55	0	55
56	3.577960312803930e+02 7.283199846221450e+01 5.975052301026326e+02	0.000000000000000e+00 0.000000000000000e+00 0.000000000000000e+00	1.000000000000000e+00	55	0	56
57	6.279108216936542e+02 3.429467888754754e+02 8.676200205158938e+02	0.000000000000000e+00 0.000000000000000e+00 0.000000000000000e+00	1.000000000000000e+00	55	0	57
58	-1.004091629284902e+02 -3.853731957466688e+02  2.324259989760182e+03	0.000000000000000e+00 0.000000000000000e+00 0.000000000000000e+00	1.000000000000000e+00	55	0	58
59	 2.305222538738856e+02 -4.390479559100840e+02  1.236658961881438e+03	 1.946779713034630e-02 -1.152573525905609e-02 -7.942061871290207e-03	1.000000000000000e+00	55	0	59
60	2.382293965668772e+02 5.575031877876753e+00 1.594673202640269e+03	-9.785033762454987e-04  1.116945873945951e-03 -1.384424977004528e-04	1.000000000000000e+00	55	0	60
205	 3.470728089999042e+02 -2.376014378690717e+02  4.500000000000000e+03	0.000000000000000e+00 0.000000000000000e+00 0.000000000000000e+00	1.000000000000000e+00	584	-1	0
206	1.353553390593274e+03 4.153257531310242e+02 4.353553390593273e+03	0.000000000000000e+00 0.000000000000000e+00 0.000000000000000e+00	1.000000000000000e+00	584	-1	1
207	1.353553390593274e+03 1.353553390593274e+03 3.415325753131025e+03	0.000000000000000e+00 0.000000000000000e+00 0.000000000000000e+00	1.000000000000000e+00	584	-1	2
209	-1.500000000000000e+03 -1.309696109800296e+02  3.725741785013623e+03	0.000000000000000e+00 0.000000000000000e+00 0.000000000000000e+00	1.000000000000000e+00	584	-1	4
210	-1.353553390593274e+03 -1.353553390593274e+03  2.856711395993652e+03	0.000000000000000e+00 0.000000000000000e+00 0.000000000000000e+00	1.000000000000000e+00	584	-1	5
212	6.009203351198252e+02 1.500000000000000e+03 1.818407200920838e+03	0.000000000000000e+00 0.000000000000000e+00 0.000000000000000e+00	1.000000000000000e+00	584	-1	7
213	1.353553390593274e+03 1.353553390593274e+03 2.217486865801013e+03	0.000000000000000e+00 0.000000000000000e+00 0.000000000000000e+00	1.000000000000000e+00	584	-1	8
214	 1.353553390593274e+03 -7.825131341989875e+02  4.353553390593273e+03	0.000000000000000e+00 0.000000000000000e+00 0.000000000000000e+00	1.000000000000000e+00	584	-1	9
215	 7.825131341989878e+02 -1.353553390593274e+03  4.353553390593273e+03	0.000000000000000e+00 0.000000000000000e+00 0.000000000000000e+00	1.000000000000000e+00	584	-1	10
216	 9.505027193637808e+00 -1.500000000000000e+03  3.226991892994650e+03	0.000000000000000e+00 0.000000000000000e+00 0.000000000000000e+00	1.000000000000000e+00	584	-1	11
218	 1.353553390593274e+03 -8.865608922057086e+02 -3.535533905932737e+02	0.000000000000000e+00 0.000000000000000e+00 0.000000000000000e+00	1.000000000000000e+00	487	-1	13
219	 8.865608922057086e+02 -1.353553390593274e+03 -3.535533905932737e+02	0.000000000000000e+00 0.000000000000000e+00 0.000000000000000e+00	1.000000000000000e+00	487	-1	14
220	 2.078796012929757e+02 -1.500000000000000e+03  6.786812909127328e+02	0.000000000000000e+00 0.000000000000000e+00 0.000000000000000e+00	1.000000000000000e+00	487	-1	15
222	-4.320901935349040e+02 -1.353553390593274e+03  4.353553390593273e+03	0.000000000000000e+00 0.000000000000000e+00 0.000000000000000e+00	1.000000000000000e+00	552	-1	17
223	-2.682882119767324e+01 -1.500000000000000e+03  3.594738627662769e+03	0.000000000000000e+00 0.000000000000000e+00 0.000000000000000e+00	1.000000000000000e+00	552	-1	18
225	-1.353553390593274e+03  1.353553390593274e+03  2.001112190757930e+03	0.000000000000000e+00 0.000000000000000e+00 0.000000000000000e+00	1.000000000000000e+00	571	-1	20
226	-1.353553390593274e+03 -1.353553390593274e+03  1.112190757929058e+00	0.000000000000000e+00 0.000000000000000e+00 0.000000000000000e+00	1.000000000000000e+00	571	-1	21
228	-1.500000000000000e+03 -3.337932898829175e+02  7.681078649336797e+02	0.000000000000000e+00 0.000000000000000e+00 0.000000000000000e+00	1.000000000000000e+00	453	-1	23
229	-1.353553390593274e+03  4.343145750507622e+02 -3.535533905932737e+02	0.000000000000000e+00 0.000000000000000e+00 0.000000000000000e+00	1.000000000000000e+00	453	-1	24
231	1.500000000000000e+03 3.799060452706675e+02 2.566431224101695e+03	0.000000000000000e+00 0.000000000000000e+00 0.000000000000000e+00	1.000000000000000e+00	26	-1	26
232	1.353553390593274e+03 1.353553390593274e+03 3.186525178831027e+03	0.000000000000000e+00 0.000000000000000e+00 0.000000000000000e+00	1.000000000000000e+00	26	-1	27
233	5.277457879631522e+02 1.500000000000000e+03 2.714270966794180e+03	0.000000000000000e+00 0.000000000000000e+00 0.000000000000000e+00	1.000000000000000e+00	26	-1	28
235	1.353553390593274e+03 1.353553390593274e+03 6.066976182580577e+02	0.000000000000000e+00 0.000000000000000e+00 0.000000000000000e+00	1.000000000000000e+00	525	-1	30
236	 1.353553390593274e+03  3.933023817419428e+02 -3.535533905932737e+02	0.000000000000000e+00 0.000000000000000e+00 0.000000000000000e+00	1.000000000000000e+00	525	-1	31
237	 7.637888884360252e+02  1.570912701779674e+02 -5.000000000000000e+02	0.000000000000000e+00 0.000000000000000e+00 0.000000000000000e+00	1.000000000000000e+00	525	-1	32
238	1.500000000000000e+03 8.883514313371932e+02 2.028056551207686e+03	0.000000000000000e+00 0.000000000000000e+00 0.000000000000000e+00	1.000000000000000e+00	584	-1	33
239	 1.353553390593274e+03 -1.353553390593274e+03  1.397051198704921e+02	0.000000000000000e+00 0.000000000000000e+00 0.000000000000000e+00	1.000000000000000e+00	584	-1	34
240	-1.353553390593274e+03 -1.353553390593274e+03  2.139705119870493e+03	0.000000000000000e+00 0.000000000000000e+00 0.000000000000000e+00	1.000000000000000e+00	584	-1	35
241	-1.500000000000000e+03  2.350459738937222e+02  3.374751093764214e+03	0.000000000000000e+00 0.000000000000000e+00 0.000000000000000e+00	1.000000000000000e+00	584	-1	36
242	-5.304225787901430e+01  4.162867432309200e+02  2.945996752021090e+03	-2.909338800236583e-04 -1.843623467721045e-04 -1.065715332515538e-04	1.000000000000000e+00	584	0	242
243	-2.531442276647838e+02 -2.690313722579906e+02  2.840824251400445e+03	-4.270592273247277e-18  1.393049524631351e-02  1.393049524631352e-02	1.000000000000000e+00	584	0	243
244	 1.857844117022964e+02 -4.622209965095342e+01  2.449493377154262e+03	-2.629622623013953e-03 -1.243190219004949e-03 -1.386432404009004e-03	1.000000000000000e+00	584	0	244
245	 6.202201653176271e+02 -6.403197169950503e+02  6.260210098930311e+02	 6.410253078987201e-03 -7.751557355125745e-03 -1.416181043411295e-02	1.000000000000000e+00	487	0	245
246	 4.282991729419901e+01 -6.125764067035628e+02  3.912503482467334e+03	-1.258930206919710e-02 -4.511294265588124e-03  8.078007803608974e-03	1.000000000000000e+00	552	0	246
247	3.560327602210276e+02 5.280091440488457e+01 2.409945865383841e+03	-4.787987583161642e-03  4.498140401362131e-03 -2.898471817995111e-04	1.000000000000000e+00	571	0	247
248	-3.342719783549662e+02 -5.796605315409245e+02  3.482470849466527e+02	-2.219998122503360e-03  9.931014074633518e-03 -7.711015952130158e-03	1.000000000000000e+00	453	0	248
249	7.908351857999058e+02 6.725967304190913e+02 2.649957095050024e+03	8.427800765881935e-03 3.339305209616820e-03 1.176710597549876e-02	1.000000000000000e+00	26	0	249
250	1.747825571877756e+02 6.229002612861901e+02 1.054815322356472e+03	8.371471310965717e-03 9.436301072128117e-03 1.064829761162400e-03	1.000000000000000e+00	525	0	250
251	4.181477509387650e+00 5.633269269470768e+02 2.698850569308182e+03	6.655944647112243e-05 1.479032815647467e-03 1.412473369176344e-03	1.000000000000000e+00	584	0	251
252	-2.738307326016283e+02  1.602916330720213e+02  1.465166448593417e+03	 5.570629999662439e-03  6.120612456773718e-03 -5.499824571112791e-04	1.000000000000000e+00	55	0	252
253	 1.708521400146303e+01 -3.155875814620062e+02  2.231961609730536e+03	-1.723336982877299e-04 -1.662029725366665e-04 -6.130725751063435e-06	5.625000000000000e-01	55	0	253
254	-2.600536793996783e+02  7.175473898281928e+01  2.551773035296243e+03	 2.213482725589226e-03  3.096295540065815e-03 -8.828128144765893e-04	1.000000000000000e+00	55	0	254
255	-7.759574954140065e+02  3.024064193518254e+02  1.805217538912909e+03	-1.338376294976721e-02 -1.458304185265054e-02  1.199278902883331e-03	1.000000000000000e+00	55	0	255
256	-2.531442276647839e+02 -7.553220402759786e+02  2.354533583382457e+03	 4.651178465813751e-18 -1.307055400684475e-02 -1.307055400684476e-02	1.000000000000000e+00	584	0	256
257	-7.351079852496923e+01 -1.069621201834355e+02  3.182526932614815e+03	-6.715122105864187e-03  5.381817968251805e-03 -1.333304137612382e-03	1.000000000000000e+00	584	0	257
259	4.403274755405249e+02 2.140196928535871e+02 1.569343343249505e+03	 2.817112253978848e-03 -4.382229410111904e-03 -1.565117156133056e-03	1.000000000000000e+00	584	0	259
260	-3.497507472263801e+02  9.776918974570629e+01  3.493359042439807e+03	 4.542660123358171e-04  5.864503366562228e-03 -6.318769378898044e-03	1.000000000000000e+00	584	0	260
261	 4.845929772372742e+02 -4.592283604842576e+02  3.216012868206117e+03	-6.257084508736928e-04 -3.212185304922362e-03  3.837893755796055e-03	1.000000000000000e+00	584	0	261
262	 1.852619766708759e+02 -2.499358838977105e+02  2.652684726369599e+03	-4.607766961185486e-18  3.731047362089156e-02 -3.731047362089157e-02	1.000000000000000e+00	584	0	262
263	-4.913101167823258e+02 -1.985393697119634e+02  3.277860305637053e+03	 1.166015871179601e-02  2.452794307221970e-03 -1.411295301901797e-02	1.000000000000000e+00	584	0	263
264	 1.167236004661875e+02 -7.935321883158008e+02  1.704941847694853e+03	 1.450820368093749e-02 -1.772108852552871e-02  3.212884844591220e-03	1.000000000000000e+00	55	0	264
265	 2.639691520424199e+02 -1.848161436760015e+02  9.489802514788217e+02	 1.658492892359694e-02 -1.142717354620497e-02 -5.157755377391974e-03	1.000000000000000e+00	55	0	265
266	4.409953524895030e+02 1.664051575472377e+02 1.231077121048283e+03	-2.415781326514358e-03  2.068241408172374e-03  3.475399183419843e-04	1.000000000000000e+00	55	0	266
267	 1.829831714476709e+01 -1.370620222238759e+02  1.957241336164132e+03	-3.783191787078977e-03  3.319013863801956e-03  4.641779232770204e-04	1.000000000000000e+00	55	0	267
268	-2.789148594814612e+01  2.616295090390247e+01  3.361271316278976e+03	-9.728553704917427e-03  3.361567043201543e-18 -9.728553704917434e-03	1.000000000000000e+00	584	0	268
269	-2.480953975769311e+02  7.462232766263905e+02  2.421007078927702e+03	6.201643457946678e-03 4.939853252532582e-03 1.261790205414097e-03	1.000000000000000e+00	584	0	269
271	-1.518292140914332e+02 -8.792972424451486e+02  2.129243367639936e+03	-2.429693976106743e-02 -2.285469470856090e-02  1.442245052506526e-03	1.000000000000000e+00	584	0	271
272	3.761360676935406e+02 4.927403862942941e+02 2.100882547200259e+03	-2.556715635970856e-03 -1.774626046729584e-04 -2.379253031297897e-03	1.000000000000000e+00	584	0	272
274	 8.414585270731390e+02 -4.311035587182289e+02  6.139988064143406e+02	 7.112289313226939e-03 -7.798102218657733e-03 -1.491039153188467e-02	1.000000000000000e+00	487	0	274
275	 3.940678797948171e+02 -8.508887055587882e+02  6.416043068521032e+02	 5.386944084117810e-03 -6.915478656689326e-03 -1.230242274080714e-02	1.000000000000000e+00	487	0	275
277	 1.419576594383144e+01 -8.072770034444975e+02  3.746437037076767e+03	-8.806741718823710e-03 -3.338033178200325e-03  5.468708540623386e-03	1.000000000000000e+00	552	0	277
278	5.266235653414872e+02 5.046034011593570e+02 3.032339157258773e+03	-4.460702650249004e-03  2.739279996603727e-03 -1.721422653645277e-03	1.000000000000000e+00	571	0	278
279	 2.965962177315004e+02 -4.973592033713192e+02  1.800349205118111e+03	 3.011891531059518e-04 -1.213688119605649e-04  1.798203411453869e-04	5.625000000000000e-01	571	0	279
280	-6.648111974096665e+02 -4.624465799750615e+02  5.615723524354900e+02	-9.656529873609543e-04  6.932736840099096e-03 -5.967083852738142e-03	1.000000000000000e+00	453	0	280
281	-1.030344335300389e+01 -6.679776882701324e+02  1.125957066738983e+02	-4.770840828617414e-03  1.655193992579977e-02 -1.178109909718235e-02	1.000000000000000e+00	453	0	281
282	9.215422379556086e+02 4.967018002903524e+02 2.604769217076988e+03	7.793339900672436e-03 3.075885586440563e-03 1.086922548711300e-02	1.000000000000000e+00	26	0	282
283	6.543990274967458e+02 8.508478566303648e+02 2.691772062958137e+03	7.579209282994269e-03 3.711485303938388e-03 1.129069458693266e-02	1.000000000000000e+00	26	0	283
284	-9.236688504603029e+01  8.649217182962258e+02  1.563986221600314e+03	 1.656330749392509e-02  1.527789421379566e-02 -1.285413280129434e-03	1.000000000000000e+00	525	0	284
285	4.512546199904278e+02 3.777553679982736e+02 5.331983662659034e+02	8.978587497646609e-03 1.020825848293801e-02 1.229670985291401e-03	1.000000000000000e+00	525	0	285
286	5.168580094575236e+02 7.284577015923927e+02 2.351304812005362e+03	8.655482282241185e-04 4.130641968610386e-03 3.265093740386267e-03	1.000000000000000e+00	584	0	286
287	-4.933844892108838e+02  4.389970023713237e+02  3.072086611452700e+03	-2.095998594692598e-04 -1.029729353225169e-03 -8.201294937559093e-04	1.000000000000000e+00	584	0	287
288	-3.990115614651535e+02  2.264334446118749e+02  1.273843808190038e+03	 4.025740044501920e-03  5.181243681969742e-03 -1.155503637467821e-03	1.000000000000000e+00	55	0	288
289	 1.261145943955462e+02 -3.952314149274686e+02  2.420634823590081e+03	-2.495400656092291e-03 -2.821596058007950e-03  3.261954019156595e-04	1.000000000000000e+00	55	0	289
290	-1.239158092574687e+02  1.152449235160982e+01  2.748141152069662e+03	4.629429410366963e-03 3.858819623322536e-03 7.706097870444257e-04	1.000000000000000e+00	55	0	290
291	-8.720612189340250e+02  4.097204231959400e+02  1.601799811548776e+03	-1.218288942861060e-02 -9.229038919632634e-03 -2.953850508977970e-03	1.000000000000000e+00	55	0	291
292	-1.785676768187504e+02  5.093033232621156e+01  1.669790805122105e+03	5.623545458850761e-03 4.811255765768389e-03 8.122896930823725e-04	1.000000000000000e+00	55	0	292
293	-3.791696875035667e+01 -1.899154203255198e+02  2.051287265842230e+03	3.838160653685918e-03 2.565553091699257e-03 1.272607561986661e-03	3.164062500000000e-01	55	0	293
294	-3.963008137336007e+02  1.173998645577297e+02  2.369880775387410e+03	-1.758159681533774e-03 -2.399484200092653e-03  6.413245185588797e-04	1.000000000000000e+00	55	0	294
295	-6.567333243768539e+02  2.288384977553360e+02  1.998009631546551e+03	-1.031820390683909e-02 -1.266540858584146e-02  2.347204679002364e-03	1.000000000000000e+00	55	0	295
296	-3.899978295739608e+02 -8.111615435801591e+02  2.161840478169100e+03	 7.018193136900663e-03 -1.433572918176651e-02 -7.317536044865847e-03	1.000000000000000e+00	584	0	296
299	2.749621673458514e+02 1.868893082730608e+02 1.376847650474305e+03	 1.239535554001729e-03 -2.151817975876232e-03 -9.122824218745034e-04	1.000000000000000e+00	584	0	299
301	-1.518103763211407e+02 -2.243467356509096e+02  2.986842739351169e+03	-1.301889431973298e-02  1.586941226075093e-02  2.850517941017946e-03	1.000000000000000e+00	584	0	301
302	8.731173042821241e+02 3.479203291386547e+02 2.136033808276171e+03	 2.359804883599281e-02 -3.574587032198906e-02 -1.214782148599625e-02	1.000000000000000e+00	584	0	302
303	5.943440355867053e+02 2.549208102924576e+02 1.764261020734556e+03	 7.647362382461627e-03 -1.083412968243162e-02 -3.186767299969991e-03	1.000000000000000e+00	584	0	303
304	-5.708543539327194e+02  1.996090101579281e+02  3.612622828733925e+03	-1.016563968732953e-03  5.218317382968962e-03 -4.201753414236009e-03	1.000000000000000e+00	584	0	304
305	 7.042385010184830e+02 -5.868539508102039e+02  3.123992934750854e+03	 3.444114699959754e-04 -2.676023868843913e-03  2.331612398847938e-03	1.000000000000000e+00	584	0	305
306	 5.272934518597334e+02 -6.348293338522506e+02  2.695546701135281e+03	 3.973463938261072e-03  3.866346242527167e-03 -7.839810180788239e-03	1.000000000000000e+00	584	0	306
307	-7.667729891463914e+02 -1.343502884254438e+02  3.489134096714600e+03	-5.057799862697719e-04  5.462282740796713e-19  5.057799862697722e-04	1.000000000000000e+00	584	0	307
308	-1.333686178547108e+02 -4.179400561534391e+01  3.416540108429188e+03	 7.963586055363218e-04  1.622814432873080e-03 -2.419173038409402e-03	1.000000000000000e+00	584	0	308
309	 2.792634164573645e+02 -3.307925526635616e+02  3.292906621165331e+03	-3.964307446343203e-04 -3.361660977437471e-03  3.758091722071792e-03	1.000000000000000e+00	584	0	309
310	 5.823914294888424e+01 -7.261257645227585e+02  3.255897440716637e+03	-4.497486477096876e-03 -9.828109138955673e-03  1.432559561605255e-02	1.000000000000000e+00	584	0	310
311	-3.559561940934266e+02 -3.789829391330352e+02  3.322949952369225e+03	 3.710483744119604e-03  2.464951792110999e-03 -6.175435536230604e-03	1.000000000000000e+00	584	0	311
312	-1.418906444758365e+02 -7.824524831875201e+02  1.952476387508597e+03	 8.625574798012774e-04 -2.929715924741080e-03  2.067158444939802e-03	1.000000000000000e+00	55	0	312
313	 3.158170966414727e+02 -6.495092004770402e+01  7.772670832514714e+02	 7.830846006982028e-03 -6.252205115742981e-03 -1.578640891239047e-03	1.000000000000000e+00	55	0	313
314	5.190843038136384e+02 2.697810754328028e+02 1.049612251838582e+03	-2.433929411078376e-03  2.413875604664403e-03  2.005380641397404e-05	1.000000000000000e+00	55	0	314
315	-3.040559159102147e+01 -2.523245460306135e+02  2.121207768706659e+03	 2.721279781501242e-18  9.591626003384628e-04 -9.591626003384552e-04	1.000000000000000e+00	55	0	315
316	 2.000515397647507e+02 -5.984543903646263e+02  1.426536110445116e+03	 1.811973222841819e-02 -1.159441440055768e-02 -6.525317827860515e-03	1.000000000000000e+00	55	0	316
317	 2.430973070414294e+02 -3.064411318637160e+02  1.091477084667526e+03	 2.017441981782516e-02 -1.159425607571999e-02 -8.580163742105166e-03	1.000000000000000e+00	55	0	317
318	3.621006681343666e+02 6.880750674243386e+01 1.407569456208223e+03	-8.813989697955550e-04  1.740802079439163e-03 -8.594031096436084e-04	1.000000000000000e+00	55	0	318
319	 1.332593331354339e+02 -7.108265076922405e+01  1.776300948718814e+03	-2.334085264010355e-03  2.665746054844931e-03 -3.316607908345759e-04	1.000000000000000e+00	55	0	319
320	 2.733571847371638e+02 -4.856436522698932e+01  3.737247303095177e+03	1.418405224588544e-03 1.344606733861535e-03 7.379849072700985e-05	1.000000000000000e+00	584	0	320
321	-3.232545355680293e+02  9.217349395152116e+02  2.170336278047783e+03	7.692081776137154e-03 5.807541388397415e-03 1.884540387739738e-03	1.000000000000000e+00	584	0	321
324	4.888401081394611e+02 7.492789820067981e+02 1.957047991933676e+03	6.155183643083244e-04 4.866358115881058e-05 5.668547831495137e-04	1.000000000000000e+00	584	0	324
326	 9.622636285011097e+02 -3.048412259339332e+02  6.194560377706656e+02	 8.507027581799775e-03 -8.088130271062257e-04 -9.315840608906001e-03	1.000000000000000e+00	487	0	326
327	 2.650128136896456e+02 -9.647153360954421e+02  6.568327424206208e+02	 3.142793818066515e-04 -7.025523150029281e-03 -7.339802531835934e-03	1.000000000000000e+00	487	0	327
329	-2.814742257759745e+00 -9.078266246298347e+02  3.662897924093021e+03	-5.322583989861111e-03 -1.840329573800166e-03  3.482254416060945e-03	1.000000000000000e+00	552	0	329
330	5.464992548880006e+02 7.759896481586323e+02 3.323601093804562e+03	-7.045891058320800e-03  3.653603683536252e-03 -3.392287374784549e-03	1.000000000000000e+00	571	0	330
331	 3.507462139931707e+02 -8.054314995641828e+02  1.546426905186917e+03	 6.930933411543568e-03 -2.258166360358397e-03  4.672767051185171e-03	1.000000000000000e+00	571	0	331
332	-8.323187985211931e+02 -3.959629117885094e+02  6.625962853604644e+02	-6.971630112578472e-04  5.424556826862196e-03 -4.727393815604349e-03	1.000000000000000e+00	453	0	332
333	 1.766524881693673e+02 -7.423379131186050e+02  0.000000000000000e+00	-1.186711568152532e-02  1.186711568152532e-02  6.306728222546862e-18	1.000000000000000e+00	453	1	333
335	5.769666740185498e+02 9.461495711539816e+02 2.709641424003558e+03	5.728951034446557e-03 3.946555623163779e-03 9.675506657610338e-03	1.000000000000000e+00	26	0	335
336	-2.347574080253520e+02  1.000000000000000e+03  1.841455026283410e+03	 6.481342483311886e-03 -1.096532251733862e-17 -6.481342483311897e-03	1.000000000000000e+00	525	1	336
337	6.115774655444708e+02 2.869681884570055e+02 2.820883411705924e+02	7.470838221100470e-03 9.045301975371936e-03 1.574463754271468e-03	1.000000000000000e+00	525	0	337
338	7.647149092507697e+02 8.114123007239995e+02 2.186402511343722e+03	1.374182446549336e-03 7.165500971799095e-03 5.791318525249760e-03	1.000000000000000e+00	584	0	338
339	-7.499773071494604e+02  3.447889125096538e+02  3.234471339529606e+03	-3.063587937504053e-04 -2.817403292283416e-03 -2.511044498533010e-03	1.000000000000000e+00	584	0	339
340	-4.646564640195643e+02  2.547153759977060e+02  1.179916974249796e+03	 2.072837436571717e-03  3.486217465251684e-03 -1.413380028679967e-03	1.000000000000000e+00	55	0	340
341	 1.802359964053135e+02 -4.397423290635216e+02  2.519267139735902e+03	-3.545275403060562e-03 -3.508775981269233e-03 -3.649942179132874e-05	1.000000000000000e+00	55	0	341
342	-8.707153713569883e+01 -6.751889220059891e+01  2.864028808743641e+03	4.795486747752875e-04 1.868838735390455e-04 2.926648012362421e-04	7.500000000000000e-01	55	0	342
343	-8.914800736420198e+02  5.003821503886545e+02  1.491719229648066e+03	-5.531479138880968e-03 -2.172123175114393e-03 -3.359355963766575e-03	1.000000000000000e+00	55	0	343
344	-1.451848506376755e+02 -1.197043020172288e+01  1.766074393831114e+03	5.296507889094451e-03 4.344821868774792e-03 9.516860203196608e-04	1.000000000000000e+00	55	0	344
345	-7.644668681369986e+01 -1.250837977069432e+02  1.947925925160310e+03	3.506450448185205e-03 2.978370524942875e-03 5.280799232423304e-04	1.000000000000000e+00	55	0	345
346	-4.631743899739529e+02  1.424811252209481e+02  2.277925938483840e+03	-4.034179224011798e-03 -5.405616985323529e-03  1.371437761311730e-03	1.000000000000000e+00	55	0	346
347	-5.936243254678515e+02  1.977574578417035e+02  2.092199670369186e+03	-8.381624706089497e-03 -1.067570410668850e-02  2.294079400599003e-03	1.000000000000000e+00	55	0	347
348	-5.042540493147579e+02 -7.980412883370827e+02  2.060704513671379e+03	 8.998380120222766e-04 -4.546354156142722e-03 -3.646516144120445e-03	1.000000000000000e+00	584	0	348
350	1.000000000000000e+03 7.561998426581167e+02 2.671196017513510e+03	-8.910565544169846e-18  4.843529313802736e-04  4.843529313802702e-04	1.000000000000000e+00	584	1	350
351	2.247653872829175e+02 1.368118430378017e+02 1.276573405176112e+03	 1.485738777167474e-03 -1.272868956827248e-03  2.128698203402261e-04	1.000000000000000e+00	584	0	351
353	-1.992593767886396e+02 -2.339583583136008e+02  2.929782116220979e+03	-1.544220481688778e-02  1.775890573238333e-02  2.316700915495555e-03	1.000000000000000e+00	584	0	353
354	8.068516197404817e+02 3.288890622243445e+02 2.050736856820219e+03	 1.964665390551090e-02 -2.802292257547379e-02 -8.376268669962883e-03	1.000000000000000e+00	584	0	354
355	6.687446309967781e+02 2.803867961202035e+02 1.864127601972374e+03	 1.151211497684320e-02 -1.585890321681897e-02 -4.346788239975771e-03	1.000000000000000e+00	584	0	355
356	-6.848776189559183e+02  2.294846025684649e+02  3.696770501346587e+03	-1.659948689242204e-03  2.728091358828048e-03 -1.068142669585844e-03	1.000000000000000e+00	584	0	356
357	 8.256758275818009e+02 -6.289181467343124e+02  3.044619804111645e+03	 1.383637994877063e-03 -1.503216815763153e-03  1.195788208860904e-04	1.000000000000000e+00	584	0	357
358	 6.210630580343734e+02 -7.332072688155708e+02  2.700155029923961e+03	 3.034177934750915e-03  8.104052394628526e-04 -3.844583174213767e-03	1.000000000000000e+00	584	0	358
359	-9.516616361647094e+02 -1.343502884254438e+02  3.674022743732918e+03	-1.768446527421475e-03 -6.536604764496937e-18  1.768446527421474e-03	1.000000000000000e+00	584	0	359
360	-3.415097128790851e+01 -1.289884194511305e+02  3.404516875698172e+03	 4.508321823474641e-04  4.659157517986993e-05 -4.974237575273340e-04	1.000000000000000e+00	584	0	360
361	 1.734855476650147e+02 -2.716883789178789e+02  3.339580316211997e+03	-2.542141204078992e-04 -2.274081072149178e-03  2.528295192557076e-03	1.000000000000000e+00	584	0	361
362	-5.818489050722317e+01 -6.342655316204400e+02  3.280461241270427e+03	-4.479252733290195e-03 -1.000999193638563e-02  1.448924466967583e-02	1.000000000000000e+00	584	0	362
363	-2.620543213182990e+02 -4.719541852757663e+02  3.322019325736829e+03	-3.724868292920291e-04 -7.399876485578716e-04  1.112474477849901e-03	1.000000000000000e+00	584	0	363
364	-2.649698771313038e+02 -7.256052514211970e+02  2.018708388397741e+03	 1.174989210994681e-05  1.967832213267684e-04 -2.085331216221675e-04	1.000000000000000e+00	55	0	364
365	3.486304231420083e+02 1.123173219349769e+00 6.783796634838820e+02	 3.846632821174959e-03 -2.182875022602578e-03 -1.663757798572381e-03	1.000000000000000e+00	55	0	365
366	5.682314001993092e+02 3.142333279029116e+02 9.560129029828024e+02	-1.626120453389982e-03  2.163497459453841e-03 -5.373770060638586e-04	1.000000000000000e+00	55	0	366
367	-8.809152486733048e+01 -3.213113001051603e+02  2.247880456057514e+03	-3.130648983642458e-04 -7.506468100473285e-04  1.063711708411574e-03	1.000000000000000e+00	55	0	367
368	 2.183745354900863e+02 -5.165566756284646e+02  1.326315399983618e+03	 1.861814223229885e-02 -1.173458900302649e-02 -6.883553229272366e-03	1.000000000000000e+00	55	0	368
369	 2.375613189238171e+02 -3.693548637001800e+02  1.159926804621603e+03	 2.011840045452118e-02 -1.142781693488359e-02 -8.690583519637585e-03	1.000000000000000e+00	55	0	369
370	2.939425856924340e+02 4.129419952055392e+01 1.503240845872035e+03	-9.715317864902318e-04  1.300978241488338e-03 -3.294464549981058e-04	1.000000000000000e+00	55	0	370
371	 1.855067976645659e+02 -3.321846598125165e+01  1.686189299401709e+03	-1.557446288643405e-03  1.727640890749171e-03 -1.701946021057665e-04	1.000000000000000e+00	55	0	371
372	-3.945829446010927e+01  1.951450347918560e+02  3.180722423879059e+03	-4.960830323398113e-03 -2.407160820439458e-03 -2.553669502958655e-03	1.000000000000000e+00	584	0	372
373	-1.518243561866432e+02  5.825286429203643e+02  2.680972754024017e+03	3.155745313658068e-03 2.425802425326159e-03 7.299428883319100e-04	1.000000000000000e+00	584	0	373
374	-3.495431292001772e+02 -2.067283912131344e+02  2.999526133980694e+03	7.190966047346592e-03 9.637986309826374e-03 2.447020262479782e-03	1.000000000000000e+00	584	0	374
376	2.621883140487978e+02 2.313584530796824e+02 2.248316726770128e+03	-2.575176564278081e-03 -2.360751968808472e-04 -2.339101367397234e-03	1.000000000000000e+00	584	0	376
378	 7.309629199332134e+02 -5.361266243403284e+02  6.194713479321666e+02	 6.899107868472735e-03 -8.153828016171852e-03 -1.505293588464459e-02	1.000000000000000e+00	487	0	378
379	 5.076856284970733e+02 -7.457297144168858e+02  6.331455492917494e+02	 5.878996569663286e-03 -7.287214975804090e-03 -1.316621154546738e-02	1.000000000000000e+00	487	0	379
380	 9.121502263651851e+01 -4.766947838285774e+02  4.000000000000000e+03	-1.097007369389757e-02 -1.097007369389758e-02 -5.034847889317240e-18	1.000000000000000e+00	552	1	380
381	 2.741377183991708e+01 -7.117629036568495e+02  3.828733130968330e+03	-1.132301241159439e-02 -4.294143524020910e-03  7.028868887573481e-03	1.000000000000000e+00	552	0	381
382	4.589036209869059e+02 2.624121308413299e+02 2.722427942586165e+03	-4.372122658727069e-03  3.190232013973097e-03 -1.181890644753973e-03	1.000000000000000e+00	571	0	382
383	 2.621175530791454e+02 -1.968468615508314e+02  2.066382882286243e+03	-5.210114254926641e-03  2.423087523008386e-03 -2.787026731918255e-03	1.000000000000000e+00	571	0	383
384	-4.985963276229118e+02 -5.245796363117238e+02  4.574905389853976e+02	-1.441330416128039e-03  8.240894530899823e-03 -6.799564114771783e-03	1.000000000000000e+00	453	0	384
385	-1.724674584530920e+02 -6.263248155340234e+02  2.331068490378774e+02	-3.333214204758406e-03  1.244583516381681e-02 -9.112620959058404e-03	1.000000000000000e+00	453	0	385
386	8.541705010403983e+02 5.872925840229549e+02 2.627988263894380e+03	8.289444260299206e-03 3.205630928277970e-03 1.149507518857718e-02	1.000000000000000e+00	26	0	386
387	7.245910870711627e+02 7.606053924918242e+02 2.671721658394014e+03	8.285458354900280e-03 3.571592892209689e-03 1.185705124710997e-02	1.000000000000000e+00	26	0	387
388	2.922608522580433e+01 7.337847490907445e+02 1.311256282122998e+03	1.091004990545722e-02 1.131226319315222e-02 4.022132876950007e-04	1.000000000000000e+00	525	0	388
389	3.262329664249394e+02 4.991815077663672e+02 7.796461595994854e+02	 8.801269330433570e-03  8.668718874105252e-03 -1.325504563283172e-04	1.000000000000000e+00	525	0	389
390	2.607063584459343e+02 6.496082095448913e+02 2.528606970969450e+03	4.626992934693893e-04 2.217646028536061e-03 1.754946735066672e-03	1.000000000000000e+00	584	0	390
391	-2.385184681674869e+02  5.102029359065588e+02  2.888426523944538e+03	2.286319698517521e-04 7.563324858589718e-04 5.277005160072198e-04	1.000000000000000e+00	584	0	391
392	-3.356441165577900e+02  1.966358171051891e+02  1.367008880604087e+03	 4.965568815047543e-03  6.074653550361593e-03 -1.109084735314051e-03	1.000000000000000e+00	55	0	392
393	-2.198084057066781e+02  1.115043352337402e+02  1.567976073326648e+03	5.753862225295355e-03 5.529796685247372e-03 2.240655400479834e-04	1.000000000000000e+00	55	0	393
394	 6.762948450910041e+01 -3.583351721600398e+02  2.325253470936207e+03	-1.054186965726937e-03 -1.124101681246733e-03  6.991471551979581e-05	1.000000000000000e+00	55	0	394
396	-1.908856792536255e+02  4.828884425973994e+01  2.644406930165375e+03	 3.760875357935826e-03  4.712343759213884e-03 -9.514684012780585e-04	1.000000000000000e+00	55	0	396
397	-3.286059364340009e+02  9.380383182237881e+01  2.461171685422361e+03	 4.489254982521136e-04  6.380375222458193e-04 -1.891120239937057e-04	1.000000000000000e+00	55	0	397
398	-8.291703657584465e+02  3.489099128996136e+02  1.705501175020681e+03	-1.392824290087447e-02 -1.337408839026466e-02 -5.541545106098054e-04	1.000000000000000e+00	55	0	398
399	-7.177374632069208e+02  2.634039910909846e+02  1.902439999380835e+03	-1.198359462432563e-02 -1.402293355204165e-02  2.039338927716016e-03	1.000000000000000e+00	55	0	399
400	-2.891063246263699e+02 -8.034679098891767e+02  2.270425616807673e+03	 1.624844050578152e-02 -1.697569513150180e-02 -7.272546257202831e-04	1.000000000000000e+00	584	0	400
402	-3.986565479193042e+01 -4.163247174708484e+01  3.281501724784204e+03	-7.268063335989912e-03  6.093006503457825e-03 -1.175056832532088e-03	1.000000000000000e+00	584	0	402
403	-1.074109884878863e+02 -1.768311891023779e+02  3.078757673732955e+03	-9.179985810381671e-03  7.968202504950265e-03 -1.211783305431406e-03	1.000000000000000e+00	584	0	403
405	9.506260893627039e+02 3.635328358166021e+02 2.229155100034699e+03	 3.410881136854490e-02 -4.606979216138522e-02 -1.196098079284032e-02	1.000000000000000e+00	584	0	405
406	3.618462049209612e+02 1.999020317281075e+02 1.476744411504461e+03	 1.912078044066826e-03 -3.059454921943446e-03 -1.147376877876619e-03	1.000000000000000e+00	584	0	406
407	5.180035762994899e+02 2.330013737939000e+02 1.666001124948782e+03	 4.740016534924507e-03 -6.990634836256504e-03 -2.250618301331997e-03	1.000000000000000e+00	584	0	407
408	-4.599936901828250e+02  1.548622605781425e+02  3.546508914563816e+03	-3.323461666392784e-04  6.371787739529585e-03 -6.039441572890307e-03	1.000000000000000e+00	584	0	408
409	-2.410197467900588e+02  3.226031965344032e+01  3.450136912095752e+03	 8.555942137415209e-04  4.088576514429103e-03 -4.944170728170623e-03	1.000000000000000e+00	584	0	409
410	 5.919225770971034e+02 -5.264596573723312e+02  3.175914565234361e+03	-2.997757983393968e-04 -2.993054891703650e-03  3.292830690043047e-03	1.000000000000000e+00	584	0	410
411	 3.811393994565224e+02 -3.927143180345838e+02  3.252952403537195e+03	-6.398577243089675e-04 -3.454863093793392e-03  4.094720818102360e-03	1.000000000000000e+00	584	0	411
412	 4.374383324155643e+02 -5.478587630702704e+02  2.698431249797470e+03	 4.915374641617140e-03  5.597037107994160e-03 -1.051241174961130e-02	1.000000000000000e+00	584	0	412
413	 1.852619766708760e+02 -8.266316029735572e+02  3.229380445445446e+03	-1.675112975619692e-18 -1.782716996967793e-02  1.782716996967792e-02	1.000000000000000e+00	584	0	413
414	-5.310363315813187e+02 -1.343502884254439e+02  3.253397439149527e+03	 1.458423084113747e-02 -1.717306820993928e-18 -1.458423084113747e-02	1.000000000000000e+00	584	0	414
415	-4.318506310831683e+02 -2.860429486934830e+02  3.305904398919415e+03	 8.167075769354900e-03  3.032943544288476e-03 -1.120001931364338e-02	1.000000000000000e+00	584	0	415
416	-1.880359652580782e+01 -8.103233881260418e+02  1.857260244497090e+03	 3.739896696060895e-03 -1.023991871625185e-02  6.500022020190954e-03	1.000000000000000e+00	55	0	416
417	 1.816250340081761e+02 -6.965258008075187e+02  1.543034026644583e+03	 1.935254968702793e-02 -1.304368209093809e-02 -6.308867596089840e-03	1.000000000000000e+00	55	0	417
418	 2.862859845981422e+02 -1.243986966893533e+02  8.662459719364512e+02	 1.232466939836740e-02 -9.424567222595215e-03 -2.900102175772190e-03	1.000000000000000e+00	55	0	418
419	 2.506109587171433e+02 -2.457735689738048e+02  1.023295870101902e+03	 1.922394909585516e-02 -1.185265633588036e-02 -7.371292759974797e-03	1.000000000000000e+00	55	0	419
420	4.764195616288128e+02 2.209393470118990e+02 1.141118722444312e+03	-2.584203883695106e-03  2.344785917860766e-03  2.394179658343395e-04	1.000000000000000e+00	55	0	420
421	4.076949498536234e+02 1.035836946492600e+02 1.327198986582140e+03	-1.921498915180564e-03  1.212236122228205e-03  7.092627929523587e-04	1.000000000000000e+00	55	0	421
422	-2.311531646026530e+01 -1.888144884564308e+02  2.050407436001719e+03	-3.866780105454382e-03  4.140371667745057e-03 -2.735915622906759e-04	7.500000000000000e-01	55	0	422
423	 7.872111327127918e+01 -1.041540638932214e+02  1.863910581706966e+03	-2.847966776850323e-03  3.434581177619596e-03 -5.866144007692733e-04	1.000000000000000e+00	55	0	423
424	 3.253091824282670e+02 -1.311828467870342e+02  3.871817782346325e+03	2.925093557375173e-03 2.284487437767287e-03 6.406061196078856e-04	1.000000000000000e+00	584	0	424
425	-3.775625777220724e+02  1.000000000000000e+03  2.037763175408952e+03	 8.501924399752170e-03 -2.392390666904519e-18  8.501924399752170e-03	1.000000000000000e+00	584	1	425
428	5.455220904234811e+02 8.786871265967301e+02 1.884321829627764e+03	2.485510005499236e-03 1.775020209606737e-04 2.308007984538563e-03	1.000000000000000e+00	584	0	428
429	 1.053457837547794e+02 -9.073360124531259e+02  3.230168662008918e+03	 6.952076219022275e-03 -7.303135469555856e-03  1.425521168857813e-02	1.000000000000000e+00	584	0	429
430	5.491526455245303e+02 9.204684978639906e+02 3.470733334146450e+03	-8.915405953302979e-03  5.988863529637456e-03 -2.926542423665524e-03	1.000000000000000e+00	571	0	430
431	 3.627436525829766e+02 -1.000000000000000e+03  1.363855843340906e+03	1.050204993225634e-02 1.524302630328271e-18 1.050204993225634e-02	1.000000000000000e+00	571	1	431
432	-9.205624623780204e+02 -3.611155557651030e+02  7.159925931938855e+02	-7.785703055560588e-04  4.432493820786476e-03 -3.653923515230417e-03	1.000000000000000e+00	453	0	432
435	6.974776284417778e+02 2.342219903948627e+02 1.434419802111424e+02	7.305751923316469e-03 7.741426680392276e-03 4.356747570758065e-04	1.000000000000000e+00	525	0	435
436	8.962289723091593e+02 8.556243788268910e+02 2.099100526388224e+03	1.251912210136652e-03 5.891729611903429e-03 4.639817401766777e-03	1.000000000000000e+00	584	0	436
437	-8.790930036242846e+02  2.895255470895173e+02  3.308323670584295e+03	-2.688493502015870e-04 -3.809710052640487e-03 -3.540860702438901e-03	1.000000000000000e+00	584	0	437
438	-4.037083990792804e+01  3.083770112141809e+02  3.066577902008915e+03	-2.628125483170152e-03 -1.401497051119804e-03 -1.226628432050347e-03	1.000000000000000e+00	584	0	438
439	-1.033230639133121e+02  5.344872527169538e+02  2.777515436500758e+03	 1.759199076332151e-03  1.759199076332152e-03 -8.831966077995129e-19	1.000000000000000e+00	584	0	439
442	2.025778312158114e+02 9.006797035155597e+01 2.329996726665268e+03	-5.426346324384212e-03 -2.025791443884373e-03 -3.400554880499840e-03	1.000000000000000e+00	584	0	442
443	 1.866378592904898e+02 -1.608715892732549e+02  2.564996314364757e+03	-1.156146967938791e-03 -6.497433253874382e-04 -5.064036425513526e-04	1.000000000000000e+00	584	0	443
444	4.139688161385105e+02 1.499602995144382e+02 2.565041306410878e+03	-5.098979493292670e-03  3.989939539072414e-03 -1.109039954220255e-03	1.000000000000000e+00	571	0	444
445	 2.743518991354117e+02 -4.565010434298861e+01  2.229813985550352e+03	-6.418626639060676e-03  4.859930020757020e-03 -1.558696618303657e-03	1.000000000000000e+00	571	0	445
446	-4.161472216325986e+02 -5.531585309089685e+02  4.036203275923291e+02	-1.786890905350447e-03  9.012664901092649e-03 -7.225773995742203e-03	1.000000000000000e+00	453	0	446
447	-2.531378041894601e+02 -6.039370750293280e+02  2.913894542695501e+02	-2.733464508006970e-03  1.102643374664088e-02 -8.292969238633910e-03	1.000000000000000e+00	453	0	447
448	9.919590885561178e+01 6.766366987360982e+02 1.184138408138544e+03	9.316431358456612e-03 1.023007649928331e-02 9.136451408267023e-04	1.000000000000000e+00	525	0	448
449	2.534255784428901e+02 5.661232249380494e+02 9.193952647532168e+02	8.245981162569175e-03 8.880823055127015e-03 6.348418925578394e-04	1.000000000000000e+00	525	0	449
450	1.327819372963585e+02 6.078258460740202e+02 2.614749028648154e+03	4.013536187509695e-04 1.984073043180009e-03 1.582719424429039e-03	1.000000000000000e+00	584	0	450
452	1.903203488278069e+02 2.616295090390254e+01 3.579483151054928e+03	 1.561208046041214e-05 -1.557333647185798e-18  1.561208046041644e-05	5.625000000000000e-01	584	0	452
453	-4.269241581682741e+01  6.139673592928954e+01  3.311236601384907e+03	-7.516037177992986e-03 -7.164256676333024e-03 -3.517805016599591e-04	1.000000000000000e+00	584	0	453
454	-2.872329499652179e+02  8.325463539891430e+02  2.295546449176663e+03	7.465687192355594e-03 5.687177569294969e-03 1.778509623060624e-03	1.000000000000000e+00	584	0	454
455	-2.034424000984839e+02  6.632638151281997e+02  2.548619537904341e+03	4.719067811189841e-03 3.966000416160871e-03 7.530673950289688e-04	1.000000000000000e+00	584	0	455
457	-4.440834491773423e+02 -1.703193480068425e+02  3.130475497164151e+03	4.889355972409248e-03 6.556915119290352e-03 1.667559146881104e-03	1.000000000000000e+00	584	0	457
458	-9.183917326288254e+01 -9.656568414482784e+02  1.982893727808256e+03	-2.370273151124517e-02 -2.733420378838976e-02 -3.631472277144592e-03	1.000000000000000e+00	584	0	458
459	-2.157262005600574e+02 -8.200698056130146e+02  2.252367790940694e+03	-1.782943153132995e-02 -1.317286646614472e-02  4.656565065185229e-03	1.000000000000000e+00	584	0	459
460	4.324625655363006e+02 6.198832518423316e+02 2.030066179494982e+03	-1.413226721827717e-03 -1.091045802847172e-04 -1.304122141543000e-03	1.000000000000000e+00	584	0	460
461	3.174696572357460e+02 3.609736751915660e+02 2.173982847845193e+03	-2.387298770675746e-03 -2.107294955446075e-04 -2.176569275131139e-03	1.000000000000000e+00	584	0	461
464	5.412098400193626e+02 6.378581792115720e+02 3.180180209988864e+03	-5.574635230004787e-03  3.047966398298740e-03 -2.526668831706047e-03	1.000000000000000e+00	571	0	464
465	4.978282070912958e+02 3.802282553139794e+02 2.879168653163204e+03	-4.218073484177391e-03  2.914470465232929e-03 -1.303603018944462e-03	1.000000000000000e+00	571	0	465
466	 3.154043179074588e+02 -6.471719701940713e+02  1.669344538471317e+03	 4.011661396361887e-03 -1.528574153780937e-03  2.483087242580950e-03	1.000000000000000e+00	571	0	466
467	 2.781388449228617e+02 -3.471387671021230e+02  1.932112268578668e+03	-2.613492038411399e-03  1.057054769868652e-03 -1.556437268542747e-03	1.000000000000000e+00	571	0	467
468	-7.483408558096677e+02 -4.295393727230811e+02  6.121948035835107e+02	-8.049360476434231e-04  6.255744490772486e-03 -5.450808443129063e-03	1.000000000000000e+00	453	0	468
469	-5.815465228587063e+02 -4.942212196713107e+02  5.100823175807790e+02	-1.175687105084459e-03  7.572335617927213e-03 -6.396648512842755e-03	1.000000000000000e+00	453	0	469
470	 7.924353017436202e+01 -6.892894529583989e+02  4.436049783479891e+01	 2.716842883576950e-03  1.494043514442941e-02 -1.765727802800636e-02	1.000000000000000e+00	453	0	470
471	-9.185848432307201e+01 -6.472208737961089e+02  1.733939331699430e+02	-4.022243432700634e-03  1.439922954887152e-02 -1.037698611617088e-02	1.000000000000000e+00	453	0	471
472	-1.481701476967691e+02  9.402114935274041e+02  1.695079259482231e+03	 1.697311756045868e-02  1.536521389304350e-02 -1.607903667415182e-03	1.000000000000000e+00	525	0	472
473	-3.446685738931327e+01  7.964819553103197e+02  1.437646430957691e+03	 1.327900686495317e-02  1.292914054162490e-02 -3.498663233282665e-04	1.000000000000000e+00	525	0	473
474	5.283355784481936e+02 3.321828192069624e+02 4.105448590168264e+02	8.255193165193001e-03 1.002667921905716e-02 1.771486053864161e-03	1.000000000000000e+00	525	0	474
475	3.885783509756435e+02 4.301817123115686e+02 6.483009795939827e+02	 9.334049966128077e-03  9.266369197575841e-03 -6.768076855223608e-05	1.000000000000000e+00	525	0	475
476	6.440383654918477e+02 7.702465787407176e+02 2.265913333119363e+03	1.197158358991146e-03 6.072770804166794e-03 4.875612445175648e-03	1.000000000000000e+00	584	0	476
477	3.883880040914901e+02 6.884017794450293e+02 2.439718895224032e+03	6.490172430252036e-04 2.819797936050842e-03 2.170780693025639e-03	1.000000000000000e+00	584	0	477
478	-6.215703340290719e+02  3.947113766682534e+02  3.155986830567818e+03	-2.819808626857897e-04 -1.774971499495829e-03 -1.492990636810040e-03	1.000000000000000e+00	584	0	478
479	-3.663735801102611e+02  4.772281078543341e+02  2.983306807835088e+03	-6.996561569394544e-05 -2.022119297180325e-04 -1.322463213000447e-04	1.000000000000000e+00	584	0	479
481	 3.498155104879027e+02 -1.955694986517196e+02  3.960710762270647e+03	5.141563315798218e-03 2.558418976453443e-04 4.885721418152873e-03	1.000000000000000e+00	584	0	481
484	5.693411156434444e+02 1.000000000000000e+03 3.570453306401374e+03	-9.018433978781102e-03 -1.839070141550958e-18 -9.018433978781106e-03	1.000000000000000e+00	571	1	484
487	7.479419515685408e+02 1.896183771619900e+02 4.837404385150676e+01	 9.082525929746529e-03  8.005898484649757e-03 -1.076627445096771e-03	1.000000000000000e+00	525	0	487
488	-4.479831577111156e+01  3.633296487907435e+02  3.007197788569169e+03	-1.408815519729008e-03 -8.041154166373115e-04 -6.047001030916970e-04	1.000000000000000e+00	584	0	488
489	-6.747065952106028e+01  4.758266474109875e+02  2.872028446198976e+03	 6.310666600863138e-04  1.585908719183256e-03 -9.548420590969423e-04	1.000000000000000e+00	584	0	489
492	3.876586616742175e+02 9.868312113253718e+01 2.487453973564684e+03	-5.130812040685366e-03  4.313671980829288e-03 -8.171400598560772e-04	1.000000000000000e+00	571	0	492
493	3.126201192286584e+02 8.424360717270433e+00 2.322156670703858e+03	-5.193643718181799e-03  4.649151601673414e-03 -5.444921165083846e-04	1.000000000000000e+00	571	0	493
494	1.363224482918322e+02 6.496224483563334e+02 1.119997618322559e+03	8.761018669853607e-03 9.807675921668610e-03 1.046657251815001e-03	1.000000000000000e+00	525	0	494
496	-2.682951619931532e+02  7.889624140773371e+02  2.358068177060534e+03	6.878734449855983e-03 5.343817290849984e-03 1.534917159005999e-03	1.000000000000000e+00	584	0	496
497	-2.264783722386844e+02  7.042433323992599e+02  2.484604048493080e+03	5.484714056365192e-03 4.483606317080557e-03 1.001107739284635e-03	1.000000000000000e+00	584	0	497
499	-4.908158391542206e+02 -1.516564198873342e+02  3.195870815260538e+03	3.946945071220398e-03 5.227418616414070e-03 1.280473545193672e-03	1.000000000000000e+00	584	0	499
500	-1.215414655417999e+02 -9.192495617341747e+02  2.059003299801277e+03	-2.775984451485177e-02 -2.464980251776675e-02  3.110041997085015e-03	1.000000000000000e+00	584	0	500
501	-1.827068094845182e+02 -8.464699292303037e+02  2.192948276247866e+03	-1.654975509639674e-02 -1.661862039569921e-02 -6.886529930246356e-05	1.000000000000000e+00	584	0	501
502	5.354276285550256e+02 5.703932596741862e+02 3.106933078987141e+03	-4.898518323898315e-03  2.825696254149079e-03 -2.072822069749236e-03	1.000000000000000e+00	571	0	502
503	5.140319115149023e+02 4.413044637265916e+02 2.956448565999423e+03	-4.212181976375480e-03  2.764278828787307e-03 -1.447903147588174e-03	1.000000000000000e+00	571	0	503
504	 3.057035489995287e+02 -5.722975881444238e+02  1.734518151613034e+03	 2.183294175968816e-03 -8.719072599584857e-04  1.311386916010330e-03	1.000000000000000e+00	571	0	504
505	 2.874337761534400e+02 -4.222749264693115e+02  1.866271040442058e+03	-1.363285603777816e-03  5.473670122834543e-04 -8.159185914943615e-04	1.000000000000000e+00	571	0	505
506	-1.201758362139806e+02  9.017840968744235e+02  1.628657551346462e+03	 1.801170020674666e-02  1.629904300595323e-02 -1.712657200793424e-03	1.000000000000000e+00	525	0	506
507	-6.390551341603977e+01  8.299265684420759e+02  1.500529700116173e+03	 1.494729889479155e-02  1.412475017908340e-02 -8.225487157081568e-04	1.000000000000000e+00	525	0	507
508	 3.014443125606720e+02 -8.800042063269751e+01  3.804770486324393e+03	2.079447954505061e-03 1.764401803181196e-03 3.150461513238648e-04	1.000000000000000e+00	584	0	508
509	 2.321539649626216e+02 -3.179043564620204e+00  3.650658761658266e+03	 5.493825883604586e-04  8.653970435261726e-04 -3.160144551657140e-04	1.000000000000000e+00	584	0	509
510	-3.456183396777663e+02  9.745427649099857e+02  2.095164648543272e+03	 6.276739295572042e-03  9.973625652492046e-03 -3.696886356920004e-03	1.000000000000000e+00	584	0	510
511	-3.055088253816898e+02  8.768205367154824e+02  2.232996391033852e+03	7.883939969663819e-03 5.924234089131157e-03 1.959705880532662e-03	1.000000000000000e+00	584	0	511
515	-3.994122034431192e+01 -1.000000000000000e+03  1.896652616337964e+03	-1.084490958601236e-02  7.033243931624264e-18  1.084490958601237e-02	1.000000000000000e+00	584	1	515
516	5.479241303251833e+02 8.453198942718957e+02 3.394356215355008e+03	-8.561459369957447e-03  4.397302400320768e-03 -4.164156969636679e-03	1.000000000000000e+00	571	0	516
517	5.443850843321759e+02 7.067587320509963e+02 3.252256007141102e+03	-5.764805711805820e-03  3.042697906494141e-03 -2.722107805311680e-03	1.000000000000000e+00	571	0	517
518	 3.667620327353779e+02 -8.881652751059543e+02  1.479708948387353e+03	 1.027434125232200e-02 -3.814355780680974e-03  6.459985471641024e-03	1.000000000000000e+00	571	0	518
519	 3.301148353523750e+02 -7.241946956529046e+02  1.607032330457400e+03	 5.097484604145090e-03 -1.498749557261666e-03  3.598735046883424e-03	1.000000000000000e+00	571	0	519
521	-1.793982489506265e+02  9.815187552050802e+02  1.767614622413764e+03	7.883981801569462e-03 1.537168864160776e-02 7.487706840038300e-03	1.000000000000000e+00	525	0	521
522	6.533835199227271e+02 2.626842216941122e+02 2.159983200294427e+02	7.213619421236217e-03 8.457215619273484e-03 1.243596198037267e-03	1.000000000000000e+00	525	0	522
523	-3.892092786484164e+01  2.522300546725875e+02  3.124174770593595e+03	-3.827976761385798e-03 -1.927984529174864e-03 -1.899992232210934e-03	1.000000000000000e+00	584	0	523
524	-4.103316289653429e+01  1.370573673952717e+02  3.237235222839218e+03	-6.122306454926729e-03 -2.950288588181138e-03 -3.172017866745591e-03	1.000000000000000e+00	584	0	524
526	-1.788436346042104e+02  6.234103603871315e+02  2.613071758139683e+03	3.896351690248897e-03 3.368437503619740e-03 5.279141866291562e-04	1.000000000000000e+00	584	0	526
527	-2.969940448696046e+02 -2.277106867626662e+02  2.925994754100590e+03	 1.121142421228190e-02  9.894143712396422e-03 -1.317280499885480e-03	1.000000000000000e+00	584	0	527
528	-3.970338568227719e+02 -1.884494761219846e+02  3.065295776694439e+03	5.938562176500757e-03 8.001457822198669e-03 2.062895645697912e-03	1.000000000000000e+00	584	0	528
531	4.373321813353251e+02 2.051953550582387e+02 2.643639727151493e+03	-4.780810326337814e-03  3.583916230127215e-03 -1.196894096210599e-03	1.000000000000000e+00	571	0	531
532	4.790875734456567e+02 3.208010690946342e+02 2.801000833298220e+03	-3.959844315735002e-03  2.822465302112202e-03 -1.137379013622800e-03	1.000000000000000e+00	571	0	532
533	 2.602301342653926e+02 -1.192850438543220e+02  2.142057281169000e+03	-6.258744668836395e-03  3.682488653187950e-03 -2.576256015648444e-03	1.000000000000000e+00	571	0	533
534	 2.693521012857259e+02 -2.722413078563411e+02  1.998222984187314e+03	-3.945744635226826e-03  1.647978400190671e-03 -2.297766235036155e-03	1.000000000000000e+00	571	0	534
535	6.344176682918064e+01 7.045725790651729e+02 1.247828430494050e+03	9.993025024111072e-03 1.068727307332059e-02 6.942480492095152e-04	1.000000000000000e+00	525	0	535
536	-3.391814841054016e+00  7.644348299627212e+02  1.374524263061833e+03	1.192940030280928e-02 1.198661416735073e-02 5.721386454145737e-05	1.000000000000000e+00	525	0	536
539	 1.000000000000000e+03 -2.427737692355790e+02  6.437871229701296e+02	-1.760834651521415e-18 -7.033368456177413e-03 -7.033368456177413e-03	1.000000000000000e+00	487	1	539
540	4.879444732377005e+02 3.549239351718359e+02 4.736770801921930e+02	8.617518547301492e-03 1.024072330134610e-02 1.623204754044612e-03	1.000000000000000e+00	525	0	540
541	3.582612738331793e+02 4.634770986571306e+02 7.119134430820088e+02	 9.121935814619064e-03  8.815614506602287e-03 -3.063213080167771e-04	1.000000000000000e+00	525	0	541
542	2.140832488527885e+02 5.955193166191607e+02 9.881336860244297e+02	8.194544527214020e-03 9.120679285842925e-03 9.261347586289048e-04	1.000000000000000e+00	525	0	542
543	4.189472624151897e+02 4.018803592880401e+02 5.896307151309080e+02	9.274213536021611e-03 9.852400088372329e-03 5.781865523507196e-04	1.000000000000000e+00	525	0	543
544	2.343559823271483e+02 1.673377950577938e+02 2.284505053070367e+03	-2.876971130414556e-03 -3.468500993524988e-04 -2.530121031062056e-03	1.000000000000000e+00	584	0	544
545	1.883782412460695e+02 2.413845117181963e+01 2.381726655875262e+03	-4.460115490170817e-03 -9.910858546694119e-04 -3.469029635501404e-03	1.000000000000000e+00	584	0	545
546	2.910974456578183e+02 5.340324883471867e+02 8.496326609474261e+02	8.484118550162142e-03 8.722541921694452e-03 2.384233715323111e-04	1.000000000000000e+00	525	0	546
547	4.525900808042506e+02 7.081428549307416e+02 2.395257893996984e+03	7.526680128648876e-04 3.375780011992902e-03 2.623111999128014e-03	1.000000000000000e+00	584	0	547
548	8.285442360841771e+02 8.331478583698737e+02 2.144308742156189e+03	1.325453864410520e-03 6.716472678817809e-03 5.391018814407289e-03	1.000000000000000e+00	584	0	548
549	 1.855767263253113e+02 -1.048886666277242e+02  2.507952258754048e+03	-1.597185483357559e-03 -8.112031694812080e-04 -7.859823138763508e-04	1.000000000000000e+00	584	0	549
551	-9.807278913945230e+02 -5.381159765018429e+01  3.622550308187471e+03	-3.571296401787549e-04  6.873427191749215e-04 -3.302130789961666e-04	1.000000000000000e+00	584	0	551
552	-3.026807274267898e+02  4.943626908147793e+02  2.936748538112061e+03	7.648721657460555e-05 2.533190126996487e-04 1.768318034010008e-04	1.000000000000000e+00	584	0	552
553	-8.488588045538274e+02 -1.268325435896207e+02  3.563702167286212e+03	-1.305785612203181e-03  7.156325737014413e-04  5.901530385017395e-04	1.000000000000000e+00	584	0	553
554	1.493732331277682e+02 1.649948150641842e+01 3.528872565957406e+03	3.351731769119700e-04 9.756431002945949e-04 1.310816277206565e-03	1.000000000000000e+00	584	0	554
558	 3.796249976500658e+02 -4.934057329788033e+02  2.701791554471501e+03	 5.974840372800828e-03  6.818571127951146e-03 -1.279341150075197e-02	1.000000000000000e+00	584	0	558
562	3.469415830035716e+02 4.277396219567546e+02 2.136688826847830e+03	-2.515172095930514e-03 -1.781018897114943e-04 -2.337070206219020e-03	1.000000000000000e+00	584	0	562
563	-7.222207296272810e+02 -1.385356545401420e+02  3.448767203310187e+03	-3.448667412158102e-04  7.579076918773353e-04 -4.130409506615251e-04	1.000000000000000e+00	584	0	563
564	1.500000000000000e+03 7.561998426581167e+02 2.671196017513510e+03	0.000000000000000e+00 0.000000000000000e+00 0.000000000000000e+00	1.000000000000000e+00	584	-1	350
573	-1.746323433208807e+02  5.242818625454961e+02  2.838619325736870e+03	6.192124371106426e-04 1.192804096111407e-03 5.735916590007643e-04	1.000000000000000e+00	584	0	573
574	 3.201441173899986e+02 -4.355108285437842e+02  2.703377530296549e+03	 6.922191319366297e-03  6.337030635525783e-03 -1.325922195489208e-02	1.000000000000000e+00	584	0	574
575	-1.421246392543195e+00 -6.788398487924428e+02  3.268271914327750e+03	-5.037721246480942e-03 -1.055324915796518e-02  1.559097040444613e-02	1.000000000000000e+00	584	0	575
581	 1.500000000000000e+03 -2.427737692355790e+02  6.437871229701296e+02	0.000000000000000e+00 0.000000000000000e+00 0.000000000000000e+00	1.000000000000000e+00	487	-1	539
584	 5.364742510952622e+01 -8.099727245866338e+02  1.784458559322348e+03	 8.875370801736912e-03 -1.482983228440086e-02  5.954461482663950e-03	1.000000000000000e+00	55	0	584
585	8.716163562735082e+01 2.049668090439997e+01 3.470658167854970e+03	-1.099236505979206e-04  2.073400487461186e-04  9.741639814819791e-05	4.218750000000000e-01	584	0	585
589	-6.622873399853752e+02 -1.414173852940414e+02  3.391715544422180e+03	-5.232472710000972e-04  1.089226008237650e-03 -5.659787372375528e-04	1.000000000000000e+00	584	0	589
591	 1.619157629933470e+02 -7.555848687825024e+02  1.621802365634396e+03	 1.953510567545891e-02 -1.714907400310040e-02 -2.386031672358513e-03	1.000000000000000e+00	55	0	591
593	 3.343019873920127e+02 -9.052692205960418e+02  6.469896842176539e+02	 4.460880688081184e-03 -6.561661760012308e-03 -1.102254244809349e-02	1.000000000000000e+00	487	0	593
594	 2.744361559521980e+02 -3.831138775778606e+02  2.696688540768426e+03	 4.650193528505042e-03  1.984871167223901e-03 -6.635064695728943e-03	5.625000000000000e-01	584	0	594
595	 9.000230529888149e+02 -3.718384601402121e+02  6.146993790766815e+02	 7.188845581064622e-03 -6.316600988308589e-03 -1.350544656937321e-02	1.000000000000000e+00	487	0	595
596	-3.775625777220724e+02  1.500000000000000e+03  2.037763175408952e+03	0.000000000000000e+00 0.000000000000000e+00 0.000000000000000e+00	1.000000000000000e+00	584	-1	425
602	9.771788760349770e+02 4.226790904883869e+02 2.586383145354390e+03	 8.061913928637903e-03 -1.668370639284452e-03  6.393543289353450e-03	1.000000000000000e+00	26	0	602
603	3.244925053095944e+02 6.690779371588974e+02 2.484290551719796e+03	5.667712151383361e-04 2.451420975072930e-03 1.884649759934594e-03	1.000000000000000e+00	584	0	603
604	 5.674023621774488e+01 -5.430815200413422e+02  3.968088050206009e+03	-8.500347845256329e-03  3.589008003473282e-03  1.208935584872961e-02	1.000000000000000e+00	552	0	604
606	1.000000000000000e+03 3.887164803562711e+02 2.303712655211664e+03	-3.983755861430512e-18 -1.165235356893390e-02 -1.165235356893391e-02	1.000000000000000e+00	584	1	606
608	-6.043188918310735e+02 -1.426855142759508e+02  3.335015225249788e+03	 8.249328917978954e-05  3.793200909664544e-04 -4.618133801462439e-04	1.000000000000000e+00	584	0	608
609	 9.121502263651851e+01 -4.766947838285774e+02  4.500000000000000e+03	0.000000000000000e+00 0.000000000000000e+00 0.000000000000000e+00	1.000000000000000e+00	552	-1	380
611	 1.766524881693673e+02 -7.423379131186050e+02 -5.000000000000000e+02	0.000000000000000e+00 0.000000000000000e+00 0.000000000000000e+00	1.000000000000000e+00	453	-1	333
613	-2.347574080253520e+02  1.500000000000000e+03  1.841455026283410e+03	0.000000000000000e+00 0.000000000000000e+00 0.000000000000000e+00	1.000000000000000e+00	525	-1	336
615	5.693411156434444e+02 1.500000000000000e+03 3.570453306401374e+03	0.000000000000000e+00 0.000000000000000e+00 0.000000000000000e+00	1.000000000000000e+00	571	-1	484
617	 1.208771959470114e+02 -7.741905597570180e+02  3.241324182952771e+03	-5.867627449333667e-03 -1.221411209553480e-02  1.808173954486847e-02	1.000000000000000e+00	584	0	617
618	 3.735538581793498e+02 -9.495199288238848e+02  1.425146120113394e+03	 1.933459006249905e-02 -1.262466050684452e-02  6.709929555654526e-03	1.000000000000000e+00	571	0	618
619	 3.627436525829766e+02 -1.500000000000000e+03  1.363855843340906e+03	0.000000000000000e+00 0.000000000000000e+00 0.000000000000000e+00	1.000000000000000e+00	571	-1	431
620	-3.994122034431192e+01 -1.500000000000000e+03  1.896652616337964e+03	0.000000000000000e+00 0.000000000000000e+00 0.000000000000000e+00	1.000000000000000e+00	584	-1	515
621	1.500000000000000e+03 3.887164803562711e+02 2.303712655211664e+03	0.000000000000000e+00 0.000000000000000e+00 0.000000000000000e+00	1.000000000000000e+00	584	-1	606
623	 2.330968361585516e+02 -3.187937531361006e+02  2.673707736120313e+03	 1.823704689741135e-02  5.579622462391853e-03 -2.381666935980320e-02	1.000000000000000e+00	584	0	623
2	 0.000000000000000e+00  7.071067811865475e-01 -7.071067811865475e-01	 5.773502691896257e-01 -5.773502691896257e-01 -5.773502691896257e-01	-7.391622886003375e+02  7.391622886003375e+02  7.391622886003375e+02	1	0	0.000000000000000e+00	0.000000000000000e+00	0.000000000000000e+00
3	-7.071067811865475e-01  0.000000000000000e+00  7.071067811865475e-01	-5.773502691896257e-01  5.773502691896257e-01 -5.773502691896257e-01	 6.288536307352362e+02 -6.288536307352362e+02  6.288536307352362e+02	1	0	0.000000000000000e+00	0.000000000000000e+00	0.000000000000000e+00
4	0.000000000000000e+00 7.071067811865475e-01 7.071067811865475e-01	 5.773502691896257e-01 -5.773502691896257e-01  5.773502691896257e-01	 1.522636602155032e+03 -1.522636602155032e+03  1.522636602155032e+03	1	0	0.000000000000000e+00	0.000000000000000e+00	0.000000000000000e+00
5	 7.071067811865475e-01 -7.071067811865475e-01  0.000000000000000e+00	-5.773502691896257e-01 -5.773502691896257e-01  5.773502691896257e-01	-6.670373969193098e+02 -6.670373969193098e+02  6.670373969193098e+02	1	0	0.000000000000000e+00	0.000000000000000e+00	0.000000000000000e+00
7	-7.071067811865475e-01  7.071067811865475e-01  0.000000000000000e+00	-5.773502691896257e-01 -5.773502691896257e-01  5.773502691896257e-01	-3.955083929436755e+02 -3.955083929436755e+02  3.955083929436755e+02	1	0	0.000000000000000e+00	0.000000000000000e+00	0.000000000000000e+00
8	 0.000000000000000e+00 -7.071067811865475e-01 -7.071067811865475e-01	-5.773502691896257e-01  5.773502691896257e-01 -5.773502691896257e-01	 2.022325394193525e+02 -2.022325394193525e+02  2.022325394193525e+02	1	0	0.000000000000000e+00	0.000000000000000e+00	0.000000000000000e+00
9	-7.071067811865475e-01  0.000000000000000e+00  7.071067811865475e-01	-5.773502691896257e-01  5.773502691896257e-01 -5.773502691896257e-01	 7.132350399568309e+02 -7.132350399568309e+02  7.132350399568309e+02	1	0	0.000000000000000e+00	0.000000000000000e+00	0.000000000000000e+00
10	-7.071067811865475e-01 -7.071067811865475e-01  0.000000000000000e+00	-5.773502691896257e-01  5.773502691896257e-01  5.773502691896257e-01	-6.330962714223555e+02  6.330962714223555e+02  6.330962714223555e+02	1	0	0.000000000000000e+00	0.000000000000000e+00	0.000000000000000e+00
11	-7.071067811865475e-01 -7.071067811865475e-01  0.000000000000000e+00	0.000000000000000e+00 0.000000000000000e+00 0.000000000000000e+00	 2.192031021678289e+02 -4.907321061434643e+02  2.609224022578360e+03	1	1	0.000000000000000e+00	0.000000000000000e+00	0.000000000000000e+00
12	-7.071067811865475e-01 -7.071067811865475e-01  0.000000000000000e+00	-5.773502691896257e-01  5.773502691896257e-01  5.773502691896257e-01	-9.611938178929136e+02  9.611938178929136e+02  9.611938178929136e+02	1	0	0.000000000000000e+00	0.000000000000000e+00	0.000000000000000e+00
13	-7.071067811865475e-01  7.071067811865475e-01  0.000000000000000e+00	 5.773502691896257e-01  5.773502691896257e-01 -5.773502691896257e-01	-1.120999950441073e+03 -1.120999950441073e+03  1.120999950441073e+03	1	0	0.000000000000000e+00	0.000000000000000e+00	0.000000000000000e+00
14	-7.071067811865475e-01  7.071067811865475e-01  0.000000000000000e+00	0.000000000000000e+00 0.000000000000000e+00 0.000000000000000e+00	1.824335495461293e+02 3.747665940288727e+01 3.582910060272236e+03	1	1	0.000000000000000e+00	0.000000000000000e+00	0.000000000000000e+00
15	-7.071067811865475e-01  7.071067811865475e-01  0.000000000000000e+00	-5.773502691896257e-01 -5.773502691896257e-01  5.773502691896257e-01	-3.049987249517975e+02 -3.049987249517975e+02  3.049987249517975e+02	1	0	0.000000000000000e+00	0.000000000000000e+00	0.000000000000000e+00
16	 0.000000000000000e+00 -7.071067811865475e-01  7.071067811865475e-01	5.773502691896257e-01 5.773502691896257e-01 5.773502691896257e-01	1.080459161653044e+03 1.080459161653044e+03 1.080459161653044e+03	1	0	0.000000000000000e+00	0.000000000000000e+00	0.000000000000000e+00
17	 0.000000000000000e+00 -7.071067811865475e-01  7.071067811865475e-01	0.000000000000000e+00 0.000000000000000e+00 0.000000000000000e+00	 9.142890680742061e+02 -6.201326471006022e+02  2.947221063985530e+03	1	1	0.000000000000000e+00	0.000000000000000e+00	0.000000000000000e+00
18	 0.000000000000000e+00 -7.071067811865475e-01  7.071067811865475e-01	5.773502691896257e-01 5.773502691896257e-01 5.773502691896257e-01	8.626702730475879e+02 8.626702730475879e+02 8.626702730475879e+02	1	0	0.000000000000000e+00	0.000000000000000e+00	0.000000000000000e+00
19	 7.071067811865475e-01 -7.071067811865475e-01  0.000000000000000e+00	-5.773502691896257e-01 -5.773502691896257e-01 -5.773502691896257e-01	3.427110866150800e+02 3.427110866150800e+02 3.427110866150800e+02	1	0	0.000000000000000e+00	0.000000000000000e+00	0.000000000000000e+00
20	 7.071067811865475e-01 -7.071067811865475e-01  0.000000000000000e+00	0.000000000000000e+00 0.000000000000000e+00 0.000000000000000e+00	3.577960312803930e+02 7.283199846221450e+01 5.975052301026326e+02	1	1	0.000000000000000e+00	0.000000000000000e+00	0.000000000000000e+00
21	 7.071067811865475e-01 -7.071067811865475e-01  0.000000000000000e+00	-5.773502691896257e-01 -5.773502691896257e-01 -5.773502691896257e-01	6.128258770283411e+02 6.128258770283411e+02 6.128258770283411e+02	1	0	0.000000000000000e+00	0.000000000000000e+00	0.000000000000000e+00
22	-7.071067811865475e-01  0.000000000000000e+00 -7.071067811865475e-01	0.000000000000000e+00 0.000000000000000e+00 0.000000000000000e+00	1.000000000000000e+03 4.153257531310242e+02 4.000000000000000e+03	1	2	0.000000000000000e+00	0.000000000000000e+00	0.000000000000000e+00
23	-7.071067811865475e-01  0.000000000000000e+00 -7.071067811865475e-01	0.000000000000000e+00 0.000000000000000e+00 0.000000000000000e+00	1.000000000000000e+03 1.000000000000000e+03 3.415325753131025e+03	1	2	0.000000000000000e+00	0.000000000000000e+00	0.000000000000000e+00
25	-7.071067811865475e-01  0.000000000000000e+00  7.071067811865475e-01	0.000000000000000e+00 0.000000000000000e+00 0.000000000000000e+00	-1.000000000000000e+03 -1.000000000000000e+03  2.856711395993652e+03	1	2	0.000000000000000e+00	0.000000000000000e+00	0.000000000000000e+00
27	 0.000000000000000e+00  7.071067811865475e-01 -7.071067811865475e-01	0.000000000000000e+00 0.000000000000000e+00 0.000000000000000e+00	1.000000000000000e+03 1.000000000000000e+03 2.217486865801013e+03	1	2	0.000000000000000e+00	0.000000000000000e+00	0.000000000000000e+00
28	 0.000000000000000e+00  7.071067811865475e-01 -7.071067811865475e-01	0.000000000000000e+00 0.000000000000000e+00 0.000000000000000e+00	 1.000000000000000e+03 -7.825131341989875e+02  4.000000000000000e+03	1	2	0.000000000000000e+00	0.000000000000000e+00	0.000000000000000e+00
29	 0.000000000000000e+00  7.071067811865475e-01 -7.071067811865475e-01	0.000000000000000e+00 0.000000000000000e+00 0.000000000000000e+00	 7.825131341989878e+02 -1.000000000000000e+03  4.000000000000000e+03	1	2	0.000000000000000e+00	0.000000000000000e+00	0.000000000000000e+00
30	 0.000000000000000e+00  7.071067811865475e-01 -7.071067811865475e-01	0.000000000000000e+00 0.000000000000000e+00 0.000000000000000e+00	 9.505027193637810e+00 -1.000000000000000e+03  3.226991892994650e+03	1	2	0.000000000000000e+00	0.000000000000000e+00	0.000000000000000e+00
32	-7.071067811865475e-01  0.000000000000000e+00  7.071067811865475e-01	0.000000000000000e+00 0.000000000000000e+00 0.000000000000000e+00	 8.865608922057086e+02 -1.000000000000000e+03  0.000000000000000e+00	1	2	0.000000000000000e+00	0.000000000000000e+00	0.000000000000000e+00
33	-7.071067811865475e-01  0.000000000000000e+00  7.071067811865475e-01	0.000000000000000e+00 0.000000000000000e+00 0.000000000000000e+00	 2.078796012929757e+02 -1.000000000000000e+03  6.786812909127328e+02	1	2	0.000000000000000e+00	0.000000000000000e+00	0.000000000000000e+00
35	0.000000000000000e+00 7.071067811865475e-01 7.071067811865475e-01	0.000000000000000e+00 0.000000000000000e+00 0.000000000000000e+00	-2.682882119767323e+01 -1.000000000000000e+03  3.594738627662769e+03	1	2	0.000000000000000e+00	0.000000000000000e+00	0.000000000000000e+00
37	 7.071067811865475e-01 -7.071067811865475e-01  0.000000000000000e+00	0.000000000000000e+00 0.000000000000000e+00 0.000000000000000e+00	-1.000000000000000e+03 -1.000000000000000e+03  1.112190757929056e+00	1	2	0.000000000000000e+00	0.000000000000000e+00	0.000000000000000e+00
39	 7.071067811865475e-01 -7.071067811865475e-01  0.000000000000000e+00	0.000000000000000e+00 0.000000000000000e+00 0.000000000000000e+00	-1.000000000000000e+03  4.343145750507622e+02  0.000000000000000e+00	1	2	0.000000000000000e+00	0.000000000000000e+00	0.000000000000000e+00
41	-7.071067811865475e-01  7.071067811865475e-01  0.000000000000000e+00	0.000000000000000e+00 0.000000000000000e+00 0.000000000000000e+00	1.000000000000000e+03 1.000000000000000e+03 3.186525178831027e+03	1	2	0.000000000000000e+00	0.000000000000000e+00	0.000000000000000e+00
42	-7.071067811865475e-01  7.071067811865475e-01  0.000000000000000e+00	0.000000000000000e+00 0.000000000000000e+00 0.000000000000000e+00	5.277457879631522e+02 1.000000000000000e+03 2.714270966794180e+03	1	2	0.000000000000000e+00	0.000000000000000e+00	0.000000000000000e+00
44	 0.000000000000000e+00 -7.071067811865475e-01 -7.071067811865475e-01	0.000000000000000e+00 0.000000000000000e+00 0.000000000000000e+00	1.000000000000000e+03 3.933023817419428e+02 0.000000000000000e+00	1	2	0.000000000000000e+00	0.000000000000000e+00	0.000000000000000e+00
45	 0.000000000000000e+00 -7.071067811865475e-01 -7.071067811865475e-01	0.000000000000000e+00 0.000000000000000e+00 0.000000000000000e+00	7.637888884360252e+02 1.570912701779674e+02 0.000000000000000e+00	1	2	0.000000000000000e+00	0.000000000000000e+00	0.000000000000000e+00
46	-7.071067811865475e-01  0.000000000000000e+00  7.071067811865475e-01	0.000000000000000e+00 0.000000000000000e+00 0.000000000000000e+00	 1.000000000000000e+03 -1.000000000000000e+03  1.397051198704921e+02	1	2	0.000000000000000e+00	0.000000000000000e+00	0.000000000000000e+00
47	-7.071067811865475e-01  0.000000000000000e+00  7.071067811865475e-01	0.000000000000000e+00 0.000000000000000e+00 0.000000000000000e+00	-1.000000000000000e+03 -1.000000000000000e+03  2.139705119870493e+03	1	2	0.000000000000000e+00	0.000000000000000e+00	0.000000000000000e+00
48	-7.071067811865475e-01  0.000000000000000e+00  7.071067811865475e-01	0.000000000000000e+00 0.000000000000000e+00 0.000000000000000e+00	-1.000000000000000e+03  2.350459738937222e+02  3.374751093764214e+03	1	2	0.000000000000000e+00	0.000000000000000e+00	0.000000000000000e+00
49	-7.071067811865475e-01  7.071067811865475e-01  0.000000000000000e+00	5.773502691896257e-01 5.773502691896257e-01 5.773502691896257e-01	8.626702730475879e+02 8.626702730475879e+02 8.626702730475879e+02	1	0	0.000000000000000e+00	0.000000000000000e+00	0.000000000000000e+00
50	 0.000000000000000e+00 -7.071067811865475e-01 -7.071067811865475e-01	-5.773502691896257e-01 -5.773502691896257e-01  5.773502691896257e-01	-1.120999950441073e+03 -1.120999950441073e+03  1.120999950441073e+03	1	0	0.000000000000000e+00	0.000000000000000e+00	0.000000000000000e+00
53	 7.071067811865475e-01 -7.071067811865475e-01  0.000000000000000e+00	5.773502691896257e-01 5.773502691896257e-01 5.773502691896257e-01	8.626702730475879e+02 8.626702730475879e+02 8.626702730475879e+02	1	0	0.000000000000000e+00	0.000000000000000e+00	0.000000000000000e+00
65	 7.071067811865475e-01  0.000000000000000e+00 -7.071067811865475e-01	0.000000000000000e+00 0.000000000000000e+00 0.000000000000000e+00	 1.000000000000000e+03 -8.865608922057086e+02  0.000000000000000e+00	1	2	0.000000000000000e+00	0.000000000000000e+00	0.000000000000000e+00
69	-7.071067811865475e-01  0.000000000000000e+00 -7.071067811865475e-01	-5.773502691896257e-01  5.773502691896257e-01  5.773502691896257e-01	-1.138441917710341e+03  1.138441917710341e+03  1.138441917710341e+03	1	0	0.000000000000000e+00	0.000000000000000e+00	0.000000000000000e+00
70	-7.071067811865475e-01  0.000000000000000e+00 -7.071067811865475e-01	0.000000000000000e+00 0.000000000000000e+00 0.000000000000000e+00	1.000000000000000e+03 1.000000000000000e+03 3.415325753131025e+03	1	2	0.000000000000000e+00	0.000000000000000e+00	0.000000000000000e+00
78	 0.000000000000000e+00 -7.071067811865475e-01 -7.071067811865475e-01	0.000000000000000e+00 0.000000000000000e+00 0.000000000000000e+00	-4.320901935349040e+02 -1.000000000000000e+03  4.000000000000000e+03	1	2	0.000000000000000e+00	0.000000000000000e+00	0.000000000000000e+00
79	 7.071067811865475e-01 -7.071067811865475e-01  0.000000000000000e+00	-5.773502691896257e-01 -5.773502691896257e-01 -5.773502691896257e-01	-1.885618083164127e+02 -1.885618083164127e+02 -1.885618083164127e+02	1	0	0.000000000000000e+00	0.000000000000000e+00	0.000000000000000e+00
80	 7.071067811865475e-01 -7.071067811865475e-01  0.000000000000000e+00	0.000000000000000e+00 0.000000000000000e+00 0.000000000000000e+00	-1.000000000000000e+03  4.343145750507622e+02  0.000000000000000e+00	1	2	0.000000000000000e+00	0.000000000000000e+00	0.000000000000000e+00
82	0.000000000000000e+00 7.071067811865475e-01 7.071067811865475e-01	0.000000000000000e+00 0.000000000000000e+00 0.000000000000000e+00	1.000000000000000e+03 1.000000000000000e+03 6.066976182580577e+02	1	2	0.000000000000000e+00	0.000000000000000e+00	0.000000000000000e+00
84	-7.071067811865475e-01  7.071067811865475e-01  0.000000000000000e+00	0.000000000000000e+00 0.000000000000000e+00 0.000000000000000e+00	-1.000000000000000e+03  1.000000000000000e+03  2.001112190757930e+03	1	2	0.000000000000000e+00	0.000000000000000e+00	0.000000000000000e+00
85	-7.071067811865475e-01  0.000000000000000e+00  7.071067811865475e-01	 5.773502691896257e-01 -5.773502691896257e-01  5.773502691896257e-01	 9.522371319978838e+02 -9.522371319978838e+02  9.522371319978838e+02	1	0	0.000000000000000e+00	0.000000000000000e+00	0.000000000000000e+00
86	-7.071067811865475e-01  0.000000000000000e+00  7.071067811865475e-01	0.000000000000000e+00 0.000000000000000e+00 0.000000000000000e+00	-1.000000000000000e+03 -1.000000000000000e+03  2.856711395993652e+03	1	2	0.000000000000000e+00	0.000000000000000e+00	0.000000000000000e+00
87	 7.071067811865475e-01 -7.071067811865475e-01  0.000000000000000e+00	0.000000000000000e+00 0.000000000000000e+00 0.000000000000000e+00	-1.000000000000000e+03 -1.000000000000000e+03  1.112190757929056e+00	1	2	0.000000000000000e+00	0.000000000000000e+00	0.000000000000000e+00
88	 7.071067811865475e-01 -7.071067811865475e-01  0.000000000000000e+00	0.000000000000000e+00 0.000000000000000e+00 0.000000000000000e+00	1.000000000000000e+03 7.561998426581167e+02 2.671196017513510e+03	1	2	0.000000000000000e+00	0.000000000000000e+00	0.000000000000000e+00
69	0	1	1
22	1	0	1
22	0	205	-1
69	481	0	0
69	1	2	1
23	2	1	1
22	206	1	-1
23	1	206	-1
23	207	2	-1
70	2	207	-1
69	2	425	1
70	425	2	1
85	4	5	1
25	5	4	1
25	4	209	-1
85	359	4	0
25	210	5	-1
86	5	210	-1
85	5	515	1
86	515	5	1
2	7	8	1
27	8	7	1
27	7	212	-1
2	428	7	0
2	8	9	1
28	9	8	1
27	213	8	-1
28	8	213	-1
2	9	10	1
29	10	9	1
28	214	9	-1
29	9	214	-1
2	10	11	1
30	11	10	1
29	215	10	-1
30	10	215	-1
30	216	11	-1
2	11	429	0
3	13	14	1
32	14	13	1
32	13	218	-1
65	13	218	-1
3	539	13	1
65	539	13	1
3	14	15	1
33	15	14	1
32	219	14	-1
33	14	219	-1
33	220	15	-1
3	15	327	0
4	17	18	1
35	18	17	1
35	17	222	-1
78	17	222	-1
4	380	17	1
78	380	17	1
35	223	18	-1
4	18	329	0
5	20	21	1
37	21	20	1
37	20	225	-1
84	20	225	-1
5	484	20	1
84	484	20	1
37	226	21	-1
87	21	226	-1
5	21	431	1
87	431	21	1
79	23	24	1
39	24	23	1
39	23	228	-1
79	432	23	0
39	229	24	-1
80	24	229	-1
79	24	333	1
80	333	24	1
7	26	27	1
41	27	26	1
41	26	231	-1
7	602	26	0
7	27	28	1
42	28	27	1
41	232	27	-1
42	27	232	-1
42	233	28	-1
7	28	335	0
8	30	31	1
44	31	30	1
44	30	235	-1
82	30	235	-1
8	336	30	1
82	336	30	1
8	31	32	1
45	32	31	1
44	236	31	-1
45	31	236	-1
45	237	32	-1
8	32	487	0
9	33	34	1
46	34	33	1
46	33	238	-1
9	436	33	0
9	34	35	1
47	35	34	1
46	239	34	-1
47	34	239	-1
9	35	36	1
48	36	35	1
47	240	35	-1
48	35	240	-1
48	241	36	-1
9	36	437	0
10	37	38	0
11	38	37	0
11	37	40	0
10	340	37	0
11	39	38	0
10	38	341	0
11	40	39	0
12	39	40	0
12	342	39	0
12	40	343	0
10	41	344	0
10	345	41	0
12	42	346	0
12	347	42	0
13	43	44	0
14	44	43	0
14	43	46	0
13	348	43	0
14	45	44	0
13	44	452	0
14	46	45	0
15	45	46	0
15	350	45	0
15	46	351	0
15	48	354	0
15	355	48	0
16	49	50	0
17	50	49	0
17	49	52	0
16	356	49	0
17	51	50	0
16	50	357	0
17	52	51	0
18	51	52	0
18	358	51	0
18	52	551	0
16	53	360	0
16	361	53	0
18	54	362	0
18	363	54	0
19	55	56	0
20	56	55	0
20	55	58	0
19	364	55	0
20	57	56	0
19	56	365	0
20	58	57	0
21	57	58	0
21	366	57	0
21	58	367	0
19	59	368	0
19	369	59	0
21	60	370	0
21	371	60	0
22	205	206	-1
23	206	207	-1
70	207	596	-1
25	209	210	-1
86	210	620	-1
27	212	213	-1
28	213	214	-1
29	214	215	-1
30	215	216	-1
32	218	219	-1
65	218	581	-1
33	219	220	-1
35	222	223	-1
78	222	609	-1
37	225	226	-1
84	225	615	-1
87	226	619	-1
39	228	229	-1
80	229	611	-1
41	231	232	-1
42	232	233	-1
44	235	236	-1
82	235	613	-1
45	236	237	-1
46	238	239	-1
47	239	240	-1
48	240	241	-1
69	242	488	0
69	489	242	0
13	243	256	0
85	256	243	0
13	353	243	0
85	243	527	0
2	244	545	0
2	549	244	0
3	245	378	0
3	379	245	0
4	381	246	0
4	246	604	0
5	247	492	0
5	493	247	0
79	248	446	0
79	447	248	0
7	249	386	0
7	387	249	0
8	250	494	0
8	542	250	0
9	439	251	0
9	251	450	0
10	252	392	0
10	393	252	0
10	253	315	0
10	394	253	0
12	254	396	0
12	397	254	0
12	398	255	0
12	255	399	0
13	256	400	0
85	459	256	0
13	402	257	0
13	257	403	0
15	406	259	0
15	259	407	0
16	260	408	0
16	409	260	0
16	410	261	0
16	261	411	0
18	413	262	0
2	413	262	0
2	262	443	0
18	262	623	0
18	414	263	0
18	263	415	0
19	264	584	0
19	591	264	0
19	418	265	0
19	265	419	0
21	266	420	0
21	421	266	0
21	422	267	0
21	267	423	0
13	268	402	0
69	268	452	0
13	452	268	0
50	452	268	0
69	453	268	0
50	268	585	0
69	496	269	0
69	269	497	0
85	500	271	0
85	271	501	0
2	272	460	0
2	562	272	0
3	378	274	0
3	274	595	0
3	275	379	0
3	593	275	0
4	329	277	0
4	277	381	0
5	278	502	0
5	503	278	0
5	504	279	0
5	279	505	0
79	280	468	0
79	469	280	0
79	470	281	0
79	281	471	0
7	386	282	0
7	282	602	0
7	335	283	0
7	283	387	0
8	284	506	0
8	507	284	0
8	540	285	0
8	285	543	0
9	286	476	0
9	547	286	0
9	478	287	0
9	287	479	0
10	288	340	0
10	392	288	0
10	341	289	0
10	289	394	0
12	290	342	0
12	396	290	0
12	343	291	0
12	291	398	0
10	344	292	0
10	292	393	0
10	315	293	0
10	293	345	0
12	346	294	0
12	294	397	0
12	295	347	0
12	399	295	0
13	296	348	0
13	400	296	0
15	351	299	0
15	299	406	0
13	301	353	0
13	403	301	0
15	354	302	0
15	302	405	0
15	303	355	0
15	407	303	0
16	304	356	0
16	408	304	0
16	357	305	0
16	305	410	0
18	306	358	0
18	412	306	0
18	359	307	0
85	307	359	0
49	359	307	0
18	307	414	0
85	414	307	0
53	414	307	0
49	307	553	0
53	307	563	0
16	360	308	0
16	308	409	0
16	309	361	0
16	411	309	0
18	575	310	0
18	310	617	0
18	311	363	0
18	415	311	0
19	312	364	0
19	416	312	0
19	365	313	0
19	313	418	0
21	314	366	0
21	420	314	0
21	367	315	0
21	315	422	0
19	368	316	0
19	316	417	0
19	317	369	0
19	419	317	0
21	370	318	0
21	318	421	0
21	319	371	0
21	423	319	0
69	320	508	0
69	509	320	0
69	510	321	0
69	321	511	0
2	324	428	0
2	460	324	0
3	326	539	0
3	595	326	0
3	327	593	0
5	330	516	0
5	517	330	0
5	518	331	0
5	331	519	0
79	332	432	0
79	468	332	0
79	333	470	0
80	611	333	-1
8	521	336	0
82	613	336	-1
8	337	474	0
8	522	337	0
9	476	338	0
9	338	548	0
9	437	339	0
9	339	478	0
88	350	564	-1
15	606	350	1
88	606	350	1
18	551	359	0
49	553	359	0
18	362	575	0
69	523	372	0
69	372	524	0
69	373	439	0
69	526	373	0
85	527	374	0
85	374	528	0
2	376	461	0
2	544	376	0
4	604	380	0
78	609	380	-1
5	531	382	0
5	382	532	0
5	383	533	0
5	534	383	0
79	446	384	0
79	384	469	0
79	385	447	0
79	471	385	0
8	535	388	0
8	388	536	0
8	541	389	0
8	389	546	0
9	450	390	0
9	390	603	0
9	552	391	0
9	391	573	0
15	405	606	0
18	558	412	0
2	429	413	0
18	617	413	0
85	499	414	0
53	608	414	0
19	584	416	0
19	417	591	0
69	424	481	0
69	508	424	0
69	425	510	0
70	596	425	-1
5	430	484	0
5	516	430	0
5	431	618	0
87	619	431	-1
8	487	435	0
8	435	522	0
9	548	436	0
69	488	438	0
69	438	523	0
69	439	489	0
9	573	439	0
2	442	544	0
2	545	442	0
2	443	549	0
5	492	444	0
5	444	531	0
5	445	493	0
5	533	445	0
8	494	448	0
8	448	535	0
8	449	542	0
8	546	449	0
69	452	509	0
50	554	452	0
69	524	453	0
69	454	496	0
69	511	454	0
69	497	455	0
69	455	526	0
85	457	499	0
85	528	457	0
85	458	500	0
85	515	458	0
85	501	459	0
2	461	562	0
5	502	464	0
5	464	517	0
5	465	503	0
5	532	465	0
5	466	504	0
5	519	466	0
5	505	467	0
5	467	534	0
8	506	472	0
8	472	521	0
8	473	507	0
8	536	473	0
8	474	540	0
8	475	541	0
8	543	475	0
9	477	547	0
9	603	477	0
9	479	552	0
84	615	484	-1
86	620	515	-1
5	618	518	0
65	581	539	-1
50	585	554	0
18	574	558	0
53	563	589	0
88	564	621	-1
18	594	574	0
53	589	608	0
18	623	594	0
88	621	606	-1
