369
53
475
0	 3.648777761940639e+02 -2.197964706749121e+02  4.000000000000000e+03	 6.033569341525435e-03  6.033569341525435e-03 -9.184405911882442e-19	1.000000000000000e+00	619	1	0
1	1.000000000000000e+03 4.153257531310242e+02 4.000000000000000e+03	0.000000000000000e+00 0.000000000000000e+00 0.000000000000000e+00	1.000000000000000e+00	619	1	1
2	1.000000000000000e+03 1.000000000000000e+03 3.415325753131025e+03	0.000000000000000e+00 0.000000000000000e+00 0.000000000000000e+00	1.000000000000000e+00	619	1	2
4	-1.000000000000000e+03 -1.433527812956098e+02  3.713358614698042e+03	 3.259930343222746e-19 -1.957060652785003e-03 -1.957060652785003e-03	1.000000000000000e+00	619	1	4
5	-1.000000000000000e+03 -1.000000000000000e+03  2.856711395993652e+03	0.000000000000000e+00 0.000000000000000e+00 0.000000000000000e+00	1.000000000000000e+00	619	1	5
7	6.074215763075395e+02 1.000000000000000e+03 1.824908442108552e+03	1.945540367159993e-03 1.600681882163170e-20 1.945540367159992e-03	1.000000000000000e+00	619	1	7
8	1.000000000000000e+03 1.000000000000000e+03 2.217486865801013e+03	0.000000000000000e+00 0.000000000000000e+00 0.000000000000000e+00	1.000000000000000e+00	619	1	8
9	 1.000000000000000e+03 -7.825131341989875e+02  4.000000000000000e+03	0.000000000000000e+00 0.000000000000000e+00 0.000000000000000e+00	1.000000000000000e+00	619	1	9
10	 7.825131341989878e+02 -1.000000000000000e+03  4.000000000000000e+03	0.000000000000000e+00 0.000000000000000e+00 0.000000000000000e+00	1.000000000000000e+00	619	1	10
11	 3.061261104638691e+01 -1.000000000000000e+03  3.248099476847399e+03	5.947193480096758e-03 1.334179072595639e-18 5.947193480096756e-03	1.000000000000000e+00	619	1	11
13	 1.000000000000000e+03 -8.865608922057086e+02  0.000000000000000e+00	0.000000000000000e+00 0.000000000000000e+00 0.000000000000000e+00	1.000000000000000e+00	610	1	13
14	 8.865608922057086e+02 -1.000000000000000e+03  0.000000000000000e+00	0.000000000000000e+00 0.000000000000000e+00 0.000000000000000e+00	1.000000000000000e+00	610	1	14
15	 2.356562755666149e+02 -1.000000000000000e+03  6.509046166390937e+02	 1.095903664827347e-02  2.741720788337266e-18 -1.095903664827347e-02	1.000000000000000e+00	610	1	15
17	-4.320901935349040e+02 -1.000000000000000e+03  4.000000000000000e+03	0.000000000000000e+00 0.000000000000000e+00 0.000000000000000e+00	1.000000000000000e+00	552	1	17
18	-3.421432567105638e+01 -1.000000000000000e+03  3.602124132136152e+03	-4.491912899538875e-03  9.269141033623025e-19  4.491912899538875e-03	1.000000000000000e+00	552	1	18
20	-1.000000000000000e+03  1.000000000000000e+03  2.001112190757930e+03	0.000000000000000e+00 0.000000000000000e+00 0.000000000000000e+00	1.000000000000000e+00	571	1	20
21	-1.000000000000000e+03 -1.000000000000000e+03  1.112190757929056e+00	0.000000000000000e+00 0.000000000000000e+00 0.000000000000000e+00	1.000000000000000e+00	571	1	21
23	-1.000000000000000e+03 -3.238638380082716e+02  7.581784130590338e+02	 1.606781781928605e-19  4.653124371543527e-03 -4.653124371543527e-03	1.000000000000000e+00	453	1	23
24	-1.000000000000000e+03  4.343145750507622e+02  0.000000000000000e+00	0.000000000000000e+00 0.000000000000000e+00 0.000000000000000e+00	1.000000000000000e+00	453	1	24
26	1.000000000000000e+03 4.137287535245164e+02 2.600253932355544e+03	-4.376732392234767e-18  1.252457173541188e-02  1.252457173541188e-02	1.000000000000000e+00	26	1	26
27	1.000000000000000e+03 1.000000000000000e+03 3.186525178831027e+03	0.000000000000000e+00 0.000000000000000e+00 0.000000000000000e+00	1.000000000000000e+00	26	1	27
28	5.550649019221368e+02 1.000000000000000e+03 2.741590080753164e+03	 1.051854062825441e-02 -1.443445684414715e-18  1.051854062825441e-02	1.000000000000000e+00	26	1	28
30	1.000000000000000e+03 1.000000000000000e+03 6.066976182580577e+02	0.000000000000000e+00 0.000000000000000e+00 0.000000000000000e+00	1.000000000000000e+00	600	1	30
31	1.000000000000000e+03 3.933023817419428e+02 0.000000000000000e+00	0.000000000000000e+00 0.000000000000000e+00 0.000000000000000e+00	1.000000000000000e+00	600	1	31
32	7.835044214286283e+02 1.768068031705704e+02 0.000000000000000e+00	7.109988946467639e-03 7.109988946467638e-03 2.450296192435047e-19	1.000000000000000e+00	600	1	32
33	1.000000000000000e+03 9.069662523744207e+02 2.046671372244913e+03	-7.327055749788387e-19  9.086196310818195e-03  9.086196310818195e-03	1.000000000000000e+00	619	1	33
34	 1.000000000000000e+03 -1.000000000000000e+03  1.397051198704921e+02	0.000000000000000e+00 0.000000000000000e+00 0.000000000000000e+00	1.000000000000000e+00	619	1	34
35	-1.000000000000000e+03 -1.000000000000000e+03  2.139705119870493e+03	0.000000000000000e+00 0.000000000000000e+00 0.000000000000000e+00	1.000000000000000e+00	619	1	35
36	-1.000000000000000e+03  2.236727729917971e+02  3.363377892862289e+03	 1.848716702509334e-19 -3.088540630415082e-03 -3.088540630415082e-03	1.000000000000000e+00	619	1	36
37	-5.395224740453357e+02  2.679934700697016e+02  1.091772870152029e+03	0.000000000000000e+00 0.000000000000000e+00 0.000000000000000e+00	1.000000000000000e+00	55	0	37
38	 2.192031021678289e+02 -4.907321061434643e+02  2.609224022578360e+03	0.000000000000000e+00 0.000000000000000e+00 0.000000000000000e+00	1.000000000000000e+00	55	0	38
39	-1.088944443027284e+02 -1.626345596729055e+02  2.937321569048918e+03	0.000000000000000e+00 0.000000000000000e+00 0.000000000000000e+00	1.000000000000000e+00	55	0	39
40	-8.676200205158938e+02  5.960910165402597e+02  1.419870416622587e+03	0.000000000000000e+00 0.000000000000000e+00 0.000000000000000e+00	1.000000000000000e+00	55	0	40
41	-1.017573944179832e+02 -6.150860007404710e+01  1.859040019923130e+03	2.987833654818436e-03 2.470904068710903e-03 5.169295861075323e-04	1.000000000000000e+00	55	0	41
42	-5.467803291654686e+02  1.446745362483466e+02  2.192126588264925e+03	-6.449646704519789e-03 -9.396721686547002e-03  2.947074982027213e-03	1.000000000000000e+00	55	0	42
43	-6.102331521639902e+02 -7.551900423072325e+02  1.997576656851997e+03	0.000000000000000e+00 0.000000000000000e+00 0.000000000000000e+00	1.000000000000000e+00	619	0	43
44	1.824335495461295e+02 3.747665940288736e+01 3.582910060272236e+03	0.000000000000000e+00 0.000000000000000e+00 0.000000000000000e+00	1.000000000000000e+00	619	0	44
45	9.984347750354048e+02 8.534778848921626e+02 2.766908834782960e+03	0.000000000000000e+00 0.000000000000000e+00 0.000000000000000e+00	1.000000000000000e+00	619	0	45
46	2.057680733252848e+02 6.081118318204375e+01 1.181575431362721e+03	0.000000000000000e+00 0.000000000000000e+00 0.000000000000000e+00	1.000000000000000e+00	619	0	46
48	7.850567672690088e+02 2.359292755797187e+02 1.935982217704120e+03	 1.496423408389091e-02 -2.569753862917423e-02 -1.073330454528332e-02	1.000000000000000e+00	619	0	48
49	-7.756961389616431e+02  2.248599564173224e+02  3.792213667503454e+03	0.000000000000000e+00 0.000000000000000e+00 0.000000000000000e+00	1.000000000000000e+00	619	0	49
50	 9.142890680742061e+02 -6.201326471006022e+02  2.947221063985530e+03	0.000000000000000e+00 0.000000000000000e+00 0.000000000000000e+00	1.000000000000000e+00	619	0	50
51	 6.965001794687494e+02 -8.379215357060586e+02  2.729432175380073e+03	0.000000000000000e+00 0.000000000000000e+00 0.000000000000000e+00	1.000000000000000e+00	619	0	51
52	-9.934850275670996e+02  7.071067811866266e+00  3.574424778897997e+03	0.000000000000000e+00 0.000000000000000e+00 0.000000000000000e+00	1.000000000000000e+00	619	0	52
53	 6.679039653236980e+01 -2.087590579438927e+02  3.383346146370656e+03	-1.204237123602070e-04 -2.736399892455665e-06  1.231601054314524e-04	1.000000000000000e+00	619	0	53
54	-1.657280268828976e+02 -5.692056036696705e+02  3.322944449695332e+03	-1.916411720837156e-03 -2.237403920541207e-03  4.153815641378363e-03	1.000000000000000e+00	619	0	54
55	-3.705239533417505e+02 -6.554879861599293e+02  2.054145199346920e+03	0.000000000000000e+00 0.000000000000000e+00 0.000000000000000e+00	1.000000000000000e+00	55	0	55
56	3.577960312803930e+02 7.283199846221450e+01 5.975052301026326e+02	0.000000000000000e+00 0.000000000000000e+00 0.000000000000000e+00	1.000000000000000e+00	55	0	56
57	6.279108216936542e+02 3.429467888754754e+02 8.676200205158938e+02	0.000000000000000e+00 0.000000000000000e+00 0.000000000000000e+00	1.000000000000000e+00	55	0	57
58	-1.004091629284902e+02 -3.853731957466687e+02  2.324259989760182e+03	0.000000000000000e+00 0.000000000000000e+00 0.000000000000000e+00	1.000000000000000e+00	55	0	58
59	 2.833803173258140e+02 -4.708461150089488e+02  1.215599057528375e+03	 1.738503358016412e-02 -1.066239395489295e-02 -6.722639625271162e-03	1.000000000000000e+00	55	0	59
60	2.354484915582100e+02 8.749838628954048e+00 1.594279300897859e+03	-5.358021032103958e-04  6.118266004098890e-04 -7.602449719949313e-05	1.000000000000000e+00	55	0	60
205	 3.648777761940639e+02 -2.197964706749121e+02  4.500000000000000e+03	0.000000000000000e+00 0.000000000000000e+00 0.000000000000000e+00	1.000000000000000e+00	619	-1	0
206	1.353553390593274e+03 4.153257531310242e+02 4.353553390593273e+03	0.000000000000000e+00 0.000000000000000e+00 0.000000000000000e+00	1.000000000000000e+00	619	-1	1
207	1.353553390593274e+03 1.353553390593274e+03 3.415325753131025e+03	0.000000000000000e+00 0.000000000000000e+00 0.000000000000000e+00	1.000000000000000e+00	619	-1	2
209	-1.500000000000000e+03 -1.433527812956098e+02  3.713358614698042e+03	0.000000000000000e+00 0.000000000000000e+00 0.000000000000000e+00	1.000000000000000e+00	619	-1	4
210	-1.353553390593274e+03 -1.353553390593274e+03  2.856711395993652e+03	0.000000000000000e+00 0.000000000000000e+00 0.000000000000000e+00	1.000000000000000e+00	619	-1	5
212	6.074215763075395e+02 1.500000000000000e+03 1.824908442108552e+03	0.000000000000000e+00 0.000000000000000e+00 0.000000000000000e+00	1.000000000000000e+00	619	-1	7
213	1.353553390593274e+03 1.353553390593274e+03 2.217486865801013e+03	0.000000000000000e+00 0.000000000000000e+00 0.000000000000000e+00	1.000000000000000e+00	619	-1	8
214	 1.353553390593274e+03 -7.825131341989875e+02  4.353553390593273e+03	0.000000000000000e+00 0.000000000000000e+00 0.000000000000000e+00	1.000000000000000e+00	619	-1	9
215	 7.825131341989878e+02 -1.353553390593274e+03  4.353553390593273e+03	0.000000000000000e+00 0.000000000000000e+00 0.000000000000000e+00	1.000000000000000e+00	619	-1	10
216	 3.061261104638690e+01 -1.500000000000000e+03  3.248099476847399e+03	0.000000000000000e+00 0.000000000000000e+00 0.000000000000000e+00	1.000000000000000e+00	619	-1	11
218	 1.353553390593274e+03 -8.865608922057086e+02 -3.535533905932737e+02	0.000000000000000e+00 0.000000000000000e+00 0.000000000000000e+00	1.000000000000000e+00	610	-1	13
219	 8.865608922057086e+02 -1.353553390593274e+03 -3.535533905932737e+02	0.000000000000000e+00 0.000000000000000e+00 0.000000000000000e+00	1.000000000000000e+00	610	-1	14
220	 2.356562755666149e+02 -1.500000000000000e+03  6.509046166390937e+02	0.000000000000000e+00 0.000000000000000e+00 0.000000000000000e+00	1.000000000000000e+00	610	-1	15
222	-4.320901935349040e+02 -1.353553390593274e+03  4.353553390593273e+03	0.000000000000000e+00 0.000000000000000e+00 0.000000000000000e+00	1.000000000000000e+00	552	-1	17
223	-3.421432567105638e+01 -1.500000000000000e+03  3.602124132136152e+03	0.000000000000000e+00 0.000000000000000e+00 0.000000000000000e+00	1.000000000000000e+00	552	-1	18
225	-1.353553390593274e+03  1.353553390593274e+03  2.001112190757930e+03	0.000000000000000e+00 0.000000000000000e+00 0.000000000000000e+00	1.000000000000000e+00	571	-1	20
226	-1.353553390593274e+03 -1.353553390593274e+03  1.112190757929058e+00	0.000000000000000e+00 0.000000000000000e+00 0.000000000000000e+00	1.000000000000000e+00	571	-1	21
228	-1.500000000000000e+03 -3.238638380082716e+02  7.581784130590338e+02	0.000000000000000e+00 0.000000000000000e+00 0.000000000000000e+00	1.000000000000000e+00	453	-1	23
229	-1.353553390593274e+03  4.343145750507622e+02 -3.535533905932737e+02	0.000000000000000e+00 0.000000000000000e+00 0.000000000000000e+00	1.000000000000000e+00	453	-1	24
231	1.500000000000000e+03 4.137287535245164e+02 2.600253932355544e+03	0.000000000000000e+00 0.000000000000000e+00 0.000000000000000e+00	1.000000000000000e+00	26	-1	26
232	1.353553390593274e+03 1.353553390593274e+03 3.186525178831027e+03	0.000000000000000e+00 0.000000000000000e+00 0.000000000000000e+00	1.000000000000000e+00	26	-1	27
233	5.550649019221368e+02 1.500000000000000e+03 2.741590080753164e+03	0.000000000000000e+00 0.000000000000000e+00 0.000000000000000e+00	1.000000000000000e+00	26	-1	28
235	1.353553390593274e+03 1.353553390593274e+03 6.066976182580577e+02	0.000000000000000e+00 0.000000000000000e+00 0.000000000000000e+00	1.000000000000000e+00	600	-1	30
236	 1.353553390593274e+03  3.933023817419428e+02 -3.535533905932737e+02	0.000000000000000e+00 0.000000000000000e+00 0.000000000000000e+00	1.000000000000000e+00	600	-1	31
237	 7.835044214286283e+02  1.768068031705704e+02 -5.000000000000000e+02	0.000000000000000e+00 0.000000000000000e+00 0.000000000000000e+00	1.000000000000000e+00	600	-1	32
238	1.500000000000000e+03 9.069662523744207e+02 2.046671372244913e+03	0.000000000000000e+00 0.000000000000000e+00 0.000000000000000e+00	1.000000000000000e+00	619	-1	33
239	 1.353553390593274e+03 -1.353553390593274e+03  1.397051198704921e+02	0.000000000000000e+00 0.000000000000000e+00 0.000000000000000e+00	1.000000000000000e+00	619	-1	34
240	-1.353553390593274e+03 -1.353553390593274e+03  2.139705119870493e+03	0.000000000000000e+00 0.000000000000000e+00 0.000000000000000e+00	1.000000000000000e+00	619	-1	35
241	-1.500000000000000e+03  2.236727729917971e+02  3.363377892862289e+03	0.000000000000000e+00 0.000000000000000e+00 0.000000000000000e+00	1.000000000000000e+00	619	-1	36
242	-5.346820083025989e+01  4.160290116629573e+02  2.945828540637807e+03	-1.883476943476126e-04 -1.067135999619495e-04 -8.163408892869484e-05	7.500000000000000e-01	619	0	242
244	 1.831256952368415e+02 -4.747085355265076e+01  2.448083414590505e+03	2.196513873059303e-03 1.126704100897769e-03 1.069809772161534e-03	4.218750000000000e-01	619	0	244
245	 6.388891325791426e+02 -6.636365028354221e+02  5.840352567911436e+02	 5.199238657951355e-03 -6.807737983763218e-03 -1.200697664171457e-02	1.000000000000000e+00	610	0	245
246	 1.448166426486495e+01 -6.197201861244046e+02  3.933707956075827e+03	-3.965026776616772e-03  2.413519037266572e-03  6.378545813883345e-03	1.000000000000000e+00	552	0	246
247	3.412142601058331e+02 6.668368299070296e+01 2.409010133854465e+03	-5.636873567709699e-03  5.252190487226471e-03 -3.846830804832279e-04	1.000000000000000e+00	571	0	247
248	-3.414233372793257e+02 -5.497492279589385e+02  3.254871402890261e+02	-2.771917885790269e-03  1.101579152358075e-02 -8.243873637790481e-03	1.000000000000000e+00	453	0	248
249	8.146816186091555e+02 6.818941851800298e+02 2.683100982620212e+03	9.436035761609674e-03 3.588241059333086e-03 1.302427682094276e-02	1.000000000000000e+00	26	0	249
250	2.014672980856502e+02 6.526375606419781e+02 1.057867880814385e+03	1.050709187984467e-02 1.153062749654055e-02 1.023535616695881e-03	1.000000000000000e+00	600	0	250
251	4.054064025927719e+00 5.678710962432417e+02 2.703522152087807e+03	4.467578401090573e-05 1.984164820896694e-03 1.939489036885789e-03	1.000000000000000e+00	619	0	251
252	-2.605471713031039e+02  1.748659978342048e+02  1.463875645129758e+03	 3.934683268501733e-03  4.313400024936224e-03 -3.787167564344902e-04	1.000000000000000e+00	55	0	252
253	 1.545837689577747e+01 -3.170452728735563e+02  2.231792464036400e+03	-1.235005450629008e-03 -1.108142309628117e-03 -1.268631410008917e-04	1.000000000000000e+00	55	0	253
254	-2.556793719603910e+02  7.802076731766934e+01  2.549881314400680e+03	 6.822498495845746e-04  9.867440579303850e-04 -3.044942083458106e-04	1.000000000000000e+00	55	0	254
255	-8.137525670817744e+02  2.611953003804343e+02  1.808633586216532e+03	-1.553579606115818e-02 -1.698775403201580e-02  1.451957970857620e-03	1.000000000000000e+00	55	0	255
257	-9.570713131019011e+01 -8.883019731607625e+01  3.178462522696953e+03	-8.875418493213752e-03  7.423998283532758e-03 -1.451420209680994e-03	1.000000000000000e+00	619	0	257
259	4.507407614927847e+02 1.971106817083202e+02 1.562847618056497e+03	 4.249481096242866e-03 -7.215323314691583e-03 -2.965842218448719e-03	1.000000000000000e+00	619	0	259
260	-3.484621544888608e+02  1.128285627392469e+02  3.477011076708747e+03	 4.044543990554910e-04  4.195931319069738e-03 -4.600385718125229e-03	1.000000000000000e+00	619	0	260
261	 4.832514684487700e+02 -4.663969891386432e+02  3.224523005649007e+03	-3.205224444779256e-04 -1.826968868651117e-03  2.147491313129043e-03	1.000000000000000e+00	619	0	261
262	 1.852619766708759e+02 -1.311217442158800e+02  2.533870586687769e+03	 1.137443686540169e-18  3.471061494201421e-02 -3.471061494201422e-02	1.000000000000000e+00	619	0	262
263	-4.631292001830935e+02 -1.937738702646161e+02  3.244913889590473e+03	 8.774128897736471e-03  1.181542562941710e-03 -9.955671460678179e-03	1.000000000000000e+00	619	0	263
264	 1.530328296925014e+02 -8.398606532272254e+02  1.714961083379964e+03	 1.337858382612467e-02 -1.807964965701103e-02  4.701065830886363e-03	1.000000000000000e+00	55	0	264
265	 3.121657215550968e+02 -2.161119718287890e+02  9.320795101189323e+02	 1.576666161417961e-02 -9.668683633208275e-03 -6.097977980971335e-03	1.000000000000000e+00	55	0	265
266	4.324664888384215e+02 1.736152361417344e+02 1.232395906104867e+03	-2.742254815530032e-03  2.294310892466456e-03  4.479439230635762e-04	1.000000000000000e+00	55	0	266
267	 8.909034884106569e+00 -1.293257830623159e+02  1.958894379263233e+03	-3.051136814368268e-03  2.221653509574632e-03  8.294833047936361e-04	1.000000000000000e+00	55	0	267
268	-5.591386451835359e+01  2.616295090390246e+01  3.333248937708768e+03	-9.092733263969420e-03  1.935799902679199e-18 -9.092733263969423e-03	1.000000000000000e+00	619	0	268
269	-2.318308436418408e+02  7.590022476130417e+02  2.424492661876141e+03	5.232728940124313e-03 4.049188069378336e-03 1.183540870745977e-03	1.000000000000000e+00	619	0	269
271	-2.079495389825516e+02 -9.316781771578640e+02  2.132982757818339e+03	-1.424311190688362e-02 -1.236848537034045e-02  1.874626536543170e-03	1.000000000000000e+00	619	0	271
272	3.715501363476992e+02 4.924454126956891e+02 2.096591589453023e+03	-3.974446008214727e-05 -1.531310886093706e-06 -3.821315112872981e-05	1.000000000000000e+00	619	0	272
274	 8.627888485765842e+02 -4.538988378931205e+02  5.698732057360038e+02	 9.686776436865330e-03 -1.078108418732882e-02 -2.046786062419415e-02	1.000000000000000e+00	610	0	274
275	 4.070524182061231e+02 -8.689956716457990e+02  6.105128023537862e+02	 3.888933143268029e-03 -6.064020950968067e-03 -9.952954094236095e-03	1.000000000000000e+00	610	0	275
277	-7.544915728332430e+00 -8.160110489865369e+02  3.759443673206892e+03	-8.124742579335969e-03 -3.402838328232368e-03  4.721904251103600e-03	1.000000000000000e+00	552	0	277
278	5.121184886038393e+02 5.134570898945700e+02 3.026687769256338e+03	-5.626979283988476e-03  3.420230699703097e-03 -2.206748584285378e-03	1.000000000000000e+00	571	0	278
279	 2.971223567685885e+02 -4.975689509404692e+02  1.800665596586049e+03	 1.902593066915870e-04 -6.660668441327289e-05  1.236526295542717e-04	1.000000000000000e+00	571	0	279
280	-6.678616366245031e+02 -4.424189007552227e+02  5.445951124304878e+02	-1.346153828004996e-03  8.034107352917394e-03 -6.687953524912397e-03	1.000000000000000e+00	453	0	280
281	-2.009194653066184e+01 -6.332616046020959e+02  8.766812618351976e+01	-2.408698045959075e-03  9.506298151488105e-03 -7.097600105529030e-03	1.000000000000000e+00	453	0	281
282	9.446309215819562e+02 5.021812497073128e+02 2.633337350120295e+03	1.091726116525630e-02 2.144738255689541e-03 1.306199942094584e-02	1.000000000000000e+00	26	0	282
283	6.760300257764162e+02 8.619064804789335e+02 2.724461685086376e+03	8.843973123778900e-03 4.578110141058763e-03 1.342208326483766e-02	1.000000000000000e+00	26	0	283
284	-4.675285428413595e+01  9.062426864812112e+02  1.559693159023405e+03	 1.646160889261713e-02  1.487746838635455e-02 -1.584140506262580e-03	1.000000000000000e+00	600	0	284
285	4.772812996836190e+02 4.072596623285312e+02 5.366759809029699e+02	9.401333557131389e-03 1.059632185691347e-02 1.194988299782077e-03	1.000000000000000e+00	600	0	285
286	5.194774198931943e+02 7.417498708492592e+02 2.361977570826557e+03	8.909877312059203e-04 4.966812809774031e-03 4.075825078568111e-03	1.000000000000000e+00	619	0	286
287	-4.939069943900392e+02  4.363373363299890e+02  3.069949450590520e+03	-5.394610343500972e-05 -3.084780182689428e-04 -2.545319148339331e-04	1.000000000000000e+00	619	0	287
288	-3.898484368026538e+02  2.384863655930282e+02  1.270954011871384e+03	 2.725101308897138e-03  3.681520000100136e-03 -9.564186912029983e-04	1.000000000000000e+00	55	0	288
289	 1.197754951669026e+02 -4.022770765332621e+02  2.421341385967231e+03	-1.285915971190358e-03 -1.437138057857131e-03  1.512220866667728e-04	1.000000000000000e+00	55	0	289
290	-1.155961300211666e+02  1.786676259287776e+01  2.750118561064696e+03	1.861561904661357e-03 1.199753722175956e-03 6.618081824854017e-04	1.000000000000000e+00	55	0	290
291	-9.045671614096817e+02  3.867639543029073e+02  1.592250337966152e+03	-1.304750687753161e-02 -8.161549611637989e-03 -4.885957265893619e-03	1.000000000000000e+00	55	0	291
292	-1.654097241964305e+02  6.214014028644782e+01  1.671738949784188e+03	3.713140749217321e-03 3.148773432864497e-03 5.643673163528244e-04	1.000000000000000e+00	55	0	292
293	-3.542707847830883e+01 -1.872303780044747e+02  2.051092113793232e+03	-4.163682258173651e-04  9.322255677801650e-05 -5.095907825953816e-04	1.334838867187500e-01	55	0	293
294	-4.017947618870370e+02  1.094362705032105e+02  2.372350421288493e+03	-2.403526566922665e-03 -3.698019776493311e-03  1.294493209570646e-03	1.000000000000000e+00	55	0	294
295	-6.860504545026873e+02  1.916786399459326e+02  2.005852359230121e+03	-1.073874921227495e-02 -1.410225297634800e-02  3.363503764073053e-03	1.000000000000000e+00	55	0	295
296	-3.730447048023623e+02 -8.567365190651976e+02  2.133218627455660e+03	 8.076740428805351e-03 -2.908027917146683e-02 -2.100353874266148e-02	1.000000000000000e+00	619	0	296
299	2.811569578275785e+02 1.774136369226941e+02 1.373566769605665e+03	 2.806384194021424e-03 -4.097255800540248e-03 -1.290871606518825e-03	1.000000000000000e+00	619	0	299
301	-1.870399214484870e+02 -1.764480842956486e+02  2.999511845579084e+03	-9.768906825532516e-03  1.417488247777025e-02  4.405975652237734e-03	1.000000000000000e+00	619	0	301
302	9.325774445812451e+02 2.561290112357888e+02 2.103702630672426e+03	 2.891351437817017e-02 -3.714477301885685e-02 -8.231258640686670e-03	1.000000000000000e+00	619	0	302
303	6.185232076848658e+02 2.172951399935494e+02 1.750814522533808e+03	 8.879030278573433e-03 -1.529604646687706e-02 -6.417016188303629e-03	1.000000000000000e+00	619	0	303
304	-5.737433954754651e+02  2.128923428430837e+02  3.602228537591514e+03	-8.950817088286083e-04  3.709269183066984e-03 -2.814187474238376e-03	1.000000000000000e+00	619	0	304
305	 7.051447421958974e+02 -5.919768128901308e+02  3.128209555653367e+03	 2.845508667329947e-04 -1.028717136553799e-03  7.441662698208044e-04	1.000000000000000e+00	619	0	305
306	 5.386213072728420e+02 -6.254958980637839e+02  2.674885409933705e+03	 5.229739937931299e-03  3.437004517763854e-03 -8.666744455695152e-03	1.000000000000000e+00	619	0	306
307	-7.679969859823451e+02 -1.343502884254438e+02  3.490358093550553e+03	-3.831167705357077e-04  4.381177799193695e-19  3.831167705357073e-04	1.000000000000000e+00	619	0	307
308	-1.313075843094031e+02 -3.758382322366496e+01  3.410268892492202e+03	 2.506228823525210e-04  5.829806226150442e-04 -8.336035049675654e-04	1.000000000000000e+00	619	0	308
309	 2.782569527651822e+02 -3.384231885261330e+02  3.301543720720084e+03	-3.169960497568051e-04 -2.175200769367317e-03  2.492196819124123e-03	1.000000000000000e+00	619	0	309
310	 4.343398087002845e+01 -7.548928909071483e+02  3.299469729179883e+03	-4.826545404891173e-03 -8.352558283756176e-03  1.317910368864735e-02	1.000000000000000e+00	619	0	310
311	-3.453111209755516e+02 -3.734511915311335e+02  3.306773131649449e+03	 3.953963595752914e-03  1.593725134929021e-03 -5.547688730681936e-03	1.000000000000000e+00	619	0	311
312	-1.397188168992815e+02 -7.950163058826296e+02  1.962868382627151e+03	-1.565291022416204e-04 -2.590863921795972e-03  2.747393024037592e-03	1.000000000000000e+00	55	0	312
313	 3.422038697290748e+02 -8.428596027722563e+01  7.702153503933910e+02	 8.833812704930702e-03 -5.896929496278366e-03 -2.936883208652338e-03	1.000000000000000e+00	55	0	313
314	5.103512752054261e+02 2.785149585700019e+02 1.049611397309595e+03	-2.823234572739845e-03  2.849075906245465e-03 -2.584133350561986e-05	1.000000000000000e+00	55	0	314
315	-3.040559159102147e+01 -2.499557806246854e+02  2.118839003300731e+03	 1.111919940142509e-17  8.032470941543663e-04 -8.032470941543496e-04	1.000000000000000e+00	55	0	315
316	 2.470525401994462e+02 -6.286527366531288e+02  1.409733456298923e+03	 1.576815390338500e-02 -1.025773367534081e-02 -5.510420228044192e-03	1.000000000000000e+00	55	0	316
317	 2.982572994034472e+02 -3.379330837447692e+02  1.067809044186562e+03	 1.780697905148069e-02 -1.011889412378271e-02 -7.688084927697976e-03	1.000000000000000e+00	55	0	317
318	3.591647775554939e+02 7.444873479380779e+01 1.404864118735722e+03	-6.584710402724644e-04  1.603818828395257e-03 -9.453477881227931e-04	1.000000000000000e+00	55	0	318
319	 1.271976349528490e+02 -6.406124182371387e+01  1.775341237955888e+03	-1.575516983090589e-03  1.851711790853491e-03 -2.761948077629010e-04	1.000000000000000e+00	55	0	319
320	 2.782109848142129e+02 -4.386949584336980e+01  3.737406233788607e+03	1.078736975159700e-03 1.072046107310598e-03 6.690867849101784e-06	1.000000000000000e+00	619	0	320
321	-3.033162020912673e+02  9.386809737474506e+02  2.173328577292306e+03	7.858252998024303e-03 7.848190229803246e-03 1.006276822105697e-05	1.000000000000000e+00	619	0	321
324	4.909044590180764e+02 7.494025924499866e+02 1.958988732369103e+03	1.264408581240180e-03 5.861162450552609e-05 1.205796956734654e-03	1.000000000000000e+00	619	0	324
326	 1.000000000000000e+03 -3.020064180546641e+02  5.845544741510445e+02	-3.491098144824380e-18 -1.793791214004159e-02 -1.793791214004159e-02	1.000000000000000e+00	610	1	326
329	-1.885222906554054e+01 -9.137813871481713e+02  3.672980648382465e+03	-7.676841225475073e-03 -2.882095985114574e-03  4.794745240360498e-03	1.000000000000000e+00	552	0	329
330	5.273592154452857e+02 7.857089732959706e+02 3.314180379499186e+03	-7.310694005961220e-03  3.637810548146565e-03 -3.672883457814653e-03	1.000000000000000e+00	571	0	330
331	 3.657620480708958e+02 -8.099490766207030e+02  1.556925162208122e+03	 4.704868847814699e-03 -1.247859016681711e-03  3.457009831132988e-03	1.000000000000000e+00	571	0	331
332	-8.345022773857038e+02 -3.808794987395133e+02  6.496963511759791e+02	-1.082110684365034e-03  6.766915787011385e-03 -5.684805102646351e-03	1.000000000000000e+00	453	0	332
333	 1.543964692340757e+02 -7.200818941833135e+02  0.000000000000000e+00	-2.789347898215056e-03  2.789347898215056e-03  5.659261115292358e-18	1.000000000000000e+00	453	1	333
335	5.950334330071930e+02 9.596727433632543e+02 2.741231355201474e+03	6.005058996379375e-03 5.543279461562634e-03 1.154833845794201e-02	1.000000000000000e+00	26	0	335
337	6.331911820704440e+02 3.128465285120727e+02 2.863529646996861e+02	7.734510543135305e-03 9.126729370715717e-03 1.392218827580412e-03	1.000000000000000e+00	600	0	337
338	7.684746503910018e+02 8.319594223547091e+02 2.203189891834200e+03	1.181547452385227e-03 6.908942906496425e-03 5.727395454111199e-03	1.000000000000000e+00	619	0	338
339	-7.506602784676343e+02  3.379048448384561e+02  3.228270243176583e+03	-1.547619370588412e-04 -1.803730260386753e-03 -1.648968323327911e-03	1.000000000000000e+00	619	0	339
340	-4.607097409633857e+02  2.623998675199243e+02  1.176179205783756e+03	 1.078536462349196e-03  2.418321828978757e-03 -1.339785366629561e-03	1.000000000000000e+00	55	0	340
341	 1.767003267909492e+02 -4.434426019003710e+02  2.519431742958387e+03	1.723390509141609e-03 1.525238883914426e-03 1.981516252271831e-04	1.000000000000000e+00	55	0	341
342	-8.899132038707488e+01 -6.808210943248618e+01  2.862672242724152e+03	-1.380674220854416e-04  1.222694554599002e-04 -2.603368775453418e-04	1.000000000000000e+00	55	0	342
343	-9.050890200623052e+02  4.958387758986713e+02  1.482653657717764e+03	-6.195528820777933e-03 -2.030323569973310e-03 -4.165205250804623e-03	1.000000000000000e+00	55	0	343
344	-1.328881663266577e+02 -1.967188725865129e+00  1.768367836666274e+03	3.427214707092693e-03 2.763523467971633e-03 6.636912391210595e-04	1.000000000000000e+00	55	0	344
345	-6.746569258725546e+01 -1.177938223188037e+02  1.949616943998614e+03	2.593447240845611e-03 1.970370047880957e-03 6.230771929646531e-04	1.000000000000000e+00	55	0	345
346	-4.747649458594174e+02  1.260547055565549e+02  2.282761802262768e+03	-4.355155397206545e-03 -6.558148656040430e-03  2.202993258833885e-03	1.000000000000000e+00	55	0	346
347	-6.173979356236248e+02  1.661632130114712e+02  2.100020305043645e+03	-8.595495562379559e-03 -1.196855857657889e-02  3.373063014199337e-03	1.000000000000000e+00	55	0	347
348	-5.021105936202192e+02 -8.154801589005802e+02  2.045409098802420e+03	-1.014740788377821e-03  1.764117041602731e-03  7.493762532249093e-04	1.000000000000000e+00	619	0	348
350	1.000000000000000e+03 7.575754332085314e+02 2.672571608063924e+03	-8.302804883696802e-18  4.912642762064983e-04  4.912642762064885e-04	1.000000000000000e+00	619	1	350
351	2.319942936053842e+02 1.306534874290616e+02 1.277643955889838e+03	 3.144099153966332e-03 -2.709785000964378e-03  4.343141530019541e-04	1.000000000000000e+00	619	0	351
353	-2.531442276647838e+02 -1.901652415350908e+02  2.919690382123345e+03	-1.343705408969812e-18  6.504940800368784e-03  6.504940800368788e-03	1.000000000000000e+00	619	0	353
354	8.597351831030395e+02 2.450037782898561e+02 2.019735136248288e+03	 1.848505282153686e-02 -3.096803432951371e-02 -1.248298150797685e-02	1.000000000000000e+00	619	0	354
355	7.034899745685343e+02 2.269333959357070e+02 1.845419545359634e+03	 1.197680334250132e-02 -2.067129158725341e-02 -8.694488244752089e-03	1.000000000000000e+00	619	0	355
356	-6.893442243423283e+02  2.361372302635178e+02  3.694584479037944e+03	-1.291030086576939e-03  1.600850955583155e-03 -3.098208690062165e-04	1.000000000000000e+00	619	0	356
357	 8.289801059370531e+02 -6.314805322616685e+02  3.043877911283749e+03	 1.021847361698747e-03 -5.714737344533205e-04 -4.503736272454262e-04	1.000000000000000e+00	619	0	357
358	 6.286200287052641e+02 -7.320001586172382e+02  2.691390949054738e+03	 3.135766834020615e-03  4.758143331855535e-04 -3.611581167206168e-03	1.000000000000000e+00	619	0	358
359	-9.530076314329195e+02 -1.343502884254438e+02  3.675368739001128e+03	-1.319143921136890e-04 -1.678335570628081e-19  1.319143921136822e-04	1.000000000000000e+00	619	0	359
360	-3.260750979262204e+01 -1.280995373706490e+02  3.402084532122405e+03	 3.658401292341296e-04  5.484357097884639e-05 -4.206837002129760e-04	1.000000000000000e+00	619	0	360
361	 1.728380257848920e+02 -2.761157478747749e+02  3.344655207049017e+03	-2.590701721298198e-04 -1.433986365251864e-03  1.693056537381684e-03	1.000000000000000e+00	619	0	361
362	-7.034501852315735e+01 -6.560638862327578e+02  3.314419723898679e+03	-3.837470275660356e-03 -5.279605820154151e-03  9.117076095814506e-03	1.000000000000000e+00	619	0	362
363	-2.620096842216641e+02 -4.723975353428131e+02  3.322418038707241e+03	 8.784534293226898e-04  5.691469996236265e-04 -1.447600428946316e-03	1.000000000000000e+00	619	0	363
364	-2.656497722809881e+02 -7.286701603892812e+02  2.022453192515510e+03	-9.593751747161150e-05 -7.326094964810181e-05  1.691984725766815e-04	7.500000000000000e-01	55	0	364
365	 3.615330237285419e+02 -5.610783714949926e+00  6.722110198316482e+02	 3.426239592954516e-03 -1.429036259651184e-03 -1.997203333303332e-03	1.000000000000000e+00	55	0	365
366	5.626045703303533e+02 3.220539168917116e+02 9.538191438629583e+02	-1.493777594684313e-03  2.385606077344467e-03 -8.918284826601545e-04	1.000000000000000e+00	55	0	366
367	-8.774616735684272e+01 -3.246383661319258e+02  2.250862164573792e+03	 1.053038635291159e-03 -1.925081945955753e-03  8.720433106645943e-04	1.000000000000000e+00	55	0	367
368	 2.682349748954036e+02 -5.484656368834504e+02  1.308363921833287e+03	 1.656420932461818e-02 -1.083391035596530e-02 -5.730298968652884e-03	1.000000000000000e+00	55	0	368
369	 2.923087339766575e+02 -4.007460974300225e+02  1.136570623298605e+03	 1.782191358506680e-02 -1.033317763358355e-02 -7.488735951483250e-03	1.000000000000000e+00	55	0	369
370	2.910223934521461e+02 4.526946887099214e+01 1.502185768761885e+03	-5.940673678802947e-04  8.941599711154898e-04 -3.000926032351950e-04	1.000000000000000e+00	55	0	370
371	 1.812883011631423e+02 -2.847806116966775e+01  1.685667391091549e+03	-1.006179591058753e-03  1.145781148807146e-03 -1.396015577483922e-04	1.000000000000000e+00	55	0	371
372	-4.998148744163555e+01  1.901799431914278e+02  3.175164322497961e+03	-4.096464292767148e-03 -1.840756818031271e-03 -2.255707474735876e-03	1.000000000000000e+00	619	0	372
373	-1.431373438473204e+02  5.889203553248348e+02  2.683268053958869e+03	2.701455979452779e-03 1.884682433834920e-03 8.167735456178586e-04	1.000000000000000e+00	619	0	373
374	-3.241687349022313e+02 -1.702233966268687e+02  3.010656734269014e+03	6.550400440270701e-03 9.288904334728917e-03 2.738503894458214e-03	1.000000000000000e+00	619	0	374
376	2.577649496589330e+02 2.309532205921477e+02 2.244298594867798e+03	2.197988637817616e-04 1.420675289409701e-05 2.055921108876646e-04	4.218750000000000e-01	619	0	376
378	 7.511217256297143e+02 -5.599769575098697e+02  5.754622090661243e+02	 6.306311426063378e-03 -7.638930187871058e-03 -1.394524161393444e-02	1.000000000000000e+00	610	0	378
379	 5.242380367320751e+02 -7.674161428857836e+02  5.949067125878496e+02	 4.335048608481884e-03 -6.263959221541882e-03 -1.059900783002377e-02	1.000000000000000e+00	610	0	379
380	 6.452717440661736e+01 -5.033826320584786e+02  4.000000000000000e+03	-1.632963831070811e-02 -1.632963831070811e-02 -6.808825886157819e-18	1.000000000000000e+00	552	1	380
381	 1.357672902340288e+00 -7.220327857578728e+02  3.844519347804883e+03	-6.748848594725132e-03 -2.767961006611586e-03  3.980887588113546e-03	1.000000000000000e+00	552	0	381
382	4.446483730190836e+02 2.728881264776655e+02 2.718648690254679e+03	-5.836912857679029e-03  4.316846413227419e-03 -1.520066444451610e-03	1.000000000000000e+00	571	0	382
383	 2.465708500423332e+02 -1.898398608143972e+02  2.057843179985865e+03	-5.066970751310389e-03  2.217443504681190e-03 -2.849527246629199e-03	1.000000000000000e+00	571	0	383
384	-5.032425699805849e+02 -4.999071472782542e+02  4.374642923096012e+02	-1.966462315370639e-03  9.685272273297111e-03 -7.718809957926472e-03	1.000000000000000e+00	453	0	384
385	-1.820978942127247e+02 -5.920108842469082e+02  2.084233535103949e+02	-2.989522026230892e-03  1.081011343436936e-02 -7.820591408138474e-03	1.000000000000000e+00	453	0	385
386	8.770867054267584e+02 5.957588541954715e+02 2.659370738453256e+03	9.942886341984073e-03 3.478618493924538e-03 1.342150483590861e-02	1.000000000000000e+00	26	0	386
387	7.477245344023835e+02 7.707648430282536e+02 2.705014556261664e+03	8.994154011209806e-03 3.956077930827935e-03 1.295023194203774e-02	1.000000000000000e+00	26	0	387
388	6.475522035512694e+01 7.697801582484445e+02 1.311722556151375e+03	 1.407199263242850e-02  1.392938658924928e-02 -1.426060431792085e-04	1.000000000000000e+00	600	0	388
389	3.528467222919536e+02 5.254882001522300e+02 7.793390961183341e+02	 9.881658540204322e-03  9.786640233263219e-03 -9.501830694110429e-05	1.000000000000000e+00	600	0	389
390	2.627193046073447e+02 6.581656302980524e+02 2.535151445561200e+03	7.128888197864095e-04 3.404324893684437e-03 2.691436073898027e-03	1.000000000000000e+00	619	0	390
391	-2.379997591771356e+02  5.119769001662322e+02  2.889681779213860e+03	3.596622652063767e-04 1.267927805505072e-03 9.082655402986953e-04	1.000000000000000e+00	619	0	391
392	-3.239463869264113e+02  2.110600025427473e+02  1.364282424797908e+03	 3.484519334354748e-03  4.339812420463811e-03 -8.552930861090622e-04	1.000000000000000e+00	55	0	392
393	-2.061997299525266e+02  1.245494201794410e+02  1.568539664135099e+03	3.932884452903333e-03 3.760746655946908e-03 1.721377969564250e-04	1.000000000000000e+00	55	0	393
394	 6.386249900803485e+01 -3.623460386249560e+02  2.325497351900057e+03	-1.922992737187694e-03 -2.033165908263376e-03  1.101731710756819e-04	1.000000000000000e+00	55	0	394
396	-1.830323473431702e+02  5.790504367911981e+01  2.642644062656451e+03	 1.909598785762985e-03  2.196565774890284e-03 -2.869669891272982e-04	1.000000000000000e+00	55	0	396
397	-3.285240165701107e+02  9.389961836547035e+01  2.461157818743160e+03	-8.084573977005979e-04 -1.255161924442897e-03  4.467045267422994e-04	1.000000000000000e+00	55	0	397
398	-8.695623928710554e+02  3.115341438657780e+02  1.702484916941907e+03	-1.697355120753248e-02 -1.511962913597623e-02 -1.853922071556250e-03	1.000000000000000e+00	55	0	398
399	-7.519614449262475e+02  2.226342479817954e+02  1.908985760770698e+03	-1.302994384119908e-02 -1.582589776565631e-02  2.795953924457232e-03	1.000000000000000e+00	55	0	399
400	-2.531442276647839e+02 -8.559621962263800e+02  2.253893427432055e+03	 8.764292424571198e-19 -1.039848115760833e-02 -1.039848115760833e-02	1.000000000000000e+00	619	0	400
402	-6.198066926846390e+01 -2.310781447834121e+01  3.277911367576414e+03	-7.893721573054790e-03  6.792215164750814e-03 -1.101506408303976e-03	1.000000000000000e+00	619	0	402
403	-1.366888902855363e+02 -1.494150920308868e+02  3.076895869006797e+03	-1.135406535468064e-02  1.151396441855468e-02  1.598990638740360e-04	1.000000000000000e+00	619	0	403
405	1.000000000000000e+03 2.992401648321825e+02 2.214236339687575e+03	-2.070572570493283e-18 -9.613825706765054e-03 -9.613825706765056e-03	1.000000000000000e+00	619	1	405
406	3.696351263385127e+02 1.869940297393537e+02 1.471625330933259e+03	 3.254922339692712e-03 -5.561712197959423e-03 -2.306789858266711e-03	1.000000000000000e+00	619	0	406
407	5.339664226521313e+02 2.077124498053352e+02 1.656675047312859e+03	 6.195688154548407e-03 -1.060150749981403e-02 -4.405819345265627e-03	1.000000000000000e+00	619	0	407
408	-4.610163454748339e+02  1.713109541637670e+02  3.531082876270200e+03	-3.425995431219537e-04  4.738758298723648e-03 -4.396158755601694e-03	1.000000000000000e+00	619	0	408
409	-2.385534996650949e+02  4.258907305631359e+01  3.437341911567914e+03	 6.707177963107825e-04  2.401698846369982e-03 -3.072416642680764e-03	1.000000000000000e+00	619	0	409
410	 5.913887868210853e+02 -5.326838376409794e+02  3.182672535779027e+03	-8.725829441876459e-05 -1.395924014407986e-03  1.483182308826751e-03	1.000000000000000e+00	619	0	410
411	 3.796675295440390e+02 -4.006818454276412e+02  3.262391800842736e+03	-3.990630890863638e-04 -2.194981333256389e-03  2.594044422342753e-03	1.000000000000000e+00	619	0	411
412	 4.544836335829300e+02 -5.320557223794431e+02  2.665582907939277e+03	 8.616857230663300e-03  5.994849838316441e-03 -1.461170706897974e-02	1.000000000000000e+00	619	0	412
413	 1.852619766708760e+02 -8.724145189688987e+02  3.275163361440787e+03	-2.058861045369085e-18 -1.256816275417805e-02  1.256816275417805e-02	1.000000000000000e+00	619	0	413
414	-4.982289966257127e+02 -1.343502884254439e+02  3.220590104193921e+03	 1.009389990940690e-02  1.939957121644277e-18 -1.009389990940690e-02	1.000000000000000e+00	619	0	414
415	-4.109537447077329e+02 -2.800196757176794e+02  3.278984239568176e+03	 6.809773078809181e-03  1.439270252982775e-03 -8.249043331791958e-03	1.000000000000000e+00	619	0	415
416	-9.511819028919851e+00 -8.378921724358937e+02  1.875537251310054e+03	 4.718440274397532e-03 -1.305265988533696e-02  8.334219610939423e-03	1.000000000000000e+00	55	0	416
417	 2.295159613669888e+02 -7.283874414128550e+02  1.527004739891106e+03	 1.608709820235769e-02 -1.048902034138640e-02 -5.598077860971292e-03	1.000000000000000e+00	55	0	417
418	 3.248630839415423e+02 -1.516626696076204e+02  8.549328455113182e+02	 1.297542080283165e-02 -8.464546874165535e-03 -4.510873928666115e-03	1.000000000000000e+00	55	0	418
419	 3.040437809487832e+02 -2.776947083579823e+02  1.001784187254439e+03	 1.722979374850790e-02 -1.000063664590319e-02 -7.229157102604707e-03	1.000000000000000e+00	55	0	419
420	4.672519501116137e+02 2.292484781684990e+02 1.141977202804911e+03	-2.980809425935149e-03  2.694105263799429e-03  2.867041621357203e-04	1.000000000000000e+00	55	0	420
421	4.013391203239344e+02 1.075555564745652e+02 1.329582954286524e+03	-1.840032035640130e-03  9.038495093894502e-04  9.361825262506803e-04	1.000000000000000e+00	55	0	421
422	-2.500918640525276e+01 -1.841301512939492e+02  2.047616968784225e+03	-2.664549359906232e-03  2.534912291594082e-03  1.296370683121495e-04	4.218750000000000e-01	55	0	422
423	 7.132462183924598e+01 -9.520542820151492e+01  1.862358437447292e+03	-2.059599171237399e-03  2.503751524879287e-03 -4.441523536418875e-04	1.000000000000000e+00	55	0	423
424	 3.346798064601017e+02 -1.239126443434122e+02  3.873918203934538e+03	3.409608713506410e-03 2.827435751290371e-03 5.821729622160395e-04	1.000000000000000e+00	619	0	424
425	-3.516068960466698e+02  1.000000000000000e+03  2.063718857084355e+03	 1.136028277687728e-02 -3.542384059824648e-18  1.136028277687728e-02	1.000000000000000e+00	619	1	425
428	5.510162925937302e+02 8.790138774966632e+02 1.889489280898080e+03	1.985138054199827e-03 9.283924979778621e-05 1.892298804402041e-03	1.000000000000000e+00	619	0	428
429	 1.215267687378640e+02 -9.307300433534045e+02  3.269743677892281e+03	 4.257041029632092e-03 -7.988659664988518e-03  1.224570069462061e-02	1.000000000000000e+00	619	0	429
430	5.297183108135284e+02 9.329798673913840e+02 3.463810368962842e+03	-9.294608685498437e-03  5.973162051911156e-03 -3.321446633587281e-03	1.000000000000000e+00	571	0	430
431	 3.858450790376231e+02 -1.000000000000000e+03  1.386957269795553e+03	6.200013274792583e-03 2.089999471454723e-18 6.200013274792582e-03	1.000000000000000e+00	571	1	431
432	-9.229780584990970e+02 -3.482075020885321e+02  7.055001356383910e+02	-1.309991503755251e-03  6.432477928077181e-03 -5.122486424321930e-03	1.000000000000000e+00	453	0	432
435	7.178778738761832e+02 2.556217410322182e+02 1.444414854140925e+02	7.483034491694222e-03 7.805399499678363e-03 3.223650079841415e-04	1.000000000000000e+00	600	0	435
436	9.009721034315656e+02 8.771251696412754e+02 2.115858186080202e+03	2.003177845229705e-03 8.895434361572066e-03 6.892256516342362e-03	1.000000000000000e+00	619	0	436
437	-8.796368198961906e+02  2.808740343794389e+02  3.300215974146122e+03	-7.131279562599957e-05 -6.016799452481791e-04 -5.303671496221796e-04	1.000000000000000e+00	619	0	437
438	-4.612207372021248e+01  3.053992349161503e+02  3.063804444494661e+03	-2.131225774064660e-03 -1.064658747054636e-03 -1.066567027010024e-03	1.000000000000000e+00	619	0	438
439	-9.833367133378606e+01  5.394766452964798e+02  2.777515436500758e+03	 1.899787574075162e-03  1.899787574075163e-03 -7.096395038015987e-19	1.000000000000000e+00	619	0	439
442	1.950838296313682e+02 8.603324826747701e+01 2.326537447164904e+03	-1.043667483221119e-04 -8.385636053086879e-04  7.341968569865761e-04	1.000000000000000e+00	619	0	442
444	3.979883801755403e+02 1.625345854475621e+02 2.561635156381032e+03	-6.413695829299589e-03  5.074733907046418e-03 -1.338961922253172e-03	1.000000000000000e+00	571	0	444
445	 2.553304598119135e+02 -3.116984299219288e+01  2.225272807577650e+03	-6.528338883072138e-03  5.019184667617083e-03 -1.509154215455055e-03	1.000000000000000e+00	571	0	445
446	-4.219433842262909e+02 -5.259261661430944e+02  3.821841254201473e+02	-2.374929686387380e-03  1.045314890022079e-02 -8.078219213833412e-03	1.000000000000000e+00	453	0	446
447	-2.616887922850904e+02 -5.714868006479051e+02  2.674901679837574e+02	-3.022379086663325e-03  1.115695286231736e-02 -8.134573775654038e-03	1.000000000000000e+00	453	0	447
448	1.294990345852956e+02 7.093183394474030e+02 1.186516923120165e+03	1.213196366249273e-02 1.281171404601385e-02 6.797503835211197e-04	1.000000000000000e+00	600	0	448
449	2.789433483147071e+02 5.935254503157511e+02 9.212797202591015e+02	9.740349138155580e-03 1.040052319876850e-02 6.601740606129171e-04	1.000000000000000e+00	600	0	449
450	1.342614659403196e+02 6.146881739121363e+02 2.620131827842310e+03	5.025384404386083e-04 2.780905944140007e-03 2.278367503701399e-03	1.000000000000000e+00	619	0	450
452	1.904241198837898e+02 2.616295090390254e+01 3.579586922110911e+03	-1.791090471670398e-05 -5.673250904890341e-18 -1.791090471669665e-05	7.500000000000000e-01	619	0	452
454	-2.685270262652328e+02  8.467185770078777e+02  2.300080149857914e+03	7.301012558552126e-03 5.457084121493001e-03 1.843928437059124e-03	1.000000000000000e+00	619	0	454
455	-1.907705516677172e+02  6.737135100709809e+02  2.550841691392326e+03	3.813283517956734e-03 3.085773438215256e-03 7.275100797414780e-04	1.000000000000000e+00	619	0	455
457	-4.310197731527592e+02 -1.517446333840577e+02  3.135986535762353e+03	2.602983770581583e-03 4.164480099764963e-03 1.561496329183380e-03	1.000000000000000e+00	619	0	457
458	-1.198094929281496e+02 -1.000000000000000e+03  1.976520888921801e+03	-7.583731086924671e-03  9.961682824356114e-18  7.583731086924675e-03	1.000000000000000e+00	619	1	458
460	4.301695763237917e+02 6.197302999327480e+02 2.027926142192056e+03	4.133382165794804e-04 1.729695820055591e-05 3.960412583789245e-04	1.000000000000000e+00	619	0	460
461	3.129741380038995e+02 3.605818116522539e+02 2.169879192152658e+03	1.116083258239087e-04 1.053120377036976e-05 1.010771193250548e-04	7.500000000000000e-01	619	0	461
464	5.248119477934052e+02 6.467259244892667e+02 3.172650063040601e+03	-6.136208772659302e-03  3.287474624812603e-03 -2.848734147846699e-03	1.000000000000000e+00	571	0	464
465	4.841844591423109e+02 3.896471673630593e+02 2.874943817263299e+03	-5.465621089873214e-03  3.774193154337505e-03 -1.691427935535709e-03	1.000000000000000e+00	571	0	465
466	 3.253525442856841e+02 -6.507793798712707e+02  1.675685355172343e+03	 3.721590425508718e-03 -1.257216635470589e-03  2.464373790038129e-03	1.000000000000000e+00	571	0	466
467	 2.698344034922913e+02 -3.439544844587363e+02  1.926992109791484e+03	-2.583300229161978e-03  9.352996712550522e-04 -1.648000557906926e-03	1.000000000000000e+00	571	0	467
468	-7.508782201212953e+02 -4.118206806256976e+02  5.970134757977549e+02	-1.168934395536781e-03  7.292835623957217e-03 -6.123901228420436e-03	1.000000000000000e+00	453	0	468
469	-5.852937597024678e+02 -4.719138457937331e+02  4.915221805469629e+02	-1.616454605634013e-03  8.846488742468258e-03 -7.230034136834243e-03	1.000000000000000e+00	453	0	469
470	 9.388436427827558e+01 -6.670680924462065e+02  7.498303218692953e+00	 1.961568409266571e-03  7.028152855734030e-04 -2.664383694839974e-03	1.000000000000000e+00	453	0	470
471	-1.017207549518412e+02 -6.129601511759225e+02  1.489954811785257e+02	-3.496865121026834e-03  1.243945040429632e-02 -8.942585283269485e-03	1.000000000000000e+00	453	0	471
472	-1.073061892361678e+02  9.851463203254267e+02  1.699150127819652e+03	8.043666370213032e-03 1.370476465672255e-02 5.661098286509514e-03	1.000000000000000e+00	600	0	472
473	6.565832608630974e+00 8.354297936541683e+02 1.435561579303595e+03	 1.576946695179989e-02  1.466927378593634e-02 -1.100193165863554e-03	1.000000000000000e+00	600	0	473
474	5.520106759176393e+02 3.606497598499444e+02 4.153367021903626e+02	8.499573838586608e-03 1.008521586967011e-02 1.585642031083504e-03	1.000000000000000e+00	600	0	474
475	4.161452703671902e+02 4.577495446427910e+02 6.483018925336585e+02	1.006517199615094e-02 1.012141151538041e-02 5.623951922946941e-05	1.000000000000000e+00	600	0	475
476	6.472328271069230e+02 7.876368320760346e+02 2.280109124839604e+03	1.002058309192459e-03 5.989812741366525e-03 4.987754432174067e-03	1.000000000000000e+00	619	0	476
477	3.907788957229168e+02 6.988533097800259e+02 2.447779533927602e+03	8.780386221284668e-04 4.136139429950465e-03 3.258100807821999e-03	1.000000000000000e+00	619	0	477
478	-6.222860782046713e+02  3.899471479451406e+02  3.151938346020305e+03	-1.343313585190723e-04 -9.767907952967410e-04 -8.424594367776687e-04	1.000000000000000e+00	619	0	478
479	-3.665618300739773e+02  4.766703456016455e+02  2.982937295546115e+03	5.732145655201749e-05 3.432518897170667e-04 2.859304331650492e-04	1.000000000000000e+00	619	0	479
484	5.496091098296414e+02 1.000000000000000e+03 3.550721300587571e+03	-6.431543501093984e-03 -5.485594167141892e-19 -6.431543501093984e-03	1.000000000000000e+00	571	1	484
487	7.683599790948680e+02 2.079373775827655e+02 4.627501674595521e+01	 8.914378549282750e-03  7.489742167914907e-03 -1.424636381367842e-03	1.000000000000000e+00	600	0	487
488	-4.790939664384513e+01  3.616054668489193e+02  3.005810889638260e+03	-1.223210808044920e-03 -6.555841731218000e-04 -5.676266349231203e-04	1.000000000000000e+00	619	0	488
489	-6.570188048880057e+01  4.803436539386609e+02  2.869280218703563e+03	 6.134664290584624e-04  1.543363090604544e-03 -9.298966615460813e-04	1.000000000000000e+00	619	0	489
492	3.716850759175679e+02 1.121089636845188e+02 2.484906230360016e+03	-6.291282906507452e-03  5.281947009886305e-03 -1.009335896621148e-03	1.000000000000000e+00	571	0	492
493	2.968696460703878e+02 2.271513764377505e+01 2.320696974472092e+03	-5.687646626029164e-03  5.215628014411777e-03 -4.720186116173862e-04	1.000000000000000e+00	571	0	493
494	1.646007321655466e+02 6.808042819511726e+02 1.122901168043684e+03	1.123995623008038e-02 1.216558171048140e-02 9.256254804010194e-04	1.000000000000000e+00	600	0	494
496	-2.506405638748720e+02  8.025462869947863e+02  2.362138902261366e+03	6.159967781665425e-03 4.676124973533054e-03 1.483842808132370e-03	1.000000000000000e+00	619	0	496
497	-2.118906923748990e+02  7.159743425540311e+02  2.487460718202094e+03	4.480680004538347e-03 3.541847904367994e-03 9.388321001703542e-04	1.000000000000000e+00	619	0	497
500	-1.789910678855520e+02 -9.766114133750009e+02  2.059091050504202e+03	-9.759680678447088e-03 -1.638843646893899e-02 -6.628755790491899e-03	1.000000000000000e+00	619	0	500
501	-2.322894387066184e+02 -8.948609236923756e+02  2.194139911007894e+03	-1.420548756141216e-02 -1.176084380131215e-02  2.444643760100007e-03	7.500000000000000e-01	619	0	501
502	5.201311037955591e+02 5.791337481880201e+02 3.100377042741508e+03	-5.815064534544945e-03  3.299507545307279e-03 -2.515556989237666e-03	1.000000000000000e+00	571	0	502
503	5.001146509035027e+02 4.504083073080046e+02 2.951635148969437e+03	-5.499839317053556e-03  3.589125582948327e-03 -1.910713734105229e-03	1.000000000000000e+00	571	0	503
504	 3.109987224330571e+02 -5.742951153902620e+02  1.737815797800724e+03	 2.532103797420859e-03 -8.787317201495171e-04  1.653372077271342e-03	1.000000000000000e+00	571	0	504
505	 2.832809051338761e+02 -4.207070346633203e+02  1.863686061228485e+03	-1.242540660314262e-03  4.407916567288339e-04 -8.017490035854280e-04	1.000000000000000e+00	571	0	505
506	-7.393163153586465e+01  9.432195817035664e+02  1.623848831497489e+03	 1.602373248897493e-02  1.468448084779084e-02 -1.339251641184091e-03	1.000000000000000e+00	600	0	506
507	-2.019045654465720e+01  8.702812420425360e+02  1.497169316845251e+03	 1.570319027329485e-02  1.428883600359162e-02 -1.414354269703230e-03	1.000000000000000e+00	600	0	507
508	 3.084578041401881e+02 -8.190913665876138e+01  3.805692693929974e+03	2.014247710273291e-03 1.766313905439650e-03 2.479338048336405e-04	1.000000000000000e+00	619	0	508
509	 2.340355544855191e+02 -3.544821161560232e-01  3.649715789732699e+03	 2.740414832563450e-04  6.409126314489791e-04 -3.668711481926342e-04	1.000000000000000e+00	619	0	509
511	-2.858823851630812e+02  8.915393931299152e+02  2.237903974838028e+03	8.355941623449326e-03 6.172115448862314e-03 2.183826174587011e-03	1.000000000000000e+00	619	0	511
516	5.266773598805524e+02 8.563037889099814e+02 3.384093339548463e+03	-8.663294681658348e-03  4.505301515261332e-03 -4.157993166397016e-03	1.000000000000000e+00	571	0	516
517	5.269702502721035e+02 7.158106956549379e+02 3.243893136684971e+03	-6.511122842008869e-03  3.343733570848902e-03 -3.167389271159967e-03	1.000000000000000e+00	571	0	517
518	 3.893580651371128e+02 -8.959209327238283e+02  1.494549323171214e+03	 8.542434390013417e-03 -2.794682669142882e-03  5.747751720870535e-03	1.000000000000000e+00	571	0	518
519	 3.412314629690173e+02 -7.274000142405195e+02  1.614943639486427e+03	 3.929415329669912e-03 -1.192793638134996e-03  2.736621691534916e-03	1.000000000000000e+00	571	0	519
521	-1.563990049596589e+02  1.000000000000000e+03  1.763096623217717e+03	 5.117706488817928e-03 -1.170595529303441e-17 -5.117706488817933e-03	1.000000000000000e+00	600	1	521
522	6.742861038787323e+02 2.868556466783955e+02 2.192671610577208e+02	7.358634184735516e-03 8.357407719207307e-03 9.987735344717899e-04	1.000000000000000e+00	600	0	522
523	-4.713602389014799e+01  2.481995779979629e+02  3.119990151242913e+03	-3.096029162406921e-03 -1.461529289372265e-03 -1.634499873034656e-03	1.000000000000000e+00	619	0	523
524	-5.500286967200511e+01  1.299406066992877e+02  3.230382276759731e+03	-5.032184999436140e-03 -2.525107003748417e-03 -2.507077995687723e-03	1.000000000000000e+00	619	0	524
526	-1.682877481990322e+02  6.323406667619661e+02  2.614697338170026e+03	3.169808827806264e-03 2.631370618473738e-03 5.384382093325257e-04	1.000000000000000e+00	619	0	526
528	-3.785502384077953e+02 -1.614778108772786e+02  3.073783823524168e+03	3.766041481867433e-03 6.071708630770445e-03 2.305667148903012e-03	1.000000000000000e+00	619	0	528
531	4.221724413673283e+02 2.166528730006598e+02 2.639937505125917e+03	-6.158229002418617e-03  4.691550934997698e-03 -1.466678067420920e-03	1.000000000000000e+00	571	0	531
532	4.654297517552943e+02 3.305661579606146e+02 2.797108100473838e+03	-5.577790589692692e-03  4.001925194946428e-03 -1.575865394746264e-03	1.000000000000000e+00	571	0	532
533	 2.417914036948303e+02 -1.085555628546526e+02  2.134348031598107e+03	-6.103503983467817e-03  3.522391663864255e-03 -2.581112319603562e-03	1.000000000000000e+00	571	0	533
534	 2.572530000641276e+02 -2.674134758195866e+02  1.990951715002470e+03	-3.877514507621527e-03  1.474925084039569e-03 -2.402589423581958e-03	1.000000000000000e+00	571	0	534
535	9.618298598551523e+01 7.388607054688943e+02 1.249375337741437e+03	1.314612762265218e-02 1.344723342723834e-02 3.011058045861622e-04	1.000000000000000e+00	600	0	535
536	3.486129629029403e+01 8.019725323486033e+02 1.373808854316367e+03	 1.490205732018997e-02  1.431571765958021e-02 -5.863396606097618e-04	1.000000000000000e+00	600	0	536
540	5.127597099495997e+02 3.842019553826701e+02 4.781398636911280e+02	8.932662157652279e-03 1.043322965657959e-02 1.500567498927315e-03	1.000000000000000e+00	600	0	540
541	3.855338837450055e+02 4.899970720360783e+02 7.111608065491304e+02	 1.004582438811970e-02  9.815070962455744e-03 -2.307534256639576e-04	1.000000000000000e+00	600	0	541
542	2.398223862972312e+02 6.239678176979781e+02 9.908430496588046e+02	9.982246692137172e-03 1.091681814674909e-02 9.345714546119172e-04	1.000000000000000e+00	600	0	542
543	4.460281904240632e+02 4.307453829643458e+02 5.914148107983401e+02	9.818684270915885e-03 1.047308933145056e-02 6.544050605346755e-04	1.000000000000000e+00	600	0	543
544	2.292807065353100e+02 1.667019334099499e+02 2.280065638926372e+03	 3.148239601387104e-04 -9.068457302419118e-06  3.238924174411295e-04	5.625000000000000e-01	619	0	544
545	1.839038864210991e+02 2.453802946673535e+01 2.376852722755376e+03	1.441441485440009e-03 1.418298450516886e-03 2.314303492312321e-05	1.000000000000000e+00	619	0	545
546	3.170447643194694e+02 5.607326456703673e+02 8.503854996089555e+02	9.740492231988659e-03 1.001228681222225e-02 2.717945802335939e-04	1.000000000000000e+00	600	0	546
547	4.551252850492308e+02 7.198737754354062e+02 2.404453610256668e+03	9.052733269830544e-04 4.527418447347979e-03 3.622145120364924e-03	1.000000000000000e+00	619	0	547
548	8.327736855013698e+02 8.544198186040101e+02 2.161351252973133e+03	1.599607213089863e-03 8.342435661082467e-03 6.742828447992603e-03	1.000000000000000e+00	619	0	548
551	-9.820202288011121e+02 -5.178462005422850e+01  3.621815667998105e+03	-4.275914689060301e-04  6.995088770054281e-04 -2.719174080993980e-04	1.000000000000000e+00	619	0	551
552	-3.025172239040108e+02  4.949271226331628e+02  2.937149466407666e+03	2.138130754853288e-04 7.973300428905835e-04 5.835169674052546e-04	1.000000000000000e+00	619	0	552
553	-8.524025287702856e+02 -1.257047286803822e+02  3.566118076593431e+03	-1.285594548486794e-03  3.408732203145822e-04  9.447213281722119e-04	1.000000000000000e+00	619	0	553
554	1.513633784353338e+02 1.706227733776889e+01 3.531425507096323e+03	4.879433933335046e-04 6.590300860504309e-04 1.146973479383935e-03	1.000000000000000e+00	619	0	554
558	 4.035902395691810e+02 -4.734575654006844e+02  2.657878144974267e+03	 1.224255468696356e-02  6.809721700847149e-03 -1.905227638781071e-02	1.000000000000000e+00	619	0	558
562	3.422771795928749e+02 4.274057509359326e+02 2.132358294457955e+03	-5.149616299604531e-06 -1.388720647810260e-06 -3.760895651794272e-06	1.000000000000000e+00	619	0	562
563	-7.224284932239207e+02 -1.380869543702606e+02  3.448526266736945e+03	-8.449358801954077e-06  1.664116643951274e-05 -8.191806955437642e-06	7.500000000000000e-01	619	0	563
564	1.500000000000000e+03 7.575754332085314e+02 2.672571608063924e+03	0.000000000000000e+00 0.000000000000000e+00 0.000000000000000e+00	1.000000000000000e+00	619	-1	350
573	-1.729352504307266e+02  5.275799137618106e+02  2.840220284063030e+03	7.603064683886865e-04 1.583398222768058e-03 8.230917543793718e-04	1.000000000000000e+00	619	0	573
574	 3.575027250360137e+02 -4.145182324556735e+02  2.645026326562423e+03	 1.716088503599167e-02  5.930304527282715e-03 -2.309118956327438e-02	1.000000000000000e+00	619	0	574
575	-1.531363612577050e+01 -7.046635246142100e+02  3.307987979882744e+03	-4.529056294510761e-03 -6.972716810802618e-03  1.150177310531338e-02	1.000000000000000e+00	619	0	575
584	 7.459276024211570e+01 -8.480835437784457e+02  1.801624043381570e+03	 8.825254005690416e-03 -1.761536269138257e-02  8.790108685692152e-03	1.000000000000000e+00	55	0	584
585	8.718640354236072e+01 2.050507498674914e+01 3.470691329852329e+03	-9.680114841709534e-04  2.290939407733580e-03  1.322927923562626e-03	1.000000000000000e+00	619	0	585
589	-6.625767309357183e+02 -1.408356316617616e+02  3.391423181740243e+03	 4.854756468830601e-06 -1.495740184509486e-05  1.010264486467349e-05	5.625000000000000e-01	619	0	589
591	 2.117092154044969e+02 -7.996141112400143e+02  1.616038155680757e+03	 1.753135770559311e-02 -1.561459712684155e-02 -1.916760578751564e-03	1.000000000000000e+00	55	0	591
593	 3.438357062340359e+02 -9.230729380841693e+02  6.196522478875032e+02	 2.243647662301858e-03 -7.463569597651561e-03 -9.707217259953419e-03	1.000000000000000e+00	610	0	593
594	 3.293336864020585e+02 -3.714804606114471e+02  2.630157593352152e+03	 2.077031290779511e-02  2.836045498649280e-03 -2.360635840644439e-02	1.000000000000000e+00	619	0	594
595	 9.257569802614628e+02 -3.919582312167586e+02  5.688456807274870e+02	 2.287210306773583e-02 -1.496968294183413e-02 -3.784178600956997e-02	1.000000000000000e+00	610	0	595
596	-3.516068960466698e+02  1.500000000000000e+03  2.063718857084355e+03	0.000000000000000e+00 0.000000000000000e+00 0.000000000000000e+00	1.000000000000000e+00	619	-1	425
603	3.267555231088944e+02 6.785368800565267e+02 2.491486476818125e+03	8.121519737566512e-04 3.748604115874817e-03 2.936452142118166e-03	1.000000000000000e+00	619	0	603
608	-6.035347016200157e+02 -1.428868494369047e+02  3.334432370199684e+03	 2.888885792344809e-04 -1.587343431310728e-04 -1.301542361034080e-04	1.000000000000000e+00	619	0	608
609	 6.452717440661736e+01 -5.033826320584786e+02  4.500000000000000e+03	0.000000000000000e+00 0.000000000000000e+00 0.000000000000000e+00	1.000000000000000e+00	552	-1	380
611	 1.543964692340757e+02 -7.200818941833135e+02 -5.000000000000000e+02	0.000000000000000e+00 0.000000000000000e+00 0.000000000000000e+00	1.000000000000000e+00	453	-1	333
615	5.496091098296414e+02 1.500000000000000e+03 3.550721300587571e+03	0.000000000000000e+00 0.000000000000000e+00 0.000000000000000e+00	1.000000000000000e+00	571	-1	484
617	 1.044225038461382e+02 -8.049188393238733e+02  3.288507154620499e+03	-4.962474418183168e-03 -8.892593750109276e-03  1.385506816829244e-02	1.000000000000000e+00	619	0	617
618	 4.016467935251705e+02 -9.743087964189639e+02  1.428450187864136e+03	 1.060155963932630e-02 -1.043353603745345e-02  1.680236018728469e-04	1.000000000000000e+00	571	0	618
619	 3.858450790376231e+02 -1.500000000000000e+03  1.386957269795553e+03	0.000000000000000e+00 0.000000000000000e+00 0.000000000000000e+00	1.000000000000000e+00	571	-1	431
623	 2.942621102714049e+02 -3.082888118620308e+02  2.602037520733390e+03	 2.195624246572455e-02  1.203948942323525e-03 -2.316019140804807e-02	1.000000000000000e+00	619	0	623
624	6.956537311694201e+01 5.915543649118563e+02 2.661694111665407e+03	4.168990611409148e-04 2.438138452513764e-03 2.021239391372850e-03	1.000000000000000e+00	619	0	624
625	2.212835309581857e+01 3.208083160993644e+01 3.417209036028974e+03	-2.280668588355184e-03  9.558717720210552e-04 -1.324796816334128e-03	1.000000000000000e+00	619	0	625
626	1.983705388302222e+02 6.369211075499212e+02 2.578255688590192e+03	6.014811806380749e-04 3.091207705438137e-03 2.489726524800062e-03	1.000000000000000e+00	619	0	626
627	-2.950329270773331e+02 -8.760694379600134e+02  2.191897486285873e+03	 1.928535429760814e-02 -2.319547208026052e-02 -3.910117782652378e-03	1.000000000000000e+00	619	0	627
628	 3.562544543492390e+02 -1.704964891337218e+02  3.942076696613985e+03	4.732751365130146e-03 2.382549379641811e-03 2.350201985488336e-03	1.000000000000000e+00	619	0	628
629	-1.563990049596589e+02  1.500000000000000e+03  1.763096623217717e+03	0.000000000000000e+00 0.000000000000000e+00 0.000000000000000e+00	1.000000000000000e+00	600	-1	521
631	1.500000000000000e+03 2.992401648321825e+02 2.214236339687575e+03	0.000000000000000e+00 0.000000000000000e+00 0.000000000000000e+00	1.000000000000000e+00	619	-1	405
632	 2.565429435843662e+02 -2.370719097533432e+02  2.568539785311741e+03	 2.008046768605709e-02  4.525840282440186e-03 -2.460630796849728e-02	1.000000000000000e+00	619	0	632
633	-5.823207566005310e+01 -2.875301369497916e+02  2.184239843694868e+03	 1.117485931899864e-03 -1.005656777124386e-03 -1.118291547754779e-04	1.000000000000000e+00	55	0	633
634	-1.198094929281496e+02 -1.500000000000000e+03  1.976520888921801e+03	0.000000000000000e+00 0.000000000000000e+00 0.000000000000000e+00	1.000000000000000e+00	619	-1	458
636	-7.331756848947123e+01 -8.207245743717388e+02  1.922175402706450e+03	 1.620822430898746e-03 -7.321599793309967e-03  5.700777362411221e-03	1.000000000000000e+00	55	0	636
637	-4.361842618320633e+02 -8.394708550894615e+02  2.087344734401695e+03	 2.086048635343711e-03 -8.515405546252927e-03 -6.429356910909216e-03	1.000000000000000e+00	619	0	637
638	 1.500000000000000e+03 -3.020064180546641e+02  5.845544741510445e+02	0.000000000000000e+00 0.000000000000000e+00 0.000000000000000e+00	1.000000000000000e+00	610	-1	326
2	 0.000000000000000e+00  7.071067811865475e-01 -7.071067811865475e-01	 5.773502691896257e-01 -5.773502691896257e-01 -5.773502691896257e-01	-7.391622886003375e+02  7.391622886003375e+02  7.391622886003375e+02	1	0	0.000000000000000e+00	0.000000000000000e+00	0.000000000000000e+00
3	-7.071067811865475e-01  0.000000000000000e+00  7.071067811865475e-01	-5.773502691896257e-01  5.773502691896257e-01 -5.773502691896257e-01	 6.288536307352362e+02 -6.288536307352362e+02  6.288536307352362e+02	1	0	0.000000000000000e+00	0.000000000000000e+00	0.000000000000000e+00
4	0.000000000000000e+00 7.071067811865475e-01 7.071067811865475e-01	 5.773502691896257e-01 -5.773502691896257e-01  5.773502691896257e-01	 1.522636602155032e+03 -1.522636602155032e+03  1.522636602155032e+03	1	0	0.000000000000000e+00	0.000000000000000e+00	0.000000000000000e+00
5	 7.071067811865475e-01 -7.071067811865475e-01  0.000000000000000e+00	-5.773502691896257e-01 -5.773502691896257e-01  5.773502691896257e-01	-6.670373969193098e+02 -6.670373969193098e+02  6.670373969193098e+02	1	0	0.000000000000000e+00	0.000000000000000e+00	0.000000000000000e+00
7	-7.071067811865475e-01  7.071067811865475e-01  0.000000000000000e+00	-5.773502691896257e-01 -5.773502691896257e-01  5.773502691896257e-01	-3.955083929436755e+02 -3.955083929436755e+02  3.955083929436755e+02	1	0	0.000000000000000e+00	0.000000000000000e+00	0.000000000000000e+00
8	 0.000000000000000e+00 -7.071067811865475e-01 -7.071067811865475e-01	-5.773502691896257e-01  5.773502691896257e-01 -5.773502691896257e-01	 2.022325394193525e+02 -2.022325394193525e+02  2.022325394193525e+02	1	0	0.000000000000000e+00	0.000000000000000e+00	0.000000000000000e+00
9	-7.071067811865475e-01  0.000000000000000e+00  7.071067811865475e-01	-5.773502691896257e-01  5.773502691896257e-01 -5.773502691896257e-01	 7.132350399568309e+02 -7.132350399568309e+02  7.132350399568309e+02	1	0	0.000000000000000e+00	0.000000000000000e+00	0.000000000000000e+00
10	-7.071067811865475e-01 -7.071067811865475e-01  0.000000000000000e+00	-5.773502691896257e-01  5.773502691896257e-01  5.773502691896257e-01	-6.330962714223555e+02  6.330962714223555e+02  6.330962714223555e+02	1	0	0.000000000000000e+00	0.000000000000000e+00	0.000000000000000e+00
11	-7.071067811865475e-01 -7.071067811865475e-01  0.000000000000000e+00	0.000000000000000e+00 0.000000000000000e+00 0.000000000000000e+00	 2.192031021678289e+02 -4.907321061434643e+02  2.609224022578360e+03	1	1	0.000000000000000e+00	0.000000000000000e+00	0.000000000000000e+00
12	-7.071067811865475e-01 -7.071067811865475e-01  0.000000000000000e+00	-5.773502691896257e-01  5.773502691896257e-01  5.773502691896257e-01	-9.611938178929136e+02  9.611938178929136e+02  9.611938178929136e+02	1	0	0.000000000000000e+00	0.000000000000000e+00	0.000000000000000e+00
13	-7.071067811865475e-01  7.071067811865475e-01  0.000000000000000e+00	 5.773502691896257e-01  5.773502691896257e-01 -5.773502691896257e-01	-1.120999950441073e+03 -1.120999950441073e+03  1.120999950441073e+03	1	0	0.000000000000000e+00	0.000000000000000e+00	0.000000000000000e+00
14	-7.071067811865475e-01  7.071067811865475e-01  0.000000000000000e+00	0.000000000000000e+00 0.000000000000000e+00 0.000000000000000e+00	1.824335495461295e+02 3.747665940288736e+01 3.582910060272236e+03	1	1	0.000000000000000e+00	0.000000000000000e+00	0.000000000000000e+00
15	-7.071067811865475e-01  7.071067811865475e-01  0.000000000000000e+00	-5.773502691896257e-01 -5.773502691896257e-01  5.773502691896257e-01	-3.049987249517975e+02 -3.049987249517975e+02  3.049987249517975e+02	1	0	0.000000000000000e+00	0.000000000000000e+00	0.000000000000000e+00
16	 0.000000000000000e+00 -7.071067811865475e-01  7.071067811865475e-01	5.773502691896257e-01 5.773502691896257e-01 5.773502691896257e-01	1.080459161653044e+03 1.080459161653044e+03 1.080459161653044e+03	1	0	0.000000000000000e+00	0.000000000000000e+00	0.000000000000000e+00
17	 0.000000000000000e+00 -7.071067811865475e-01  7.071067811865475e-01	0.000000000000000e+00 0.000000000000000e+00 0.000000000000000e+00	 9.142890680742061e+02 -6.201326471006022e+02  2.947221063985530e+03	1	1	0.000000000000000e+00	0.000000000000000e+00	0.000000000000000e+00
18	 0.000000000000000e+00 -7.071067811865475e-01  7.071067811865475e-01	-5.773502691896257e-01 -5.773502691896257e-01 -5.773502691896257e-01	8.626702730475879e+02 8.626702730475879e+02 8.626702730475879e+02	1	0	0.000000000000000e+00	0.000000000000000e+00	0.000000000000000e+00
19	 7.071067811865475e-01 -7.071067811865475e-01  0.000000000000000e+00	-5.773502691896257e-01 -5.773502691896257e-01 -5.773502691896257e-01	3.427110866150800e+02 3.427110866150800e+02 3.427110866150800e+02	1	0	0.000000000000000e+00	0.000000000000000e+00	0.000000000000000e+00
20	 7.071067811865475e-01 -7.071067811865475e-01  0.000000000000000e+00	0.000000000000000e+00 0.000000000000000e+00 0.000000000000000e+00	3.577960312803930e+02 7.283199846221450e+01 5.975052301026326e+02	1	1	0.000000000000000e+00	0.000000000000000e+00	0.000000000000000e+00
21	 7.071067811865475e-01 -7.071067811865475e-01  0.000000000000000e+00	-5.773502691896257e-01 -5.773502691896257e-01 -5.773502691896257e-01	6.128258770283411e+02 6.128258770283411e+02 6.128258770283411e+02	1	0	0.000000000000000e+00	0.000000000000000e+00	0.000000000000000e+00
22	-7.071067811865475e-01  0.000000000000000e+00 -7.071067811865475e-01	0.000000000000000e+00 0.000000000000000e+00 0.000000000000000e+00	1.000000000000000e+03 4.153257531310242e+02 4.000000000000000e+03	1	2	0.000000000000000e+00	0.000000000000000e+00	0.000000000000000e+00
23	-7.071067811865475e-01  0.000000000000000e+00 -7.071067811865475e-01	0.000000000000000e+00 0.000000000000000e+00 0.000000000000000e+00	1.000000000000000e+03 1.000000000000000e+03 3.415325753131025e+03	1	2	0.000000000000000e+00	0.000000000000000e+00	0.000000000000000e+00
25	-7.071067811865475e-01  0.000000000000000e+00  7.071067811865475e-01	0.000000000000000e+00 0.000000000000000e+00 0.000000000000000e+00	-1.000000000000000e+03 -1.000000000000000e+03  2.856711395993652e+03	1	2	0.000000000000000e+00	0.000000000000000e+00	0.000000000000000e+00
27	 0.000000000000000e+00  7.071067811865475e-01 -7.071067811865475e-01	0.000000000000000e+00 0.000000000000000e+00 0.000000000000000e+00	1.000000000000000e+03 1.000000000000000e+03 2.217486865801013e+03	1	2	0.000000000000000e+00	0.000000000000000e+00	0.000000000000000e+00
28	 0.000000000000000e+00  7.071067811865475e-01 -7.071067811865475e-01	0.000000000000000e+00 0.000000000000000e+00 0.000000000000000e+00	 1.000000000000000e+03 -7.825131341989875e+02  4.000000000000000e+03	1	2	0.000000000000000e+00	0.000000000000000e+00	0.000000000000000e+00
29	 0.000000000000000e+00  7.071067811865475e-01 -7.071067811865475e-01	0.000000000000000e+00 0.000000000000000e+00 0.000000000000000e+00	 7.825131341989878e+02 -1.000000000000000e+03  4.000000000000000e+03	1	2	0.000000000000000e+00	0.000000000000000e+00	0.000000000000000e+00
30	 0.000000000000000e+00  7.071067811865475e-01 -7.071067811865475e-01	0.000000000000000e+00 0.000000000000000e+00 0.000000000000000e+00	 3.061261104638691e+01 -1.000000000000000e+03  3.248099476847399e+03	1	2	0.000000000000000e+00	0.000000000000000e+00	0.000000000000000e+00
32	-7.071067811865475e-01  0.000000000000000e+00  7.071067811865475e-01	0.000000000000000e+00 0.000000000000000e+00 0.000000000000000e+00	 8.865608922057086e+02 -1.000000000000000e+03  0.000000000000000e+00	1	2	0.000000000000000e+00	0.000000000000000e+00	0.000000000000000e+00
33	-7.071067811865475e-01  0.000000000000000e+00  7.071067811865475e-01	0.000000000000000e+00 0.000000000000000e+00 0.000000000000000e+00	 2.356562755666149e+02 -1.000000000000000e+03  6.509046166390937e+02	1	2	0.000000000000000e+00	0.000000000000000e+00	0.000000000000000e+00
35	0.000000000000000e+00 7.071067811865475e-01 7.071067811865475e-01	0.000000000000000e+00 0.000000000000000e+00 0.000000000000000e+00	-3.421432567105638e+01 -1.000000000000000e+03  3.602124132136152e+03	1	2	0.000000000000000e+00	0.000000000000000e+00	0.000000000000000e+00
37	 7.071067811865475e-01 -7.071067811865475e-01  0.000000000000000e+00	0.000000000000000e+00 0.000000000000000e+00 0.000000000000000e+00	-1.000000000000000e+03 -1.000000000000000e+03  1.112190757929056e+00	1	2	0.000000000000000e+00	0.000000000000000e+00	0.000000000000000e+00
39	 7.071067811865475e-01 -7.071067811865475e-01  0.000000000000000e+00	0.000000000000000e+00 0.000000000000000e+00 0.000000000000000e+00	-1.000000000000000e+03  4.343145750507622e+02  0.000000000000000e+00	1	2	0.000000000000000e+00	0.000000000000000e+00	0.000000000000000e+00
41	-7.071067811865475e-01  7.071067811865475e-01  0.000000000000000e+00	0.000000000000000e+00 0.000000000000000e+00 0.000000000000000e+00	1.000000000000000e+03 1.000000000000000e+03 3.186525178831027e+03	1	2	0.000000000000000e+00	0.000000000000000e+00	0.000000000000000e+00
42	-7.071067811865475e-01  7.071067811865475e-01  0.000000000000000e+00	0.000000000000000e+00 0.000000000000000e+00 0.000000000000000e+00	5.550649019221368e+02 1.000000000000000e+03 2.741590080753164e+03	1	2	0.000000000000000e+00	0.000000000000000e+00	0.000000000000000e+00
44	 0.000000000000000e+00 -7.071067811865475e-01 -7.071067811865475e-01	0.000000000000000e+00 0.000000000000000e+00 0.000000000000000e+00	1.000000000000000e+03 3.933023817419428e+02 0.000000000000000e+00	1	2	0.000000000000000e+00	0.000000000000000e+00	0.000000000000000e+00
45	 0.000000000000000e+00 -7.071067811865475e-01 -7.071067811865475e-01	0.000000000000000e+00 0.000000000000000e+00 0.000000000000000e+00	7.835044214286283e+02 1.768068031705704e+02 0.000000000000000e+00	1	2	0.000000000000000e+00	0.000000000000000e+00	0.000000000000000e+00
46	-7.071067811865475e-01  0.000000000000000e+00  7.071067811865475e-01	0.000000000000000e+00 0.000000000000000e+00 0.000000000000000e+00	 1.000000000000000e+03 -1.000000000000000e+03  1.397051198704921e+02	1	2	0.000000000000000e+00	0.000000000000000e+00	0.000000000000000e+00
47	-7.071067811865475e-01  0.000000000000000e+00  7.071067811865475e-01	0.000000000000000e+00 0.000000000000000e+00 0.000000000000000e+00	-1.000000000000000e+03 -1.000000000000000e+03  2.139705119870493e+03	1	2	0.000000000000000e+00	0.000000000000000e+00	0.000000000000000e+00
48	-7.071067811865475e-01  0.000000000000000e+00  7.071067811865475e-01	0.000000000000000e+00 0.000000000000000e+00 0.000000000000000e+00	-1.000000000000000e+03  2.236727729917971e+02  3.363377892862289e+03	1	2	0.000000000000000e+00	0.000000000000000e+00	0.000000000000000e+00
49	-7.071067811865475e-01  7.071067811865475e-01  0.000000000000000e+00	5.773502691896257e-01 5.773502691896257e-01 5.773502691896257e-01	8.626702730475879e+02 8.626702730475879e+02 8.626702730475879e+02	1	0	0.000000000000000e+00	0.000000000000000e+00	0.000000000000000e+00
50	 0.000000000000000e+00 -7.071067811865475e-01 -7.071067811865475e-01	-5.773502691896257e-01 -5.773502691896257e-01  5.773502691896257e-01	-1.120999950441073e+03 -1.120999950441073e+03  1.120999950441073e+03	1	0	0.000000000000000e+00	0.000000000000000e+00	0.000000000000000e+00
53	 7.071067811865475e-01 -7.071067811865475e-01  0.000000000000000e+00	5.773502691896257e-01 5.773502691896257e-01 5.773502691896257e-01	8.626702730475879e+02 8.626702730475879e+02 8.626702730475879e+02	1	0	0.000000000000000e+00	0.000000000000000e+00	0.000000000000000e+00
69	-7.071067811865475e-01  0.000000000000000e+00 -7.071067811865475e-01	-5.773502691896257e-01  5.773502691896257e-01  5.773502691896257e-01	-1.138441917710341e+03  1.138441917710341e+03  1.138441917710341e+03	1	0	0.000000000000000e+00	0.000000000000000e+00	0.000000000000000e+00
70	-7.071067811865475e-01  0.000000000000000e+00 -7.071067811865475e-01	0.000000000000000e+00 0.000000000000000e+00 0.000000000000000e+00	1.000000000000000e+03 1.000000000000000e+03 3.415325753131025e+03	1	2	0.000000000000000e+00	0.000000000000000e+00	0.000000000000000e+00
78	 0.000000000000000e+00 -7.071067811865475e-01 -7.071067811865475e-01	0.000000000000000e+00 0.000000000000000e+00 0.000000000000000e+00	-4.320901935349040e+02 -1.000000000000000e+03  4.000000000000000e+03	1	2	0.000000000000000e+00	0.000000000000000e+00	0.000000000000000e+00
79	 7.071067811865475e-01 -7.071067811865475e-01  0.000000000000000e+00	-5.773502691896257e-01 -5.773502691896257e-01 -5.773502691896257e-01	-1.885618083164127e+02 -1.885618083164127e+02 -1.885618083164127e+02	1	0	0.000000000000000e+00	0.000000000000000e+00	0.000000000000000e+00
80	 7.071067811865475e-01 -7.071067811865475e-01  0.000000000000000e+00	0.000000000000000e+00 0.000000000000000e+00 0.000000000000000e+00	-1.000000000000000e+03  4.343145750507622e+02  0.000000000000000e+00	1	2	0.000000000000000e+00	0.000000000000000e+00	0.000000000000000e+00
84	-7.071067811865475e-01  7.071067811865475e-01  0.000000000000000e+00	0.000000000000000e+00 0.000000000000000e+00 0.000000000000000e+00	-1.000000000000000e+03  1.000000000000000e+03  2.001112190757930e+03	1	2	0.000000000000000e+00	0.000000000000000e+00	0.000000000000000e+00
87	 7.071067811865475e-01 -7.071067811865475e-01  0.000000000000000e+00	0.000000000000000e+00 0.000000000000000e+00 0.000000000000000e+00	-1.000000000000000e+03 -1.000000000000000e+03  1.112190757929056e+00	1	2	0.000000000000000e+00	0.000000000000000e+00	0.000000000000000e+00
90	0.000000000000000e+00 7.071067811865475e-01 7.071067811865475e-01	0.000000000000000e+00 0.000000000000000e+00 0.000000000000000e+00	1.000000000000000e+03 1.000000000000000e+03 6.066976182580577e+02	1	2	0.000000000000000e+00	0.000000000000000e+00	0.000000000000000e+00
91	 7.071067811865475e-01 -7.071067811865475e-01  0.000000000000000e+00	0.000000000000000e+00 0.000000000000000e+00 0.000000000000000e+00	1.000000000000000e+03 2.992401648321825e+02 2.214236339687575e+03	1	2	0.000000000000000e+00	0.000000000000000e+00	0.000000000000000e+00
92	-7.071067811865475e-01  0.000000000000000e+00  7.071067811865475e-01	 5.773502691896257e-01 -5.773502691896257e-01  5.773502691896257e-01	 9.522371319978838e+02 -9.522371319978838e+02  9.522371319978838e+02	1	0	0.000000000000000e+00	0.000000000000000e+00	0.000000000000000e+00
93	-7.071067811865475e-01  0.000000000000000e+00  7.071067811865475e-01	0.000000000000000e+00 0.000000000000000e+00 0.000000000000000e+00	-1.000000000000000e+03 -1.000000000000000e+03  2.856711395993652e+03	1	2	0.000000000000000e+00	0.000000000000000e+00	0.000000000000000e+00
95	 7.071067811865475e-01  0.000000000000000e+00 -7.071067811865475e-01	0.000000000000000e+00 0.000000000000000e+00 0.000000000000000e+00	 1.000000000000000e+03 -8.865608922057086e+02  0.000000000000000e+00	1	2	0.000000000000000e+00	0.000000000000000e+00	0.000000000000000e+00
69	0	1	1
22	1	0	1
22	0	205	-1
69	628	0	0
69	1	2	1
23	2	1	1
22	206	1	-1
23	1	206	-1
23	207	2	-1
70	2	207	-1
69	2	425	1
70	425	2	1
92	4	5	1
25	5	4	1
25	4	209	-1
92	359	4	0
25	210	5	-1
93	5	210	-1
92	5	458	1
93	458	5	1
2	7	8	1
27	8	7	1
27	7	212	-1
2	428	7	0
2	8	9	1
28	9	8	1
27	213	8	-1
28	8	213	-1
2	9	10	1
29	10	9	1
28	214	9	-1
29	9	214	-1
2	10	11	1
30	11	10	1
29	215	10	-1
30	10	215	-1
30	216	11	-1
2	11	429	0
3	13	14	1
32	14	13	1
32	13	218	-1
95	13	218	-1
3	326	13	1
95	326	13	1
3	14	15	1
33	15	14	1
32	219	14	-1
33	14	219	-1
33	220	15	-1
3	15	593	0
4	17	18	1
35	18	17	1
35	17	222	-1
78	17	222	-1
4	380	17	1
78	380	17	1
35	223	18	-1
4	18	329	0
5	20	21	1
37	21	20	1
37	20	225	-1
84	20	225	-1
5	484	20	1
84	484	20	1
37	226	21	-1
87	21	226	-1
5	21	431	1
87	431	21	1
79	23	24	1
39	24	23	1
39	23	228	-1
79	432	23	0
39	229	24	-1
80	24	229	-1
79	24	333	1
80	333	24	1
7	26	27	1
41	27	26	1
41	26	231	-1
7	282	26	0
7	27	28	1
42	28	27	1
41	232	27	-1
42	27	232	-1
42	233	28	-1
7	28	335	0
8	30	31	1
44	31	30	1
44	30	235	-1
90	30	235	-1
8	521	30	1
90	521	30	1
8	31	32	1
45	32	31	1
44	236	31	-1
45	31	236	-1
45	237	32	-1
8	32	487	0
9	33	34	1
46	34	33	1
46	33	238	-1
9	436	33	0
9	34	35	1
47	35	34	1
46	239	34	-1
47	34	239	-1
9	35	36	1
48	36	35	1
47	240	35	-1
48	35	240	-1
48	241	36	-1
9	36	437	0
10	37	38	0
11	38	37	0
11	37	40	0
10	340	37	0
11	39	38	0
10	38	341	0
11	40	39	0
12	39	40	0
12	342	39	0
12	40	343	0
10	41	344	0
10	345	41	0
12	42	346	0
12	347	42	0
13	43	44	0
14	44	43	0
14	43	46	0
13	348	43	0
14	45	44	0
13	44	452	0
14	46	45	0
15	45	46	0
15	350	45	0
15	46	351	0
15	48	354	0
15	355	48	0
16	49	50	0
17	50	49	0
17	49	52	0
16	356	49	0
17	51	50	0
16	50	357	0
17	52	51	0
18	51	52	0
18	358	51	0
18	52	551	0
16	53	360	0
16	361	53	0
18	54	362	0
18	363	54	0
19	55	56	0
20	56	55	0
20	55	58	0
19	364	55	0
20	57	56	0
19	56	365	0
20	58	57	0
21	57	58	0
21	366	57	0
21	58	367	0
19	59	368	0
19	369	59	0
21	60	370	0
21	371	60	0
22	205	206	-1
23	206	207	-1
70	207	596	-1
25	209	210	-1
93	210	634	-1
27	212	213	-1
28	213	214	-1
29	214	215	-1
30	215	216	-1
32	218	219	-1
95	218	638	-1
33	219	220	-1
35	222	223	-1
78	222	609	-1
37	225	226	-1
84	225	615	-1
87	226	619	-1
39	228	229	-1
80	229	611	-1
41	231	232	-1
42	232	233	-1
44	235	236	-1
90	235	629	-1
45	236	237	-1
46	238	239	-1
47	239	240	-1
48	240	241	-1
69	242	488	0
69	489	242	0
2	262	244	0
2	244	545	0
3	245	378	0
3	379	245	0
4	246	380	0
4	381	246	0
5	247	492	0
5	493	247	0
79	248	446	0
79	447	248	0
7	249	386	0
7	387	249	0
8	250	494	0
8	542	250	0
9	439	251	0
9	251	624	0
10	252	392	0
10	393	252	0
10	253	315	0
10	394	253	0
12	254	396	0
12	397	254	0
12	398	255	0
12	255	399	0
13	402	257	0
13	257	403	0
15	406	259	0
15	259	407	0
16	260	408	0
16	409	260	0
16	410	261	0
16	261	411	0
18	413	262	0
2	413	262	0
18	262	632	0
18	414	263	0
18	263	415	0
19	264	584	0
19	591	264	0
19	418	265	0
19	265	419	0
21	266	420	0
21	421	266	0
21	422	267	0
21	267	423	0
13	268	402	0
69	268	452	0
13	452	268	0
50	452	268	0
69	524	268	0
50	268	625	0
69	496	269	0
69	269	497	0
92	500	271	0
92	271	501	0
2	272	460	0
2	562	272	0
3	378	274	0
3	274	595	0
3	275	379	0
3	593	275	0
4	329	277	0
4	277	381	0
5	278	502	0
5	503	278	0
5	504	279	0
5	279	505	0
79	280	468	0
79	469	280	0
79	470	281	0
79	281	471	0
7	386	282	0
7	335	283	0
7	283	387	0
8	284	506	0
8	507	284	0
8	540	285	0
8	285	543	0
9	286	476	0
9	547	286	0
9	478	287	0
9	287	479	0
10	288	340	0
10	392	288	0
10	341	289	0
10	289	394	0
12	290	342	0
12	396	290	0
12	343	291	0
12	291	398	0
10	344	292	0
10	292	393	0
10	315	293	0
10	293	345	0
12	346	294	0
12	294	397	0
12	295	347	0
12	399	295	0
13	627	296	0
13	296	637	0
15	351	299	0
15	299	406	0
13	301	353	0
13	403	301	0
15	354	302	0
15	302	405	0
15	303	355	0
15	407	303	0
16	304	356	0
16	408	304	0
16	357	305	0
16	305	410	0
18	306	358	0
18	412	306	0
18	359	307	0
92	307	359	0
49	359	307	0
18	307	414	0
92	414	307	0
53	414	307	0
49	307	553	0
53	307	563	0
16	360	308	0
16	308	409	0
16	309	361	0
16	411	309	0
18	575	310	0
18	310	617	0
18	311	363	0
18	415	311	0
19	312	364	0
19	636	312	0
19	365	313	0
19	313	418	0
21	314	366	0
21	420	314	0
21	315	422	0
21	633	315	0
19	368	316	0
19	316	417	0
19	317	369	0
19	419	317	0
21	370	318	0
21	318	421	0
21	319	371	0
21	423	319	0
69	320	508	0
69	509	320	0
69	425	321	0
69	321	511	0
2	324	428	0
2	460	324	0
3	595	326	0
95	638	326	-1
5	330	516	0
5	517	330	0
5	518	331	0
5	331	519	0
79	332	432	0
79	468	332	0
79	333	470	0
80	611	333	-1
8	337	474	0
8	522	337	0
9	476	338	0
9	338	548	0
9	437	339	0
9	339	478	0
13	637	348	0
15	405	350	1
91	405	350	1
91	350	564	-1
92	353	374	0
13	353	400	0
92	400	353	0
18	551	359	0
49	553	359	0
18	362	575	0
21	367	633	0
69	523	372	0
69	372	524	0
69	373	439	0
69	526	373	0
92	374	528	0
2	376	461	0
2	544	376	0
78	609	380	-1
5	531	382	0
5	382	532	0
5	383	533	0
5	534	383	0
79	446	384	0
79	384	469	0
79	385	447	0
79	471	385	0
8	535	388	0
8	388	536	0
8	541	389	0
8	389	546	0
9	390	603	0
9	626	390	0
9	552	391	0
9	391	573	0
92	501	400	0
13	400	627	0
91	631	405	-1
18	558	412	0
2	429	413	0
18	617	413	0
92	457	414	0
53	608	414	0
19	584	416	0
19	416	636	0
19	417	591	0
69	508	424	0
69	424	628	0
70	596	425	-1
5	430	484	0
5	516	430	0
5	431	618	0
87	619	431	-1
8	487	435	0
8	435	522	0
9	548	436	0
69	488	438	0
69	438	523	0
69	439	489	0
9	573	439	0
2	442	544	0
2	545	442	0
5	492	444	0
5	444	531	0
5	445	493	0
5	533	445	0
8	494	448	0
8	448	535	0
8	449	542	0
8	546	449	0
9	624	450	0
9	450	626	0
69	452	509	0
50	554	452	0
69	454	496	0
69	511	454	0
69	497	455	0
69	455	526	0
92	528	457	0
92	458	500	0
93	634	458	-1
2	461	562	0
5	502	464	0
5	464	517	0
5	465	503	0
5	532	465	0
5	466	504	0
5	519	466	0
5	505	467	0
5	467	534	0
8	506	472	0
8	472	521	0
8	473	507	0
8	536	473	0
8	474	540	0
8	475	541	0
8	543	475	0
9	477	547	0
9	603	477	0
9	479	552	0
84	615	484	-1
5	618	518	0
90	629	521	-1
50	585	554	0
18	574	558	0
53	563	589	0
91	564	631	-1
18	594	574	0
50	625	585	0
53	589	608	0
18	623	594	0
18	632	623	0
