352
56
470
0	 4.255796769600725e+02 -1.590945699089034e+02  4.000000000000000e+03	 4.540154710412025e-03  4.540154710412025e-03 -8.269214979408275e-20	1.000000000000000e+00	820	1	0
1	1.000000000000000e+03 4.153257531310242e+02 4.000000000000000e+03	0.000000000000000e+00 0.000000000000000e+00 0.000000000000000e+00	1.000000000000000e+00	820	1	1
2	1.000000000000000e+03 1.000000000000000e+03 3.415325753131025e+03	0.000000000000000e+00 0.000000000000000e+00 0.000000000000000e+00	1.000000000000000e+00	820	1	2
4	-1.000000000000000e+03 -1.474129850676885e+02  3.709298410925963e+03	-4.072942829225212e-05 -1.493546587880701e-04 -1.086252304958180e-04	1.000000000000000e+00	820	1	4
5	-1.000000000000000e+03 -1.000000000000000e+03  2.856711395993652e+03	0.000000000000000e+00 0.000000000000000e+00 0.000000000000000e+00	1.000000000000000e+00	820	1	5
7	6.564041807459946e+02 1.000000000000000e+03 1.873891046547008e+03	 1.727825670968741e-03 -1.394857203603175e-19  1.727825670968741e-03	1.000000000000000e+00	820	1	7
8	1.000000000000000e+03 1.000000000000000e+03 2.217486865801013e+03	0.000000000000000e+00 0.000000000000000e+00 0.000000000000000e+00	1.000000000000000e+00	820	1	8
9	 1.000000000000000e+03 -7.825131341989875e+02  4.000000000000000e+03	0.000000000000000e+00 0.000000000000000e+00 0.000000000000000e+00	1.000000000000000e+00	820	1	9
10	 7.825131341989878e+02 -1.000000000000000e+03  4.000000000000000e+03	0.000000000000000e+00 0.000000000000000e+00 0.000000000000000e+00	1.000000000000000e+00	820	1	10
13	 1.000000000000000e+03 -8.865608922057086e+02  0.000000000000000e+00	0.000000000000000e+00 0.000000000000000e+00 0.000000000000000e+00	1.000000000000000e+00	679	1	13
14	 8.865608922057086e+02 -1.000000000000000e+03  0.000000000000000e+00	0.000000000000000e+00 0.000000000000000e+00 0.000000000000000e+00	1.000000000000000e+00	679	1	14
15	 3.810291110897572e+02 -1.000000000000000e+03  5.055317811159514e+02	 4.249862395226957e-03  6.484804730879957e-18 -4.249862395226954e-03	1.000000000000000e+00	679	1	15
17	-4.320901935349040e+02 -1.000000000000000e+03  4.000000000000000e+03	0.000000000000000e+00 0.000000000000000e+00 0.000000000000000e+00	1.000000000000000e+00	684	1	17
18	-1.351082855301853e+02 -1.000000000000000e+03  3.703018091995281e+03	-8.470679167658091e-03  7.834673214766295e-19  8.470679167658091e-03	1.000000000000000e+00	684	1	18
20	-1.000000000000000e+03  1.000000000000000e+03  2.001112190757930e+03	0.000000000000000e+00 0.000000000000000e+00 0.000000000000000e+00	1.000000000000000e+00	820	1	20
21	-1.000000000000000e+03 -1.000000000000000e+03  1.112190757929056e+00	0.000000000000000e+00 0.000000000000000e+00 0.000000000000000e+00	1.000000000000000e+00	820	1	21
23	-1.000000000000000e+03 -2.525733116715800e+02  6.868878867223422e+02	 1.024357327828289e-18  4.158558906055986e-03 -4.158558906055987e-03	1.000000000000000e+00	769	1	23
24	-1.000000000000000e+03  4.343145750507622e+02  0.000000000000000e+00	0.000000000000000e+00 0.000000000000000e+00 0.000000000000000e+00	1.000000000000000e+00	769	1	24
27	1.000000000000000e+03 1.000000000000000e+03 3.186525178831027e+03	0.000000000000000e+00 0.000000000000000e+00 0.000000000000000e+00	1.000000000000000e+00	820	1	27
28	7.182498541501488e+02 1.000000000000000e+03 2.904775032981177e+03	 1.006019022315741e-02 -1.223062536041149e-18  1.006019022315741e-02	1.000000000000000e+00	820	1	28
30	1.000000000000000e+03 1.000000000000000e+03 6.066976182580577e+02	0.000000000000000e+00 0.000000000000000e+00 0.000000000000000e+00	1.000000000000000e+00	804	1	30
31	1.000000000000000e+03 3.933023817419428e+02 0.000000000000000e+00	0.000000000000000e+00 0.000000000000000e+00 0.000000000000000e+00	1.000000000000000e+00	804	1	31
32	9.413503106337697e+02 3.346526923757118e+02 0.000000000000000e+00	7.037802133709192e-03 7.037802133709192e-03 2.186841604510264e-19	1.000000000000000e+00	804	1	32
33	1.000000000000000e+03 1.000000000000000e+03 2.139705119870493e+03	0.000000000000000e+00 0.000000000000000e+00 0.000000000000000e+00	7.500000000000000e-01	820	1	33
34	 1.000000000000000e+03 -1.000000000000000e+03  1.397051198704921e+02	0.000000000000000e+00 0.000000000000000e+00 0.000000000000000e+00	1.000000000000000e+00	820	1	34
35	-1.000000000000000e+03 -1.000000000000000e+03  2.139705119870493e+03	0.000000000000000e+00 0.000000000000000e+00 0.000000000000000e+00	1.000000000000000e+00	820	1	35
36	-1.000000000000000e+03  2.099409846360631e+02  3.349646104506555e+03	1.205806053580236e-20 5.583873717114329e-04 5.583873717114329e-04	1.000000000000000e+00	820	1	36
37	-5.395224740453357e+02  2.679934700697016e+02  1.091772870152029e+03	0.000000000000000e+00 0.000000000000000e+00 0.000000000000000e+00	1.000000000000000e+00	820	0	37
38	 2.192031021678289e+02 -4.907321061434643e+02  2.609224022578360e+03	0.000000000000000e+00 0.000000000000000e+00 0.000000000000000e+00	1.000000000000000e+00	820	0	38
39	-1.088944443027281e+02 -1.626345596729055e+02  2.937321569048918e+03	0.000000000000000e+00 0.000000000000000e+00 0.000000000000000e+00	1.000000000000000e+00	820	0	39
40	-8.676200205158938e+02  5.960910165402597e+02  1.419870416622587e+03	0.000000000000000e+00 0.000000000000000e+00 0.000000000000000e+00	1.000000000000000e+00	820	0	40
41	-9.757207970303918e+01 -5.832868940260489e+01  1.860045423966632e+03	-3.093155314369748e-03 -2.625966464014103e-03 -4.671888503556450e-04	1.000000000000000e+00	820	0	41
42	-6.454440696991156e+02 -5.198658330301227e+01  2.290123967282637e+03	-5.523348227143288e-03 -1.472852937877178e-02  9.205181151628494e-03	1.000000000000000e+00	820	0	42
43	-6.102331521639902e+02 -7.551900423072325e+02  1.997576656851997e+03	0.000000000000000e+00 0.000000000000000e+00 0.000000000000000e+00	1.000000000000000e+00	820	0	43
44	1.824335495461295e+02 3.747665940288721e+01 3.582910060272236e+03	0.000000000000000e+00 0.000000000000000e+00 0.000000000000000e+00	1.000000000000000e+00	820	0	44
45	9.984347750354049e+02 8.534778848921627e+02 2.766908834782960e+03	0.000000000000000e+00 0.000000000000000e+00 0.000000000000000e+00	1.000000000000000e+00	820	0	45
46	2.057680733252844e+02 6.081118318204417e+01 1.181575431362721e+03	0.000000000000000e+00 0.000000000000000e+00 0.000000000000000e+00	1.000000000000000e+00	820	0	46
48	 9.281361893795047e+02 -5.442050015965643e+01  1.788711864075241e+03	 8.654898808648189e-03 -1.351691425467531e-02 -4.862015446027120e-03	1.000000000000000e+00	820	0	48
49	-7.756961389616430e+02  2.248599564173225e+02  3.792213667503454e+03	0.000000000000000e+00 0.000000000000000e+00 0.000000000000000e+00	1.000000000000000e+00	820	0	49
50	 9.142890680742061e+02 -6.201326471006022e+02  2.947221063985530e+03	0.000000000000000e+00 0.000000000000000e+00 0.000000000000000e+00	1.000000000000000e+00	820	0	50
51	 6.965001794687494e+02 -8.379215357060586e+02  2.729432175380073e+03	0.000000000000000e+00 0.000000000000000e+00 0.000000000000000e+00	1.000000000000000e+00	820	0	51
52	-9.934850275670998e+02  7.071067811866096e+00  3.574424778897997e+03	0.000000000000000e+00 0.000000000000000e+00 0.000000000000000e+00	1.000000000000000e+00	820	0	52
53	 6.426224740829689e+01 -2.130283459430810e+02  3.390143583493918e+03	-1.239835168235004e-03 -2.567835792433470e-03  3.807670960668474e-03	7.500000000000000e-01	820	0	53
54	-1.786275888722784e+02 -5.771655317766621e+02  3.343803939791705e+03	 4.552316822810099e-04  1.332458923570812e-04 -5.884775746380910e-04	7.500000000000000e-01	820	0	54
55	-3.705239533417505e+02 -6.554879861599293e+02  2.054145199346920e+03	0.000000000000000e+00 0.000000000000000e+00 0.000000000000000e+00	1.000000000000000e+00	820	0	55
56	3.577960312803930e+02 7.283199846221450e+01 5.975052301026326e+02	0.000000000000000e+00 0.000000000000000e+00 0.000000000000000e+00	1.000000000000000e+00	820	0	56
57	6.279108216936542e+02 3.429467888754754e+02 8.676200205158938e+02	0.000000000000000e+00 0.000000000000000e+00 0.000000000000000e+00	1.000000000000000e+00	820	0	57
58	-1.004091629284902e+02 -3.853731957466688e+02  2.324259989760182e+03	0.000000000000000e+00 0.000000000000000e+00 0.000000000000000e+00	1.000000000000000e+00	820	0	58
59	 5.016392087137413e+02 -5.977725778586445e+02  1.124266628990143e+03	 1.168628409504890e-02 -5.753358826041222e-03 -5.932925269007683e-03	1.000000000000000e+00	820	0	59
60	 2.451093391625856e+02 -3.185279689012499e+00  1.596553571611450e+03	 4.012152785435319e-04 -4.871147102676332e-04  8.589943172410132e-05	1.000000000000000e+00	820	0	60
205	 4.255796769600725e+02 -1.590945699089034e+02  4.500000000000000e+03	0.000000000000000e+00 0.000000000000000e+00 0.000000000000000e+00	1.000000000000000e+00	820	-1	0
206	1.353553390593274e+03 4.153257531310242e+02 4.353553390593273e+03	0.000000000000000e+00 0.000000000000000e+00 0.000000000000000e+00	1.000000000000000e+00	820	-1	1
207	1.353553390593274e+03 1.353553390593274e+03 3.415325753131025e+03	0.000000000000000e+00 0.000000000000000e+00 0.000000000000000e+00	1.000000000000000e+00	820	-1	2
209	-1.500000000000000e+03 -1.474129850676885e+02  3.709298410925963e+03	0.000000000000000e+00 0.000000000000000e+00 0.000000000000000e+00	1.000000000000000e+00	820	-1	4
210	-1.353553390593274e+03 -1.353553390593274e+03  2.856711395993652e+03	0.000000000000000e+00 0.000000000000000e+00 0.000000000000000e+00	1.000000000000000e+00	820	-1	5
212	6.564041807459946e+02 1.500000000000000e+03 1.873891046547008e+03	0.000000000000000e+00 0.000000000000000e+00 0.000000000000000e+00	1.000000000000000e+00	820	-1	7
213	1.353553390593274e+03 1.353553390593274e+03 2.217486865801013e+03	0.000000000000000e+00 0.000000000000000e+00 0.000000000000000e+00	1.000000000000000e+00	820	-1	8
214	 1.353553390593274e+03 -7.825131341989875e+02  4.353553390593273e+03	0.000000000000000e+00 0.000000000000000e+00 0.000000000000000e+00	1.000000000000000e+00	820	-1	9
215	 7.825131341989878e+02 -1.353553390593274e+03  4.353553390593273e+03	0.000000000000000e+00 0.000000000000000e+00 0.000000000000000e+00	1.000000000000000e+00	820	-1	10
218	 1.353553390593274e+03 -8.865608922057086e+02 -3.535533905932737e+02	0.000000000000000e+00 0.000000000000000e+00 0.000000000000000e+00	1.000000000000000e+00	679	-1	13
219	 8.865608922057086e+02 -1.353553390593274e+03 -3.535533905932737e+02	0.000000000000000e+00 0.000000000000000e+00 0.000000000000000e+00	1.000000000000000e+00	679	-1	14
220	 3.810291110897572e+02 -1.500000000000000e+03  5.055317811159514e+02	0.000000000000000e+00 0.000000000000000e+00 0.000000000000000e+00	1.000000000000000e+00	679	-1	15
222	-4.320901935349040e+02 -1.353553390593274e+03  4.353553390593273e+03	0.000000000000000e+00 0.000000000000000e+00 0.000000000000000e+00	1.000000000000000e+00	684	-1	17
223	-1.351082855301853e+02 -1.500000000000000e+03  3.703018091995281e+03	0.000000000000000e+00 0.000000000000000e+00 0.000000000000000e+00	1.000000000000000e+00	684	-1	18
225	-1.353553390593274e+03  1.353553390593274e+03  2.001112190757930e+03	0.000000000000000e+00 0.000000000000000e+00 0.000000000000000e+00	1.000000000000000e+00	820	-1	20
226	-1.353553390593274e+03 -1.353553390593274e+03  1.112190757929058e+00	0.000000000000000e+00 0.000000000000000e+00 0.000000000000000e+00	1.000000000000000e+00	820	-1	21
228	-1.500000000000000e+03 -2.525733116715800e+02  6.868878867223422e+02	0.000000000000000e+00 0.000000000000000e+00 0.000000000000000e+00	1.000000000000000e+00	769	-1	23
229	-1.353553390593274e+03  4.343145750507622e+02 -3.535533905932737e+02	0.000000000000000e+00 0.000000000000000e+00 0.000000000000000e+00	1.000000000000000e+00	769	-1	24
232	1.353553390593274e+03 1.353553390593274e+03 3.186525178831027e+03	0.000000000000000e+00 0.000000000000000e+00 0.000000000000000e+00	1.000000000000000e+00	820	-1	27
233	7.182498541501488e+02 1.500000000000000e+03 2.904775032981177e+03	0.000000000000000e+00 0.000000000000000e+00 0.000000000000000e+00	1.000000000000000e+00	820	-1	28
235	1.353553390593274e+03 1.353553390593274e+03 6.066976182580577e+02	0.000000000000000e+00 0.000000000000000e+00 0.000000000000000e+00	1.000000000000000e+00	804	-1	30
236	 1.353553390593274e+03  3.933023817419428e+02 -3.535533905932737e+02	0.000000000000000e+00 0.000000000000000e+00 0.000000000000000e+00	1.000000000000000e+00	804	-1	31
237	 9.413503106337697e+02  3.346526923757118e+02 -5.000000000000000e+02	0.000000000000000e+00 0.000000000000000e+00 0.000000000000000e+00	1.000000000000000e+00	804	-1	32
238	1.353553390593274e+03 1.353553390593274e+03 2.139705119870493e+03	0.000000000000000e+00 0.000000000000000e+00 0.000000000000000e+00	1.000000000000000e+00	820	-1	33
239	 1.353553390593274e+03 -1.353553390593274e+03  1.397051198704921e+02	0.000000000000000e+00 0.000000000000000e+00 0.000000000000000e+00	1.000000000000000e+00	820	-1	34
240	-1.353553390593274e+03 -1.353553390593274e+03  2.139705119870493e+03	0.000000000000000e+00 0.000000000000000e+00 0.000000000000000e+00	1.000000000000000e+00	820	-1	35
241	-1.500000000000000e+03  2.099409846360631e+02  3.349646104506555e+03	0.000000000000000e+00 0.000000000000000e+00 0.000000000000000e+00	1.000000000000000e+00	820	-1	36
242	-3.816997916855965e+01  4.244212787002460e+02  2.952734495262218e+03	5.087783172105749e-03 2.478350341940919e-03 2.609432830164830e-03	1.000000000000000e+00	820	0	242
245	 7.118441134370308e+02 -7.936869071680775e+02  3.810298716006001e+02	 3.693720481048028e-03 -8.503856059784690e-03 -1.219757654083272e-02	1.000000000000000e+00	679	0	245
247	2.607303368835341e+02 1.387820211656125e+02 2.400624548807076e+03	 4.701146099250763e-05 -3.331791922391858e-04 -2.861677312466782e-04	7.500000000000000e-01	820	0	247
248	-4.219655033603840e+02 -3.165896829210375e+02  1.728697613321836e+02	-6.281764867405097e-03  1.555763355766734e-02 -9.275868690262238e-03	1.000000000000000e+00	769	0	248
249	9.335330923200717e+02 7.204577085401625e+02 2.840515979691261e+03	-2.121585304848850e-02 -2.897845581173897e-03 -2.411369862966239e-02	7.500000000000000e-01	820	0	249
250	3.738851841102053e+02 8.224824081299032e+02 1.055294842277756e+03	 1.690488704480231e-02  1.470002508722246e-02 -2.204861957579852e-03	1.000000000000000e+00	804	0	250
251	4.338697600752032e-01 5.966694389145117e+02 2.735940689024929e+03	-8.701600114970157e-04  2.536717026184002e-04  1.123831714115416e-03	1.000000000000000e+00	820	0	251
252	-2.564351769702347e+02  1.790797185456109e+02  1.463773918751221e+03	-1.760474056936800e-03 -1.912781153805554e-03  1.523070968687535e-04	1.000000000000000e+00	820	0	252
253	 3.132134787130006e+01 -2.922065737100154e+02  2.222816735848382e+03	-6.898239807924256e-04 -2.821613743435591e-04 -4.076626064488664e-04	7.500000000000000e-01	820	0	253
254	-2.919690693775414e+02  4.027728668900651e+00  2.587584655632299e+03	-3.813113551586866e-03 -8.912784047424793e-03  5.099670495837927e-03	1.000000000000000e+00	820	0	254
257	-1.629309563487938e+02 -3.372095253413042e+01  3.166347942440295e+03	-1.153533133522918e-03  8.764939072231451e-04 -2.770392262997727e-04	1.000000000000000e+00	820	0	257
259	5.154393181162581e+02 4.281300794640300e+01 1.473248500918053e+03	 3.273860706637303e-03 -1.152345732164880e-02 -8.249596615011493e-03	1.000000000000000e+00	820	0	259
260	-3.466353567709328e+02  1.363708458393284e+02  3.451641995890738e+03	-9.958306691260077e-05  6.954229320399463e-05  3.004077098012203e-05	7.500000000000000e-01	820	0	260
261	 4.819586177846815e+02 -4.764588254054001e+02  3.235877692579852e+03	-1.705717586446555e-04 -2.619518476421945e-03  2.790090235066600e-03	7.500000000000000e-01	820	0	261
262	1.852619766708758e+02 1.154983868303714e+02 2.287250455641517e+03	 6.923270540929947e-19  6.427248008549175e-04 -6.427248008549251e-04	1.000000000000000e+00	820	0	262
263	-3.994938116058782e+02 -1.922097100565620e+02  3.179714340805204e+03	 7.135838588396837e-04 -9.773324336492647e-07 -7.126065264060344e-04	7.500000000000000e-01	820	0	263
265	 4.653875693283425e+02 -2.921125025133186e+02  8.548581930302162e+02	 6.666552275419235e-03 -2.260978799313307e-03 -4.405573476105928e-03	1.000000000000000e+00	820	0	265
266	4.414830900898690e+02 1.662701414761480e+02 1.230724399519006e+03	 5.191927853350838e-03 -4.107330848152439e-03 -1.084597005198399e-03	1.000000000000000e+00	820	0	266
267	-1.187336585567761e+00 -1.311109780248109e+02  1.970775945695402e+03	-1.871939111879328e-03  9.043402315001002e-04  9.675988803792278e-04	4.218750000000000e-01	820	0	267
268	-1.378101932050132e+02  2.616295090390243e+01  3.251352609022108e+03	-1.445609144866467e-03  1.607946882775339e-18 -1.445609144866466e-03	1.000000000000000e+00	820	0	268
269	-1.578760201017705e+02  8.121726407160528e+02  2.445277092313201e+03	6.831843871623278e-03 4.532884340733290e-03 2.298959530889988e-03	1.000000000000000e+00	820	0	269
272	3.752753877556778e+02 4.930238288322478e+02 2.099738424724443e+03	-9.890457783967577e-04  2.841878131221171e-05 -1.017464559708969e-03	5.625000000000000e-01	820	0	272
274	 9.914506718688814e+02 -5.313981054411948e+02  3.637121148956323e+02	 8.293287906174859e-03  3.037161349008481e-03 -5.256126557166378e-03	1.000000000000000e+00	679	0	274
275	 4.262220480196179e+02 -9.904553086447917e+02  4.698835355412990e+02	-5.180830291161935e-03 -7.785440267374118e-03 -2.604609976212184e-03	1.000000000000000e+00	679	0	275
277	-1.398244363306198e+02 -8.779442692085984e+02  3.829789973587118e+03	-1.886186779787143e-02 -9.928109745184580e-03  8.933758052686850e-03	1.000000000000000e+00	684	0	277
278	4.170167147999251e+02 5.700458620384399e+02 2.988174767596294e+03	-5.617490969598293e-03  3.257144941017032e-03 -2.360346028581262e-03	1.000000000000000e+00	820	0	278
279	 2.939204875742547e+02 -4.972051995182284e+02  1.797827478813956e+03	-1.498827604033674e-03  3.394897988376518e-04 -1.159337805196022e-03	1.000000000000000e+00	820	0	279
280	-7.126357067087362e+02 -2.771962088648598e+02  4.241464906243581e+02	-4.949116148054600e-03  1.328254025429487e-02 -8.333424106240273e-03	1.000000000000000e+00	769	0	280
283	7.824477133622532e+02 9.205131026998671e+02 2.889485994893147e+03	1.415513362735510e-02 6.697230972349643e-03 2.085236459970474e-02	1.000000000000000e+00	820	0	283
285	6.159740103309543e+02 5.620415945559865e+02 5.527652024830898e+02	1.003197576695432e-02 1.125164892679701e-02 1.219673159842690e-03	1.000000000000000e+00	804	0	285
286	5.272429686060093e+02 8.255513192617798e+02 2.438013470526263e+03	-2.023664516552041e-04  6.182553329078170e-03  6.384919780733374e-03	1.000000000000000e+00	820	0	286
287	-4.935370147409307e+02  4.389920468224397e+02  3.072234181433863e+03	1.821162683578829e-04 1.310268989376103e-03 1.128152721018220e-03	1.000000000000000e+00	820	0	287
288	-3.851246031927547e+02  2.449123185546360e+02  1.269251892519676e+03	-2.618638183093935e-04 -3.599172472377177e-04  9.805342892832414e-05	3.164062500000000e-01	820	0	288
289	 1.686935055188802e+02 -3.477277443724894e+02  2.415710064158436e+03	-2.573088859207928e-04 -6.661509687546641e-04  4.088420828338712e-04	7.500000000000000e-01	820	0	289
290	-1.371790708473702e+02 -1.188305559395728e+01  2.758285438425328e+03	-2.274797957700987e-03 -3.548713206934432e-03  1.273915249233444e-03	1.000000000000000e+00	820	0	290
292	-1.643213035328978e+02  6.344380541409966e+01  1.671523705320069e+03	-2.675054362043738e-03 -2.222853712737560e-03 -4.522006493061780e-04	1.000000000000000e+00	820	0	292
293	-3.285555301190867e+01 -1.783795422787680e+02  2.044812803533926e+03	-5.138300940598128e-02 -2.982196772791213e-02 -2.156104167806916e-02	2.373046875000000e-01	820	0	293
294	-4.620476829318443e+02 -2.092502259101301e+01  2.442458793337909e+03	-4.330330062657594e-03 -1.199716050177813e-02  7.666830439120530e-03	1.000000000000000e+00	820	0	294
295	-8.427459481638163e+02 -7.652641107174775e+01  2.117361916586672e+03	-7.424845360219479e-03 -1.543748006224632e-02  8.012634702026844e-03	1.000000000000000e+00	820	0	295
296	-3.399509109404369e+02 -9.495618956866830e+02  2.073487044696099e+03	-2.264573486172594e-04 -1.145410151366377e-03 -1.371867499983637e-03	4.218750000000000e-01	820	0	296
299	3.707461982777072e+02 7.620861251425855e+01 1.361950985647358e+03	 8.284940384328365e-03 -5.639752838760614e-03  2.645187545567751e-03	1.000000000000000e+00	820	0	299
303	 7.061392590526323e+02 -5.307020778012405e+00  1.615828413130012e+03	 3.890658263117075e-03 -1.365231093950570e-02 -9.761652676388621e-03	1.000000000000000e+00	820	0	303
304	-5.780545992300057e+02  2.338944348422231e+02  3.585537649346917e+03	 2.964042093177947e-04 -2.683541655036000e-04 -2.805004381419471e-05	1.000000000000000e+00	820	0	304
305	 7.049880007595394e+02 -5.858713056154636e+02  3.122260789815058e+03	 1.192064519273118e-04 -1.474673968914430e-03  1.355467516987119e-03	7.500000000000000e-01	820	0	305
306	 6.041239212912725e+02 -6.099499465594876e+02  2.593836844410979e+03	 1.774420280222936e-03 -8.815053054907664e-05 -1.686269749673859e-03	1.000000000000000e+00	820	0	306
307	-7.748694468596306e+02 -1.343502884254438e+02  3.497230554427839e+03	-4.623999120667575e-04 -3.753732342091067e-19  4.623999120667578e-04	1.000000000000000e+00	820	0	307
308	-1.303075331648162e+02 -3.587271320620983e+01  3.407557731330159e+03	-4.016159218735993e-04 -4.541311645880342e-04  8.557470864616334e-04	7.500000000000000e-01	820	0	308
309	 2.751415179340372e+02 -3.567308152613134e+02  3.322966782286409e+03	-5.983603186905384e-04 -3.556347219273448e-03  4.154707537963986e-03	7.500000000000000e-01	820	0	309
310	-6.945817982175519e+00 -8.069878230204454e+02  3.401944460145385e+03	-2.886202661708618e-04 -2.184223655300836e-04  5.070426317009454e-04	1.000000000000000e+00	820	0	310
311	-3.115263805104859e+02 -3.657256555506852e+02  3.265262855203934e+03	 8.878864482539939e-04  7.570290108560587e-05 -9.635893493395997e-04	7.500000000000000e-01	820	0	311
312	-1.593734312474812e+02 -8.594406288613943e+02  2.046947319954116e+03	-2.503035590052605e-03 -3.589135594666004e-03  6.092171184718609e-03	1.000000000000000e+00	820	0	312
313	 4.273030022056673e+02 -1.246014023726881e+02  7.254316600122609e+02	 3.410974517464638e-03 -8.886666037142276e-04 -2.522307913750410e-03	1.000000000000000e+00	820	0	313
314	5.100929837563556e+02 2.804579625689620e+02 1.047926684759706e+03	 3.721935955885177e-03 -3.462000235837574e-03 -2.599357200476033e-04	1.000000000000000e+00	820	0	314
315	-3.040559159102147e+01 -2.339360179989672e+02  2.102819240675013e+03	 1.841856876253476e-17  4.166891798377052e-03 -4.166891798377019e-03	1.000000000000000e+00	820	0	315
316	 4.879223077590627e+02 -7.786210735378576e+02  1.318832025624035e+03	 7.189067468668023e-03 -4.757628853743276e-03 -2.431438614924749e-03	1.000000000000000e+00	820	0	316
317	 4.887965838697656e+02 -4.355571510824377e+02  9.748938270579122e+02	 9.369688108563423e-03 -3.742757719010115e-03 -5.626930389553308e-03	1.000000000000000e+00	820	0	317
319	 1.295650355613254e+02 -6.737498285757404e+01  1.776287578381272e+03	 1.560832160369803e-03 -1.952925793981801e-03  3.920936336119970e-04	1.000000000000000e+00	820	0	319
320	 2.966683066546164e+02 -2.379929360892702e+01  3.735793353394567e+03	-3.565658875231747e-03 -4.059618409883115e-03  4.939595346513669e-04	4.218750000000000e-01	820	0	320
324	5.137959278766292e+02 7.489535275587623e+02 1.982329266118879e+03	-4.810459286090917e-04  3.739823296200482e-05 -5.184441615710966e-04	7.500000000000000e-01	820	0	324
330	4.279026811629785e+02 8.344926466429537e+02 3.263507518563862e+03	-4.116545043264826e-03  2.156302720929185e-03 -1.960242322335640e-03	1.000000000000000e+00	820	0	330
331	 3.804525946569113e+02 -8.143029775258314e+02  1.567261807889009e+03	-1.476257185762127e-02  4.801243233184020e-03 -9.961328624437252e-03	1.000000000000000e+00	820	0	331
332	-8.694478755458649e+02 -2.534226473140371e+02  5.571850979106640e+02	-3.795715204129616e-03  9.472327384476861e-03 -5.676612180347243e-03	1.000000000000000e+00	769	0	332
337	7.658502523616202e+02 4.700358668261234e+02 3.108832327225609e+02	8.180075480292240e-03 9.761717946579060e-03 1.581642466286818e-03	1.000000000000000e+00	804	0	337
338	7.761961843935179e+02 9.727349809642019e+02 2.336243916441177e+03	2.183517751594385e-03 5.563860215867559e-03 3.380342464273175e-03	1.000000000000000e+00	820	0	338
339	-7.511416774174859e+02  3.297181894818845e+02  3.220564986769863e+03	7.458152443480988e-05 1.025538537457275e-03 9.509570130224650e-04	1.000000000000000e+00	820	0	339
340	-4.653953851682528e+02  2.679628404039613e+02  1.165930588694852e+03	-1.067779371320891e-03 -8.766374715681499e-04 -1.911418997527411e-04	1.000000000000000e+00	820	0	340
341	 2.220217411476697e+02 -4.121619316970519e+02  2.533472487111788e+03	-1.971769226656761e-03 -1.635721921047661e-03 -3.360473056090996e-04	7.500000000000000e-01	820	0	341
342	-9.966835758766948e+01 -7.684209943747300e+01  2.860755195528544e+03	1.378461427520961e-03 4.404670035000890e-04 9.379944240208715e-04	7.500000000000000e-01	820	0	342
344	-1.302988785879596e+02 -1.358185569215953e-02  1.769003517534799e+03	-2.983072093532731e-03 -2.456135097114990e-03 -5.269369964177411e-04	1.000000000000000e+00	820	0	344
345	-5.943148896259014e+01 -1.180855589253244e+02  1.957942884229801e+03	-6.583984286407940e-03 -5.300811040797271e-03 -1.283173245610669e-03	5.625000000000000e-01	820	0	345
346	-5.522557517616225e+02 -3.660775842306360e+01  2.367933460340182e+03	-4.831242995957533e-03 -1.336635633682211e-02  8.535113340864578e-03	1.000000000000000e+00	820	0	346
347	-7.415914358469253e+02 -6.582294267661410e+01  2.207812960508430e+03	-6.300108507275582e-03 -1.570745557546616e-02  9.407347068190575e-03	1.000000000000000e+00	820	0	347
348	-5.104044361119210e+02 -8.331393874949376e+02  2.019456027716361e+03	-7.820154617850980e-04 -1.453864407570412e-03 -2.235879869355510e-03	1.000000000000000e+00	820	0	348
350	1.000000000000000e+03 7.653834212945289e+02 2.680379596149922e+03	-1.042693286623703e-17  5.723806098103546e-04  5.723806098103500e-04	1.000000000000000e+00	820	1	350
351	2.955574715530859e+02 5.273064312409544e+01 1.263284289532574e+03	 1.222503177511195e-03 -2.772015946296354e-03 -1.549512768785159e-03	1.000000000000000e+00	820	0	351
353	-2.531442276647838e+02 -1.354237023096733e+02  2.974431921348762e+03	-3.416126495896256e-19  1.138492894824593e-03  1.138492894824596e-03	1.000000000000000e+00	820	0	353
355	 8.110093823865953e+02 -3.114512586317358e+01  1.694860431378814e+03	 4.729849286377431e-03 -1.502416189759970e-02 -1.029431261122227e-02	1.000000000000000e+00	820	0	355
356	-7.044769240796112e+02  2.435473289982250e+02  3.702307080040519e+03	-7.014409735954056e-04 -4.838120463925104e-04  1.185253019987916e-03	1.000000000000000e+00	820	0	356
357	 8.449489017579928e+02 -6.268165324462358e+02  3.023245115647377e+03	 1.999613111062596e-03 -1.681512706757834e-03 -3.181004043047627e-04	1.000000000000000e+00	820	0	357
358	 6.615841046294482e+02 -7.346733594342530e+02  2.661100073947568e+03	 1.371176787264024e-03 -3.974751840966443e-04 -9.737016031673799e-04	1.000000000000000e+00	820	0	358
359	-9.503664016716680e+02 -1.343502884254438e+02  3.672727509239876e+03	 3.698840737342790e-04 -5.015215699990544e-18 -3.698840737342879e-04	1.000000000000000e+00	820	0	359
360	-3.119461646787625e+01 -1.299562138966815e+02  3.402528315323691e+03	-1.021483563818038e-03 -1.531806570710614e-03  2.553290134528652e-03	7.500000000000000e-01	820	0	360
361	 1.691116145081932e+02 -2.893685652521461e+02  3.361634435703086e+03	-9.607110987417401e-04 -3.375115426024422e-03  4.335826524766162e-03	7.500000000000000e-01	820	0	361
362	-1.043193187822391e+02 -6.811663625225439e+02  3.373496500447547e+03	 1.223894287250005e-04  6.048274917702656e-05 -1.828721833589952e-04	7.500000000000000e-01	820	0	362
363	-2.506987561304869e+02 -4.676997536118854e+02  3.306409328885136e+03	 5.273331244097790e-04  9.761470573721451e-05 -6.249478301469935e-04	5.625000000000000e-01	820	0	363
364	-2.753164743916026e+02 -7.519808497765846e+02  2.055430584013428e+03	-1.466567744500935e-03 -1.815691473893821e-03  3.282259218394756e-03	1.000000000000000e+00	820	0	364
365	 3.939406197982424e+02 -1.168249369727022e+01  6.458751337442679e+02	 1.302588389080483e-03  9.217752085532993e-05 -1.394765909935813e-03	1.000000000000000e+00	820	0	365
366	5.668559508813796e+02 3.308126451634001e+02 9.408090350402435e+02	 2.261614184438562e-03 -1.870671762541557e-03 -3.909424218970041e-04	1.000000000000000e+00	820	0	366
367	-1.018252011992355e+02 -3.341554220710383e+02  2.274458254355297e+03	-1.348692671551059e-03 -6.220643796647588e-04  1.970757051215818e-03	1.000000000000000e+00	820	0	367
368	 4.993034718300920e+02 -6.922090590620139e+02  1.221038847077162e+03	 1.134582422673702e-02 -6.276776548475027e-03 -5.069047678261995e-03	1.000000000000000e+00	820	0	368
369	 4.970115270987648e+02 -5.113528628124102e+02  1.042474595558886e+03	 1.064334157854319e-02 -4.682236816734076e-03 -5.961104761809111e-03	1.000000000000000e+00	820	0	369
370	3.056372519008455e+02 2.861363952024552e+01 1.504226739663932e+03	-3.804344123636838e-04  4.797979090653826e-04 -9.936349670169875e-05	7.500000000000000e-01	820	0	370
371	 1.868013029146445e+02 -3.542897685082257e+01  1.687105305021201e+03	 1.110428468867515e-03 -1.343495338611926e-03  2.330668697444102e-04	1.000000000000000e+00	820	0	371
372	-7.985471358643328e+01  1.784045999277145e+02  3.157066439616876e+03	1.887756006908603e-03 5.582069279626012e-04 1.329549078946002e-03	7.500000000000000e-01	820	0	372
373	-9.327317678244823e+01  6.214269014664631e+02  2.700625674882113e+03	6.338032893836498e-03 4.491317551583052e-03 1.846715342253447e-03	1.000000000000000e+00	820	0	373
376	2.532353976859366e+02 2.308484769988910e+02 2.239873786488058e+03	-9.429214660485740e-04 -7.213234493974599e-05 -8.707891211088282e-04	5.625000000000000e-01	820	0	376
378	 8.382757793139609e+02 -6.917513579408594e+02  3.565337549508881e+02	 5.072591050217549e-03 -7.593664030234019e-03 -1.266625508045157e-02	1.000000000000000e+00	679	0	378
379	 5.832118010801146e+02 -8.886399059896489e+02  4.147091851359449e+02	 2.513453209151824e-03 -7.807484207053979e-03 -1.032093741620580e-02	1.000000000000000e+00	679	0	379
380	-1.368736036262291e+02 -7.047834100913251e+02  4.000000000000000e+03	-1.275642286054790e-02 -1.275642286054790e-02 -3.083885198244132e-18	1.000000000000000e+00	684	1	380
381	-1.430117505358703e+02 -7.844998659533312e+02  3.926421691047635e+03	-1.277209430312117e-02 -5.843747096757093e-03  6.928347206364075e-03	1.000000000000000e+00	684	0	381
382	3.640935508893905e+02 3.329586474629729e+02 2.698164389110293e+03	-3.768439598691960e-03  2.700106279614071e-03 -1.068333319077889e-03	1.000000000000000e+00	820	0	382
383	 2.054443399347747e+02 -1.724165451371238e+02  2.034139985555580e+03	1.159615567303263e-04 6.235834189283196e-05 1.783198931661900e-04	7.500000000000000e-01	820	0	383
384	-5.640829495407779e+02 -2.993198871893480e+02  2.977174117808880e+02	-5.998575128614902e-03  1.535591483116150e-02 -9.357339702546597e-03	1.000000000000000e+00	769	0	384
385	-2.528340923123420e+02 -3.434613133771189e+02  3.060998074022299e+01	 3.364732799430688e-03  1.108769498144587e-02 -1.445242778087656e-02	1.000000000000000e+00	769	0	385
386	1.000000000000000e+03 6.029075141805890e+02 2.789432693011616e+03	-4.957301969452031e-18  1.297251251526177e-02  1.297251251526177e-02	1.000000000000000e+00	820	1	386
387	8.602389146683622e+02 8.194252393966982e+02 2.866189332896087e+03	4.487437258164088e-02 2.268537009755770e-02 6.755974267919858e-02	1.000000000000000e+00	820	0	387
388	2.854176381584642e+02 9.742158785412087e+02 1.295495858640802e+03	8.766813979794582e-03 1.365025450165073e-02 4.883440521856150e-03	1.000000000000000e+00	804	0	388
389	4.967333407989088e+02 6.675158902537542e+02 7.774801677129029e+02	 1.137366894787798e-02  1.109854966246833e-02 -2.751192854096494e-04	1.000000000000000e+00	804	0	389
390	2.722149165254827e+02 7.137070255445921e+02 2.581197228889602e+03	2.660046059948702e-04 2.179468991622949e-03 1.913464385628079e-03	1.000000000000000e+00	820	0	390
391	-2.334565372931879e+02  5.309625115043538e+02  2.904124168668034e+03	3.138265844124059e-04 1.505151032082116e-03 1.191324447669710e-03	1.000000000000000e+00	820	0	391
392	-3.185992848727313e+02  2.173425508827655e+02  1.363346978511570e+03	-1.237115832433725e-03 -1.559497662431871e-03  3.223818299981455e-04	1.000000000000000e+00	820	0	392
393	-2.046793128192515e+02  1.267398074292740e+02  1.567869694018541e+03	-2.293425617002261e-03 -2.082259622208464e-03 -2.111659947937975e-04	1.000000000000000e+00	820	0	393
394	 9.831546417370177e+01 -3.178612872800666e+02  2.315465565720835e+03	-2.053612188319676e-04 -2.963773440569639e-04  9.101612522499636e-05	7.500000000000000e-01	820	0	394
396	-2.098243953658795e+02  6.686703941238992e+00  2.667070354371622e+03	-3.534849733114243e-03 -6.809161510318518e-03  3.274311777204275e-03	1.000000000000000e+00	820	0	396
397	-3.751536361574562e+02 -6.621101066587816e+00  2.515048918587872e+03	-3.997745923697948e-03 -1.053687278181314e-02  6.539126858115196e-03	1.000000000000000e+00	820	0	397
399	-9.489487828528950e+02 -7.317660151595703e+01  2.007809272341803e+03	-8.301561931148171e-03 -1.020900788716972e-02  1.907445956021547e-03	1.000000000000000e+00	820	0	399
403	-1.915451708494668e+02 -1.018622369333490e+02  3.069592443540404e+03	-1.182175716773296e-03 -4.735628414588670e-04 -1.655738558232164e-03	1.000000000000000e+00	820	0	403
406	4.252279401251983e+02 6.576720433776741e+01 1.405991319318358e+03	 2.600711615135272e-03 -9.766699901471535e-03 -7.165988286336263e-03	1.000000000000000e+00	820	0	406
407	6.083728907764491e+02 1.974544895192496e+01 1.543114514583767e+03	 3.480188238124053e-03 -1.228903963540991e-02 -8.808851397285860e-03	1.000000000000000e+00	820	0	407
408	-4.633472521922862e+02  1.997405900590976e+02  3.504984147092322e+03	 1.960165627679089e-05 -1.089292709366418e-05 -8.708729183126707e-06	7.500000000000000e-01	820	0	408
409	-2.358208181489515e+02  5.349235789653284e+01  3.423705945211552e+03	-8.757082287047524e-05 -5.781041727459524e-05  1.453812401450705e-04	7.500000000000000e-01	820	0	409
410	 5.915871308205921e+02 -5.344698643119339e+02  3.184260218450475e+03	 2.474394432283588e-05 -1.473890900570041e-03  1.449146956247205e-03	5.625000000000000e-01	820	0	410
411	 3.770989029111788e+02 -4.171346365038850e+02  3.281413218551840e+03	-3.596095193643122e-04 -3.200538209057413e-03  3.560147728421725e-03	7.500000000000000e-01	820	0	411
412	 5.508475499708743e+02 -5.057485137283755e+02  2.542911782900265e+03	 1.806413642043481e-03  3.063840995309864e-05 -1.837052051996579e-03	1.000000000000000e+00	820	0	412
413	 1.852619766708760e+02 -9.929958338603592e+02  3.395744676332248e+03	 3.835122905322466e-19 -3.099911147728562e-03  3.099911147728563e-03	1.000000000000000e+00	820	0	413
414	-4.238232628100802e+02 -1.343502884254439e+02  3.146184370378288e+03	 7.599382661283054e-04  6.197297292173811e-18 -7.599382661282978e-04	1.000000000000000e+00	820	0	414
415	-3.597044135287477e+02 -2.754432036384586e+02  3.223158436309970e+03	 8.248430008279685e-04 -5.794322532892661e-06 -8.190486782950756e-04	7.500000000000000e-01	820	0	415
416	 3.505023398924168e+01 -1.000000000000000e+03  1.993083025855999e+03	-4.466990838409402e-03  1.986465541860584e-18  4.466990838409401e-03	7.500000000000000e-01	820	1	416
417	 4.586338872079995e+02 -8.553946244980024e+02  1.424893997135243e+03	-4.892215181219702e-03  5.175434935760374e-03 -2.832197545406719e-04	1.000000000000000e+00	820	0	417
418	 4.488515441234342e+02 -2.129482136602776e+02  7.922299293820835e+02	 5.114096760128935e-03 -1.577029625574748e-03 -3.537067134554187e-03	1.000000000000000e+00	820	0	418
419	 4.783604924273297e+02 -3.646758469462695e+02  9.144486143641798e+02	 8.058859035372734e-03 -2.961654216051101e-03 -5.097204819321632e-03	1.000000000000000e+00	820	0	419
420	4.724830938756064e+02 2.255440133646405e+02 1.140450523844776e+03	 4.614691735090067e-03 -3.886114088042329e-03 -7.285776470477382e-04	1.000000000000000e+00	820	0	420
421	4.075135404378443e+02 6.274061603170686e+01 1.368223474615472e+03	 2.808911517301264e-03 -2.933819288349090e-03  1.249077710478256e-04	1.000000000000000e+00	820	0	421
422	-2.169961582586700e+01 -1.814647979703170e+02  2.041642044881207e+03	-1.706208975474510e-02  1.125947853506659e-02  5.802611219678510e-03	1.334838867187500e-01	820	0	422
423	 7.089178983612885e+01 -9.539984856998738e+01  1.862985689818882e+03	 1.808490846694137e-03 -2.291916161387538e-03  4.834253146934013e-04	1.000000000000000e+00	820	0	423
424	 3.740170546041198e+02 -8.926885374202521e+01  3.878611661477169e+03	-1.365243871759958e-03 -1.369553465565332e-03  4.309593805373885e-06	7.500000000000000e-01	820	0	424
425	-2.050845796822232e+02  1.000000000000000e+03  2.210241173448801e+03	 7.803977816365658e-03 -1.396738918300234e-18  7.803977816365659e-03	1.000000000000000e+00	820	1	425
428	5.877964088231072e+02 8.785285067608754e+02 1.926754767863245e+03	-1.457816179026850e-04  1.241716063304921e-05 -1.581987744430080e-04	7.500000000000000e-01	820	0	428
429	 1.654145199097646e+02 -1.000000000000000e+03  3.382901385710777e+03	1.902003306895495e-03 1.254808189252115e-18 1.902003306895494e-03	1.000000000000000e+00	820	1	429
431	 5.135105345436556e+02 -1.000000000000000e+03  1.514622725301585e+03	0.000000000000000e+00 0.000000000000000e+00 0.000000000000000e+00	1.000000000000000e+00	820	1	431
432	-9.596684305939158e+02 -2.436995133118920e+02  6.376825189565698e+02	-3.918429914241036e-03  7.050884344304601e-03 -3.132454430063566e-03	1.000000000000000e+00	769	0	432
435	8.595743244222601e+02 4.133587801610751e+02 1.604820739968726e+02	7.120407244656235e-03 7.900245429482311e-03 7.798381848260759e-04	1.000000000000000e+00	804	0	435
437	-8.810098758560672e+02  2.694241033045893e+02  3.290139099031149e+03	-4.612106567947197e-05  9.179250955639873e-04  9.640461612434592e-04	1.000000000000000e+00	820	0	437
438	-5.387986219617022e+01  3.017356412191907e+02  3.059710249715663e+03	4.059532618460556e-03 1.445638869578640e-03 2.613893748881916e-03	1.000000000000000e+00	820	0	438
439	-6.067804943536662e+01  5.771322671948992e+02  2.777515436500758e+03	 4.141922763665206e-03  4.141922763665208e-03 -1.524182650517819e-18	1.000000000000000e+00	820	0	439
444	3.203640663222370e+02 2.265136549072307e+02 2.547989911987397e+03	-1.897334809958314e-03  1.510554817893232e-03 -3.867799920650820e-04	1.000000000000000e+00	820	0	444
445	2.199276953612753e+02 3.511021414921454e+00 2.224550907534126e+03	1.202637096866965e-03 8.992515504360198e-04 2.101888647302985e-03	1.000000000000000e+00	820	0	445
446	-4.925918417219714e+02 -3.084605604593613e+02  2.353669772320947e+02	-6.205450432995955e-03  1.539406071727475e-02 -9.188610284278790e-03	1.000000000000000e+00	769	0	446
447	-3.495660626413199e+02 -3.256712331104444e+02  1.095518708025263e+02	-5.650795064866543e-03  1.530997268855572e-02 -9.659177623689175e-03	1.000000000000000e+00	769	0	447
448	3.292241431425365e+02 8.976782743091255e+02 1.175151749424647e+03	 1.571981213055551e-02  1.311256759800017e-02 -2.607244532555342e-03	1.000000000000000e+00	804	0	448
449	4.302096995136832e+02 7.449421056751891e+02 9.214300244195634e+02	 1.298351184232160e-02  1.202775008277968e-02 -9.557617595419288e-04	1.000000000000000e+00	804	0	449
450	1.402313359025260e+02 6.588412247660810e+02 2.658315008734048e+03	1.277786990006765e-04 1.481575289896379e-03 1.353796590895702e-03	1.000000000000000e+00	820	0	450
452	1.906108267053575e+02 2.616295090390254e+01 3.579773628932479e+03	-2.901496627600865e-03  6.917380204488598e-20 -2.901496627600861e-03	4.218750000000000e-01	820	0	452
454	-1.777647428344745e+02  9.096057024830237e+02  2.327955307813526e+03	7.106655820583304e-03 4.442473330224553e-03 2.664182490358750e-03	1.000000000000000e+00	820	0	454
455	-1.311693875461329e+02  7.187413629250827e+02  2.565415002659809e+03	6.246823313025136e-03 4.462850784572463e-03 1.783972528452674e-03	1.000000000000000e+00	820	0	455
460	4.413945233842926e+02 6.197168435548137e+02 2.039164545630492e+03	-9.900252589432057e-04  4.330807860242203e-05 -1.033333337545628e-03	7.500000000000000e-01	820	0	460
461	3.122631530355990e+02 3.609859577684599e+02 2.168764061068152e+03	-1.056160539974371e-03 -5.559050350711915e-05 -1.000570036467252e-03	5.625000000000000e-01	820	0	461
464	4.254903244392560e+02 6.989466258995056e+02 3.125549141096691e+03	-5.567081272602081e-03  2.921856008470058e-03 -2.645225264132023e-03	1.000000000000000e+00	820	0	464
465	3.966948258639302e+02 4.489395866223678e+02 2.846746603244227e+03	-4.982158541679382e-03  3.243206068873405e-03 -1.738952472805977e-03	1.000000000000000e+00	820	0	465
466	 3.417388693676234e+02 -6.561324763256250e+02  1.686718583799928e+03	-5.968025885522366e-03  1.529945526272058e-03 -4.438080359250307e-03	1.000000000000000e+00	820	0	466
467	 2.451576284202920e+02 -3.367994165939215e+02  1.909470402584300e+03	-4.020314105825188e-04  1.082234133112555e-04 -2.938079972712633e-04	1.000000000000000e+00	820	0	467
468	-7.898427929363023e+02 -2.649046007130888e+02  4.890619687001530e+02	-4.342118278145790e-03  1.152369100600481e-02 -7.181572727859020e-03	1.000000000000000e+00	769	0	468
469	-6.374482274482102e+02 -2.887673909920555e+02  3.605301934910276e+02	-5.513342407842477e-03  1.453125212962429e-02 -9.017909721781809e-03	1.000000000000000e+00	769	0	469
471	-1.830482555820307e+02 -3.826371693672072e+02  0.000000000000000e+00	-1.144028676208109e-02  1.144028676208108e-02  6.148900264802788e-18	1.000000000000000e+00	769	1	471
474	6.853354056112072e+02 5.170442482095492e+02 4.384064608563996e+02	9.234060261708994e-03 1.087493569745372e-02 1.640875435744722e-03	1.000000000000000e+00	804	0	474
475	5.601785477442479e+02 6.056405726983609e+02 6.521596432121707e+02	1.068144027764598e-02 1.117870289211472e-02 4.972626144687333e-04	1.000000000000000e+00	804	0	475
476	6.530714741072812e+02 8.954055446095718e+02 2.382039190372783e+03	-1.300215953961015e-03  9.218084509484470e-03  1.051830046344548e-02	1.000000000000000e+00	820	0	476
477	4.015183757174462e+02 7.664789992406997e+02 2.504665743393746e+03	3.327276208437980e-04 3.878394636558369e-03 3.545667015714571e-03	1.000000000000000e+00	820	0	477
478	-6.227260227591030e+02  3.865414542294637e+02  3.148972596859059e+03	1.138977774341280e-04 1.155551025779763e-03 1.041653248345635e-03	1.000000000000000e+00	820	0	478
479	-3.649911298019841e+02  4.864582029773469e+02  2.991154452649824e+03	2.395832561887801e-04 1.501043356256559e-03 1.261460100067779e-03	1.000000000000000e+00	820	0	479
484	4.727665652974329e+02 1.000000000000000e+03 3.473878756055362e+03	-3.031000727787615e-03 -1.982433709780464e-18 -3.031000727787613e-03	1.000000000000000e+00	820	1	484
488	-4.416186130826532e+01  3.631163600484787e+02  3.008047531774280e+03	4.605657459857563e-03 1.842741233607133e-03 2.762916226250430e-03	1.000000000000000e+00	820	0	488
489	-3.923190110439015e+01  5.123075022896229e+02  2.863786349737011e+03	5.636246913733582e-03 4.132484047052761e-03 1.503762866680821e-03	1.000000000000000e+00	820	0	489
492	2.942225656060916e+02 1.800725287072781e+02 2.475407285071299e+03	-8.854125141321371e-04  6.827175869451215e-04 -2.026949271870156e-04	1.000000000000000e+00	820	0	492
493	2.207883980788988e+02 7.266091611351835e+01 2.294561504950347e+03	-2.596713602542902e-04  2.596713602542853e-04 -2.088608295301310e-18	1.000000000000000e+00	820	0	493
494	3.504762524750297e+02 8.602155674953412e+02 1.116436933278369e+03	 1.835079514421523e-02  1.547680958174169e-02 -2.873985562473536e-03	1.000000000000000e+00	804	0	494
496	-1.687920610569059e+02  8.602081979802090e+02  2.386325494093909e+03	7.022122386842966e-03 4.494030028581619e-03 2.528092358261347e-03	1.000000000000000e+00	820	0	496
497	-1.454187196496791e+02  7.649129998595105e+02  2.504994033621835e+03	6.491511516893904e-03 4.461241963629921e-03 2.030269553263982e-03	1.000000000000000e+00	820	0	497
500	-2.512713783681804e+02 -1.000000000000000e+03  2.107982774361832e+03	-4.864732909481972e-04  1.557396050730464e-19  4.864732909481973e-04	1.000000000000000e+00	820	1	500
501	-2.531442276647839e+02 -9.965231656596579e+02  2.113332457998777e+03	 3.600715210373313e-20 -1.161555643193424e-03 -1.161555643193424e-03	1.000000000000000e+00	820	0	501
502	4.224753453226058e+02 6.334146868116160e+02 3.057002222892151e+03	-5.666258356844385e-03  3.099728530893723e-03 -2.566529825950662e-03	1.000000000000000e+00	820	0	502
503	4.084575917297714e+02 5.088602889922849e+02 2.918430071479986e+03	-5.406456999480724e-03  3.330005099996924e-03 -2.076451899483800e-03	1.000000000000000e+00	820	0	503
504	 3.184650420294213e+02 -5.770285894308282e+02  1.742548643356522e+03	-3.147238128197690e-03  7.400879791627327e-04 -2.407150149034957e-03	1.000000000000000e+00	820	0	504
505	 2.691211394618075e+02 -4.170511127251020e+02  1.853182217494635e+03	-7.207205004912490e-04  1.681254264743378e-04 -5.525950740169113e-04	1.000000000000000e+00	820	0	505
508	 3.367573342316468e+02 -5.465483223079481e+01  3.806737919593465e+03	-3.709571239596698e-03 -3.952072896936443e-03  2.425016573397443e-04	7.500000000000000e-01	820	0	508
509	2.377420479250583e+02 1.256379060102342e+01 3.640504010455059e+03	-7.758385509077925e-03 -9.817630132602062e-03  2.059244623524137e-03	4.218750000000000e-01	820	0	509
511	-1.886484026269311e+02  9.693430945873954e+02  2.257334255916698e+03	6.761936470866203e-03 6.265787873417139e-03 4.961485974490640e-04	1.000000000000000e+00	820	0	511
516	4.311994214376784e+02 9.069615827367179e+02 3.339273194932326e+03	-2.901539167699715e-03  1.581280181805293e-03 -1.320258985894422e-03	1.000000000000000e+00	820	0	516
517	4.269711010863577e+02 7.662839472551269e+02 3.194367239099414e+03	-5.177015981947383e-03  2.656460662061969e-03 -2.520555319885413e-03	1.000000000000000e+00	820	0	517
518	 3.937443752122461e+02 -8.802338406685907e+02  1.514622725301585e+03	-1.912952167913317e-02  1.912952167913318e-02  3.954701704433904e-18	1.000000000000000e+00	820	0	518
519	 3.627140069387520e+02 -7.343490900741640e+02  1.629477107622518e+03	-1.000648558450242e-02  2.925148388991753e-03 -7.081337195510665e-03	1.000000000000000e+00	820	0	519
522	8.090787356494906e+02 4.447155909815079e+02 2.423344735900749e+02	7.586211043720444e-03 8.942670111233989e-03 1.356459067513545e-03	1.000000000000000e+00	804	0	522
523	-6.598554969017856e+01  2.402114785740776e+02  3.109128724866768e+03	4.464665359336095e-04 1.448277633500084e-04 3.016387725836012e-04	1.334838867187500e-01	820	0	523
524	-9.728829261929796e+01  1.107644601831787e+02  3.207273000328547e+03	 6.375782832037656e-04 -6.381966231856494e-04  1.275774906389415e-03	7.500000000000000e-01	820	0	524
526	-1.149650102865192e+02  6.738201811710248e+02  2.626540561673480e+03	6.112008394363025e-03 4.554052332726618e-03 1.557956061636408e-03	1.000000000000000e+00	820	0	526
528	-3.668682302905289e+02 -1.368959109819953e+02  3.086683715302185e+03	-4.993676457161200e-04 -4.536809383353102e-04  4.568670738080983e-05	7.500000000000000e-01	820	0	528
531	3.436674230850008e+02 2.780239786804124e+02 2.622803592523343e+03	-2.900031356451412e-03  2.181943079146246e-03 -7.180882773051659e-04	1.000000000000000e+00	820	0	531
532	3.817870889744265e+02 3.901499110510007e+02 2.773049190783357e+03	-4.466494584145646e-03  3.056286329713961e-03 -1.410208254431685e-03	1.000000000000000e+00	820	0	532
533	 1.978839465915871e+02 -8.257646698867083e+01  2.116419670360845e+03	1.303183186488847e-04 1.924530903731163e-04 3.227714090220009e-04	1.000000000000000e+00	820	0	533
534	 2.233711782324071e+02 -2.563016267336936e+02  1.968181742256643e+03	-8.544099546270445e-05  4.771074964082800e-05 -3.773024582187645e-05	1.000000000000000e+00	820	0	534
535	3.080443906007369e+02 9.342626080075363e+02 1.232915835664857e+03	 1.130085811018944e-02  9.439003653824329e-03 -1.861854456365108e-03	1.000000000000000e+00	804	0	535
536	2.443316836512186e+02 1.000000000000000e+03 1.362365934606840e+03	 9.248672984540459e-03 -9.200495692913911e-18 -9.248672984540464e-03	1.000000000000000e+00	804	1	536
540	6.484141652512509e+02 5.401025358283023e+02 4.983859888351089e+02	9.693671173105637e-03 1.117539576565226e-02 1.481724592546622e-03	1.000000000000000e+00	804	0	540
541	5.298267446895780e+02 6.335382791156244e+02 7.104091526841040e+02	1.097570824883102e-02 1.106797811128975e-02 9.226986245873034e-05	1.000000000000000e+00	804	0	541
542	4.003181066743535e+02 7.841929559401761e+02 9.905724675238802e+02	 1.458685957671453e-02  1.311356089233110e-02 -1.473298684383432e-03	1.000000000000000e+00	804	0	542
543	5.878717837223451e+02 5.828765952473188e+02 6.017024297830314e+02	1.040282936689133e-02 1.129212325516467e-02 8.892938882733382e-04	1.000000000000000e+00	804	0	543
544	2.170363477300440e+02 1.587434538467427e+02 2.275779759684314e+03	-1.533846616884678e-03 -1.534291529888302e-03  4.449130036240178e-07	1.000000000000000e+00	820	0	544
546	4.627652317395836e+02 7.055983324447498e+02 8.495307189632238e+02	 1.204733090708032e-02  1.145139796426520e-02 -5.959329428151251e-04	1.000000000000000e+00	804	0	546
547	4.651044877978644e+02 7.950384246034822e+02 2.469639056676111e+03	1.913436087003597e-04 5.234513494845790e-03 5.043169886145431e-03	1.000000000000000e+00	820	0	547
548	8.497337660841998e+02 1.000000000000000e+03 2.289971353786293e+03	-9.136053267866375e-03 -7.540229029535401e-18  9.136053267866373e-03	1.000000000000000e+00	820	1	548
551	-9.830422008805999e+02 -4.348810231472410e+01  3.614541122338088e+03	-2.015944822536160e-04  5.042490180737028e-04 -3.026545358200868e-04	1.000000000000000e+00	820	0	551
552	-2.993374326394829e+02  5.091492048090084e+02  2.948191757318984e+03	2.918761456385254e-04 1.488878973759711e-03 1.197002828121185e-03	1.000000000000000e+00	820	0	552
553	-8.755140378524200e+02 -1.228579730111037e+02  3.586382830006288e+03	-1.278309151530266e-03 -9.888238273561001e-04  2.267132978886366e-03	1.000000000000000e+00	820	0	553
558	 5.206441314547956e+02 -4.482212301507552e+02  2.515587917838723e+03	 1.460493636841420e-03  4.615080251824111e-05 -1.506644439359661e-03	1.000000000000000e+00	820	0	558
562	3.434365897703850e+02 4.277596218315088e+02 2.133163833739889e+03	-5.306155830879788e-04 -1.640641900735318e-05 -5.142091640806257e-04	3.164062500000000e-01	820	0	562
563	-7.220440908447475e+02 -1.390963425797434e+02  3.449151252567255e+03	 4.415103903738782e-04 -1.002063581836410e-03  5.605531914625317e-04	7.500000000000000e-01	820	0	563
564	1.500000000000000e+03 7.653834212945289e+02 2.680379596149922e+03	0.000000000000000e+00 0.000000000000000e+00 0.000000000000000e+00	1.000000000000000e+00	820	-1	350
573	-1.604329432679556e+02  5.540758796688633e+02  2.854213942807311e+03	7.466198876500130e-04 1.457291771657765e-03 7.106718840077519e-04	1.000000000000000e+00	820	0	573
575	-5.806776017939282e+01 -7.423161029030616e+02  3.388394682225218e+03	-1.129904558183625e-04 -5.661163595505059e-05  1.696020917734131e-04	1.000000000000000e+00	820	0	575
585	8.008286575696988e+01 3.608628109659767e+01 3.479168998176787e+03	 1.845157208542029e-02 -4.457490456600984e-02 -2.612333248058955e-02	1.000000000000000e+00	820	0	585
589	-6.618185807122339e+02 -1.425383817435772e+02  3.392367781598574e+03	 4.543491959339008e-04 -9.826725727180019e-04  5.283233767841011e-04	7.500000000000000e-01	820	0	589
594	 4.732646226964036e+02 -3.573006503709443e+02  2.472046846817304e+03	 1.189198589296818e-03  2.631868725681368e-05 -1.215517276553631e-03	1.000000000000000e+00	820	0	594
595	 1.000000000000000e+03 -4.851697971442716e+02  4.013910950614370e+02	-4.079613941214625e-18 -2.279906533658505e-03 -2.279906533658504e-03	1.000000000000000e+00	679	1	595
596	-2.050845796822232e+02  1.500000000000000e+03  2.210241173448801e+03	0.000000000000000e+00 0.000000000000000e+00 0.000000000000000e+00	1.000000000000000e+00	820	-1	425
603	3.373915693415075e+02 7.397508959431567e+02 2.542064446472142e+03	3.300197616529962e-04 2.826517224699880e-03 2.496497463046884e-03	1.000000000000000e+00	820	0	603
608	-6.024663642900680e+02 -1.448149838943566e+02  3.335292167327189e+03	 4.732539819087834e-04 -9.935927373589948e-04  5.203387554502115e-04	7.500000000000000e-01	820	0	608
609	-1.368736036262291e+02 -7.047834100913251e+02  4.500000000000000e+03	0.000000000000000e+00 0.000000000000000e+00 0.000000000000000e+00	1.000000000000000e+00	684	-1	380
615	4.727665652974329e+02 1.500000000000000e+03 3.473878756055362e+03	0.000000000000000e+00 0.000000000000000e+00 0.000000000000000e+00	1.000000000000000e+00	820	-1	484
617	 5.263584131326706e+01 -8.766791623633399e+02  3.412054140192836e+03	-3.835290748005112e-04 -6.035864547205468e-04  9.871155295210581e-04	1.000000000000000e+00	820	0	617
619	 5.135105345436556e+02 -1.500000000000000e+03  1.514622725301585e+03	0.000000000000000e+00 0.000000000000000e+00 0.000000000000000e+00	1.000000000000000e+00	820	-1	431
623	 4.465592586454544e+02 -3.047437315739281e+02  2.446195292071237e+03	 6.183967857396055e-04  2.963540282507902e-06 -6.213603260221134e-04	1.000000000000000e+00	820	0	623
624	7.420440880973950e+01 6.292645824434711e+02 2.694765293504224e+03	8.037644147407264e-05 1.191357870993670e-03 1.110981429519597e-03	1.000000000000000e+00	820	0	624
625	-6.097717269332234e+01  6.724083283673220e+01  3.369263511466630e+03	-1.107134002571304e-03 -8.500873072383305e-03 -9.608007074954608e-03	1.000000000000000e+00	820	0	625
626	2.060771805273598e+02 6.869908177366170e+02 2.620618757079750e+03	1.833901042118668e-04 1.775058684870601e-03 1.591668580658734e-03	1.000000000000000e+00	820	0	626
628	 4.112857293480180e+02 -1.316377191299443e+02  3.958249201608986e+03	-1.912064202770125e-03 -2.264183603983838e-03  3.521194012137130e-04	7.500000000000000e-01	820	0	628
632	 4.106258629063633e+02 -2.322697429126187e+02  2.409654699149019e+03	 2.107970067299902e-05 -7.477736971850391e-07 -2.033192686212715e-05	1.000000000000000e+00	820	0	632
633	-6.981099333254208e+01 -2.771585624727403e+02  2.185447186890306e+03	-1.182691674330272e-03  1.029488383210264e-03  1.532032911200076e-04	1.000000000000000e+00	820	0	633
636	-8.063338660225820e+01 -9.237076821854788e+02  2.032474328632977e+03	-2.344189677387476e-03 -9.587032953277230e-03  1.193122263066471e-02	1.000000000000000e+00	820	0	636
637	-4.356948630048931e+02 -8.869425154978136e+02  2.040362472820513e+03	-4.129200824536384e-04 -2.192455780459568e-03 -2.605375862913206e-03	1.000000000000000e+00	820	0	637
640	-5.399817626835875e+02 -1.462839947804716e+02  3.274276576606823e+03	 5.052082269685343e-04 -1.042426287312992e-03  5.372180603444576e-04	7.500000000000000e-01	820	0	640
641	 3.740196689910852e+02 -1.582020065342231e+02  2.372193156685902e+03	-4.546249551822257e-04  8.990989044832523e-06  4.456339661373931e-04	7.500000000000000e-01	820	0	641
647	-1.000000000000000e+03  4.699098589897840e+02  1.413671594688957e+03	-2.931503922090658e-19  1.197451306506992e-02 -1.197451306506991e-02	1.000000000000000e+00	820	1	647
648	-2.512713783681804e+02 -1.500000000000000e+03  2.107982774361832e+03	0.000000000000000e+00 0.000000000000000e+00 0.000000000000000e+00	1.000000000000000e+00	820	-1	500
652	 3.349784203384593e+02 -8.314361761189171e+01  2.336176016416196e+03	-8.443488559350953e-04  3.098182969551999e-05  8.133670262395754e-04	7.500000000000000e-01	820	0	652
658	2.784120797549588e+02 1.128796002319584e+01 2.298310779364609e+03	-3.182189218932762e-03  1.074519183021039e-03  2.107670035911724e-03	7.500000000000000e-01	820	0	658
659	 9.083565104893090e+02 -6.281576019749559e+02  3.500467797414435e+02	 6.677402804295222e-03 -5.050311951587598e-03 -1.172771475588282e-02	1.000000000000000e+00	679	0	659
661	 1.500000000000000e+03 -4.851697971442716e+02  4.013910950614370e+02	0.000000000000000e+00 0.000000000000000e+00 0.000000000000000e+00	1.000000000000000e+00	679	-1	595
666	7.250767600043271e+02 4.935804444434062e+02 3.752013026971367e+02	8.711069667090973e-03 1.038357258463899e-02 1.672502917548021e-03	1.000000000000000e+00	804	0	666
668	 7.690132076536746e+02 -6.084986212379536e+02  3.080862898543412e+03	 3.438935236772523e-04 -1.308133774728049e-03  9.642402510507965e-04	7.500000000000000e-01	820	0	668
671	9.080025805983429e+02 3.749149606198721e+02 7.360999827958679e+01	7.344554621946979e-03 7.349537241983247e-03 4.982620036268248e-06	1.000000000000000e+00	804	0	671
674	 1.654145199097646e+02 -1.500000000000000e+03  3.382901385710777e+03	0.000000000000000e+00 0.000000000000000e+00 0.000000000000000e+00	1.000000000000000e+00	820	-1	429
677	 1.000000000000000e+03 -3.576535289019478e+01  1.879230821965198e+03	-2.994680370279376e-18 -1.171090127900243e-02 -1.171090127900243e-02	1.000000000000000e+00	820	1	677
679	-6.394645573186114e+02  2.415829993148525e+02  3.639259042962892e+03	 1.211327025885112e-04 -2.444777201162651e-04  1.233450175277540e-04	5.625000000000000e-01	820	0	679
682	 5.168193818677435e+02 -9.344673882186004e+02  4.352741221193646e+02	 1.435917103663087e-03 -6.922115222550929e-03 -8.358032326214015e-03	1.000000000000000e+00	679	0	682
684	-1.500000000000000e+03  4.699098589897840e+02  1.413671594688957e+03	0.000000000000000e+00 0.000000000000000e+00 0.000000000000000e+00	1.000000000000000e+00	820	-1	647
690	-1.000000000000000e+03 -3.380414343520010e+01  1.917385597113941e+03	 3.167346630548563e-18 -7.054388930555433e-03  7.054388930555433e-03	1.000000000000000e+00	820	1	690
691	 1.109317431720099e+02 -9.353309017094983e+02  3.412409977680252e+03	-5.805470282211900e-04 -7.670026971027255e-04  1.347549725323915e-03	1.000000000000000e+00	820	0	691
698	-4.780731188239538e+02 -1.471939485529537e+02  3.213277886519671e+03	 1.894072163850069e-03 -1.471753465011716e-03 -4.223186988383532e-04	1.000000000000000e+00	820	0	698
700	-1.830482555820307e+02 -3.826371693672072e+02 -5.000000000000000e+02	0.000000000000000e+00 0.000000000000000e+00 0.000000000000000e+00	1.000000000000000e+00	769	-1	471
702	4.221997972825088e+02 1.221669161839726e+02 1.294110917618542e+03	 5.237066109354298e-03 -3.880546273042758e-03 -1.356519836311539e-03	1.000000000000000e+00	820	0	702
703	4.402728989338466e+02 9.879244357312987e+02 3.429309525423075e+03	-2.154410370470337e-04  6.169477501922907e-03  5.954036464875875e-03	1.000000000000000e+00	820	0	703
704	3.540604165871864e+02 5.176505535991343e+01 1.432652159137923e+03	-7.368383521679789e-04  1.528778462670743e-03 -7.919401105027646e-04	7.500000000000000e-01	820	0	704
705	 7.754418252004233e+02 -7.439167903787969e+02  3.672022766264883e+02	 4.305394055942695e-03 -8.387720367560785e-03 -1.269311442350348e-02	1.000000000000000e+00	679	0	705
706	 6.479008281644590e+02 -8.417190152505007e+02  3.969410487907488e+02	 3.134665700296561e-03 -8.292503810177246e-03 -1.142716951047381e-02	1.000000000000000e+00	679	0	706
711	1.827867432586351e+01 4.871040026846339e+01 3.429988925917547e+03	 3.765275469049812e-03 -1.187189831398427e-02 -8.106622844934464e-03	7.500000000000000e-01	820	0	711
712	-1.500000000000000e+03 -3.380414343520010e+01  1.917385597113941e+03	0.000000000000000e+00 0.000000000000000e+00 0.000000000000000e+00	1.000000000000000e+00	820	-1	690
713	-3.072791324199534e+02 -1.327031148640335e+02  3.031287413549571e+03	 7.921014904847349e-04  5.911975980173643e-06 -7.861895145045613e-04	1.000000000000000e+00	820	0	713
714	2.443316836512186e+02 1.500000000000000e+03 1.362365934606840e+03	0.000000000000000e+00 0.000000000000000e+00 0.000000000000000e+00	1.000000000000000e+00	804	-1	536
715	8.497337660841998e+02 1.500000000000000e+03 2.289971353786293e+03	0.000000000000000e+00 0.000000000000000e+00 0.000000000000000e+00	1.000000000000000e+00	820	-1	548
716	 1.500000000000000e+03 -3.576535289019478e+01  1.879230821965198e+03	0.000000000000000e+00 0.000000000000000e+00 0.000000000000000e+00	1.000000000000000e+00	820	-1	677
718	-9.370853858829780e+02  5.341384023352981e+02  1.412357665460464e+03	 1.344688935205340e-03 -2.733654546318576e-03  4.078343481523916e-03	7.500000000000000e-01	820	0	718
719	1.500000000000000e+03 6.029075141805890e+02 2.789432693011616e+03	0.000000000000000e+00 0.000000000000000e+00 0.000000000000000e+00	1.000000000000000e+00	820	-1	386
721	 3.505023398924168e+01 -1.500000000000000e+03  1.993083025855999e+03	0.000000000000000e+00 0.000000000000000e+00 0.000000000000000e+00	1.000000000000000e+00	820	-1	416
722	9.079251070435270e+02 7.629682169002848e+02 2.857418502774838e+03	0.000000000000000e+00 0.000000000000000e+00 0.000000000000000e+00	1.000000000000000e+00	820	0	722
724	-1.374663609304025e+02 -9.389721346042992e+02  3.766404032791200e+03	-1.241564564406872e-02 -6.560802459716797e-03  5.854843184351921e-03	1.000000000000000e+00	684	0	724
3	-7.071067811865475e-01  0.000000000000000e+00  7.071067811865475e-01	-5.773502691896257e-01  5.773502691896257e-01 -5.773502691896257e-01	 6.288536307352362e+02 -6.288536307352362e+02  6.288536307352362e+02	1	0	0.000000000000000e+00	0.000000000000000e+00	0.000000000000000e+00
4	0.000000000000000e+00 7.071067811865475e-01 7.071067811865475e-01	 5.773502691896257e-01 -5.773502691896257e-01  5.773502691896257e-01	 1.522636602155032e+03 -1.522636602155032e+03  1.522636602155032e+03	1	0	0.000000000000000e+00	0.000000000000000e+00	0.000000000000000e+00
5	 7.071067811865475e-01 -7.071067811865475e-01  0.000000000000000e+00	-5.773502691896257e-01 -5.773502691896257e-01  5.773502691896257e-01	-6.670373969193098e+02 -6.670373969193098e+02  6.670373969193098e+02	1	0	0.000000000000000e+00	0.000000000000000e+00	0.000000000000000e+00
7	-7.071067811865475e-01  7.071067811865475e-01  0.000000000000000e+00	-5.773502691896257e-01 -5.773502691896257e-01  5.773502691896257e-01	-3.955083929436755e+02 -3.955083929436755e+02  3.955083929436755e+02	1	0	0.000000000000000e+00	0.000000000000000e+00	0.000000000000000e+00
8	 0.000000000000000e+00 -7.071067811865475e-01 -7.071067811865475e-01	-5.773502691896257e-01  5.773502691896257e-01 -5.773502691896257e-01	 2.022325394193525e+02 -2.022325394193525e+02  2.022325394193525e+02	1	0	0.000000000000000e+00	0.000000000000000e+00	0.000000000000000e+00
9	-7.071067811865475e-01  0.000000000000000e+00  7.071067811865475e-01	-5.773502691896257e-01  5.773502691896257e-01 -5.773502691896257e-01	 7.132350399568309e+02 -7.132350399568309e+02  7.132350399568309e+02	1	0	0.000000000000000e+00	0.000000000000000e+00	0.000000000000000e+00
10	-7.071067811865475e-01 -7.071067811865475e-01  0.000000000000000e+00	-5.773502691896257e-01  5.773502691896257e-01  5.773502691896257e-01	-6.330962714223555e+02  6.330962714223555e+02  6.330962714223555e+02	1	0	0.000000000000000e+00	0.000000000000000e+00	0.000000000000000e+00
11	-7.071067811865475e-01 -7.071067811865475e-01  0.000000000000000e+00	0.000000000000000e+00 0.000000000000000e+00 0.000000000000000e+00	 2.192031021678289e+02 -4.907321061434643e+02  2.609224022578360e+03	1	1	0.000000000000000e+00	0.000000000000000e+00	0.000000000000000e+00
12	-7.071067811865475e-01 -7.071067811865475e-01  0.000000000000000e+00	-5.773502691896257e-01  5.773502691896257e-01  5.773502691896257e-01	-9.611938178929136e+02  9.611938178929136e+02  9.611938178929136e+02	1	0	0.000000000000000e+00	0.000000000000000e+00	0.000000000000000e+00
13	-7.071067811865475e-01  7.071067811865475e-01  0.000000000000000e+00	 5.773502691896257e-01  5.773502691896257e-01 -5.773502691896257e-01	-1.120999950441073e+03 -1.120999950441073e+03  1.120999950441073e+03	1	0	0.000000000000000e+00	0.000000000000000e+00	0.000000000000000e+00
14	-7.071067811865475e-01  7.071067811865475e-01  0.000000000000000e+00	0.000000000000000e+00 0.000000000000000e+00 0.000000000000000e+00	1.824335495461295e+02 3.747665940288721e+01 3.582910060272236e+03	1	1	0.000000000000000e+00	0.000000000000000e+00	0.000000000000000e+00
15	-7.071067811865475e-01  7.071067811865475e-01  0.000000000000000e+00	-5.773502691896257e-01 -5.773502691896257e-01  5.773502691896257e-01	-3.049987249517975e+02 -3.049987249517975e+02  3.049987249517975e+02	1	0	0.000000000000000e+00	0.000000000000000e+00	0.000000000000000e+00
16	 0.000000000000000e+00 -7.071067811865475e-01  7.071067811865475e-01	5.773502691896257e-01 5.773502691896257e-01 5.773502691896257e-01	1.080459161653044e+03 1.080459161653044e+03 1.080459161653044e+03	1	0	0.000000000000000e+00	0.000000000000000e+00	0.000000000000000e+00
17	 0.000000000000000e+00 -7.071067811865475e-01  7.071067811865475e-01	0.000000000000000e+00 0.000000000000000e+00 0.000000000000000e+00	 9.142890680742061e+02 -6.201326471006022e+02  2.947221063985530e+03	1	1	0.000000000000000e+00	0.000000000000000e+00	0.000000000000000e+00
18	 0.000000000000000e+00 -7.071067811865475e-01  7.071067811865475e-01	-5.773502691896257e-01 -5.773502691896257e-01 -5.773502691896257e-01	8.626702730475879e+02 8.626702730475879e+02 8.626702730475879e+02	1	0	0.000000000000000e+00	0.000000000000000e+00	0.000000000000000e+00
19	 7.071067811865475e-01 -7.071067811865475e-01  0.000000000000000e+00	-5.773502691896257e-01 -5.773502691896257e-01 -5.773502691896257e-01	3.427110866150800e+02 3.427110866150800e+02 3.427110866150800e+02	1	0	0.000000000000000e+00	0.000000000000000e+00	0.000000000000000e+00
20	 7.071067811865475e-01 -7.071067811865475e-01  0.000000000000000e+00	0.000000000000000e+00 0.000000000000000e+00 0.000000000000000e+00	3.577960312803930e+02 7.283199846221450e+01 5.975052301026326e+02	1	1	0.000000000000000e+00	0.000000000000000e+00	0.000000000000000e+00
21	 7.071067811865475e-01 -7.071067811865475e-01  0.000000000000000e+00	-5.773502691896257e-01 -5.773502691896257e-01 -5.773502691896257e-01	6.128258770283411e+02 6.128258770283411e+02 6.128258770283411e+02	1	0	0.000000000000000e+00	0.000000000000000e+00	0.000000000000000e+00
22	-7.071067811865475e-01  0.000000000000000e+00 -7.071067811865475e-01	0.000000000000000e+00 0.000000000000000e+00 0.000000000000000e+00	1.000000000000000e+03 4.153257531310242e+02 4.000000000000000e+03	1	2	0.000000000000000e+00	0.000000000000000e+00	0.000000000000000e+00
23	-7.071067811865475e-01  0.000000000000000e+00 -7.071067811865475e-01	0.000000000000000e+00 0.000000000000000e+00 0.000000000000000e+00	1.000000000000000e+03 1.000000000000000e+03 3.415325753131025e+03	1	2	0.000000000000000e+00	0.000000000000000e+00	0.000000000000000e+00
25	-7.071067811865475e-01  0.000000000000000e+00  7.071067811865475e-01	0.000000000000000e+00 0.000000000000000e+00 0.000000000000000e+00	-1.000000000000000e+03 -1.000000000000000e+03  2.856711395993652e+03	1	2	0.000000000000000e+00	0.000000000000000e+00	0.000000000000000e+00
27	 0.000000000000000e+00  7.071067811865475e-01 -7.071067811865475e-01	0.000000000000000e+00 0.000000000000000e+00 0.000000000000000e+00	1.000000000000000e+03 1.000000000000000e+03 2.217486865801013e+03	1	2	0.000000000000000e+00	0.000000000000000e+00	0.000000000000000e+00
28	 0.000000000000000e+00  7.071067811865475e-01 -7.071067811865475e-01	0.000000000000000e+00 0.000000000000000e+00 0.000000000000000e+00	 1.000000000000000e+03 -7.825131341989875e+02  4.000000000000000e+03	1	2	0.000000000000000e+00	0.000000000000000e+00	0.000000000000000e+00
29	 0.000000000000000e+00  7.071067811865475e-01 -7.071067811865475e-01	0.000000000000000e+00 0.000000000000000e+00 0.000000000000000e+00	 7.825131341989878e+02 -1.000000000000000e+03  4.000000000000000e+03	1	2	0.000000000000000e+00	0.000000000000000e+00	0.000000000000000e+00
32	-7.071067811865475e-01  0.000000000000000e+00  7.071067811865475e-01	0.000000000000000e+00 0.000000000000000e+00 0.000000000000000e+00	 8.865608922057086e+02 -1.000000000000000e+03  0.000000000000000e+00	1	2	0.000000000000000e+00	0.000000000000000e+00	0.000000000000000e+00
33	-7.071067811865475e-01  0.000000000000000e+00  7.071067811865475e-01	0.000000000000000e+00 0.000000000000000e+00 0.000000000000000e+00	 3.810291110897572e+02 -1.000000000000000e+03  5.055317811159514e+02	1	2	0.000000000000000e+00	0.000000000000000e+00	0.000000000000000e+00
35	0.000000000000000e+00 7.071067811865475e-01 7.071067811865475e-01	0.000000000000000e+00 0.000000000000000e+00 0.000000000000000e+00	-1.351082855301853e+02 -1.000000000000000e+03  3.703018091995281e+03	1	2	0.000000000000000e+00	0.000000000000000e+00	0.000000000000000e+00
37	 7.071067811865475e-01 -7.071067811865475e-01  0.000000000000000e+00	0.000000000000000e+00 0.000000000000000e+00 0.000000000000000e+00	-1.000000000000000e+03 -1.000000000000000e+03  1.112190757929056e+00	1	2	0.000000000000000e+00	0.000000000000000e+00	0.000000000000000e+00
39	 7.071067811865475e-01 -7.071067811865475e-01  0.000000000000000e+00	0.000000000000000e+00 0.000000000000000e+00 0.000000000000000e+00	-1.000000000000000e+03  4.343145750507622e+02  0.000000000000000e+00	1	2	0.000000000000000e+00	0.000000000000000e+00	0.000000000000000e+00
42	-7.071067811865475e-01  7.071067811865475e-01  0.000000000000000e+00	0.000000000000000e+00 0.000000000000000e+00 0.000000000000000e+00	7.182498541501488e+02 1.000000000000000e+03 2.904775032981177e+03	1	2	0.000000000000000e+00	0.000000000000000e+00	0.000000000000000e+00
44	 0.000000000000000e+00 -7.071067811865475e-01 -7.071067811865475e-01	0.000000000000000e+00 0.000000000000000e+00 0.000000000000000e+00	1.000000000000000e+03 3.933023817419428e+02 0.000000000000000e+00	1	2	0.000000000000000e+00	0.000000000000000e+00	0.000000000000000e+00
45	 0.000000000000000e+00 -7.071067811865475e-01 -7.071067811865475e-01	0.000000000000000e+00 0.000000000000000e+00 0.000000000000000e+00	9.413503106337697e+02 3.346526923757118e+02 0.000000000000000e+00	1	2	0.000000000000000e+00	0.000000000000000e+00	0.000000000000000e+00
46	-7.071067811865475e-01  0.000000000000000e+00  7.071067811865475e-01	0.000000000000000e+00 0.000000000000000e+00 0.000000000000000e+00	 1.000000000000000e+03 -1.000000000000000e+03  1.397051198704921e+02	1	2	0.000000000000000e+00	0.000000000000000e+00	0.000000000000000e+00
47	-7.071067811865475e-01  0.000000000000000e+00  7.071067811865475e-01	0.000000000000000e+00 0.000000000000000e+00 0.000000000000000e+00	-1.000000000000000e+03 -1.000000000000000e+03  2.139705119870493e+03	1	2	0.000000000000000e+00	0.000000000000000e+00	0.000000000000000e+00
48	-7.071067811865475e-01  0.000000000000000e+00  7.071067811865475e-01	0.000000000000000e+00 0.000000000000000e+00 0.000000000000000e+00	-1.000000000000000e+03  2.099409846360631e+02  3.349646104506555e+03	1	2	0.000000000000000e+00	0.000000000000000e+00	0.000000000000000e+00
49	-7.071067811865475e-01  7.071067811865475e-01  0.000000000000000e+00	5.773502691896257e-01 5.773502691896257e-01 5.773502691896257e-01	8.626702730475879e+02 8.626702730475879e+02 8.626702730475879e+02	1	0	0.000000000000000e+00	0.000000000000000e+00	0.000000000000000e+00
50	 0.000000000000000e+00 -7.071067811865475e-01 -7.071067811865475e-01	 5.773502691896257e-01  5.773502691896257e-01 -5.773502691896257e-01	-1.120999950441073e+03 -1.120999950441073e+03  1.120999950441073e+03	1	0	0.000000000000000e+00	0.000000000000000e+00	0.000000000000000e+00
53	 7.071067811865475e-01 -7.071067811865475e-01  0.000000000000000e+00	5.773502691896257e-01 5.773502691896257e-01 5.773502691896257e-01	8.626702730475879e+02 8.626702730475879e+02 8.626702730475879e+02	1	0	0.000000000000000e+00	0.000000000000000e+00	0.000000000000000e+00
69	-7.071067811865475e-01  0.000000000000000e+00 -7.071067811865475e-01	-5.773502691896257e-01  5.773502691896257e-01  5.773502691896257e-01	-1.138441917710341e+03  1.138441917710341e+03  1.138441917710341e+03	1	0	0.000000000000000e+00	0.000000000000000e+00	0.000000000000000e+00
70	-7.071067811865475e-01  0.000000000000000e+00 -7.071067811865475e-01	0.000000000000000e+00 0.000000000000000e+00 0.000000000000000e+00	1.000000000000000e+03 1.000000000000000e+03 3.415325753131025e+03	1	2	0.000000000000000e+00	0.000000000000000e+00	0.000000000000000e+00
78	 0.000000000000000e+00 -7.071067811865475e-01 -7.071067811865475e-01	0.000000000000000e+00 0.000000000000000e+00 0.000000000000000e+00	-4.320901935349040e+02 -1.000000000000000e+03  4.000000000000000e+03	1	2	0.000000000000000e+00	0.000000000000000e+00	0.000000000000000e+00
84	-7.071067811865475e-01  7.071067811865475e-01  0.000000000000000e+00	0.000000000000000e+00 0.000000000000000e+00 0.000000000000000e+00	-1.000000000000000e+03  1.000000000000000e+03  2.001112190757930e+03	1	2	0.000000000000000e+00	0.000000000000000e+00	0.000000000000000e+00
87	 7.071067811865475e-01 -7.071067811865475e-01  0.000000000000000e+00	0.000000000000000e+00 0.000000000000000e+00 0.000000000000000e+00	-1.000000000000000e+03 -1.000000000000000e+03  1.112190757929056e+00	1	2	0.000000000000000e+00	0.000000000000000e+00	0.000000000000000e+00
100	-7.071067811865475e-01  0.000000000000000e+00  7.071067811865475e-01	 5.773502691896257e-01 -5.773502691896257e-01  5.773502691896257e-01	 9.522371319978838e+02 -9.522371319978838e+02  9.522371319978838e+02	1	0	0.000000000000000e+00	0.000000000000000e+00	0.000000000000000e+00
101	-7.071067811865475e-01  0.000000000000000e+00  7.071067811865475e-01	0.000000000000000e+00 0.000000000000000e+00 0.000000000000000e+00	-1.000000000000000e+03 -1.000000000000000e+03  2.856711395993652e+03	1	2	0.000000000000000e+00	0.000000000000000e+00	0.000000000000000e+00
106	 7.071067811865475e-01  0.000000000000000e+00 -7.071067811865475e-01	0.000000000000000e+00 0.000000000000000e+00 0.000000000000000e+00	 1.000000000000000e+03 -8.865608922057086e+02  0.000000000000000e+00	1	2	0.000000000000000e+00	0.000000000000000e+00	0.000000000000000e+00
113	 0.000000000000000e+00  7.071067811865475e-01 -7.071067811865475e-01	 5.773502691896257e-01 -5.773502691896257e-01 -5.773502691896257e-01	-7.391622886003375e+02  7.391622886003375e+02  7.391622886003375e+02	1	0	0.000000000000000e+00	0.000000000000000e+00	0.000000000000000e+00
114	 0.000000000000000e+00  7.071067811865475e-01 -7.071067811865475e-01	0.000000000000000e+00 0.000000000000000e+00 0.000000000000000e+00	 7.825131341989878e+02 -1.000000000000000e+03  4.000000000000000e+03	1	2	0.000000000000000e+00	0.000000000000000e+00	0.000000000000000e+00
126	 7.071067811865475e-01 -7.071067811865475e-01  0.000000000000000e+00	-5.773502691896257e-01 -5.773502691896257e-01 -5.773502691896257e-01	-1.885618083164127e+02 -1.885618083164127e+02 -1.885618083164127e+02	1	0	0.000000000000000e+00	0.000000000000000e+00	0.000000000000000e+00
127	 7.071067811865475e-01 -7.071067811865475e-01  0.000000000000000e+00	0.000000000000000e+00 0.000000000000000e+00 0.000000000000000e+00	-1.000000000000000e+03  4.343145750507622e+02  0.000000000000000e+00	1	2	0.000000000000000e+00	0.000000000000000e+00	0.000000000000000e+00
131	-7.071067811865475e-01 -7.071067811865475e-01  0.000000000000000e+00	0.000000000000000e+00 0.000000000000000e+00 0.000000000000000e+00	-1.000000000000000e+03  4.699098589897840e+02  1.413671594688957e+03	1	2	0.000000000000000e+00	0.000000000000000e+00	0.000000000000000e+00
133	0.000000000000000e+00 7.071067811865475e-01 7.071067811865475e-01	0.000000000000000e+00 0.000000000000000e+00 0.000000000000000e+00	1.000000000000000e+03 1.000000000000000e+03 6.066976182580577e+02	1	2	0.000000000000000e+00	0.000000000000000e+00	0.000000000000000e+00
134	 7.071067811865475e-01  0.000000000000000e+00 -7.071067811865475e-01	0.000000000000000e+00 0.000000000000000e+00 0.000000000000000e+00	1.000000000000000e+03 1.000000000000000e+03 2.139705119870493e+03	1	2	0.000000000000000e+00	0.000000000000000e+00	0.000000000000000e+00
135	 7.071067811865475e-01 -7.071067811865475e-01  0.000000000000000e+00	0.000000000000000e+00 0.000000000000000e+00 0.000000000000000e+00	1.000000000000000e+03 7.653834212945289e+02 2.680379596149922e+03	1	2	0.000000000000000e+00	0.000000000000000e+00	0.000000000000000e+00
137	 7.071067811865475e-01 -7.071067811865475e-01  0.000000000000000e+00	0.000000000000000e+00 0.000000000000000e+00 0.000000000000000e+00	1.000000000000000e+03 1.000000000000000e+03 3.186525178831027e+03	1	2	0.000000000000000e+00	0.000000000000000e+00	0.000000000000000e+00
138	-7.071067811865475e-01  7.071067811865475e-01  0.000000000000000e+00	0.000000000000000e+00 0.000000000000000e+00 0.000000000000000e+00	 5.135105345436556e+02 -1.000000000000000e+03  1.514622725301585e+03	1	2	0.000000000000000e+00	0.000000000000000e+00	0.000000000000000e+00
69	0	1	1
22	1	0	1
22	0	205	-1
69	628	0	0
69	1	2	1
23	2	1	1
22	206	1	-1
23	1	206	-1
23	207	2	-1
70	2	207	-1
69	2	425	1
70	425	2	1
100	4	5	1
25	5	4	1
25	4	209	-1
100	359	4	0
25	210	5	-1
101	5	210	-1
100	5	500	1
101	500	5	1
113	7	8	1
27	8	7	1
27	7	212	-1
113	428	7	0
113	8	9	1
28	9	8	1
27	213	8	-1
28	8	213	-1
113	9	10	1
29	10	9	1
28	214	9	-1
29	9	214	-1
29	215	10	-1
114	10	215	-1
113	10	429	1
114	429	10	1
3	13	14	1
32	14	13	1
32	13	218	-1
106	13	218	-1
3	595	13	1
106	595	13	1
3	14	15	1
33	15	14	1
32	219	14	-1
33	14	219	-1
33	220	15	-1
3	15	275	0
4	17	18	1
35	18	17	1
35	17	222	-1
78	17	222	-1
4	380	17	1
78	380	17	1
35	223	18	-1
4	18	724	0
5	20	21	1
37	21	20	1
37	20	225	-1
84	20	225	-1
5	484	20	1
84	484	20	1
37	226	21	-1
87	21	226	-1
5	21	431	1
87	431	21	1
126	23	24	1
39	24	23	1
39	23	228	-1
126	432	23	0
39	229	24	-1
127	24	229	-1
126	24	471	1
127	471	24	1
7	27	28	1
42	28	27	1
42	27	232	-1
137	27	232	-1
7	386	27	1
137	386	27	1
42	233	28	-1
7	28	283	0
8	30	31	1
44	31	30	1
44	30	235	-1
133	30	235	-1
8	536	30	1
133	536	30	1
8	31	32	1
45	32	31	1
44	236	31	-1
45	31	236	-1
45	237	32	-1
8	32	671	0
9	33	34	1
46	34	33	1
46	33	238	-1
134	33	238	-1
9	548	33	1
134	548	33	1
9	34	35	1
47	35	34	1
46	239	34	-1
47	34	239	-1
9	35	36	1
48	36	35	1
47	240	35	-1
48	35	240	-1
48	241	36	-1
9	36	437	0
10	37	38	0
11	38	37	0
11	37	40	0
10	340	37	0
11	39	38	0
10	38	341	0
11	40	39	0
12	39	40	0
12	342	39	0
12	40	718	0
10	41	344	0
10	345	41	0
12	42	346	0
12	347	42	0
13	43	44	0
14	44	43	0
14	43	46	0
13	348	43	0
13	44	452	0
14	722	44	0
14	46	45	0
15	45	46	0
15	350	45	0
14	45	722	0
15	46	351	0
15	355	48	0
15	48	677	0
16	49	50	0
17	50	49	0
17	49	52	0
16	356	49	0
17	51	50	0
16	50	357	0
17	52	51	0
18	51	52	0
18	358	51	0
18	52	551	0
16	53	360	0
16	361	53	0
18	54	362	0
18	363	54	0
19	55	56	0
20	56	55	0
20	55	58	0
19	364	55	0
20	57	56	0
19	56	365	0
20	58	57	0
21	57	58	0
21	366	57	0
21	58	367	0
19	59	368	0
19	369	59	0
21	60	370	0
21	371	60	0
22	205	206	-1
23	206	207	-1
70	207	596	-1
25	209	210	-1
101	210	648	-1
27	212	213	-1
28	213	214	-1
29	214	215	-1
114	215	674	-1
32	218	219	-1
106	218	661	-1
33	219	220	-1
35	222	223	-1
78	222	609	-1
37	225	226	-1
84	225	615	-1
87	226	619	-1
39	228	229	-1
127	229	700	-1
42	232	233	-1
137	232	719	-1
44	235	236	-1
133	235	714	-1
45	236	237	-1
46	238	239	-1
134	238	715	-1
47	239	240	-1
48	240	241	-1
69	242	488	0
69	489	242	0
3	245	705	0
3	706	245	0
5	247	492	0
5	493	247	0
126	248	446	0
126	447	248	0
7	249	386	0
7	722	249	0
8	250	494	0
8	542	250	0
9	439	251	0
9	251	624	0
10	252	392	0
10	393	252	0
10	253	315	0
10	394	253	0
12	254	396	0
12	397	254	0
13	268	257	0
13	257	403	0
15	406	259	0
15	259	407	0
16	260	408	0
16	409	260	0
16	410	261	0
16	261	411	0
18	413	262	0
113	413	262	0
18	262	493	0
113	262	544	0
18	414	263	0
18	263	415	0
19	418	265	0
19	265	419	0
21	266	420	0
21	702	266	0
21	422	267	0
21	267	423	0
69	268	452	0
13	452	268	0
50	452	268	0
69	524	268	0
50	268	625	0
69	496	269	0
69	269	497	0
113	272	460	0
113	562	272	0
3	274	595	0
3	659	274	0
3	275	682	0
4	277	381	0
4	724	277	0
5	278	502	0
5	503	278	0
5	504	279	0
5	279	505	0
126	280	468	0
126	469	280	0
7	283	387	0
8	540	285	0
8	285	543	0
9	286	476	0
9	547	286	0
9	478	287	0
9	287	479	0
10	288	340	0
10	392	288	0
10	341	289	0
10	289	394	0
12	290	342	0
12	396	290	0
10	344	292	0
10	292	393	0
10	315	293	0
10	293	345	0
12	346	294	0
12	294	397	0
12	295	347	0
12	399	295	0
13	501	296	0
13	296	637	0
15	351	299	0
15	299	406	0
15	303	355	0
15	407	303	0
16	408	304	0
16	304	679	0
16	305	410	0
16	668	305	0
18	306	358	0
18	412	306	0
18	359	307	0
100	307	359	0
49	359	307	0
18	307	414	0
100	414	307	0
53	414	307	0
49	307	553	0
53	307	563	0
16	360	308	0
16	308	409	0
16	309	361	0
16	411	309	0
18	575	310	0
18	310	617	0
18	311	363	0
18	415	311	0
19	312	364	0
19	636	312	0
19	365	313	0
19	313	418	0
21	314	366	0
21	420	314	0
21	315	422	0
21	633	315	0
19	368	316	0
19	316	417	0
19	317	369	0
19	419	317	0
21	319	371	0
21	423	319	0
69	320	508	0
69	509	320	0
113	324	428	0
113	460	324	0
5	330	516	0
5	517	330	0
5	518	331	0
5	331	519	0
126	332	432	0
126	468	332	0
8	522	337	0
8	337	666	0
9	476	338	0
9	338	548	0
9	437	339	0
9	339	478	0
13	637	348	0
135	350	564	-1
15	677	350	1
135	677	350	1
13	403	353	0
13	353	501	0
100	501	353	0
100	353	713	0
16	679	356	0
16	357	668	0
18	551	359	0
49	553	359	0
18	362	575	0
21	367	633	0
21	370	704	0
69	523	372	0
69	372	524	0
69	373	439	0
69	526	373	0
113	376	461	0
113	544	376	0
3	378	659	0
3	705	378	0
3	682	379	0
3	379	706	0
4	381	380	0
78	609	380	-1
5	531	382	0
5	382	532	0
5	383	533	0
5	534	383	0
126	446	384	0
126	384	469	0
126	385	447	0
126	471	385	0
137	719	386	-1
7	387	722	0
8	535	388	0
8	388	536	0
8	541	389	0
8	389	546	0
9	390	603	0
9	626	390	0
9	552	391	0
9	391	573	0
12	690	399	0
18	558	412	0
113	429	413	0
18	691	413	0
100	528	414	0
53	698	414	0
19	431	416	1
138	431	416	1
19	416	636	0
138	416	721	-1
19	417	518	0
21	421	702	0
21	704	421	0
69	508	424	0
69	424	628	0
69	425	511	0
70	596	425	-1
114	674	429	-1
5	431	518	0
19	518	431	0
87	619	431	-1
138	619	431	-1
8	435	522	0
8	671	435	0
69	488	438	0
69	438	523	0
69	439	489	0
9	573	439	0
5	492	444	0
5	444	531	0
5	445	493	0
5	533	445	0
8	494	448	0
8	448	535	0
8	449	542	0
8	546	449	0
9	624	450	0
9	450	626	0
69	452	509	0
50	585	452	0
69	454	496	0
69	511	454	0
69	497	455	0
69	455	526	0
113	461	562	0
5	502	464	0
5	464	517	0
5	465	503	0
5	532	465	0
5	466	504	0
5	519	466	0
5	505	467	0
5	467	534	0
127	700	471	-1
8	474	540	0
8	666	474	0
8	475	541	0
8	543	475	0
9	477	547	0
9	603	477	0
9	479	552	0
84	615	484	-1
5	703	484	0
18	493	658	0
100	500	501	0
101	648	500	-1
5	516	703	0
100	713	528	0
133	714	536	-1
134	715	548	-1
18	594	558	0
53	563	589	0
135	564	716	-1
50	711	585	0
53	589	608	0
18	623	594	0
106	661	595	-1
53	608	640	0
18	617	691	0
138	721	619	-1
18	632	623	0
50	625	711	0
18	641	632	0
53	640	698	0
18	652	641	0
131	647	684	-1
12	647	690	1
131	690	647	1
12	718	647	0
18	658	652	0
135	716	677	-1
131	684	712	-1
131	712	690	-1
