370
53
476
0	 3.704614094623323e+02 -2.142128374066437e+02  4.000000000000000e+03	 5.607507890090346e-03  5.607507890090346e-03 -5.790420758395048e-19	1.000000000000000e+00	619	1	0
1	1.000000000000000e+03 4.153257531310242e+02 4.000000000000000e+03	0.000000000000000e+00 0.000000000000000e+00 0.000000000000000e+00	1.000000000000000e+00	619	1	1
2	1.000000000000000e+03 1.000000000000000e+03 3.415325753131025e+03	0.000000000000000e+00 0.000000000000000e+00 0.000000000000000e+00	1.000000000000000e+00	619	1	2
4	-1.000000000000000e+03 -1.449569164566982e+02  3.711754479536954e+03	 6.127032731181577e-20 -1.341445778962225e-03 -1.341445778962225e-03	1.000000000000000e+00	619	1	4
5	-1.000000000000000e+03 -1.000000000000000e+03  2.856711395993652e+03	0.000000000000000e+00 0.000000000000000e+00 0.000000000000000e+00	1.000000000000000e+00	619	1	5
7	6.091666731404233e+02 1.000000000000000e+03 1.826653538941436e+03	 1.742848544381559e-03 -2.197570448574608e-20  1.742848544381559e-03	1.000000000000000e+00	619	1	7
8	1.000000000000000e+03 1.000000000000000e+03 2.217486865801013e+03	0.000000000000000e+00 0.000000000000000e+00 0.000000000000000e+00	1.000000000000000e+00	619	1	8
9	 1.000000000000000e+03 -7.825131341989875e+02  4.000000000000000e+03	0.000000000000000e+00 0.000000000000000e+00 0.000000000000000e+00	1.000000000000000e+00	619	1	9
10	 7.825131341989878e+02 -1.000000000000000e+03  4.000000000000000e+03	0.000000000000000e+00 0.000000000000000e+00 0.000000000000000e+00	1.000000000000000e+00	619	1	10
11	 3.620675143125917e+01 -1.000000000000000e+03  3.253693617232272e+03	5.744253518059850e-03 1.750037353436008e-18 5.744253518059850e-03	1.000000000000000e+00	619	1	11
13	 1.000000000000000e+03 -8.865608922057086e+02  0.000000000000000e+00	0.000000000000000e+00 0.000000000000000e+00 0.000000000000000e+00	1.000000000000000e+00	610	1	13
14	 8.865608922057086e+02 -1.000000000000000e+03  0.000000000000000e+00	0.000000000000000e+00 0.000000000000000e+00 0.000000000000000e+00	1.000000000000000e+00	610	1	14
15	 2.456320006423895e+02 -1.000000000000000e+03  6.409288915633191e+02	 1.004472642671317e-02  3.342959598438540e-18 -1.004472642671317e-02	1.000000000000000e+00	610	1	15
17	-4.320901935349040e+02 -1.000000000000000e+03  4.000000000000000e+03	0.000000000000000e+00 0.000000000000000e+00 0.000000000000000e+00	1.000000000000000e+00	552	1	17
18	-3.914474947601711e+01 -1.000000000000000e+03  3.607054555941113e+03	-5.686383927240968e-03  7.918212048766945e-19  5.686383927240968e-03	1.000000000000000e+00	552	1	18
20	-1.000000000000000e+03  1.000000000000000e+03  2.001112190757930e+03	0.000000000000000e+00 0.000000000000000e+00 0.000000000000000e+00	1.000000000000000e+00	571	1	20
21	-1.000000000000000e+03 -1.000000000000000e+03  1.112190757929056e+00	0.000000000000000e+00 0.000000000000000e+00 0.000000000000000e+00	1.000000000000000e+00	571	1	21
23	-1.000000000000000e+03 -3.196131641216833e+02  7.539277391724455e+02	 4.473940216764820e-19  4.256561747752130e-03 -4.256561747752130e-03	1.000000000000000e+00	453	1	23
24	-1.000000000000000e+03  4.343145750507622e+02  0.000000000000000e+00	0.000000000000000e+00 0.000000000000000e+00 0.000000000000000e+00	1.000000000000000e+00	453	1	24
26	1.000000000000000e+03 4.252153729888007e+02 2.611740551819828e+03	-5.509786545878355e-18  1.127523684408516e-02  1.127523684408516e-02	1.000000000000000e+00	26	1	26
27	1.000000000000000e+03 1.000000000000000e+03 3.186525178831027e+03	0.000000000000000e+00 0.000000000000000e+00 0.000000000000000e+00	1.000000000000000e+00	26	1	27
28	5.647698040774369e+02 1.000000000000000e+03 2.751294982908465e+03	 9.810295654460788e-03 -1.730758310324761e-18  9.810295654460788e-03	1.000000000000000e+00	26	1	28
30	1.000000000000000e+03 1.000000000000000e+03 6.066976182580577e+02	0.000000000000000e+00 0.000000000000000e+00 0.000000000000000e+00	1.000000000000000e+00	600	1	30
31	1.000000000000000e+03 3.933023817419428e+02 0.000000000000000e+00	0.000000000000000e+00 0.000000000000000e+00 0.000000000000000e+00	1.000000000000000e+00	600	1	31
32	7.910897711142900e+02 1.843921528562321e+02 0.000000000000000e+00	9.903106838464737e-03 9.903106838464737e-03 6.468793360513275e-19	1.000000000000000e+00	600	1	32
33	1.000000000000000e+03 9.149458662466214e+02 2.054650986117114e+03	-2.488688605255246e-19  7.696918677538634e-03  7.696918677538633e-03	1.000000000000000e+00	619	1	33
34	 1.000000000000000e+03 -1.000000000000000e+03  1.397051198704921e+02	0.000000000000000e+00 0.000000000000000e+00 0.000000000000000e+00	1.000000000000000e+00	619	1	34
35	-1.000000000000000e+03 -1.000000000000000e+03  2.139705119870493e+03	0.000000000000000e+00 0.000000000000000e+00 0.000000000000000e+00	1.000000000000000e+00	619	1	35
36	-1.000000000000000e+03  2.215238015828754e+02  3.361228921453368e+03	 9.231654863817046e-20 -1.990604447200894e-03 -1.990604447200894e-03	1.000000000000000e+00	619	1	36
37	-5.395224740453357e+02  2.679934700697016e+02  1.091772870152029e+03	0.000000000000000e+00 0.000000000000000e+00 0.000000000000000e+00	1.000000000000000e+00	55	0	37
38	 2.192031021678289e+02 -4.907321061434643e+02  2.609224022578360e+03	0.000000000000000e+00 0.000000000000000e+00 0.000000000000000e+00	1.000000000000000e+00	55	0	38
39	-1.088944443027284e+02 -1.626345596729054e+02  2.937321569048918e+03	0.000000000000000e+00 0.000000000000000e+00 0.000000000000000e+00	1.000000000000000e+00	55	0	39
40	-8.676200205158938e+02  5.960910165402597e+02  1.419870416622587e+03	0.000000000000000e+00 0.000000000000000e+00 0.000000000000000e+00	1.000000000000000e+00	55	0	40
41	-9.928598481592613e+01 -5.947026431244463e+01  1.859473093763585e+03	2.261449592576052e-03 1.858320193908488e-03 4.031293986675640e-04	1.000000000000000e+00	55	0	41
42	-5.527718431207944e+02  1.358130105713240e+02  2.194996599986622e+03	-6.138386748110254e-03 -9.271893572683135e-03  3.133506824572881e-03	1.000000000000000e+00	55	0	42
43	-6.102331521639902e+02 -7.551900423072325e+02  1.997576656851997e+03	0.000000000000000e+00 0.000000000000000e+00 0.000000000000000e+00	1.000000000000000e+00	619	0	43
44	1.824335495461295e+02 3.747665940288733e+01 3.582910060272236e+03	0.000000000000000e+00 0.000000000000000e+00 0.000000000000000e+00	1.000000000000000e+00	619	0	44
45	9.984347750354049e+02 8.534778848921627e+02 2.766908834782960e+03	0.000000000000000e+00 0.000000000000000e+00 0.000000000000000e+00	1.000000000000000e+00	619	0	45
46	2.057680733252847e+02 6.081118318204377e+01 1.181575431362721e+03	0.000000000000000e+00 0.000000000000000e+00 0.000000000000000e+00	1.000000000000000e+00	619	0	46
48	7.982540567954049e+02 2.126042035965665e+02 1.925854435247364e+03	 1.240194806208213e-02 -2.270776747415463e-02 -1.030581941207250e-02	1.000000000000000e+00	619	0	48
49	-7.756961389616429e+02  2.248599564173225e+02  3.792213667503454e+03	0.000000000000000e+00 0.000000000000000e+00 0.000000000000000e+00	1.000000000000000e+00	619	0	49
50	 9.142890680742061e+02 -6.201326471006022e+02  2.947221063985530e+03	0.000000000000000e+00 0.000000000000000e+00 0.000000000000000e+00	1.000000000000000e+00	619	0	50
51	 6.965001794687494e+02 -8.379215357060586e+02  2.729432175380073e+03	0.000000000000000e+00 0.000000000000000e+00 0.000000000000000e+00	1.000000000000000e+00	619	0	51
52	-9.934850275670998e+02  7.071067811866087e+00  3.574424778897997e+03	0.000000000000000e+00 0.000000000000000e+00 0.000000000000000e+00	1.000000000000000e+00	619	0	52
53	 6.672609540906869e+01 -2.087179002236364e+02  3.383369289773701e+03	-1.548142631691007e-05  6.569318452420703e-05 -5.021175820729695e-05	4.218750000000000e-01	619	0	53
54	-1.673606707360630e+02 -5.710041888059176e+02  3.326375678684744e+03	-1.513939894114931e-03 -1.521487914336224e-03  3.035427808451156e-03	1.000000000000000e+00	619	0	54
55	-3.705239533417505e+02 -6.554879861599293e+02  2.054145199346920e+03	0.000000000000000e+00 0.000000000000000e+00 0.000000000000000e+00	1.000000000000000e+00	55	0	55
56	3.577960312803930e+02 7.283199846221450e+01 5.975052301026326e+02	0.000000000000000e+00 0.000000000000000e+00 0.000000000000000e+00	1.000000000000000e+00	55	0	56
57	6.279108216936542e+02 3.429467888754754e+02 8.676200205158938e+02	0.000000000000000e+00 0.000000000000000e+00 0.000000000000000e+00	1.000000000000000e+00	55	0	57
58	-1.004091629284901e+02 -3.853731957466687e+02  2.324259989760182e+03	0.000000000000000e+00 0.000000000000000e+00 0.000000000000000e+00	1.000000000000000e+00	55	0	58
59	 2.997176170907273e+02 -4.808955296407437e+02  1.209311172395257e+03	 1.645991578698158e-02 -1.016798801720142e-02 -6.291927769780159e-03	1.000000000000000e+00	55	0	59
60	2.349163260746774e+02 9.357479826302578e+00 1.594203825184043e+03	-4.424547878443263e-04  5.053704444435425e-04 -6.291565659921616e-05	1.000000000000000e+00	55	0	60
205	 3.704614094623323e+02 -2.142128374066437e+02  4.500000000000000e+03	0.000000000000000e+00 0.000000000000000e+00 0.000000000000000e+00	1.000000000000000e+00	619	-1	0
206	1.353553390593274e+03 4.153257531310242e+02 4.353553390593273e+03	0.000000000000000e+00 0.000000000000000e+00 0.000000000000000e+00	1.000000000000000e+00	619	-1	1
207	1.353553390593274e+03 1.353553390593274e+03 3.415325753131025e+03	0.000000000000000e+00 0.000000000000000e+00 0.000000000000000e+00	1.000000000000000e+00	619	-1	2
209	-1.500000000000000e+03 -1.449569164566982e+02  3.711754479536954e+03	0.000000000000000e+00 0.000000000000000e+00 0.000000000000000e+00	1.000000000000000e+00	619	-1	4
210	-1.353553390593274e+03 -1.353553390593274e+03  2.856711395993652e+03	0.000000000000000e+00 0.000000000000000e+00 0.000000000000000e+00	1.000000000000000e+00	619	-1	5
212	6.091666731404233e+02 1.500000000000000e+03 1.826653538941436e+03	0.000000000000000e+00 0.000000000000000e+00 0.000000000000000e+00	1.000000000000000e+00	619	-1	7
213	1.353553390593274e+03 1.353553390593274e+03 2.217486865801013e+03	0.000000000000000e+00 0.000000000000000e+00 0.000000000000000e+00	1.000000000000000e+00	619	-1	8
214	 1.353553390593274e+03 -7.825131341989875e+02  4.353553390593273e+03	0.000000000000000e+00 0.000000000000000e+00 0.000000000000000e+00	1.000000000000000e+00	619	-1	9
215	 7.825131341989878e+02 -1.353553390593274e+03  4.353553390593273e+03	0.000000000000000e+00 0.000000000000000e+00 0.000000000000000e+00	1.000000000000000e+00	619	-1	10
216	 3.620675143125917e+01 -1.500000000000000e+03  3.253693617232272e+03	0.000000000000000e+00 0.000000000000000e+00 0.000000000000000e+00	1.000000000000000e+00	619	-1	11
218	 1.353553390593274e+03 -8.865608922057086e+02 -3.535533905932737e+02	0.000000000000000e+00 0.000000000000000e+00 0.000000000000000e+00	1.000000000000000e+00	610	-1	13
219	 8.865608922057086e+02 -1.353553390593274e+03 -3.535533905932737e+02	0.000000000000000e+00 0.000000000000000e+00 0.000000000000000e+00	1.000000000000000e+00	610	-1	14
220	 2.456320006423895e+02 -1.500000000000000e+03  6.409288915633191e+02	0.000000000000000e+00 0.000000000000000e+00 0.000000000000000e+00	1.000000000000000e+00	610	-1	15
222	-4.320901935349040e+02 -1.353553390593274e+03  4.353553390593273e+03	0.000000000000000e+00 0.000000000000000e+00 0.000000000000000e+00	1.000000000000000e+00	552	-1	17
223	-3.914474947601711e+01 -1.500000000000000e+03  3.607054555941113e+03	0.000000000000000e+00 0.000000000000000e+00 0.000000000000000e+00	1.000000000000000e+00	552	-1	18
225	-1.353553390593274e+03  1.353553390593274e+03  2.001112190757930e+03	0.000000000000000e+00 0.000000000000000e+00 0.000000000000000e+00	1.000000000000000e+00	571	-1	20
226	-1.353553390593274e+03 -1.353553390593274e+03  1.112190757929058e+00	0.000000000000000e+00 0.000000000000000e+00 0.000000000000000e+00	1.000000000000000e+00	571	-1	21
228	-1.500000000000000e+03 -3.196131641216833e+02  7.539277391724455e+02	0.000000000000000e+00 0.000000000000000e+00 0.000000000000000e+00	1.000000000000000e+00	453	-1	23
229	-1.353553390593274e+03  4.343145750507622e+02 -3.535533905932737e+02	0.000000000000000e+00 0.000000000000000e+00 0.000000000000000e+00	1.000000000000000e+00	453	-1	24
231	1.500000000000000e+03 4.252153729888007e+02 2.611740551819828e+03	0.000000000000000e+00 0.000000000000000e+00 0.000000000000000e+00	1.000000000000000e+00	26	-1	26
232	1.353553390593274e+03 1.353553390593274e+03 3.186525178831027e+03	0.000000000000000e+00 0.000000000000000e+00 0.000000000000000e+00	1.000000000000000e+00	26	-1	27
233	5.647698040774369e+02 1.500000000000000e+03 2.751294982908465e+03	0.000000000000000e+00 0.000000000000000e+00 0.000000000000000e+00	1.000000000000000e+00	26	-1	28
235	1.353553390593274e+03 1.353553390593274e+03 6.066976182580577e+02	0.000000000000000e+00 0.000000000000000e+00 0.000000000000000e+00	1.000000000000000e+00	600	-1	30
236	 1.353553390593274e+03  3.933023817419428e+02 -3.535533905932737e+02	0.000000000000000e+00 0.000000000000000e+00 0.000000000000000e+00	1.000000000000000e+00	600	-1	31
237	 7.910897711142900e+02  1.843921528562321e+02 -5.000000000000000e+02	0.000000000000000e+00 0.000000000000000e+00 0.000000000000000e+00	1.000000000000000e+00	600	-1	32
238	1.500000000000000e+03 9.149458662466214e+02 2.054650986117114e+03	0.000000000000000e+00 0.000000000000000e+00 0.000000000000000e+00	1.000000000000000e+00	619	-1	33
239	 1.353553390593274e+03 -1.353553390593274e+03  1.397051198704921e+02	0.000000000000000e+00 0.000000000000000e+00 0.000000000000000e+00	1.000000000000000e+00	619	-1	34
240	-1.353553390593274e+03 -1.353553390593274e+03  2.139705119870493e+03	0.000000000000000e+00 0.000000000000000e+00 0.000000000000000e+00	1.000000000000000e+00	619	-1	35
241	-1.500000000000000e+03  2.215238015828754e+02  3.361228921453368e+03	0.000000000000000e+00 0.000000000000000e+00 0.000000000000000e+00	1.000000000000000e+00	619	-1	36
242	-5.348460934571677e+01  4.160274495690874e+02  2.945813694216220e+03	1.293605091632344e-04 8.628938485344406e-05 4.307112430979032e-05	7.500000000000000e-01	619	0	242
244	 1.853404622025650e+02 -4.633889494567003e+01  2.449166222949248e+03	3.592430206481367e-03 1.792064926121384e-03 1.800365280359983e-03	7.500000000000000e-01	619	0	244
245	 6.448559786770801e+02 -6.716358522110897e+02  5.700690613175385e+02	 6.319039190808932e-03 -8.761103420207897e-03 -1.508014261101683e-02	1.000000000000000e+00	610	0	245
246	 9.456041480161225e+00 -6.182920558466332e+02  3.940161709138302e+03	-6.451406981796026e-03  5.072131752967832e-04  6.958620157092810e-03	1.000000000000000e+00	552	0	246
247	3.359036539367681e+02 7.161649271121779e+01 2.408632337405915e+03	-5.719957950835426e-03  5.291691437984507e-03 -4.282665128509203e-04	1.000000000000000e+00	571	0	247
248	-3.439612180903229e+02 -5.397162092022891e+02  3.179920023433740e+02	-2.669132625063261e-03  1.045725766258935e-02 -7.788125037526091e-03	1.000000000000000e+00	453	0	248
249	8.233341935763261e+02 6.851959834784113e+02 2.695055355885764e+03	8.055156950528422e-03 3.075689232597749e-03 1.113084618312617e-02	1.000000000000000e+00	26	0	249
250	2.111013529037719e+02 6.631585315770213e+02 1.058754796931307e+03	9.804830013308674e-03 1.063487672945485e-02 8.300467161461710e-04	1.000000000000000e+00	600	0	250
251	4.029342160569653e+00 5.694950876630892e+02 2.705170865373012e+03	-5.173037303999691e-05  1.646495743140501e-03  1.698226116180497e-03	1.000000000000000e+00	619	0	251
252	-2.571986473964072e+02  1.785317299151635e+02  1.463558436955496e+03	 3.078066326755410e-03  3.363051403236265e-03 -2.849850764808555e-04	1.000000000000000e+00	55	0	252
253	 1.407127039949272e+01 -3.182735585484685e+02  2.231633643215028e+03	-1.330676386714913e-03 -1.129955388023518e-03 -2.007209986913949e-04	1.000000000000000e+00	55	0	253
254	-2.552073389274362e+02  7.869812290200822e+01  2.549675991849296e+03	 2.184758795920061e-04  2.995313243445707e-04 -8.105544475256465e-05	7.500000000000000e-01	55	0	254
255	-8.279169258382452e+02  2.456646453071319e+02  1.809999882533364e+03	-1.403668328809241e-02 -1.541909862620135e-02  1.382415338108936e-03	1.000000000000000e+00	55	0	255
257	-1.039408502844796e+02 -8.189203013178570e+01  3.177166970906954e+03	-8.387631659085551e-03  7.123203560089071e-03 -1.264428098996480e-03	1.000000000000000e+00	619	0	257
259	4.547467001121221e+02 1.902067756849814e+02 1.559949650652496e+03	 4.261121076221268e-03 -7.499024815236528e-03 -3.237903739015262e-03	1.000000000000000e+00	619	0	259
260	-3.480722403832996e+02  1.167086737256487e+02  3.472741051616784e+03	 3.937065484933555e-04  3.754293342353776e-03 -4.147999890847132e-03	1.000000000000000e+00	619	0	260
261	 4.829861393046660e+02 -4.679383351166053e+02  3.226329680771073e+03	-2.279887557961047e-04 -1.367167074931785e-03  1.595155830727890e-03	1.000000000000000e+00	619	0	261
262	 1.852619766708758e+02 -9.777325795020664e+01  2.500522100422095e+03	-3.292597270161860e-18  4.944115690886974e-02 -4.944115690886974e-02	1.000000000000000e+00	619	0	262
263	-4.539618254261371e+02 -1.926670568284728e+02  3.234639701397374e+03	 8.261675150909772e-03  6.975230838482579e-04 -8.959198234758029e-03	1.000000000000000e+00	619	0	263
264	 1.659537347438697e+02 -8.572953047460682e+02  1.719474829847439e+03	 1.140615157783031e-02 -1.542025431990623e-02  4.014102742075919e-03	1.000000000000000e+00	55	0	264
265	 3.271775431918442e+02 -2.251929825134975e+02  9.261486991668934e+02	 1.518116705119610e-02 -9.011048823595047e-03 -6.170118227601051e-03	1.000000000000000e+00	55	0	265
266	4.296042055431793e+02 1.759963114312636e+02 1.232877114110580e+03	-2.950705801292012e-03  2.439965280548980e-03  5.107405207430322e-04	1.000000000000000e+00	55	0	266
267	 6.289715372607036e+00 -1.275078941817389e+02  1.959695809894155e+03	-2.367403804479788e-03  1.507370519296577e-03  8.600332851832112e-04	1.000000000000000e+00	55	0	267
268	-6.419163900377664e+01  2.616295090390246e+01  3.324971163223345e+03	-8.402836974710224e-03 -3.437055091464581e-18 -8.402836974710230e-03	1.000000000000000e+00	619	0	268
269	-2.265380267503595e+02  7.630716895877497e+02  2.425716036792915e+03	5.641959646406273e-03 4.302610138741632e-03 1.339349507664641e-03	1.000000000000000e+00	619	0	269
271	-2.193866698615706e+02 -9.417438910919660e+02  2.134354174763256e+03	-1.296735911940535e-02 -1.185602710271875e-02  1.111332016686599e-03	1.000000000000000e+00	619	0	271
272	3.713757508910898e+02 4.924374169888724e+02 2.096425199703230e+03	-6.198610208230093e-05 -2.052168213140249e-07 -6.178088369779289e-05	1.000000000000000e+00	619	0	272
274	 8.719279202233851e+02 -4.648255584692208e+02  5.498074135131026e+02	 7.125908508896828e-03 -8.272358216345310e-03 -1.539826672524214e-02	1.000000000000000e+00	610	0	274
275	 4.112280602546990e+02 -8.756031255347376e+02  5.997297064162717e+02	 4.054475110024214e-03 -6.616658996790648e-03 -1.067113410681486e-02	1.000000000000000e+00	610	0	275
277	-1.435865188832112e+01 -8.188604816625163e+02  3.763407976690901e+03	-6.427912584816416e-03 -2.695422309140364e-03  3.732490275676052e-03	1.000000000000000e+00	552	0	277
278	5.067577993589306e+02 5.167127938141329e+02 3.024582783930993e+03	-5.684147588908672e-03  3.448626259341836e-03 -2.235521329566836e-03	1.000000000000000e+00	571	0	278
279	 2.978754638817896e+02 -4.978257227997343e+02  1.801161931839985e+03	 8.292542770504951e-04 -2.744048833847045e-04  5.548493936657906e-04	1.000000000000000e+00	571	0	279
280	-6.691306356953430e+02 -4.350065760080043e+02  5.384517867541093e+02	-1.351485028862953e-03  7.644754834473133e-03 -6.293269805610180e-03	1.000000000000000e+00	453	0	280
281	-2.232675675944764e+01 -6.239009517360153e+02  8.054228354622491e+01	-2.440376052012046e-03  1.069569114285211e-02 -8.255315090840062e-03	1.000000000000000e+00	453	0	281
282	9.536915355123402e+02 5.036486959398376e+02 2.643865410283204e+03	8.131019926319519e-03 9.471845502654713e-04 9.078204476584991e-03	1.000000000000000e+00	26	0	282
283	6.834567253673945e+02 8.658083101553240e+02 2.735790214353745e+03	6.628572087114056e-03 3.591853038718303e-03 1.022042512583236e-02	1.000000000000000e+00	26	0	283
284	-3.370533382297396e+01  9.180836211982406e+02  1.558486573279272e+03	 1.050016933974500e-02  9.659986962409068e-03 -8.401823773359256e-04	1.000000000000000e+00	600	0	284
285	4.858541344969414e+02 4.169047857398496e+02 5.377482695009659e+02	8.744392544031143e-03 9.813218377530575e-03 1.068825833499432e-03	1.000000000000000e+00	600	0	285
286	5.202441908870475e+02 7.460976135403555e+02 2.365558542523800e+03	7.472027791664005e-04 4.346839676145464e-03 3.599636896979064e-03	1.000000000000000e+00	619	0	286
287	-4.939861508786030e+02  4.358972384428590e+02  3.069588509191955e+03	-8.017887982229391e-05 -4.503094581499075e-04 -3.701305783276135e-04	1.000000000000000e+00	619	0	287
288	-3.875467640394685e+02  2.416110107322620e+02  1.270131039495336e+03	 2.098429249599576e-03  2.869728719815612e-03 -7.712994702160358e-04	1.000000000000000e+00	55	0	288
289	 1.190297296621004e+02 -4.031097483211456e+02  2.421428292250313e+03	 6.685141706839204e-04  7.828657981008291e-04 -1.143516274169088e-04	1.000000000000000e+00	55	0	289
290	-1.140883864078814e+02  1.881784971747322e+01  2.750675217553386e+03	1.196741854073480e-03 7.407938246615231e-04 4.559480294119567e-04	7.500000000000000e-01	55	0	290
291	-9.166210740355853e+02  3.791830535763340e+02  1.587777326066821e+03	-1.055565942078829e-02 -6.487422157078981e-03 -4.068237263709307e-03	1.000000000000000e+00	55	0	291
292	-1.623166617847067e+02  6.476309008501305e+01  1.672209062397347e+03	2.789114126547550e-03 2.364388443917657e-03 4.247256826298932e-04	1.000000000000000e+00	55	0	292
293	-3.534318468725447e+01 -1.869610454092850e+02  2.050906674989097e+03	 6.443469091228504e-04  6.581356694363993e-04 -1.378876031354893e-05	1.001129150390625e-01	55	0	293
294	-4.041094449043790e+02  1.058173752821643e+02  2.373654633492197e+03	-2.518698223866522e-03 -4.024127149023116e-03  1.505428925156593e-03	1.000000000000000e+00	55	0	294
295	-6.960172626272853e+02  1.784481669161159e+02  2.009116024135340e+03	-1.019437424838543e-02 -1.373404264450073e-02  3.539668396115303e-03	1.000000000000000e+00	55	0	295
296	-3.681842409819582e+02 -8.752484535757243e+02  2.119567156765537e+03	 3.721251928557952e-03 -1.631324544238548e-02 -1.259199351382752e-02	1.000000000000000e+00	619	0	296
299	2.838548369139235e+02 1.734959872867497e+02 1.372346999056065e+03	 3.048309513057271e-03 -4.368540908520420e-03 -1.320231395463149e-03	1.000000000000000e+00	619	0	299
301	-1.945020323083546e+02 -1.658345432478780e+02  3.002663275766987e+03	-5.905811286841830e-03  8.155561905975143e-03  2.249750619133314e-03	1.000000000000000e+00	619	0	301
302	9.563209654102160e+02 2.287661982023334e+02 2.100083338467942e+03	 2.015897284339492e-02 -1.958153744150574e-02  5.774354018891855e-04	1.000000000000000e+00	619	0	302
303	6.266058955674442e+02 2.029689468269056e+02 1.744571017249742e+03	 8.071271702647209e-03 -1.488529425114393e-02 -6.814022548496723e-03	1.000000000000000e+00	619	0	303
304	-5.745727577473992e+02  2.162585830146296e+02  3.599691659691903e+03	-8.159391193961105e-04  3.213588827444861e-03 -2.397649708048751e-03	1.000000000000000e+00	619	0	304
305	 7.053838307507287e+02 -5.926330522900196e+02  3.128626706498424e+03	 2.162127784686163e-04 -3.313499328214675e-04  1.151371543528512e-04	1.000000000000000e+00	619	0	305
306	 5.437324957726480e+02 -6.223812154492859e+02  2.666659538819401e+03	 5.602926559125383e-03  3.053893645604452e-03 -8.656820204729835e-03	1.000000000000000e+00	619	0	306
307	-7.684518091698353e+02 -1.343502884254438e+02  3.490812916738043e+03	-6.080423481762412e-04  7.183695467443156e-19  6.080423481762406e-04	1.000000000000000e+00	619	0	307
308	-1.310581321232810e+02 -3.702886570679835e+01  3.409464482789213e+03	 2.694358505929510e-04  5.638392855568478e-04 -8.332751361497989e-04	1.000000000000000e+00	619	0	308
309	 2.779701546741310e+02 -3.403605547809253e+02  3.303767885065928e+03	-2.778485456171135e-04 -1.835260666363562e-03  2.113109211980676e-03	1.000000000000000e+00	619	0	309
310	 3.911478222862127e+01 -7.621653975286459e+02  3.311061434442789e+03	-4.179792478680611e-03 -6.724634207785130e-03  1.090442668646574e-02	1.000000000000000e+00	619	0	310
311	-3.413080638703551e+02 -3.719370808912428e+02  3.301255963904362e+03	 3.919161351708075e-03  1.354189667229851e-03 -5.273351018937925e-03	1.000000000000000e+00	619	0	311
312	-1.398715966425638e+02 -7.986860086160526e+02  1.966690865103857e+03	-2.181624780253817e-04 -4.549329552294997e-03  4.767492030320379e-03	1.000000000000000e+00	55	0	312
313	 3.510242228305515e+02 -9.001935814731047e+01  7.671283951619990e+02	 9.110036306083202e-03 -5.706293508410454e-03 -3.403742797672749e-03	1.000000000000000e+00	55	0	313
314	5.073001112242391e+02 2.816045048505106e+02 1.049573015010274e+03	-3.169703530147672e-03  3.222856437787414e-03 -5.315290763974186e-05	1.000000000000000e+00	55	0	314
315	-3.040559159102147e+01 -2.492686145350179e+02  2.118151837211063e+03	 9.157945844736768e-18  6.356649100780563e-04 -6.356649100780411e-04	1.000000000000000e+00	55	0	315
316	 2.620481142339966e+02 -6.384235320089724e+02  1.404508677620216e+03	 1.507676936065157e-02 -9.858301064620417e-03 -5.218468296031157e-03	1.000000000000000e+00	55	0	316
317	 3.150121575060314e+02 -3.474342462269393e+02  1.060555348566148e+03	 1.685079947734873e-02 -9.529515945663055e-03 -7.321283531685671e-03	1.000000000000000e+00	55	0	317
318	3.584494389451660e+02 7.610139289552693e+01 1.403926799244330e+03	-6.503801560029387e-04  1.644253381527960e-03 -9.938732255250216e-04	1.000000000000000e+00	55	0	318
319	 1.257295231058754e+02 -6.232993988140104e+01  1.775078047860549e+03	-1.392151112668216e-03  1.649439218454063e-03 -2.572881057858468e-04	1.000000000000000e+00	55	0	319
320	 2.795984489763190e+02 -4.249252850857767e+01  3.737416730615921e+03	1.734959643272305e-03 1.729013182284689e-03 5.946460987615948e-06	1.000000000000000e+00	619	0	320
321	-2.960551022354769e+02  9.459588339890545e+02  2.173311816906493e+03	 6.801347228853652e-03  6.976461057395985e-03 -1.751138285423315e-04	1.000000000000000e+00	619	0	321
324	4.917951580189471e+02 7.494426642478052e+02 1.959839359572155e+03	7.662159623578191e-04 3.233499592170119e-05 7.338809664361179e-04	1.000000000000000e+00	619	0	324
326	 1.000000000000000e+03 -3.126548037289987e+02  5.739060884767098e+02	-2.237769914724949e-18 -8.400753256864846e-03 -8.400753256864846e-03	1.000000000000000e+00	610	1	326
329	-2.521582299505951e+01 -9.161827080419843e+02  3.676942921418171e+03	-5.653988104313612e-03 -2.141564851626754e-03  3.512423252686858e-03	1.000000000000000e+00	552	0	329
330	5.207269508353598e+02 7.889867172649699e+02 3.310825858858259e+03	-6.403484847396612e-03  3.147052368149161e-03 -3.256432479247451e-03	1.000000000000000e+00	571	0	330
331	 3.716169023939253e+02 -8.113133029311512e+02  1.561415790220704e+03	 2.794309965490053e-03 -6.172624028598268e-04  2.177047562630226e-03	1.000000000000000e+00	571	0	331
332	-8.354383210571788e+02 -3.751581992932478e+02  6.449110954011885e+02	-9.525967373823127e-04  5.579844563423346e-03 -4.627247826041033e-03	1.000000000000000e+00	453	0	332
333	 1.521356695140256e+02 -7.178210944632634e+02  0.000000000000000e+00	-1.479501370340585e-03  1.479501370340586e-03  6.094254807671583e-18	1.000000000000000e+00	453	1	333
335	6.000780417647577e+02 9.645700596137714e+02 2.751173280209556e+03	4.985178044686714e-03 4.690674754480520e-03 9.675852799167236e-03	1.000000000000000e+00	26	0	335
337	6.402226896505532e+02 3.211128339086516e+02 2.875877625161560e+02	7.420577225275338e-03 8.682199637405574e-03 1.261622412130237e-03	1.000000000000000e+00	600	0	337
338	7.695282312184511e+02 8.382632029680983e+02 2.208440091620140e+03	1.005468967681130e-03 6.187689995082716e-03 5.182221027401587e-03	1.000000000000000e+00	619	0	338
339	-7.507867685906788e+02  3.364055361315591e+02  3.226897424592730e+03	-1.123413724902396e-04 -1.376108152423209e-03 -1.263766779932969e-03	1.000000000000000e+00	619	0	339
340	-4.599167938122367e+02  2.643726019988057e+02  1.174999418456024e+03	 6.046257525061568e-04  1.757773318483184e-03 -1.153147565977027e-03	1.000000000000000e+00	55	0	340
341	 1.786647680947162e+02 -4.417011168570909e+02  2.519654699218874e+03	2.977790907607414e-03 2.751122039626352e-03 2.266688679810614e-04	7.500000000000000e-01	55	0	341
342	-8.897941548263955e+01 -6.793451813143862e+01  2.862536556327540e+03	 1.388587334076874e-04  1.605584657227155e-04 -2.169973367927014e-05	7.500000000000000e-01	55	0	342
343	-9.096684059370623e+02  4.944623877262532e+02  1.479450660015425e+03	-3.513493051286787e-03 -8.738058386370540e-04 -2.639687212649733e-03	1.000000000000000e+00	55	0	343
344	-1.300430789545949e+02  3.226502193797817e-01  1.768923085093091e+03	2.581153996288776e-03 2.072061877697706e-03 5.090921185910702e-04	1.000000000000000e+00	55	0	344
345	-6.518785837425065e+01 -1.161192955538208e+02  1.950220251446636e+03	2.301507668259243e-03 1.619351872553428e-03 6.821557957058151e-04	1.000000000000000e+00	55	0	345
346	-4.788491754663243e+02  1.198040928923260e+02  2.284928185320091e+03	-4.259122535586357e-03 -6.665880791842937e-03  2.406758256256580e-03	1.000000000000000e+00	55	0	346
347	-6.253645290483594e+02  1.549254844466760e+02  2.103291440183705e+03	-8.115977048873901e-03 -1.166107505559921e-02  3.545098006725311e-03	1.000000000000000e+00	55	0	347
348	-5.028564240144897e+02 -8.180615727914635e+02  2.042081854517266e+03	-7.998933239529531e-04 -4.256109745862584e-03 -5.056003069815536e-03	1.000000000000000e+00	619	0	348
350	1.000000000000000e+03 7.580443017655763e+02 2.673040476620969e+03	-9.802749964014727e-18  4.936065524816535e-04  4.936065524816491e-04	1.000000000000000e+00	619	1	350
351	2.349850006710921e+02 1.280596184078838e+02 1.278040793934368e+03	 3.390131256310269e-03 -2.968450804473832e-03  4.216804518364370e-04	1.000000000000000e+00	619	0	351
353	-2.531442276647838e+02 -1.839440903485286e+02  2.925911533309907e+03	-1.075455230126951e-18  6.408563000150025e-03  6.408563000150026e-03	1.000000000000000e+00	619	0	353
354	8.754546154178441e+02 2.179744458890975e+02 2.008425236162334e+03	 1.391249274214109e-02 -2.426242983589570e-02 -1.034993709375461e-02	1.000000000000000e+00	619	0	354
355	7.142617441883120e+02 2.077957971515746e+02 1.837053716195279e+03	 1.044150255620480e-02 -1.930033229291439e-02 -8.858829736709595e-03	1.000000000000000e+00	619	0	355
356	-6.905482875492836e+02  2.375938133428068e+02  3.694331959165610e+03	-1.203311141580343e-03  1.379590947180986e-03 -1.762798056006432e-04	1.000000000000000e+00	619	0	356
357	 8.298217522747295e+02 -6.317026355573636e+02  3.043258368241768e+03	 7.693700026720762e-04  4.285044269636273e-05 -8.122204453684390e-04	1.000000000000000e+00	619	0	357
358	 6.314278228888917e+02 -7.316599978498829e+02  2.688242994103755e+03	 2.878332258357356e-03  2.683161680276195e-04 -3.146648426384976e-03	1.000000000000000e+00	619	0	358
359	-9.527382197334529e+02 -1.343502884254438e+02  3.675099327301661e+03	 6.200703792273943e-04 -9.799442099562102e-18 -6.200703792274054e-04	1.000000000000000e+00	619	0	359
360	-3.219142367120758e+01 -1.279219061038140e+02  3.401490814734155e+03	 4.969461006112397e-04  3.119385219179094e-04 -8.088846225291491e-04	1.000000000000000e+00	619	0	360
361	 1.726049385024689e+02 -2.773438999110460e+02  3.346116446367711e+03	-2.247934462502599e-04 -1.103650894947350e-03  1.328444341197610e-03	1.000000000000000e+00	619	0	361
362	-7.379077628125302e+01 -6.605364778016566e+02  3.322338073225673e+03	-3.279649497320255e-03 -3.907758820181091e-03  7.187408317501347e-03	1.000000000000000e+00	619	0	362
363	-2.610159056581543e+02 -4.717755262949499e+02  3.320802251095868e+03	 1.072289092311015e-03  6.315519179527959e-04 -1.703841010263810e-03	1.000000000000000e+00	619	0	363
364	-2.658850821863035e+02 -7.295355954576518e+02  2.023553937489195e+03	-3.577938769012690e-04 -1.485930057242513e-03  1.843723934143782e-03	1.000000000000000e+00	55	0	364
365	 3.653736894127561e+02 -7.238444250663723e+00  6.699980146831477e+02	 3.985359721506636e-03 -1.593164944400390e-03 -2.392194777106246e-03	1.000000000000000e+00	55	0	365
366	5.608288344162991e+02 3.248186010654711e+02 9.528301956032531e+02	-1.778959762305021e-03  2.889606170356274e-03 -1.110646408051252e-03	1.000000000000000e+00	55	0	366
367	-8.675709414650970e+01 -3.264192521728043e+02  2.251653977404337e+03	 9.890454821288586e-04 -1.771881361491978e-03  7.828358793631196e-04	1.000000000000000e+00	55	0	367
368	 2.838624531476418e+02 -5.587213472214679e+02  1.302992153919066e+03	 1.575453191374739e-02 -1.038914468760292e-02 -5.365387226144472e-03	1.000000000000000e+00	55	0	368
369	 3.090573777531114e+02 -4.104692182270156e+02  1.129545100319144e+03	 1.686896011233330e-02 -9.812105447053909e-03 -7.056854665279388e-03	1.000000000000000e+00	55	0	369
370	2.904261366551868e+02 4.616530153446251e+01 1.501886192895374e+03	-4.903585164962957e-04  7.823081590080013e-04 -2.919496425117055e-04	1.000000000000000e+00	55	0	370
371	 1.803332220294798e+02 -2.738704805675188e+01  1.685531457112295e+03	-8.799188265887399e-04  1.009750509789834e-03 -1.298316832010945e-04	1.000000000000000e+00	55	0	371
372	-5.358794353520426e+01  1.885762079603983e+02  3.173161601635421e+03	-3.451610178065797e-03 -1.512340774449209e-03 -1.939269403616587e-03	1.000000000000000e+00	619	0	372
373	-1.400302616363517e+02  5.911496030004671e+02  2.684145888494205e+03	3.160087876797964e-03 2.225190614505360e-03 9.348972622926036e-04	1.000000000000000e+00	619	0	373
374	-3.190584321317733e+02 -1.633943791952117e+02  3.012375448930213e+03	3.435883137475078e-03 3.816921331842119e-03 3.810381943670413e-04	1.000000000000000e+00	619	0	374
376	2.584272595083119e+02 2.310017333802431e+02 2.244912391929081e+03	1.351449408199793e-03 1.068335307839637e-04 1.244615877415830e-03	1.000000000000000e+00	619	0	376
378	 7.582490593990549e+02 -5.690462343684535e+02  5.592655984382002e+02	 7.218507428963979e-03 -9.562969518204531e-03 -1.678147694716851e-02	1.000000000000000e+00	610	0	378
379	 5.291536262342420e+02 -7.746289069687484e+02  5.827783590027179e+02	 5.183559221525988e-03 -7.820023999859890e-03 -1.300358322138588e-02	1.000000000000000e+00	610	0	379
380	 4.927396003750275e+01 -5.186358464275933e+02  4.000000000000000e+03	-1.556767651345581e-02 -1.556767651345581e-02 -4.646969677686825e-18	1.000000000000000e+00	552	1	380
381	-5.182529422949242e+00 -7.246782588625227e+02  3.848414077025523e+03	-7.142269518226385e-03 -2.863630186766386e-03  4.278639331459999e-03	1.000000000000000e+00	552	0	381
382	4.392197336702367e+02 2.769105068995970e+02 2.717242431327763e+03	-5.617118013712267e-03  4.172266887811324e-03 -1.444851125900944e-03	1.000000000000000e+00	571	0	382
383	 2.420893012489186e+02 -1.878900975856370e+02  2.055311394421211e+03	-4.461925011128187e-03  1.920633250847459e-03 -2.541291760280728e-03	1.000000000000000e+00	571	0	383
384	-5.050794922871905e+02 -4.910009174368396e+02  4.303949847747920e+02	-1.948568116252621e-03  9.250695855977634e-03 -7.302127739725013e-03	1.000000000000000e+00	453	0	384
385	-1.850208153322405e+02 -5.815451349746338e+02  2.008805253576363e+02	-3.278325467060009e-03  1.156536963147422e-02 -8.287044164414207e-03	1.000000000000000e+00	453	0	385
386	8.857778696805933e+02 5.987851936338894e+02 2.671088242145509e+03	7.879459221536914e-03 2.692585966239373e-03 1.057204518777629e-02	1.000000000000000e+00	26	0	386
387	7.558916563280410e+02 7.743726468630006e+02 2.716789482022068e+03	7.674582690621415e-03 3.432869600752989e-03 1.110745229137441e-02	1.000000000000000e+00	26	0	387
388	7.762510163783811e+01 7.824472650553956e+02 1.311519781675615e+03	 1.277776709563720e-02  1.249938556187165e-02 -2.783815337655445e-04	1.000000000000000e+00	600	0	388
389	3.618356366873794e+02 5.343927361228713e+02 7.792547176935497e+02	 9.142022737554120e-03  9.058782673188640e-03 -8.324006436547852e-05	1.000000000000000e+00	600	0	389
390	2.633431643424944e+02 6.611713989522982e+02 2.537533354480296e+03	6.276562732333939e-04 3.061963730336478e-03 2.434307457103083e-03	1.000000000000000e+00	619	0	390
391	-2.377603594866192e+02  5.128263609620548e+02  2.890291840319167e+03	2.202553538760791e-04 7.906131844113892e-04 5.703578305353100e-04	1.000000000000000e+00	619	0	391
392	-3.209731513711756e+02  2.147665967068446e+02  1.363549066189046e+03	 2.740499311281989e-03  3.421393475340058e-03 -6.808941640580696e-04	1.000000000000000e+00	55	0	392
393	-2.028909859733580e+02  1.277147132869110e+02  1.568683115006797e+03	3.007036425212088e-03 2.877385564109621e-03 1.296508611024667e-04	1.000000000000000e+00	55	0	393
394	 6.215582421634500e+01 -3.641478379328753e+02  2.325592476416287e+03	-1.027180592548878e-03 -1.067476917038827e-03  4.029632448994866e-05	1.000000000000000e+00	55	0	394
396	-1.814189915856658e+02  5.971062410361260e+01  2.642451837989462e+03	 1.397228777932469e-03  1.477215693739709e-03 -7.998691580723971e-05	1.000000000000000e+00	55	0	396
397	-3.293396188053423e+02  9.261419743166257e+01  2.461627637441736e+03	-1.008137129247189e-03 -1.618327689357102e-03  6.101905601099133e-04	1.000000000000000e+00	55	0	397
398	-8.850912042267869e+02  2.979628582023523e+02  1.700527391249602e+03	-1.449712086468935e-02 -1.241214387118816e-02 -2.084976993501186e-03	1.000000000000000e+00	55	0	398
399	-7.639636842279467e+02  2.079223376935763e+02  1.911695431757218e+03	-1.204290450550616e-02 -1.493519614450634e-02  2.892291639000177e-03	1.000000000000000e+00	55	0	399
400	-2.531442276647839e+02 -8.647657264965933e+02  2.245089897161842e+03	 3.099339977933248e-18 -5.668973317369819e-03 -5.668973317369818e-03	1.000000000000000e+00	619	0	400
402	-6.947662508455309e+01 -1.663406090347294e+01  3.276889165335193e+03	-7.404065205870817e-03  6.540258434445907e-03 -8.638067714249093e-04	1.000000000000000e+00	619	0	402
403	-1.464815772741211e+02 -1.394294939816062e+02  3.077088780067492e+03	-8.838600260787643e-03  9.028441490954719e-03  1.898412301670760e-04	1.000000000000000e+00	619	0	403
405	1.000000000000000e+03 2.915999247382888e+02 2.206596099593682e+03	-3.058934064614229e-18 -6.283005350269377e-03 -6.283005350269377e-03	1.000000000000000e+00	619	1	405
406	3.727116718870743e+02 1.816857479720159e+02 1.469393594714483e+03	 3.327771322801709e-03 -5.821181926876307e-03 -2.493410604074597e-03	1.000000000000000e+00	619	0	406
407	5.397291039168313e+02 1.976173484883550e+02 1.652342627260579e+03	 5.946800733606021e-03 -1.076483804111679e-02 -4.818037307510774e-03	1.000000000000000e+00	619	0	407
408	-4.613388384761268e+02  1.756624825411378e+02  3.527053840894122e+03	-3.242748013387124e-04  4.219243264136215e-03 -3.894968462797503e-03	1.000000000000000e+00	619	0	408
409	-2.379268087485098e+02  4.477413059145668e+01  3.434530163116187e+03	 6.150764335567753e-04  2.066430150686453e-03 -2.681506584243228e-03	1.000000000000000e+00	619	0	409
410	 5.913307813591089e+02 -5.337537857067266e+02  3.183800489306751e+03	-3.184518088043353e-05 -8.161384018118648e-04  8.479835826922985e-04	1.000000000000000e+00	619	0	410
411	 3.793193508553529e+02 -4.026116848040850e+02  3.264669818907866e+03	-3.222153366853792e-04 -1.808312158876409e-03  2.130527495561789e-03	1.000000000000000e+00	619	0	411
412	 4.630376407409327e+02 -5.266332198457457e+02  2.651606398247577e+03	 9.424586625148853e-03  5.229287159939607e-03 -1.465387378508846e-02	1.000000000000000e+00	619	0	412
413	 1.852619766708760e+02 -8.849291918906671e+02  3.287678034362556e+03	-4.913595084675639e-19 -1.109487097710371e-02  1.109487097710371e-02	1.000000000000000e+00	619	0	413
414	-4.860578930517988e+02 -1.343502884254439e+02  3.208419000620007e+03	 1.121285383123905e-02  7.206950482696532e-18 -1.121285383123904e-02	1.000000000000000e+00	619	0	414
415	-4.040279028495249e+02 -2.786902046707290e+02  3.270728926663018e+03	 6.235782561513285e-03  1.044704035545389e-03 -7.280486597058673e-03	1.000000000000000e+00	619	0	415
416	-5.641434167635658e+00 -8.490275359942584e+02  1.882802230007134e+03	 3.378883469849825e-03 -1.027419138699770e-02  6.895307917147875e-03	1.000000000000000e+00	55	0	416
417	 2.446996293894246e+02 -7.382049124459951e+02  1.521638542901811e+03	 1.522970882554849e-02 -9.741359079877535e-03 -5.488349745670955e-03	1.000000000000000e+00	55	0	417
418	 3.374129201288548e+02 -1.596829404417862e+02  8.504032801581716e+02	 1.280251145362854e-02 -7.949944585561752e-03 -4.852566868066788e-03	1.000000000000000e+00	55	0	418
419	 3.203170583557551e+02 -2.870733868185847e+02  9.948895883080696e+02	 1.639299265419443e-02 -9.356752193222443e-03 -7.036240460971992e-03	1.000000000000000e+00	55	0	419
420	4.641085535248822e+02 2.320888685015410e+02 1.142280209058600e+03	-3.247746693280836e-03  2.930562050702671e-03  3.171846425781647e-04	1.000000000000000e+00	55	0	420
421	3.994094764171382e+02 1.085313299360717e+02 1.330536824731813e+03	-1.949940788714836e-03  8.891132504989703e-04  1.060827538215866e-03	1.000000000000000e+00	55	0	421
422	-2.528477030975436e+01 -1.833812673142292e+02  2.047143668709007e+03	 8.372608957500915e-04 -1.147302379820303e-04 -7.225306577680612e-04	1.779785156250000e-01	55	0	422
423	 6.943152414764849e+01 -9.290316708802285e+01  1.861949274025398e+03	-1.798426577200492e-03  2.186428794326881e-03 -3.880022171263893e-04	1.000000000000000e+00	55	0	423
424	 3.380176976408582e+02 -1.211369677270757e+02  3.874480418498958e+03	3.405031301857283e-03 2.855699722810338e-03 5.493315790469447e-04	1.000000000000000e+00	619	0	424
425	-3.409303283665410e+02  1.000000000000000e+03  2.074395424764483e+03	 1.093052752548829e-02 -4.933802439883036e-18  1.093052752548829e-02	1.000000000000000e+00	619	1	425
428	5.525147275078771e+02 8.790809478783112e+02 1.890920645430578e+03	1.362167905123594e-03 5.626368996066353e-05 1.305904215162930e-03	1.000000000000000e+00	619	0	428
429	 1.251921931459264e+02 -9.383020813472821e+02  3.280981140294221e+03	 2.989021285126606e-03 -7.394832248489061e-03  1.038385353361567e-02	1.000000000000000e+00	619	0	429
430	5.229663349660800e+02 9.374244934162643e+02 3.461503019140273e+03	-5.230692680925131e-03  3.540012286975980e-03 -1.690680393949151e-03	1.000000000000000e+00	571	0	430
431	 3.959640283726380e+02 -1.000000000000000e+03  1.397076219130568e+03	1.318346383050084e-02 2.530394779922043e-18 1.318346383050084e-02	1.000000000000000e+00	571	1	431
432	-9.240287659899117e+02 -3.432047862326144e+02  7.015481272732881e+02	-9.960783645510676e-04  4.646127112209797e-03 -3.650048747658730e-03	1.000000000000000e+00	453	0	432
435	7.249463440164817e+02 2.629718251209288e+02 1.447230993625047e+02	8.344953093910590e-03 8.696990873431787e-03 3.520377795211974e-04	1.000000000000000e+00	600	0	435
436	9.026614660806865e+02 8.847125759180439e+02 2.121756229707850e+03	1.424754504114389e-03 6.539468653500080e-03 5.114714149385691e-03	1.000000000000000e+00	619	0	436
437	-8.797598182670155e+02  2.795648302922165e+02  3.299029768429725e+03	-1.494336853890369e-04 -1.658730766697166e-03 -1.509297081308129e-03	1.000000000000000e+00	619	0	437
438	-4.796727821267842e+01  3.044872643997671e+02  3.062871210518579e+03	-1.729655079543591e-03 -8.417810895480216e-04 -8.878739899955690e-04	1.000000000000000e+00	619	0	438
439	-9.649832890097250e+01  5.413119877292934e+02  2.777515436500758e+03	 1.957119791768491e-03  1.957119791768492e-03 -7.707464225948638e-19	1.000000000000000e+00	619	0	439
442	1.954305090463142e+02 8.534994664069779e+01 2.327567428206629e+03	 8.642114116810262e-04 -5.658857407979667e-04  1.430097152478993e-03	1.000000000000000e+00	619	0	442
444	3.920330620865628e+02 1.672518008582037e+02 2.560397053702696e+03	-6.197071168571711e-03  4.918546881526709e-03 -1.278524287045002e-03	1.000000000000000e+00	571	0	444
445	 2.493506598364262e+02 -2.655096591366273e+01  2.223911884680693e+03	-6.011829672691722e-03  4.670143631907801e-03 -1.341686040783922e-03	1.000000000000000e+00	571	0	445
446	-4.241375282384869e+02 -5.163726039199222e+02  3.748247072091710e+02	-2.309561086197694e-03  9.909233233580986e-03 -7.599672147383292e-03	1.000000000000000e+00	453	0	446
447	-2.644757270533592e+02 -5.612090032391591e+02  2.599993053432802e+02	-2.990661965062221e-03  1.095444235640267e-02 -7.963780391340455e-03	1.000000000000000e+00	453	0	447
448	1.406258014748556e+02 7.209969837268065e+02 1.187068800510008e+03	1.120207065832801e-02 1.166084615397267e-02 4.587754956446587e-04	1.000000000000000e+00	600	0	448
449	2.878365846607141e+02 6.029999026902942e+02 9.218609362876377e+02	9.079432017945996e-03 9.640274666404972e-03 5.608426484589774e-04	1.000000000000000e+00	600	0	449
450	1.346902842745362e+02 6.170858225106023e+02 2.622100658106559e+03	4.303159657865763e-04 2.446743659675121e-03 2.016427693888545e-03	1.000000000000000e+00	619	0	450
452	1.904279240010480e+02 2.616295090390254e+01 3.579590726228170e+03	 1.523579521744854e-05 -8.266237125609540e-19  1.523579521745101e-05	3.164062500000000e-01	619	0	452
454	-2.616657923174854e+02  8.518110554972526e+02  2.301848905316286e+03	6.947766058146954e-03 5.113748367875814e-03 1.834017690271139e-03	1.000000000000000e+00	619	0	454
455	-1.868206135587527e+02  6.768951592129013e+02  2.551609980359370e+03	4.322077205870301e-03 3.459517785813659e-03 8.625594200566411e-04	1.000000000000000e+00	619	0	455
457	-4.286407586864830e+02 -1.479142435614734e+02  3.137437911118661e+03	2.280372699412207e-03 3.845719814610978e-03 1.565347115198771e-03	1.000000000000000e+00	619	0	457
458	-1.257512906775463e+02 -1.000000000000000e+03  1.982462686671198e+03	-4.693414084613321e-03  1.033834599634939e-17  4.693414084613324e-03	1.000000000000000e+00	619	1	458
460	4.303081576868440e+02 6.197346822299295e+02 2.028060341257927e+03	9.155195402854588e-05 1.663827902120829e-06 8.988812987809069e-05	7.500000000000000e-01	619	0	460
461	3.131030573016367e+02 3.605945834548729e+02 2.169995339647776e+03	4.654564718293841e-04 4.476814319787081e-05 4.206883286315133e-04	7.500000000000000e-01	619	0	461
464	5.190238430417932e+02 6.498188361845971e+02 3.169954869984319e+03	-6.029509395981829e-03  3.211335822318991e-03 -2.818173573662837e-03	1.000000000000000e+00	571	0	464
465	4.790076232488727e+02 3.932231609134909e+02 2.873342974920293e+03	-5.463540088385344e-03  3.774887649342418e-03 -1.688652439042926e-03	1.000000000000000e+00	571	0	465
466	 3.296819475034524e+02 -6.522078652862293e+02  1.678586272975152e+03	 3.973145425940554e-03 -1.275195817773541e-03  2.697949608167013e-03	1.000000000000000e+00	571	0	466
467	 2.677220680764842e+02 -3.432012699838436e+02  1.925632988850570e+03	-2.107864905459186e-03  7.342473060513536e-04 -1.373617599407832e-03	1.000000000000000e+00	571	0	467
468	-7.519706372353114e+02 -4.051665931227919e+02  5.914518054088653e+02	-1.148245219762127e-03  6.719105372515817e-03 -5.570860152753691e-03	1.000000000000000e+00	453	0	468
469	-5.868169681096965e+02 -4.637389084001745e+02  4.848704515606330e+02	-1.626993063837290e-03  8.499379269778728e-03 -6.872386205941439e-03	1.000000000000000e+00	453	0	469
470	 9.574778952126584e+01 -6.651591804112411e+02  3.725965940737210e+00	 1.726411205405990e-03  3.999134564461808e-03 -5.725545769867797e-03	1.000000000000000e+00	453	0	470
471	-1.049032382378140e+02 -6.014798485306433e+02  1.406976618192193e+02	-3.529534209519625e-03  1.299752970226109e-02 -9.467995492741466e-03	1.000000000000000e+00	453	0	471
472	-1.028237921473020e+02  9.956755587275154e+02  1.705196969132875e+03	2.713599397490422e-03 1.029892273557683e-02 7.585323338086406e-03	1.000000000000000e+00	600	0	472
473	2.021585100708275e+01 8.481272641032942e+02 1.434609031354269e+03	 1.232601502366985e-02  1.149940690568959e-02 -8.266081179802617e-04	1.000000000000000e+00	600	0	473
474	5.597646838582073e+02 3.698180903602058e+02 4.167510247600562e+02	7.990575279109180e-03 9.403054718859494e-03 1.412479439750314e-03	1.000000000000000e+00	600	0	474
475	4.253145039257537e+02 4.669794813632278e+02 6.483625956955317e+02	9.322496945969760e-03 9.398470749147236e-03 7.597380317747631e-05	1.000000000000000e+00	600	0	475
476	6.481067704769963e+02 7.929733689098008e+02 2.284571718303297e+03	8.427034287403025e-04 5.307026634303233e-03 4.464323205562929e-03	1.000000000000000e+00	619	0	476
477	3.915364766534187e+02 7.024593303587510e+02 2.450627973575825e+03	7.519262144342065e-04 3.632001753430814e-03 2.880075538996607e-03	1.000000000000000e+00	619	0	477
478	-6.224237851940077e+02  3.889411387536362e+02  3.151070043818136e+03	-1.305909730338802e-04 -9.722905184996004e-04 -8.416995454657202e-04	1.000000000000000e+00	619	0	478
479	-3.665459396947354e+02  4.768181602363304e+02  2.983069219801558e+03	8.311340934596956e-06 1.320245646638796e-04 1.237132237292826e-04	1.000000000000000e+00	619	0	479
484	5.435121181566823e+02 1.000000000000000e+03 3.544624308914611e+03	-6.104902480728923e-03 -3.006249798346651e-18 -6.104902480728925e-03	1.000000000000000e+00	571	1	484
487	7.761812451324492e+02 2.146250783216144e+02 4.514145144722278e+01	 1.079467978949348e-02  9.318290123095116e-03 -1.476389666398366e-03	1.000000000000000e+00	600	0	487
488	-4.885206889921760e+01  3.611074382944489e+02  3.005366245937358e+03	-7.996416049233327e-04 -4.137871049654980e-04 -3.858544999578347e-04	1.000000000000000e+00	619	0	488
489	-6.488463888478013e+01  4.819792689383402e+02  2.868461845307904e+03	 9.848248252334695e-04  1.801088238911082e-03 -8.162634136776129e-04	1.000000000000000e+00	619	0	489
492	3.657939896470857e+02 1.170490448301556e+02 2.483955225235170e+03	-6.259688137409587e-03  5.244225768061976e-03 -1.015462369347612e-03	1.000000000000000e+00	571	0	492
493	2.915042858222009e+02 2.763407153995663e+01 2.320250548120087e+03	-5.646256118780002e-03  5.174587160581723e-03 -4.716689581982792e-04	1.000000000000000e+00	571	0	493
494	1.749254613448679e+02 6.919159845042961e+02 1.123688141417486e+03	1.047739927889779e-02 1.118768955348060e-02 7.102902745828031e-04	1.000000000000000e+00	600	0	494
496	-2.445607535814571e+02  8.071295632400419e+02  2.363635436309525e+03	6.312717101536691e-03 4.718964570201933e-03 1.593752531334758e-03	1.000000000000000e+00	619	0	496
497	-2.073131382216652e+02  7.195729826415068e+02  2.488439632267852e+03	4.971151162559788e-03 3.879870365684231e-03 1.091280796875556e-03	1.000000000000000e+00	619	0	497
500	-1.833433574116620e+02 -9.874004903043173e+02  2.052654263100996e+03	-1.922691551347574e-03 -8.673186569164196e-03 -6.750495017816623e-03	1.000000000000000e+00	619	0	500
501	-2.460880383738784e+02 -9.052298716443727e+02  2.197569562723157e+03	-3.047157637774944e-02 -2.077457867562771e-02  9.696997702121735e-03	1.000000000000000e+00	619	0	501
502	5.146122421941113e+02 5.822601029646471e+02 3.097984535916688e+03	-5.820803344249725e-03  3.290896303951740e-03 -2.529907040297985e-03	1.000000000000000e+00	571	0	502
503	4.948765600946604e+02 4.538253249704777e+02 2.949814075823067e+03	-5.558927077800035e-03  3.624163102358580e-03 -1.934763975441456e-03	1.000000000000000e+00	571	0	503
504	 3.136155695262444e+02 -5.751820623405198e+02  1.739545697943654e+03	 2.492280909791589e-03 -8.154190145432948e-04  1.676861895248294e-03	1.000000000000000e+00	571	0	504
505	 2.825241696086437e+02 -4.204429669039148e+02  1.863193393462658e+03	-7.363883293389032e-04  2.505681089436015e-04 -4.858202203953018e-04	1.000000000000000e+00	571	0	505
506	-6.225215609380279e+01  9.541266452140345e+02  1.623076419565895e+03	 8.696884004166350e-03  8.440786885330454e-03 -2.560971188358959e-04	1.000000000000000e+00	600	0	506
507	-6.716544436611366e+00  8.825518850196297e+02  1.495966047714299e+03	 1.133045761768396e-02  1.039160766716426e-02 -9.388499505197004e-04	1.000000000000000e+00	600	0	507
508	 3.106938405869544e+02 -7.992424913005219e+01  3.805943842848031e+03	2.549701777752489e-03 2.288835879880935e-03 2.608658978715540e-04	1.000000000000000e+00	619	0	508
509	2.344866677982240e+02 4.671117289860253e-01 3.649345309200262e+03	 6.256218669780841e-04  1.040911660917724e-03 -4.152897939396402e-04	1.000000000000000e+00	619	0	509
511	-2.782224768228154e+02  8.971722249986908e+02  2.239931051309518e+03	7.550672550375262e-03 5.524477533375224e-03 2.026195017000040e-03	1.000000000000000e+00	619	0	511
516	5.193568620136779e+02 8.601000512110490e+02 3.380569103982656e+03	-6.228788755834103e-03  3.247633110731840e-03 -2.981155645102262e-03	1.000000000000000e+00	571	0	516
517	5.208497241897048e+02 7.189404628138448e+02 3.240902377761479e+03	-6.260776038592060e-03  3.187511969978611e-03 -3.073264068613450e-03	1.000000000000000e+00	571	0	517
518	 3.997051338804555e+02 -9.016147273338054e+02  1.499202597304580e+03	 3.938449929895190e-03 -3.796999658031079e-03  1.414502718641111e-04	1.000000000000000e+00	571	0	518
519	 3.464346664469754e+02 -7.289431526841222e+02  1.618603704520783e+03	 4.062177535767357e-03 -1.280224959676465e-03  2.781952576090892e-03	1.000000000000000e+00	571	0	519
521	-1.530196180350336e+02  1.000000000000000e+03  1.759717236293092e+03	 1.603484619408843e-03 -8.784763574394601e-18 -1.603484619408849e-03	1.000000000000000e+00	600	1	521
522	6.811238839156684e+02 2.946000622893999e+02 2.201737966317891e+02	7.540815471050641e-03 8.524273561003307e-03 9.834580899526677e-04	1.000000000000000e+00	600	0	522
523	-4.986701946818371e+01  2.469239120808977e+02  3.118534821581943e+03	-2.612964677003523e-03 -1.202466237979631e-03 -1.410498439023892e-03	1.000000000000000e+00	619	0	523
524	-5.943176202373960e+01  1.277763558872829e+02  3.228117635220002e+03	-4.224806480730574e-03 -1.977280791228016e-03 -2.247525689502557e-03	1.000000000000000e+00	619	0	524
526	-1.648744491640929e+02  6.351645246755032e+02  2.615286779291428e+03	3.690384988052149e-03 3.036203600155811e-03 6.541813878963393e-04	1.000000000000000e+00	619	0	526
528	-3.752124693852470e+02 -1.560320395945405e+02  3.075891825784358e+03	2.583726270434757e-03 4.302628377142052e-03 1.718902106707295e-03	1.000000000000000e+00	619	0	528
531	4.164680169401533e+02 2.210076906260078e+02 2.638587898324090e+03	-5.884465334626536e-03  4.505843816635509e-03 -1.378621517991026e-03	1.000000000000000e+00	571	0	531
532	4.601926114422675e+02 3.343281592816296e+02 2.795632961481826e+03	-5.471021790678303e-03  3.935573700194557e-03 -1.535448090483745e-03	1.000000000000000e+00	571	0	532
533	 2.363260541546567e+02 -1.054038148490443e+02  2.132034430063542e+03	-5.423843938236435e-03  3.112920715163151e-03 -2.310923223073284e-03	1.000000000000000e+00	571	0	533
534	 2.539000232337548e+02 -2.661537190712067e+02  1.988858494920478e+03	-3.341930646759768e-03  1.231959244857232e-03 -2.109971401902536e-03	1.000000000000000e+00	571	0	534
535	1.081842121772495e+02 7.510605253277467e+02 1.249573931408555e+03	1.194232423586072e-02 1.204234081524191e-02 1.000165793811900e-04	1.000000000000000e+00	600	0	535
536	4.826252453571712e+01 8.148081369351733e+02 1.373243230657514e+03	 1.251702557783574e-02  1.197250105906278e-02 -5.445245187729598e-04	1.000000000000000e+00	600	0	536
540	5.209095628595351e+02 3.936938478916912e+02 4.794819032902137e+02	8.344959622869888e-03 9.681078450133404e-03 1.336118827263514e-03	1.000000000000000e+00	600	0	540
541	3.946763293435064e+02 4.989383610717493e+02 7.109596499863005e+02	 9.295983099339841e-03  9.104717663528087e-03 -1.912654358117528e-04	1.000000000000000e+00	600	0	541
542	2.489707348907499e+02 6.339363192299267e+02 9.916632025972343e+02	9.321441776895275e-03 1.010418134198214e-02 7.827395650868617e-04	1.000000000000000e+00	600	0	542
543	4.549784877274561e+02 4.402904229843955e+02 5.920095535149970e+02	9.106890356633812e-03 9.709112287964672e-03 6.022219313308599e-04	1.000000000000000e+00	600	0	543
544	2.300574558494878e+02 1.667171980853615e+02 2.280827123565139e+03	1.546946465775060e-03 7.735040465680265e-05 1.469596061118258e-03	1.000000000000000e+00	619	0	544
545	1.853984187483570e+02 2.586890020350108e+01 2.377016384345869e+03	2.376074640778825e-03 1.628367201192304e-03 7.477074395865202e-04	7.500000000000000e-01	619	0	545
546	3.259139615620899e+02 5.698407196719085e+02 8.506243763678762e+02	9.034586119620752e-03 9.264865909547854e-03 2.302797899271055e-04	1.000000000000000e+00	600	0	546
547	4.559062285861228e+02 7.238303208941750e+02 2.407629212178545e+03	7.690041869257888e-04 3.969630672751616e-03 3.200626485825827e-03	1.000000000000000e+00	619	0	547
548	8.340594550903207e+02 8.612786217920565e+02 2.166924286572229e+03	1.186445898686846e-03 6.522892081799606e-03 5.336446183112761e-03	1.000000000000000e+00	619	0	548
551	-9.820127417719924e+02 -5.120897531404397e+01  3.621232536228800e+03	 1.567745348438621e-04  5.805312539450824e-04 -7.373057887889445e-04	1.000000000000000e+00	619	0	551
552	-3.023848535601734e+02  4.954182510818530e+02  2.937508224512519e+03	1.209710268691803e-04 4.526227106301424e-04 3.316516837609622e-04	1.000000000000000e+00	619	0	552
553	-8.534552213618125e+02 -1.257397704433384e+02  3.567205810947915e+03	-1.809762557968497e-03  1.216820324771106e-03  5.929422331973910e-04	1.000000000000000e+00	619	0	553
554	1.517888819928769e+02 1.773311494148177e+01 3.532521848257578e+03	5.114362575113773e-04 5.347570404410362e-04 1.046193297952414e-03	1.000000000000000e+00	619	0	554
558	 4.155835486210923e+02 -4.674775322279591e+02  2.639904802749631e+03	 1.311340260629852e-02  5.573160325487454e-03 -1.868656293178598e-02	1.000000000000000e+00	619	0	558
562	3.422074899396268e+02 4.273998754553288e+02 2.132294480285311e+03	1.350757229374722e-04 9.471053999732248e-06 1.256046816706657e-04	1.000000000000000e+00	619	0	562
563	-7.218899033862226e+02 -1.393009225891242e+02  3.449201645118110e+03	-1.502314603385457e-06 -2.103421684296336e-05  2.253653292427771e-05	1.000000000000000e+00	619	0	563
564	1.500000000000000e+03 7.580443017655763e+02 2.673040476620969e+03	0.000000000000000e+00 0.000000000000000e+00 0.000000000000000e+00	1.000000000000000e+00	619	-1	350
573	-1.722879007251192e+02  5.288569661911558e+02  2.840849986786768e+03	6.754245259799063e-04 1.326546189375222e-03 6.511216633953154e-04	1.000000000000000e+00	619	0	573
574	 3.737909687106068e+02 -4.094865507182534e+02  2.623706401150410e+03	 1.788233406841755e-02  4.552608355879783e-03 -2.243494242429733e-02	1.000000000000000e+00	619	0	574
575	-1.935108519019570e+01 -7.106144408922606e+02  3.317976345225220e+03	-3.792548086494207e-03 -5.253243725746870e-03  9.045791812241077e-03	1.000000000000000e+00	619	0	575
584	 8.201778763594169e+01 -8.632592907143151e+02  1.809374762923614e+03	 6.396483474721511e-03 -1.355580628539125e-02  7.159322810669740e-03	1.000000000000000e+00	55	0	584
585	8.656957104168600e+01 2.194143284928247e+01 3.471510855214188e+03	-4.477855012131234e-04  1.009676265918339e-03  5.618907647052159e-04	1.000000000000000e+00	619	0	585
589	-6.613184675402068e+02 -1.435697196300625e+02  3.392899006313033e+03	-7.615555659867823e-04  1.648055156692863e-03 -8.864995907060802e-04	1.000000000000000e+00	619	0	589
591	 2.281519206612509e+02 -8.141639834273033e+02  1.614145322611292e+03	 1.624482140565912e-02 -1.410425438856085e-02 -2.140567017098268e-03	1.000000000000000e+00	55	0	591
593	 3.459142627150537e+02 -9.301685225147922e+02  6.104781069758625e+02	 1.867969287559390e-03 -7.243066444061697e-03 -9.111035731621087e-03	1.000000000000000e+00	610	0	593
594	 3.488894590190394e+02 -3.690135947126168e+02  2.608134954836341e+03	 1.912443134157608e-02  1.922229692960779e-03 -2.104666103453686e-02	1.000000000000000e+00	619	0	594
595	 9.376206721377442e+02 -3.986078391582990e+02  5.503323809096652e+02	 7.456866869082053e-03 -2.884929378827413e-03 -1.034179624790947e-02	1.000000000000000e+00	610	0	595
596	-3.409303283665410e+02  1.500000000000000e+03  2.074395424764483e+03	0.000000000000000e+00 0.000000000000000e+00 0.000000000000000e+00	1.000000000000000e+00	619	-1	425
603	3.274623148296259e+02 6.818287896885500e+02 2.494071594729417e+03	7.076305337250233e-04 3.336897585541010e-03 2.629267051815987e-03	1.000000000000000e+00	619	0	603
608	-6.018292143052847e+02 -1.459520751621673e+02  3.335792108610215e+03	-2.393947526191672e-03  4.822731871778767e-03 -2.428784345587095e-03	1.000000000000000e+00	619	0	608
609	 4.927396003750275e+01 -5.186358464275933e+02  4.500000000000000e+03	0.000000000000000e+00 0.000000000000000e+00 0.000000000000000e+00	1.000000000000000e+00	552	-1	380
611	 1.521356695140256e+02 -7.178210944632634e+02 -5.000000000000000e+02	0.000000000000000e+00 0.000000000000000e+00 0.000000000000000e+00	1.000000000000000e+00	453	-1	333
615	5.435121181566823e+02 1.500000000000000e+03 3.544624308914611e+03	0.000000000000000e+00 0.000000000000000e+00 0.000000000000000e+00	1.000000000000000e+00	571	-1	484
617	 9.991151826994715e+01 -8.128797467097561e+02  3.300979047582573e+03	-4.388347888986269e-03 -7.519846937308708e-03  1.190819482629498e-02	1.000000000000000e+00	619	0	617
619	 3.959640283726380e+02 -1.500000000000000e+03  1.397076219130568e+03	0.000000000000000e+00 0.000000000000000e+00 0.000000000000000e+00	1.000000000000000e+00	571	-1	431
623	 3.157344901736136e+02 -3.073137770942035e+02  2.579590106063354e+03	 1.518342061899602e-02  7.382505573332309e-04 -1.592167117632926e-02	1.000000000000000e+00	619	0	623
624	6.991271173626095e+01 5.936114254869685e+02 2.663403833621200e+03	3.474161688548824e-04 2.095499784142400e-03 1.748083615287518e-03	1.000000000000000e+00	619	0	624
625	1.946460146791783e+01 3.386150833598077e+01 3.416325961127119e+03	-3.157901092587660e-03  2.238361882821967e-03 -9.195392097656926e-04	1.000000000000000e+00	619	0	625
626	1.988936916805663e+02 6.396352859360248e+02 2.580446714125951e+03	5.266400597368678e-04 2.771108857511232e-03 2.244468797774365e-03	1.000000000000000e+00	619	0	626
627	-2.672275092261303e+02 -9.032620551020606e+02  2.192510286995029e+03	 6.094719407459100e-02 -4.408313396076361e-02  1.686406011382739e-02	1.000000000000000e+00	619	0	627
628	 3.609058582108767e+02 -1.680330473883462e+02  3.944264658730247e+03	4.565914161503315e-03 2.473553409799933e-03 2.092360751703382e-03	1.000000000000000e+00	619	0	628
629	-1.530196180350336e+02  1.500000000000000e+03  1.759717236293092e+03	0.000000000000000e+00 0.000000000000000e+00 0.000000000000000e+00	1.000000000000000e+00	600	-1	521
631	1.500000000000000e+03 2.915999247382888e+02 2.206596099593682e+03	0.000000000000000e+00 0.000000000000000e+00 0.000000000000000e+00	1.000000000000000e+00	619	-1	405
632	 2.760594421224030e+02 -2.330858091325223e+02  2.545037186152883e+03	 6.787400132452603e-03  6.801259150961413e-04 -7.467526047548745e-03	5.625000000000000e-01	619	0	632
633	-5.725593735718435e+01 -2.883981478004692e+02  2.184131716242677e+03	 9.149915422312915e-04 -8.001563255675137e-04 -1.148352166637778e-04	1.000000000000000e+00	55	0	633
634	-1.257512906775463e+02 -1.500000000000000e+03  1.982462686671198e+03	0.000000000000000e+00 0.000000000000000e+00 0.000000000000000e+00	1.000000000000000e+00	619	-1	458
636	-7.195590610847425e+01 -8.277671530451470e+02  1.927856318998861e+03	 1.182318044205507e-03 -7.216251843298475e-03  6.033933799092968e-03	1.000000000000000e+00	55	0	636
637	-4.346357391610260e+02 -8.488789464644352e+02  2.079485165697758e+03	 9.787740806738532e-04 -9.368128919353088e-03 -8.389354838679234e-03	1.000000000000000e+00	619	0	637
638	 1.500000000000000e+03 -3.126548037289987e+02  5.739060884767098e+02	0.000000000000000e+00 0.000000000000000e+00 0.000000000000000e+00	1.000000000000000e+00	610	-1	326
640	-5.451136273148445e+02 -1.442645494915393e+02  3.277388995949148e+03	 1.907311050066104e-03 -2.636629370196412e-03  7.293183201303085e-04	1.000000000000000e+00	619	0	640
641	 2.359363197201796e+02 -1.668101517941802e+02  2.518884651216764e+03	 2.087897621095181e-02  6.549138575792313e-03 -2.742811478674412e-02	1.000000000000000e+00	619	0	641
2	 0.000000000000000e+00  7.071067811865475e-01 -7.071067811865475e-01	 5.773502691896257e-01 -5.773502691896257e-01 -5.773502691896257e-01	-7.391622886003375e+02  7.391622886003375e+02  7.391622886003375e+02	1	0	0.000000000000000e+00	0.000000000000000e+00	0.000000000000000e+00
3	-7.071067811865475e-01  0.000000000000000e+00  7.071067811865475e-01	-5.773502691896257e-01  5.773502691896257e-01 -5.773502691896257e-01	 6.288536307352362e+02 -6.288536307352362e+02  6.288536307352362e+02	1	0	0.000000000000000e+00	0.000000000000000e+00	0.000000000000000e+00
4	0.000000000000000e+00 7.071067811865475e-01 7.071067811865475e-01	 5.773502691896257e-01 -5.773502691896257e-01  5.773502691896257e-01	 1.522636602155032e+03 -1.522636602155032e+03  1.522636602155032e+03	1	0	0.000000000000000e+00	0.000000000000000e+00	0.000000000000000e+00
5	 7.071067811865475e-01 -7.071067811865475e-01  0.000000000000000e+00	-5.773502691896257e-01 -5.773502691896257e-01  5.773502691896257e-01	-6.670373969193098e+02 -6.670373969193098e+02  6.670373969193098e+02	1	0	0.000000000000000e+00	0.000000000000000e+00	0.000000000000000e+00
7	-7.071067811865475e-01  7.071067811865475e-01  0.000000000000000e+00	-5.773502691896257e-01 -5.773502691896257e-01  5.773502691896257e-01	-3.955083929436755e+02 -3.955083929436755e+02  3.955083929436755e+02	1	0	0.000000000000000e+00	0.000000000000000e+00	0.000000000000000e+00
8	 0.000000000000000e+00 -7.071067811865475e-01 -7.071067811865475e-01	-5.773502691896257e-01  5.773502691896257e-01 -5.773502691896257e-01	 2.022325394193525e+02 -2.022325394193525e+02  2.022325394193525e+02	1	0	0.000000000000000e+00	0.000000000000000e+00	0.000000000000000e+00
9	-7.071067811865475e-01  0.000000000000000e+00  7.071067811865475e-01	-5.773502691896257e-01  5.773502691896257e-01 -5.773502691896257e-01	 7.132350399568309e+02 -7.132350399568309e+02  7.132350399568309e+02	1	0	0.000000000000000e+00	0.000000000000000e+00	0.000000000000000e+00
10	-7.071067811865475e-01 -7.071067811865475e-01  0.000000000000000e+00	-5.773502691896257e-01  5.773502691896257e-01  5.773502691896257e-01	-6.330962714223555e+02  6.330962714223555e+02  6.330962714223555e+02	1	0	0.000000000000000e+00	0.000000000000000e+00	0.000000000000000e+00
11	-7.071067811865475e-01 -7.071067811865475e-01  0.000000000000000e+00	0.000000000000000e+00 0.000000000000000e+00 0.000000000000000e+00	 2.192031021678289e+02 -4.907321061434643e+02  2.609224022578360e+03	1	1	0.000000000000000e+00	0.000000000000000e+00	0.000000000000000e+00
12	-7.071067811865475e-01 -7.071067811865475e-01  0.000000000000000e+00	-5.773502691896257e-01  5.773502691896257e-01  5.773502691896257e-01	-9.611938178929136e+02  9.611938178929136e+02  9.611938178929136e+02	1	0	0.000000000000000e+00	0.000000000000000e+00	0.000000000000000e+00
13	-7.071067811865475e-01  7.071067811865475e-01  0.000000000000000e+00	 5.773502691896257e-01  5.773502691896257e-01 -5.773502691896257e-01	-1.120999950441073e+03 -1.120999950441073e+03  1.120999950441073e+03	1	0	0.000000000000000e+00	0.000000000000000e+00	0.000000000000000e+00
14	-7.071067811865475e-01  7.071067811865475e-01  0.000000000000000e+00	0.000000000000000e+00 0.000000000000000e+00 0.000000000000000e+00	1.824335495461295e+02 3.747665940288733e+01 3.582910060272236e+03	1	1	0.000000000000000e+00	0.000000000000000e+00	0.000000000000000e+00
15	-7.071067811865475e-01  7.071067811865475e-01  0.000000000000000e+00	-5.773502691896257e-01 -5.773502691896257e-01  5.773502691896257e-01	-3.049987249517975e+02 -3.049987249517975e+02  3.049987249517975e+02	1	0	0.000000000000000e+00	0.000000000000000e+00	0.000000000000000e+00
16	 0.000000000000000e+00 -7.071067811865475e-01  7.071067811865475e-01	5.773502691896257e-01 5.773502691896257e-01 5.773502691896257e-01	1.080459161653044e+03 1.080459161653044e+03 1.080459161653044e+03	1	0	0.000000000000000e+00	0.000000000000000e+00	0.000000000000000e+00
17	 0.000000000000000e+00 -7.071067811865475e-01  7.071067811865475e-01	0.000000000000000e+00 0.000000000000000e+00 0.000000000000000e+00	 9.142890680742061e+02 -6.201326471006022e+02  2.947221063985530e+03	1	1	0.000000000000000e+00	0.000000000000000e+00	0.000000000000000e+00
18	 0.000000000000000e+00 -7.071067811865475e-01  7.071067811865475e-01	-5.773502691896257e-01 -5.773502691896257e-01 -5.773502691896257e-01	8.626702730475879e+02 8.626702730475879e+02 8.626702730475879e+02	1	0	0.000000000000000e+00	0.000000000000000e+00	0.000000000000000e+00
19	 7.071067811865475e-01 -7.071067811865475e-01  0.000000000000000e+00	-5.773502691896257e-01 -5.773502691896257e-01 -5.773502691896257e-01	3.427110866150800e+02 3.427110866150800e+02 3.427110866150800e+02	1	0	0.000000000000000e+00	0.000000000000000e+00	0.000000000000000e+00
20	 7.071067811865475e-01 -7.071067811865475e-01  0.000000000000000e+00	0.000000000000000e+00 0.000000000000000e+00 0.000000000000000e+00	3.577960312803930e+02 7.283199846221450e+01 5.975052301026326e+02	1	1	0.000000000000000e+00	0.000000000000000e+00	0.000000000000000e+00
21	 7.071067811865475e-01 -7.071067811865475e-01  0.000000000000000e+00	-5.773502691896257e-01 -5.773502691896257e-01 -5.773502691896257e-01	6.128258770283411e+02 6.128258770283411e+02 6.128258770283411e+02	1	0	0.000000000000000e+00	0.000000000000000e+00	0.000000000000000e+00
22	-7.071067811865475e-01  0.000000000000000e+00 -7.071067811865475e-01	0.000000000000000e+00 0.000000000000000e+00 0.000000000000000e+00	1.000000000000000e+03 4.153257531310242e+02 4.000000000000000e+03	1	2	0.000000000000000e+00	0.000000000000000e+00	0.000000000000000e+00
23	-7.071067811865475e-01  0.000000000000000e+00 -7.071067811865475e-01	0.000000000000000e+00 0.000000000000000e+00 0.000000000000000e+00	1.000000000000000e+03 1.000000000000000e+03 3.415325753131025e+03	1	2	0.000000000000000e+00	0.000000000000000e+00	0.000000000000000e+00
25	-7.071067811865475e-01  0.000000000000000e+00  7.071067811865475e-01	0.000000000000000e+00 0.000000000000000e+00 0.000000000000000e+00	-1.000000000000000e+03 -1.000000000000000e+03  2.856711395993652e+03	1	2	0.000000000000000e+00	0.000000000000000e+00	0.000000000000000e+00
27	 0.000000000000000e+00  7.071067811865475e-01 -7.071067811865475e-01	0.000000000000000e+00 0.000000000000000e+00 0.000000000000000e+00	1.000000000000000e+03 1.000000000000000e+03 2.217486865801013e+03	1	2	0.000000000000000e+00	0.000000000000000e+00	0.000000000000000e+00
28	 0.000000000000000e+00  7.071067811865475e-01 -7.071067811865475e-01	0.000000000000000e+00 0.000000000000000e+00 0.000000000000000e+00	 1.000000000000000e+03 -7.825131341989875e+02  4.000000000000000e+03	1	2	0.000000000000000e+00	0.000000000000000e+00	0.000000000000000e+00
29	 0.000000000000000e+00  7.071067811865475e-01 -7.071067811865475e-01	0.000000000000000e+00 0.000000000000000e+00 0.000000000000000e+00	 7.825131341989878e+02 -1.000000000000000e+03  4.000000000000000e+03	1	2	0.000000000000000e+00	0.000000000000000e+00	0.000000000000000e+00
30	 0.000000000000000e+00  7.071067811865475e-01 -7.071067811865475e-01	0.000000000000000e+00 0.000000000000000e+00 0.000000000000000e+00	 3.620675143125917e+01 -1.000000000000000e+03  3.253693617232272e+03	1	2	0.000000000000000e+00	0.000000000000000e+00	0.000000000000000e+00
32	-7.071067811865475e-01  0.000000000000000e+00  7.071067811865475e-01	0.000000000000000e+00 0.000000000000000e+00 0.000000000000000e+00	 8.865608922057086e+02 -1.000000000000000e+03  0.000000000000000e+00	1	2	0.000000000000000e+00	0.000000000000000e+00	0.000000000000000e+00
33	-7.071067811865475e-01  0.000000000000000e+00  7.071067811865475e-01	0.000000000000000e+00 0.000000000000000e+00 0.000000000000000e+00	 2.456320006423895e+02 -1.000000000000000e+03  6.409288915633191e+02	1	2	0.000000000000000e+00	0.000000000000000e+00	0.000000000000000e+00
35	0.000000000000000e+00 7.071067811865475e-01 7.071067811865475e-01	0.000000000000000e+00 0.000000000000000e+00 0.000000000000000e+00	-3.914474947601711e+01 -1.000000000000000e+03  3.607054555941113e+03	1	2	0.000000000000000e+00	0.000000000000000e+00	0.000000000000000e+00
37	 7.071067811865475e-01 -7.071067811865475e-01  0.000000000000000e+00	0.000000000000000e+00 0.000000000000000e+00 0.000000000000000e+00	-1.000000000000000e+03 -1.000000000000000e+03  1.112190757929056e+00	1	2	0.000000000000000e+00	0.000000000000000e+00	0.000000000000000e+00
39	 7.071067811865475e-01 -7.071067811865475e-01  0.000000000000000e+00	0.000000000000000e+00 0.000000000000000e+00 0.000000000000000e+00	-1.000000000000000e+03  4.343145750507622e+02  0.000000000000000e+00	1	2	0.000000000000000e+00	0.000000000000000e+00	0.000000000000000e+00
41	-7.071067811865475e-01  7.071067811865475e-01  0.000000000000000e+00	0.000000000000000e+00 0.000000000000000e+00 0.000000000000000e+00	1.000000000000000e+03 1.000000000000000e+03 3.186525178831027e+03	1	2	0.000000000000000e+00	0.000000000000000e+00	0.000000000000000e+00
42	-7.071067811865475e-01  7.071067811865475e-01  0.000000000000000e+00	0.000000000000000e+00 0.000000000000000e+00 0.000000000000000e+00	5.647698040774369e+02 1.000000000000000e+03 2.751294982908465e+03	1	2	0.000000000000000e+00	0.000000000000000e+00	0.000000000000000e+00
44	 0.000000000000000e+00 -7.071067811865475e-01 -7.071067811865475e-01	0.000000000000000e+00 0.000000000000000e+00 0.000000000000000e+00	1.000000000000000e+03 3.933023817419428e+02 0.000000000000000e+00	1	2	0.000000000000000e+00	0.000000000000000e+00	0.000000000000000e+00
45	 0.000000000000000e+00 -7.071067811865475e-01 -7.071067811865475e-01	0.000000000000000e+00 0.000000000000000e+00 0.000000000000000e+00	7.910897711142900e+02 1.843921528562321e+02 0.000000000000000e+00	1	2	0.000000000000000e+00	0.000000000000000e+00	0.000000000000000e+00
46	-7.071067811865475e-01  0.000000000000000e+00  7.071067811865475e-01	0.000000000000000e+00 0.000000000000000e+00 0.000000000000000e+00	 1.000000000000000e+03 -1.000000000000000e+03  1.397051198704921e+02	1	2	0.000000000000000e+00	0.000000000000000e+00	0.000000000000000e+00
47	-7.071067811865475e-01  0.000000000000000e+00  7.071067811865475e-01	0.000000000000000e+00 0.000000000000000e+00 0.000000000000000e+00	-1.000000000000000e+03 -1.000000000000000e+03  2.139705119870493e+03	1	2	0.000000000000000e+00	0.000000000000000e+00	0.000000000000000e+00
48	-7.071067811865475e-01  0.000000000000000e+00  7.071067811865475e-01	0.000000000000000e+00 0.000000000000000e+00 0.000000000000000e+00	-1.000000000000000e+03  2.215238015828754e+02  3.361228921453368e+03	1	2	0.000000000000000e+00	0.000000000000000e+00	0.000000000000000e+00
49	-7.071067811865475e-01  7.071067811865475e-01  0.000000000000000e+00	5.773502691896257e-01 5.773502691896257e-01 5.773502691896257e-01	8.626702730475879e+02 8.626702730475879e+02 8.626702730475879e+02	1	0	0.000000000000000e+00	0.000000000000000e+00	0.000000000000000e+00
50	 0.000000000000000e+00 -7.071067811865475e-01 -7.071067811865475e-01	-5.773502691896257e-01 -5.773502691896257e-01  5.773502691896257e-01	-1.120999950441073e+03 -1.120999950441073e+03  1.120999950441073e+03	1	0	0.000000000000000e+00	0.000000000000000e+00	0.000000000000000e+00
53	 7.071067811865475e-01 -7.071067811865475e-01  0.000000000000000e+00	5.773502691896257e-01 5.773502691896257e-01 5.773502691896257e-01	8.626702730475879e+02 8.626702730475879e+02 8.626702730475879e+02	1	0	0.000000000000000e+00	0.000000000000000e+00	0.000000000000000e+00
69	-7.071067811865475e-01  0.000000000000000e+00 -7.071067811865475e-01	-5.773502691896257e-01  5.773502691896257e-01  5.773502691896257e-01	-1.138441917710341e+03  1.138441917710341e+03  1.138441917710341e+03	1	0	0.000000000000000e+00	0.000000000000000e+00	0.000000000000000e+00
70	-7.071067811865475e-01  0.000000000000000e+00 -7.071067811865475e-01	0.000000000000000e+00 0.000000000000000e+00 0.000000000000000e+00	1.000000000000000e+03 1.000000000000000e+03 3.415325753131025e+03	1	2	0.000000000000000e+00	0.000000000000000e+00	0.000000000000000e+00
78	 0.000000000000000e+00 -7.071067811865475e-01 -7.071067811865475e-01	0.000000000000000e+00 0.000000000000000e+00 0.000000000000000e+00	-4.320901935349040e+02 -1.000000000000000e+03  4.000000000000000e+03	1	2	0.000000000000000e+00	0.000000000000000e+00	0.000000000000000e+00
79	 7.071067811865475e-01 -7.071067811865475e-01  0.000000000000000e+00	-5.773502691896257e-01 -5.773502691896257e-01 -5.773502691896257e-01	-1.885618083164127e+02 -1.885618083164127e+02 -1.885618083164127e+02	1	0	0.000000000000000e+00	0.000000000000000e+00	0.000000000000000e+00
80	 7.071067811865475e-01 -7.071067811865475e-01  0.000000000000000e+00	0.000000000000000e+00 0.000000000000000e+00 0.000000000000000e+00	-1.000000000000000e+03  4.343145750507622e+02  0.000000000000000e+00	1	2	0.000000000000000e+00	0.000000000000000e+00	0.000000000000000e+00
84	-7.071067811865475e-01  7.071067811865475e-01  0.000000000000000e+00	0.000000000000000e+00 0.000000000000000e+00 0.000000000000000e+00	-1.000000000000000e+03  1.000000000000000e+03  2.001112190757930e+03	1	2	0.000000000000000e+00	0.000000000000000e+00	0.000000000000000e+00
87	 7.071067811865475e-01 -7.071067811865475e-01  0.000000000000000e+00	0.000000000000000e+00 0.000000000000000e+00 0.000000000000000e+00	-1.000000000000000e+03 -1.000000000000000e+03  1.112190757929056e+00	1	2	0.000000000000000e+00	0.000000000000000e+00	0.000000000000000e+00
90	0.000000000000000e+00 7.071067811865475e-01 7.071067811865475e-01	0.000000000000000e+00 0.000000000000000e+00 0.000000000000000e+00	1.000000000000000e+03 1.000000000000000e+03 6.066976182580577e+02	1	2	0.000000000000000e+00	0.000000000000000e+00	0.000000000000000e+00
91	 7.071067811865475e-01 -7.071067811865475e-01  0.000000000000000e+00	0.000000000000000e+00 0.000000000000000e+00 0.000000000000000e+00	1.000000000000000e+03 2.915999247382888e+02 2.206596099593682e+03	1	2	0.000000000000000e+00	0.000000000000000e+00	0.000000000000000e+00
92	-7.071067811865475e-01  0.000000000000000e+00  7.071067811865475e-01	 5.773502691896257e-01 -5.773502691896257e-01  5.773502691896257e-01	 9.522371319978838e+02 -9.522371319978838e+02  9.522371319978838e+02	1	0	0.000000000000000e+00	0.000000000000000e+00	0.000000000000000e+00
93	-7.071067811865475e-01  0.000000000000000e+00  7.071067811865475e-01	0.000000000000000e+00 0.000000000000000e+00 0.000000000000000e+00	-1.000000000000000e+03 -1.000000000000000e+03  2.856711395993652e+03	1	2	0.000000000000000e+00	0.000000000000000e+00	0.000000000000000e+00
95	 7.071067811865475e-01  0.000000000000000e+00 -7.071067811865475e-01	0.000000000000000e+00 0.000000000000000e+00 0.000000000000000e+00	 1.000000000000000e+03 -8.865608922057086e+02  0.000000000000000e+00	1	2	0.000000000000000e+00	0.000000000000000e+00	0.000000000000000e+00
69	0	1	1
22	1	0	1
22	0	205	-1
69	628	0	0
69	1	2	1
23	2	1	1
22	206	1	-1
23	1	206	-1
23	207	2	-1
70	2	207	-1
69	2	425	1
70	425	2	1
92	4	5	1
25	5	4	1
25	4	209	-1
92	359	4	0
25	210	5	-1
93	5	210	-1
92	5	458	1
93	458	5	1
2	7	8	1
27	8	7	1
27	7	212	-1
2	428	7	0
2	8	9	1
28	9	8	1
27	213	8	-1
28	8	213	-1
2	9	10	1
29	10	9	1
28	214	9	-1
29	9	214	-1
2	10	11	1
30	11	10	1
29	215	10	-1
30	10	215	-1
30	216	11	-1
2	11	429	0
3	13	14	1
32	14	13	1
32	13	218	-1
95	13	218	-1
3	326	13	1
95	326	13	1
3	14	15	1
33	15	14	1
32	219	14	-1
33	14	219	-1
33	220	15	-1
3	15	593	0
4	17	18	1
35	18	17	1
35	17	222	-1
78	17	222	-1
4	380	17	1
78	380	17	1
35	223	18	-1
4	18	329	0
5	20	21	1
37	21	20	1
37	20	225	-1
84	20	225	-1
5	484	20	1
84	484	20	1
37	226	21	-1
87	21	226	-1
5	21	431	1
87	431	21	1
79	23	24	1
39	24	23	1
39	23	228	-1
79	432	23	0
39	229	24	-1
80	24	229	-1
79	24	333	1
80	333	24	1
7	26	27	1
41	27	26	1
41	26	231	-1
7	282	26	0
7	27	28	1
42	28	27	1
41	232	27	-1
42	27	232	-1
42	233	28	-1
7	28	335	0
8	30	31	1
44	31	30	1
44	30	235	-1
90	30	235	-1
8	521	30	1
90	521	30	1
8	31	32	1
45	32	31	1
44	236	31	-1
45	31	236	-1
45	237	32	-1
8	32	487	0
9	33	34	1
46	34	33	1
46	33	238	-1
9	436	33	0
9	34	35	1
47	35	34	1
46	239	34	-1
47	34	239	-1
9	35	36	1
48	36	35	1
47	240	35	-1
48	35	240	-1
48	241	36	-1
9	36	437	0
10	37	38	0
11	38	37	0
11	37	40	0
10	340	37	0
11	39	38	0
10	38	341	0
11	40	39	0
12	39	40	0
12	342	39	0
12	40	343	0
10	41	344	0
10	345	41	0
12	42	346	0
12	347	42	0
13	43	44	0
14	44	43	0
14	43	46	0
13	348	43	0
14	45	44	0
13	44	452	0
14	46	45	0
15	45	46	0
15	350	45	0
15	46	351	0
15	48	354	0
15	355	48	0
16	49	50	0
17	50	49	0
17	49	52	0
16	356	49	0
17	51	50	0
16	50	357	0
17	52	51	0
18	51	52	0
18	358	51	0
18	52	551	0
16	53	360	0
16	361	53	0
18	54	362	0
18	363	54	0
19	55	56	0
20	56	55	0
20	55	58	0
19	364	55	0
20	57	56	0
19	56	365	0
20	58	57	0
21	57	58	0
21	366	57	0
21	58	367	0
19	59	368	0
19	369	59	0
21	60	370	0
21	371	60	0
22	205	206	-1
23	206	207	-1
70	207	596	-1
25	209	210	-1
93	210	634	-1
27	212	213	-1
28	213	214	-1
29	214	215	-1
30	215	216	-1
32	218	219	-1
95	218	638	-1
33	219	220	-1
35	222	223	-1
78	222	609	-1
37	225	226	-1
84	225	615	-1
87	226	619	-1
39	228	229	-1
80	229	611	-1
41	231	232	-1
42	232	233	-1
44	235	236	-1
90	235	629	-1
45	236	237	-1
46	238	239	-1
47	239	240	-1
48	240	241	-1
69	242	488	0
69	489	242	0
2	262	244	0
2	244	545	0
3	245	378	0
3	379	245	0
4	246	380	0
4	381	246	0
5	247	492	0
5	493	247	0
79	248	446	0
79	447	248	0
7	249	386	0
7	387	249	0
8	250	494	0
8	542	250	0
9	439	251	0
9	251	624	0
10	252	392	0
10	393	252	0
10	253	315	0
10	394	253	0
12	254	396	0
12	397	254	0
12	398	255	0
12	255	399	0
13	402	257	0
13	257	403	0
15	406	259	0
15	259	407	0
16	260	408	0
16	409	260	0
16	410	261	0
16	261	411	0
18	413	262	0
2	413	262	0
18	262	641	0
18	414	263	0
18	263	415	0
19	264	584	0
19	591	264	0
19	418	265	0
19	265	419	0
21	266	420	0
21	421	266	0
21	422	267	0
21	267	423	0
13	268	402	0
69	268	452	0
13	452	268	0
50	452	268	0
69	524	268	0
50	268	625	0
69	496	269	0
69	269	497	0
92	500	271	0
92	271	501	0
2	272	460	0
2	562	272	0
3	378	274	0
3	274	595	0
3	275	379	0
3	593	275	0
4	329	277	0
4	277	381	0
5	278	502	0
5	503	278	0
5	504	279	0
5	279	505	0
79	280	468	0
79	469	280	0
79	470	281	0
79	281	471	0
7	386	282	0
7	335	283	0
7	283	387	0
8	284	506	0
8	507	284	0
8	540	285	0
8	285	543	0
9	286	476	0
9	547	286	0
9	478	287	0
9	287	479	0
10	288	340	0
10	392	288	0
10	341	289	0
10	289	394	0
12	290	342	0
12	396	290	0
12	343	291	0
12	291	398	0
10	344	292	0
10	292	393	0
10	315	293	0
10	293	345	0
12	346	294	0
12	294	397	0
12	295	347	0
12	399	295	0
13	627	296	0
13	296	637	0
15	351	299	0
15	299	406	0
13	301	353	0
13	403	301	0
15	354	302	0
15	302	405	0
15	303	355	0
15	407	303	0
16	304	356	0
16	408	304	0
16	357	305	0
16	305	410	0
18	306	358	0
18	412	306	0
18	359	307	0
92	307	359	0
49	359	307	0
18	307	414	0
92	414	307	0
53	414	307	0
49	307	553	0
53	307	563	0
16	360	308	0
16	308	409	0
16	309	361	0
16	411	309	0
18	575	310	0
18	310	617	0
18	311	363	0
18	415	311	0
19	312	364	0
19	636	312	0
19	365	313	0
19	313	418	0
21	314	366	0
21	420	314	0
21	315	422	0
21	633	315	0
19	368	316	0
19	316	417	0
19	317	369	0
19	419	317	0
21	370	318	0
21	318	421	0
21	319	371	0
21	423	319	0
69	320	508	0
69	509	320	0
69	425	321	0
69	321	511	0
2	324	428	0
2	460	324	0
3	595	326	0
95	638	326	-1
5	330	516	0
5	517	330	0
5	518	331	0
5	331	519	0
79	332	432	0
79	468	332	0
79	333	470	0
80	611	333	-1
8	337	474	0
8	522	337	0
9	476	338	0
9	338	548	0
9	437	339	0
9	339	478	0
13	637	348	0
15	405	350	1
91	405	350	1
91	350	564	-1
92	353	374	0
13	353	400	0
92	400	353	0
18	551	359	0
49	553	359	0
18	362	575	0
21	367	633	0
69	523	372	0
69	372	524	0
69	373	439	0
69	526	373	0
92	374	528	0
2	376	461	0
2	544	376	0
78	609	380	-1
5	531	382	0
5	382	532	0
5	383	533	0
5	534	383	0
79	446	384	0
79	384	469	0
79	385	447	0
79	471	385	0
8	535	388	0
8	388	536	0
8	541	389	0
8	389	546	0
9	390	603	0
9	626	390	0
9	552	391	0
9	391	573	0
92	501	400	0
13	400	627	0
91	631	405	-1
18	558	412	0
2	429	413	0
18	617	413	0
92	457	414	0
53	640	414	0
19	584	416	0
19	416	636	0
19	417	591	0
69	508	424	0
69	424	628	0
70	596	425	-1
5	430	484	0
5	516	430	0
5	431	518	0
87	619	431	-1
8	487	435	0
8	435	522	0
9	548	436	0
69	488	438	0
69	438	523	0
69	439	489	0
9	573	439	0
2	442	544	0
2	545	442	0
5	492	444	0
5	444	531	0
5	445	493	0
5	533	445	0
8	494	448	0
8	448	535	0
8	449	542	0
8	546	449	0
9	624	450	0
9	450	626	0
69	452	509	0
50	554	452	0
69	454	496	0
69	511	454	0
69	497	455	0
69	455	526	0
92	528	457	0
92	458	500	0
93	634	458	-1
2	461	562	0
5	502	464	0
5	464	517	0
5	465	503	0
5	532	465	0
5	466	504	0
5	519	466	0
5	505	467	0
5	467	534	0
8	506	472	0
8	472	521	0
8	473	507	0
8	536	473	0
8	474	540	0
8	475	541	0
8	543	475	0
9	477	547	0
9	603	477	0
9	479	552	0
84	615	484	-1
90	629	521	-1
50	585	554	0
18	574	558	0
53	563	589	0
91	564	631	-1
18	594	574	0
50	625	585	0
53	589	608	0
18	623	594	0
53	608	640	0
18	632	623	0
18	641	632	0
