391
53
497
0	 3.144850592090026e+02 -2.701891876599734e+02  4.000000000000000e+03	 4.924885928630829e-03  4.924885928630829e-03 -1.190093258849367e-18	1.000000000000000e+00	506	1	0
1	1.000000000000000e+03 4.153257531310242e+02 4.000000000000000e+03	0.000000000000000e+00 0.000000000000000e+00 0.000000000000000e+00	1.000000000000000e+00	506	1	1
2	1.000000000000000e+03 1.000000000000000e+03 3.415325753131025e+03	0.000000000000000e+00 0.000000000000000e+00 0.000000000000000e+00	1.000000000000000e+00	506	1	2
4	-1.000000000000000e+03 -9.626841724268617e+01  3.760442978750966e+03	 2.814041970388979e-18 -1.156362891197205e-02 -1.156362891197205e-02	1.000000000000000e+00	506	1	4
5	-1.000000000000000e+03 -1.000000000000000e+03  2.856711395993652e+03	0.000000000000000e+00 0.000000000000000e+00 0.000000000000000e+00	1.000000000000000e+00	506	1	5
7	5.861924494100643e+02 1.000000000000000e+03 1.803679315211077e+03	4.274012986570597e-03 9.236152582682529e-20 4.274012986570597e-03	1.000000000000000e+00	506	1	7
8	1.000000000000000e+03 1.000000000000000e+03 2.217486865801013e+03	0.000000000000000e+00 0.000000000000000e+00 0.000000000000000e+00	1.000000000000000e+00	506	1	8
9	 1.000000000000000e+03 -7.825131341989875e+02  4.000000000000000e+03	0.000000000000000e+00 0.000000000000000e+00 0.000000000000000e+00	1.000000000000000e+00	506	1	9
10	 7.825131341989878e+02 -1.000000000000000e+03  4.000000000000000e+03	0.000000000000000e+00 0.000000000000000e+00 0.000000000000000e+00	1.000000000000000e+00	506	1	10
11	-5.402369298461750e+00 -1.000000000000000e+03  3.212084496502551e+03	1.653960905969143e-03 1.412837584225421e-19 1.653960905969143e-03	1.000000000000000e+00	506	1	11
13	 1.000000000000000e+03 -8.865608922057086e+02  0.000000000000000e+00	0.000000000000000e+00 0.000000000000000e+00 0.000000000000000e+00	1.000000000000000e+00	487	1	13
14	 8.865608922057086e+02 -1.000000000000000e+03  0.000000000000000e+00	0.000000000000000e+00 0.000000000000000e+00 0.000000000000000e+00	1.000000000000000e+00	487	1	14
15	 1.735755953853635e+02 -1.000000000000000e+03  7.129852968203451e+02	 1.368384272791445e-02  3.513630689555187e-18 -1.368384272791445e-02	1.000000000000000e+00	487	1	15
17	-4.320901935349040e+02 -1.000000000000000e+03  4.000000000000000e+03	0.000000000000000e+00 0.000000000000000e+00 0.000000000000000e+00	1.000000000000000e+00	497	1	17
18	-2.613312221928283e+01 -1.000000000000000e+03  3.594042928684379e+03	 2.322100568562746e-03  9.203254368356460e-20 -2.322100568562746e-03	1.000000000000000e+00	497	1	18
19	6.260582215921476e+02 1.000000000000000e+03 3.627170412350077e+03	-3.380878129974007e-03 -2.253762954720236e-18 -3.380878129974008e-03	1.000000000000000e+00	19	1	19
20	-1.000000000000000e+03  1.000000000000000e+03  2.001112190757930e+03	0.000000000000000e+00 0.000000000000000e+00 0.000000000000000e+00	1.000000000000000e+00	19	1	20
21	-1.000000000000000e+03 -1.000000000000000e+03  1.112190757929056e+00	0.000000000000000e+00 0.000000000000000e+00 0.000000000000000e+00	1.000000000000000e+00	19	1	21
23	-1.000000000000000e+03 -3.508110798455477e+02  7.851256548963099e+02	 2.285942607819413e-19  3.044354263693094e-03 -3.044354263693094e-03	1.000000000000000e+00	453	1	23
24	-1.000000000000000e+03  4.343145750507622e+02  0.000000000000000e+00	0.000000000000000e+00 0.000000000000000e+00 0.000000000000000e+00	1.000000000000000e+00	453	1	24
26	1.000000000000000e+03 3.430932451688755e+02 2.529618423999902e+03	-2.182801703779801e-18  9.791522286832333e-03  9.791522286832331e-03	1.000000000000000e+00	26	1	26
27	1.000000000000000e+03 1.000000000000000e+03 3.186525178831027e+03	0.000000000000000e+00 0.000000000000000e+00 0.000000000000000e+00	1.000000000000000e+00	26	1	27
28	4.920061645994440e+02 1.000000000000000e+03 2.678531343430472e+03	 1.020377222448587e-02 -1.304806460250579e-18  1.020377222448587e-02	1.000000000000000e+00	26	1	28
29	-4.248469426696515e+02  1.000000000000000e+03  2.031544560927710e+03	 1.917692366987467e-03 -2.077658298480197e-18 -1.917692366987466e-03	1.000000000000000e+00	506	1	29
30	1.000000000000000e+03 1.000000000000000e+03 6.066976182580577e+02	0.000000000000000e+00 0.000000000000000e+00 0.000000000000000e+00	1.000000000000000e+00	506	1	30
31	1.000000000000000e+03 3.933023817419428e+02 0.000000000000000e+00	0.000000000000000e+00 0.000000000000000e+00 0.000000000000000e+00	1.000000000000000e+00	506	1	31
32	7.327891643606125e+02 1.260915461025547e+02 0.000000000000000e+00	9.796184021979570e-03 9.796184021979570e-03 5.977165479696696e-19	1.000000000000000e+00	506	1	32
33	1.000000000000000e+03 8.702993586298910e+02 2.010004478500384e+03	-3.438510622375076e-19  6.379460450261831e-03  6.379460450261831e-03	1.000000000000000e+00	506	1	33
34	 1.000000000000000e+03 -1.000000000000000e+03  1.397051198704921e+02	0.000000000000000e+00 0.000000000000000e+00 0.000000000000000e+00	1.000000000000000e+00	506	1	34
35	-1.000000000000000e+03 -1.000000000000000e+03  2.139705119870493e+03	0.000000000000000e+00 0.000000000000000e+00 0.000000000000000e+00	1.000000000000000e+00	506	1	35
36	-1.000000000000000e+03  2.538381126443543e+02  3.393543232514846e+03	-1.323635772333912e-19 -5.287352018058300e-03 -5.287352018058300e-03	1.000000000000000e+00	506	1	36
37	-5.395224740453357e+02  2.679934700697016e+02  1.091772870152029e+03	0.000000000000000e+00 0.000000000000000e+00 0.000000000000000e+00	1.000000000000000e+00	55	0	37
38	 2.192031021678290e+02 -4.907321061434644e+02  2.609224022578360e+03	0.000000000000000e+00 0.000000000000000e+00 0.000000000000000e+00	1.000000000000000e+00	55	0	38
39	-1.088944443027285e+02 -1.626345596729055e+02  2.937321569048918e+03	0.000000000000000e+00 0.000000000000000e+00 0.000000000000000e+00	1.000000000000000e+00	55	0	39
40	-8.676200205158938e+02  5.960910165402597e+02  1.419870416622587e+03	0.000000000000000e+00 0.000000000000000e+00 0.000000000000000e+00	1.000000000000000e+00	55	0	40
41	-1.342490271503225e+02 -8.934921262891912e+01  1.854388999745663e+03	7.340468039425710e-03 6.431315055427453e-03 9.091529839982591e-04	1.000000000000000e+00	55	0	41
42	-5.079205778942220e+02  1.951752782590304e+02  2.180485597525488e+03	-5.496756639331579e-03 -6.419220007956028e-03  9.224633686244488e-04	1.000000000000000e+00	55	0	42
43	-6.102331521639902e+02 -7.551900423072325e+02  1.997576656851997e+03	0.000000000000000e+00 0.000000000000000e+00 0.000000000000000e+00	1.000000000000000e+00	506	0	43
44	1.824335495461293e+02 3.747665940288726e+01 3.582910060272236e+03	0.000000000000000e+00 0.000000000000000e+00 0.000000000000000e+00	1.000000000000000e+00	506	0	44
45	9.984347750354049e+02 8.534778848921627e+02 2.766908834782960e+03	0.000000000000000e+00 0.000000000000000e+00 0.000000000000000e+00	1.000000000000000e+00	506	0	45
46	2.057680733252850e+02 6.081118318204353e+01 1.181575431362721e+03	0.000000000000000e+00 0.000000000000000e+00 0.000000000000000e+00	1.000000000000000e+00	506	0	46
47	-2.188032872322057e+02 -3.120195407279587e+02  2.832177023363055e+03	-1.703591287756960e-02  2.468998714660605e-02  7.654074269036452e-03	1.000000000000000e+00	506	0	47
48	6.873205439111583e+02 3.708354529263536e+02 1.973152171692904e+03	 1.381316198967397e-02 -1.537059177644551e-02 -1.557429786771536e-03	1.000000000000000e+00	506	0	48
49	-7.756961389616431e+02  2.248599564173224e+02  3.792213667503454e+03	0.000000000000000e+00 0.000000000000000e+00 0.000000000000000e+00	1.000000000000000e+00	506	0	49
50	 9.142890680742061e+02 -6.201326471006022e+02  2.947221063985530e+03	0.000000000000000e+00 0.000000000000000e+00 0.000000000000000e+00	1.000000000000000e+00	506	0	50
51	 6.965001794687494e+02 -8.379215357060586e+02  2.729432175380073e+03	0.000000000000000e+00 0.000000000000000e+00 0.000000000000000e+00	1.000000000000000e+00	506	0	51
52	-9.934850275670996e+02  7.071067811865984e+00  3.574424778897997e+03	0.000000000000000e+00 0.000000000000000e+00 0.000000000000000e+00	1.000000000000000e+00	506	0	52
53	 6.834649519575225e+01 -2.073310628951484e+02  3.380362052658530e+03	-3.299924428574741e-04 -5.684790667146444e-04  8.984715095721185e-04	1.000000000000000e+00	506	0	53
54	-1.497538524694337e+02 -5.240896754114117e+02  3.261854347023610e+03	-1.326853021358451e-03 -1.180845937536409e-02  1.313531239672253e-02	1.000000000000000e+00	506	0	54
55	-3.705239533417505e+02 -6.554879861599293e+02  2.054145199346920e+03	0.000000000000000e+00 0.000000000000000e+00 0.000000000000000e+00	1.000000000000000e+00	55	0	55
56	3.577960312803930e+02 7.283199846221450e+01 5.975052301026326e+02	0.000000000000000e+00 0.000000000000000e+00 0.000000000000000e+00	1.000000000000000e+00	55	0	56
57	6.279108216936542e+02 3.429467888754754e+02 8.676200205158938e+02	0.000000000000000e+00 0.000000000000000e+00 0.000000000000000e+00	1.000000000000000e+00	55	0	57
58	-1.004091629284902e+02 -3.853731957466687e+02  2.324259989760182e+03	0.000000000000000e+00 0.000000000000000e+00 0.000000000000000e+00	1.000000000000000e+00	55	0	58
59	 1.547327488881216e+02 -3.953904813425667e+02  1.268790992299685e+03	 2.284329229344924e-02 -1.289008433620135e-02 -9.953207957247892e-03	1.000000000000000e+00	55	0	59
60	2.422736661380470e+02 9.774937626814184e-01 1.595226471184295e+03	-1.159173562579478e-03  1.310970740936076e-03 -1.517971783565978e-04	1.000000000000000e+00	55	0	60
205	 3.144850592090026e+02 -2.701891876599734e+02  4.500000000000000e+03	0.000000000000000e+00 0.000000000000000e+00 0.000000000000000e+00	1.000000000000000e+00	506	-1	0
206	1.353553390593274e+03 4.153257531310242e+02 4.353553390593273e+03	0.000000000000000e+00 0.000000000000000e+00 0.000000000000000e+00	1.000000000000000e+00	506	-1	1
207	1.353553390593274e+03 1.353553390593274e+03 3.415325753131025e+03	0.000000000000000e+00 0.000000000000000e+00 0.000000000000000e+00	1.000000000000000e+00	506	-1	2
209	-1.500000000000000e+03 -9.626841724268617e+01  3.760442978750966e+03	0.000000000000000e+00 0.000000000000000e+00 0.000000000000000e+00	1.000000000000000e+00	506	-1	4
210	-1.353553390593274e+03 -1.353553390593274e+03  2.856711395993652e+03	0.000000000000000e+00 0.000000000000000e+00 0.000000000000000e+00	1.000000000000000e+00	506	-1	5
212	5.861924494100643e+02 1.500000000000000e+03 1.803679315211077e+03	0.000000000000000e+00 0.000000000000000e+00 0.000000000000000e+00	1.000000000000000e+00	506	-1	7
213	1.353553390593274e+03 1.353553390593274e+03 2.217486865801013e+03	0.000000000000000e+00 0.000000000000000e+00 0.000000000000000e+00	1.000000000000000e+00	506	-1	8
214	 1.353553390593274e+03 -7.825131341989875e+02  4.353553390593273e+03	0.000000000000000e+00 0.000000000000000e+00 0.000000000000000e+00	1.000000000000000e+00	506	-1	9
215	 7.825131341989878e+02 -1.353553390593274e+03  4.353553390593273e+03	0.000000000000000e+00 0.000000000000000e+00 0.000000000000000e+00	1.000000000000000e+00	506	-1	10
216	-5.402369298461752e+00 -1.500000000000000e+03  3.212084496502551e+03	0.000000000000000e+00 0.000000000000000e+00 0.000000000000000e+00	1.000000000000000e+00	506	-1	11
218	 1.353553390593274e+03 -8.865608922057086e+02 -3.535533905932737e+02	0.000000000000000e+00 0.000000000000000e+00 0.000000000000000e+00	1.000000000000000e+00	487	-1	13
219	 8.865608922057086e+02 -1.353553390593274e+03 -3.535533905932737e+02	0.000000000000000e+00 0.000000000000000e+00 0.000000000000000e+00	1.000000000000000e+00	487	-1	14
220	 1.735755953853635e+02 -1.500000000000000e+03  7.129852968203451e+02	0.000000000000000e+00 0.000000000000000e+00 0.000000000000000e+00	1.000000000000000e+00	487	-1	15
222	-4.320901935349040e+02 -1.353553390593274e+03  4.353553390593273e+03	0.000000000000000e+00 0.000000000000000e+00 0.000000000000000e+00	1.000000000000000e+00	497	-1	17
223	-2.613312221928284e+01 -1.500000000000000e+03  3.594042928684379e+03	0.000000000000000e+00 0.000000000000000e+00 0.000000000000000e+00	1.000000000000000e+00	497	-1	18
224	6.260582215921476e+02 1.500000000000000e+03 3.627170412350077e+03	0.000000000000000e+00 0.000000000000000e+00 0.000000000000000e+00	1.000000000000000e+00	19	-1	19
225	-1.353553390593274e+03  1.353553390593274e+03  2.001112190757930e+03	0.000000000000000e+00 0.000000000000000e+00 0.000000000000000e+00	1.000000000000000e+00	19	-1	20
226	-1.353553390593274e+03 -1.353553390593274e+03  1.112190757929058e+00	0.000000000000000e+00 0.000000000000000e+00 0.000000000000000e+00	1.000000000000000e+00	19	-1	21
228	-1.500000000000000e+03 -3.508110798455477e+02  7.851256548963099e+02	0.000000000000000e+00 0.000000000000000e+00 0.000000000000000e+00	1.000000000000000e+00	453	-1	23
229	-1.353553390593274e+03  4.343145750507622e+02 -3.535533905932737e+02	0.000000000000000e+00 0.000000000000000e+00 0.000000000000000e+00	1.000000000000000e+00	453	-1	24
231	1.500000000000000e+03 3.430932451688755e+02 2.529618423999902e+03	0.000000000000000e+00 0.000000000000000e+00 0.000000000000000e+00	1.000000000000000e+00	26	-1	26
232	1.353553390593274e+03 1.353553390593274e+03 3.186525178831027e+03	0.000000000000000e+00 0.000000000000000e+00 0.000000000000000e+00	1.000000000000000e+00	26	-1	27
233	4.920061645994440e+02 1.500000000000000e+03 2.678531343430472e+03	0.000000000000000e+00 0.000000000000000e+00 0.000000000000000e+00	1.000000000000000e+00	26	-1	28
234	-4.248469426696515e+02  1.500000000000000e+03  2.031544560927710e+03	0.000000000000000e+00 0.000000000000000e+00 0.000000000000000e+00	1.000000000000000e+00	506	-1	29
235	1.353553390593274e+03 1.353553390593274e+03 6.066976182580577e+02	0.000000000000000e+00 0.000000000000000e+00 0.000000000000000e+00	1.000000000000000e+00	506	-1	30
236	 1.353553390593274e+03  3.933023817419428e+02 -3.535533905932737e+02	0.000000000000000e+00 0.000000000000000e+00 0.000000000000000e+00	1.000000000000000e+00	506	-1	31
237	 7.327891643606125e+02  1.260915461025547e+02 -5.000000000000000e+02	0.000000000000000e+00 0.000000000000000e+00 0.000000000000000e+00	1.000000000000000e+00	506	-1	32
238	1.500000000000000e+03 8.702993586298910e+02 2.010004478500384e+03	0.000000000000000e+00 0.000000000000000e+00 0.000000000000000e+00	1.000000000000000e+00	506	-1	33
239	 1.353553390593274e+03 -1.353553390593274e+03  1.397051198704921e+02	0.000000000000000e+00 0.000000000000000e+00 0.000000000000000e+00	1.000000000000000e+00	506	-1	34
240	-1.353553390593274e+03 -1.353553390593274e+03  2.139705119870493e+03	0.000000000000000e+00 0.000000000000000e+00 0.000000000000000e+00	1.000000000000000e+00	506	-1	35
241	-1.500000000000000e+03  2.538381126443543e+02  3.393543232514846e+03	0.000000000000000e+00 0.000000000000000e+00 0.000000000000000e+00	1.000000000000000e+00	506	-1	36
242	-5.380289105739993e+01  4.157705901743733e+02  2.945752271899251e+03	7.656784097586448e-04 5.292177132408445e-04 2.364606965178003e-04	1.000000000000000e+00	506	0	242
243	-2.531442276647838e+02 -3.247865086694778e+02  2.785069114988958e+03	-2.631667605882942e-18  1.775474578607827e-02  1.775474578607827e-02	1.000000000000000e+00	506	0	243
244	 2.044198823378346e+02 -3.753001802852975e+01  2.459436766167377e+03	-8.386052058388790e-03 -3.901120896140735e-03 -4.484931162248055e-03	1.000000000000000e+00	506	0	244
245	 5.952580497892893e+02 -6.115776180810260e+02  6.797252243353932e+02	 6.254310098787149e-03 -6.652063534905513e-03 -1.290637363369266e-02	1.000000000000000e+00	487	0	245
246	 9.155079835466630e+01 -5.976628744533937e+02  3.878696133657036e+03	-1.895489528154333e-02 -4.976943756143251e-03  1.397795152540008e-02	1.000000000000000e+00	497	0	246
247	3.746465089073391e+02 3.530143966620547e+01 2.411060139331474e+03	-5.369501256306346e-03  5.040354027490442e-03 -3.291472288159032e-04	1.000000000000000e+00	19	0	247
248	-3.282570397642806e+02 -6.086269732359298e+02  3.711985880509725e+02	-1.249419059604406e-03  6.505158264189959e-03 -5.255739204585552e-03	1.000000000000000e+00	453	0	248
249	7.575376697572527e+02 6.586793837614808e+02 2.602742232349760e+03	8.759459635863701e-03 3.663091609875361e-03 1.242255124573906e-02	1.000000000000000e+00	26	0	249
250	1.468309531486695e+02 5.911822554490733e+02 1.051048920558461e+03	8.214362082071602e-03 9.342295001260936e-03 1.127932919189334e-03	1.000000000000000e+00	506	0	250
251	3.268980780383063e+00 5.573013486373211e+02 2.693737487727431e+03	4.025735543109476e-04 1.956863765371963e-03 1.554290211061016e-03	1.000000000000000e+00	506	0	251
252	-2.964936289092094e+02  1.354272645378495e+02  1.467367920820008e+03	 7.160254792931179e-03  7.839927411017319e-03 -6.796726180861391e-04	1.000000000000000e+00	55	0	252
253	 1.622824371283189e+01 -3.163698662819800e+02  2.231886924261878e+03	5.807828474644339e-04 5.326033369783545e-04 4.817951048607937e-05	7.500000000000000e-01	55	0	253
254	-2.702162101579551e+02  5.837475450826339e+01  2.554990489012522e+03	 3.367429734983792e-03  4.200046047723542e-03 -8.326163127397497e-04	1.000000000000000e+00	55	0	254
255	-7.333823720797532e+02  3.485508522475030e+02  1.801648229351485e+03	-1.137825757420311e-02 -1.225912473940601e-02  8.808671652028957e-04	1.000000000000000e+00	55	0	255
256	-2.602920370639550e+02 -7.113355992629469e+02  2.391372214996318e+03	 8.388999228676160e-02 -4.030352334181467e-02  4.358646894494692e-02	1.000000000000000e+00	506	0	256
257	-5.036427194060698e+01 -1.254875566572872e+02  3.187148022725326e+03	-4.415183250481884e-03  3.717268894736966e-03 -6.979143557449182e-04	1.000000000000000e+00	506	0	257
258	9.400533920616716e+02 5.134540669869654e+02 2.368503633904030e+03	 3.758713944504658e-02 -4.168695614983638e-02 -4.099816704789796e-03	1.000000000000000e+00	506	0	258
259	4.314740846406565e+02 2.271993357260480e+02 1.573669595222097e+03	 1.944105606526136e-03 -2.768458332866430e-03 -8.243527263402939e-04	1.000000000000000e+00	506	0	259
260	-3.513770575936936e+02  7.246572443528898e+01  3.520288818117538e+03	 4.510357199857635e-04  8.086425291063884e-03 -8.537461011049649e-03	1.000000000000000e+00	506	0	260
261	 4.872987342395804e+02 -4.453879063662714e+02  3.199466657085824e+03	-9.203990533327065e-04 -4.896717165441563e-03  5.817116218774268e-03	1.000000000000000e+00	506	0	261
262	 1.852619766708759e+02 -3.458766464059948e+02  2.748625488877884e+03	 1.185196092335606e-18  2.412105258554220e-02 -2.412105258554221e-02	1.000000000000000e+00	506	0	262
263	-5.355272123697108e+02 -2.131723487873380e+02  3.336710380299812e+03	 1.361548372854789e-02  6.326257561643918e-03 -1.994174129019181e-02	1.000000000000000e+00	506	0	263
264	 5.804892881635926e+01 -7.270233541417040e+02  1.697107685170585e+03	 1.785306975943968e-02 -1.864307076903060e-02  7.900010095909236e-04	7.500000000000000e-01	55	0	264
265	 2.125061180432642e+02 -1.452060777094597e+02  9.608332195114356e+02	 1.136013558910539e-02 -9.896953861850003e-03 -1.463181727255384e-03	1.000000000000000e+00	55	0	265
266	4.465069743494038e+02 1.616293470538774e+02 1.230341309681742e+03	-3.413873873796547e-04  3.222554714739090e-04  1.913191590574571e-05	1.000000000000000e+00	55	0	266
267	 3.404706135103666e+01 -1.527153625682618e+02  1.957145932302248e+03	-5.074770636080454e-03  5.350552518696834e-03 -2.757818826163808e-04	1.000000000000000e+00	55	0	267
268	1.552703204154282e+01 2.616295090390248e+01 3.404689834268665e+03	-1.475544692948460e-02  5.873862740200005e-18 -1.475544692948461e-02	1.000000000000000e+00	506	0	268
269	-2.715397103429909e+02  7.272564947698161e+02  2.416529548018217e+03	7.463889118904869e-03 6.109724830215176e-03 1.354164288689693e-03	1.000000000000000e+00	506	0	269
270	-5.546806780826684e+02 -1.529237772967117e+02  3.258468296779608e+03	6.647120423925420e-03 8.339972972559432e-03 1.692852548634013e-03	1.000000000000000e+00	506	0	270
271	-8.887119289852858e+01 -8.205909318454089e+02  2.124991657046771e+03	-1.590546593070030e-02 -1.434083003550768e-02  1.564635895192623e-03	1.000000000000000e+00	506	0	271
272	3.877406536657424e+02 4.936987009801196e+02 2.111528818486635e+03	-4.316207438629742e-03 -3.990427552101513e-04 -3.917164683419590e-03	1.000000000000000e+00	506	0	272
274	 8.148533891861566e+02 -4.004949320471367e+02  6.712125709724151e+02	 7.326431572437286e-03 -9.020529687404633e-03 -1.634696125984192e-02	1.000000000000000e+00	487	0	274
275	 3.742983499579071e+02 -8.271486121196324e+02  6.851139301281689e+02	-3.031000122427940e-02  3.513900004327297e-02  6.544900126755238e-02	7.500000000000000e-01	487	0	275
276	 1.959574857587496e+02 -3.719523207063463e+02  4.000000000000000e+03	-1.250851573422551e-02 -1.250851573422551e-02 -1.088669341117390e-17	1.000000000000000e+00	497	1	276
277	 4.124468585396002e+01 -7.983746048581613e+02  3.728290515752975e+03	-8.645867773642143e-03 -2.364313385138909e-03  6.281554388503234e-03	1.000000000000000e+00	497	0	277
278	5.391759853731235e+02 4.968182677988472e+02 3.037106443929900e+03	-2.929550867217282e-03  1.841451817502578e-03 -1.088099049714704e-03	1.000000000000000e+00	19	0	278
279	 2.962138043267429e+02 -4.972018203776774e+02  1.800124174706995e+03	 4.450492269825190e-04 -2.065492299152538e-04  2.384999970672652e-04	1.000000000000000e+00	19	0	279
280	-6.622104292468000e+02 -4.825669530203232e+02  5.790919573178854e+02	-5.394467928757271e-04  4.520010707589488e-03 -3.980563914713760e-03	1.000000000000000e+00	453	0	280
281	 2.360477469304349e-01 -7.096358331122796e+02  1.437143604161111e+02	-2.024318246791760e-03  8.966741229717931e-03 -6.942422982926170e-03	1.000000000000000e+00	453	0	281
282	8.951972666859901e+02 4.852587553811092e+02 2.566981200898126e+03	1.960048452019691e-03 1.008637016639113e-03 2.968685468658805e-03	1.000000000000000e+00	26	0	282
283	6.235102591940741e+02 8.368006163156855e+02 2.646836054340786e+03	7.528162949408094e-03 3.209683733681838e-03 1.073784668308993e-02	1.000000000000000e+00	26	0	283
284	-1.362600244421938e+02  8.230652226789017e+02  1.566022865379153e+03	 1.072329372012367e-02  1.047229770726214e-02 -2.509960128615297e-04	1.000000000000000e+00	506	0	284
285	4.185216139236991e+02 3.406184997629910e+02 5.287945040973494e+02	9.892184248504538e-03 1.118763074434052e-02 1.295446495835979e-03	1.000000000000000e+00	506	0	285
286	5.132882618353066e+02 7.133761211261000e+02 2.339792979161286e+03	1.131575166558226e-03 4.384662529143195e-03 3.253087362584969e-03	1.000000000000000e+00	506	0	286
287	-4.930407205186786e+02  4.406927363453296e+02  3.073438576734501e+03	-8.821794472169131e-05 -4.123097678530030e-04 -3.240918231313117e-04	1.000000000000000e+00	506	0	287
288	-4.157388046866639e+02  2.056992971267591e+02  1.277850712453643e+03	 5.474490656827887e-03  6.572045308227341e-03 -1.097554651399453e-03	1.000000000000000e+00	55	0	288
289	 1.301062972265591e+02 -3.904843217582850e+02  2.419879433251911e+03	-3.564500996920590e-04 -4.917338907641048e-04  1.352837910720458e-04	1.000000000000000e+00	55	0	289
290	-1.463862963561507e+02 -9.230127717237497e+00  2.746425285039827e+03	7.579805770850119e-03 7.425530372226301e-03 1.542753986238192e-04	1.000000000000000e+00	55	0	290
291	-8.326322537139959e+02  4.423455609298434e+02  1.608603639034901e+03	-1.069697563070804e-02 -9.615004877559841e-03 -1.081970753148198e-03	1.000000000000000e+00	55	0	291
292	-2.024384031849922e+02  3.040552766637699e+01  1.666444883415697e+03	7.558292864511411e-03 6.521215972801049e-03 1.037076891710361e-03	1.000000000000000e+00	55	0	292
293	-4.576628539025580e+01 -1.941049904537902e+02  2.047627519330601e+03	2.643199404701591e-03 7.868552347645164e-04 1.856344169937074e-03	1.000000000000000e+00	55	0	293
294	-3.909270181150960e+02  1.242369942731980e+02  2.368417441290447e+03	-1.216209639096633e-03 -1.443593151634559e-03  2.273835125379264e-04	1.000000000000000e+00	55	0	294
295	-6.228320624499429e+02  2.688830823401369e+02  1.991866308888661e+03	-8.973914314992726e-03 -1.022630732040852e-02  1.252393005415797e-03	1.000000000000000e+00	55	0	295
296	-4.125772675529814e+02 -7.717870047833644e+02  2.178635578986874e+03	 6.086729932576418e-03 -9.034439921379089e-03 -2.947709988802672e-03	1.000000000000000e+00	506	0	296
297	 2.403735485878891e+01 -1.811169472215900e+01  3.368925511459850e+03	-1.494543789885938e-02  1.138942805118859e-02 -3.556009847670793e-03	1.000000000000000e+00	506	0	297
299	2.724926121167502e+02 1.920958311697236e+02 1.379584618141866e+03	-2.676262520253658e-04 -2.876290818676353e-04 -5.552553338930011e-04	1.000000000000000e+00	506	0	299
301	-1.035288346739176e+02 -2.723897140401434e+02  2.987081302609159e+03	-1.181941394073268e-02  9.529322308177749e-03 -2.290091632554929e-03	1.000000000000000e+00	506	0	301
302	8.012431450193857e+02 4.437752281828210e+02 2.160014548057599e+03	 1.937662453080217e-02 -2.379156819855173e-02 -4.414943667749564e-03	1.000000000000000e+00	506	0	302
303	5.686880291112159e+02 2.880292483370680e+02 1.771713452303677e+03	 6.819296744652092e-03 -8.127165841870010e-03 -1.307869097217918e-03	1.000000000000000e+00	506	0	303
304	-5.674216017572617e+02  1.773136909715572e+02  3.631485395744839e+03	-8.526700548827647e-04  7.184921298176050e-03 -6.332251243293285e-03	1.000000000000000e+00	506	0	304
305	 7.030790537097388e+02 -5.717371136608496e+02  3.110035544910244e+03	 2.863489789888264e-04 -6.339802348520607e-03  6.053453369531780e-03	1.000000000000000e+00	506	0	305
306	 5.069005097841529e+02 -6.601135776301035e+02  2.741223886988714e+03	 7.160074698428312e-03  1.121632397795717e-02 -1.837639867638548e-02	1.000000000000000e+00	506	0	306
307	-7.650631322684308e+02 -1.343502884254438e+02  3.487424239836639e+03	-4.214552463963624e-04 -8.116957175856783e-19  4.214552463963632e-04	1.000000000000000e+00	506	0	307
308	-1.376265898111660e+02 -5.346105801739132e+01  3.432465132787691e+03	 1.314827163393299e-03  4.875379187675814e-03 -6.190206351069112e-03	1.000000000000000e+00	506	0	308
309	 2.803946969745052e+02 -3.190990532862891e+02  3.280081841270918e+03	-2.381512798213710e-04 -3.266758057482851e-03  3.504909337304222e-03	1.000000000000000e+00	506	0	309
310	 8.422584801431110e+01 -6.691847527224680e+02  3.172969723850921e+03	-8.080810308456421e-03 -2.020005509257317e-02  2.828086540102959e-02	1.000000000000000e+00	506	0	310
311	-3.637497684520858e+02 -3.857370246018573e+02  3.337497612196707e+03	 4.520385409705341e-04  2.377652563154698e-04 -6.898037972860038e-04	1.000000000000000e+00	506	0	311
312	-1.469968227859949e+02 -7.660333237968952e+02  1.941163406428130e+03	 2.706458792090416e-03 -7.849108427762985e-03  5.142649635672569e-03	1.000000000000000e+00	55	0	312
313	 2.964850479688027e+02 -4.812082043032682e+01  7.797690323067643e+02	 3.568460209256348e-03 -3.384249541947308e-03 -1.842106673090410e-04	1.000000000000000e+00	55	0	313
314	5.243984072759162e+02 2.645506738779637e+02 1.049528549931144e+03	-6.568291131164490e-04  6.410569045935215e-04  1.577220852292766e-05	1.000000000000000e+00	55	0	314
315	-3.040559159102147e+01 -2.579559692955886e+02  2.126839191971634e+03	-5.403822261897936e-19  1.765436143614353e-03 -1.765436143614351e-03	1.000000000000000e+00	55	0	315
316	 1.325891717260443e+02 -5.556445038491895e+02  1.451188591968385e+03	 2.126661160339912e-02 -1.323575681696335e-02 -8.030854786435762e-03	1.000000000000000e+00	55	0	316
317	 1.668932439456424e+02 -2.612289394154614e+02  1.122468955315059e+03	 2.179430394122998e-02 -1.356659488131602e-02 -8.227709059913952e-03	1.000000000000000e+00	55	0	317
318	3.648555071499282e+02 6.318543424067942e+01 1.410436689694416e+03	-3.542854101397097e-04  1.061215763911605e-03 -7.069303537718952e-04	1.000000000000000e+00	55	0	318
319	 1.426148797443957e+02 -8.147094854845024e+01  1.777333699889078e+03	-2.656903569004498e-03  2.871264950954355e-03 -2.143613819498569e-04	1.000000000000000e+00	55	0	319
320	 2.691472519314810e+02 -5.248707335432211e+01  3.736960078416827e+03	1.136652885179501e-03 1.030233463097829e-03 1.064194220816717e-04	1.000000000000000e+00	506	0	320
321	-3.493836417571470e+02  9.017302562174881e+02  2.164211855156389e+03	6.384340658163031e-03 4.857832953954737e-03 1.526507704208294e-03	1.000000000000000e+00	506	0	321
323	 4.368113342790117e+01 -9.867021765544639e+02  1.826328086011286e+03	-3.622140114506085e-03 -8.559100485096375e-03 -4.936960370590289e-03	1.000000000000000e+00	506	0	323
324	4.883008209713662e+02 7.492407700162589e+02 1.956546916756120e+03	-4.373244009912014e-04 -6.650516297668217e-05 -3.708192380145192e-04	1.000000000000000e+00	506	0	324
326	 9.319625259563184e+02 -2.927296608552377e+02  6.618687053941524e+02	 7.500527426600456e-03 -4.813123494386673e-03 -1.231365092098713e-02	1.000000000000000e+00	487	0	326
327	 2.574071910112602e+02 -9.363113043246768e+02  6.928423968697715e+02	 4.931749900182088e-02 -8.880110954244931e-02 -1.381186085442702e-01	1.000000000000000e+00	487	0	327
329	 1.146068083010339e+01 -9.031726170339027e+02  3.653276508601090e+03	-2.974978919761876e-03 -9.875363515069089e-04  1.987442568254968e-03	1.000000000000000e+00	497	0	329
330	5.684555724581999e+02 7.643652001369711e+02 3.333932963353101e+03	-6.952040363103151e-03  3.742684610188007e-03 -3.209355752915144e-03	1.000000000000000e+00	19	0	330
331	 3.266852376034086e+02 -7.962693101632394e+02  1.531528118198099e+03	 8.544487956290444e-03 -3.575073710332314e-03  4.969414245958130e-03	1.000000000000000e+00	19	0	331
332	-8.302780478565176e+02 -4.132038311270423e+02  6.777964540343219e+02	-4.439159917334717e-04  3.966213165161510e-03 -3.522297173428039e-03	1.000000000000000e+00	453	0	332
333	 1.763586176455839e+02 -7.683438227766577e+02  2.629978018183582e+01	 1.059120986610651e-03  1.034755003638566e-02 -1.140667102299631e-02	1.000000000000000e+00	453	0	333
334	9.699964336731878e+02 3.915100090620900e+02 2.548031621566304e+03	 3.821217920631170e-03 -9.979933965951206e-04  2.823224524036050e-03	1.000000000000000e+00	26	0	334
335	5.513376734550076e+02 9.303546158280760e+02 2.668217468114110e+03	6.301680114120245e-03 3.469740506261588e-03 9.771420620381832e-03	1.000000000000000e+00	26	0	335
336	-2.680901173877691e+02  9.581687234669503e+02  1.832956459112777e+03	8.496600047995647e-03 9.075139804432789e-03 5.785397564371426e-04	1.000000000000000e+00	506	0	336
337	5.815457434845648e+02 2.502260128827013e+02 2.753778876561941e+02	9.296517741555968e-03 1.141195193243523e-02 2.115434190879266e-03	1.000000000000000e+00	506	0	337
338	7.600049554411360e+02 7.873796175797037e+02 2.167079782009060e+03	1.533246366307139e-03 7.950766826979816e-03 6.417520460672677e-03	1.000000000000000e+00	506	0	338
339	-7.487887128746124e+02  3.541509051063511e+02  3.242644737851456e+03	-4.006360347072284e-04 -2.742620379043122e-03 -2.341984344335894e-03	1.000000000000000e+00	506	0	339
340	-4.746558488162355e+02  2.403139046577945e+02  1.184319060793036e+03	 3.708610311150551e-03  4.762987606227398e-03 -1.054377295076847e-03	1.000000000000000e+00	55	0	340
341	 1.889996329360129e+02 -4.306564759395234e+02  2.518944923142603e+03	-1.196712827853238e-03 -1.609285604596759e-03  4.125727767435213e-04	1.000000000000000e+00	55	0	341
342	-9.914564894487737e+01 -7.264199485092639e+01  2.857077799584790e+03	6.007023155689240e-03 2.936898963525891e-03 3.070124192163348e-03	1.000000000000000e+00	55	0	342
343	-8.714675099357121e+02  5.096484166870964e+02  1.502465527055932e+03	-6.438419222831726e-03 -3.362073563039303e-03 -3.076345659792423e-03	1.000000000000000e+00	55	0	343
344	-1.687076121238871e+02 -3.144702103874440e+01  1.762028223181924e+03	7.546532433480024e-03 6.272091995924711e-03 1.274440437555313e-03	1.000000000000000e+00	55	0	344
345	-9.472969942046350e+01 -1.417224875887798e+02  1.946281602435383e+03	6.567386522268255e-03 6.194095980996887e-03 3.732905412713687e-04	1.000000000000000e+00	55	0	345
346	-4.496758796649078e+02  1.593863996659384e+02  2.274519174347894e+03	-3.437358653172851e-03 -4.045583773404360e-03  6.082251202315092e-04	1.000000000000000e+00	55	0	346
347	-5.657030088577594e+02  2.315657807257325e+02  2.086312664095249e+03	-7.377957187903424e-03 -8.532440095829466e-03  1.154482907926043e-03	1.000000000000000e+00	55	0	347
348	-5.073498923838467e+02 -7.847105006194862e+02  2.070939458319887e+03	 8.471519686281681e-04 -3.315821755677462e-03 -2.468669787049294e-03	1.000000000000000e+00	506	0	348
350	1.000000000000000e+03 7.545375614734726e+02 2.669533736328865e+03	-6.704000093635311e-18  2.698195166885871e-04  2.698195166885834e-04	1.000000000000000e+00	506	1	350
351	2.212498108193638e+02 1.399649547716174e+02 1.276210940446374e+03	-4.170442844042554e-05 -9.681487426860258e-05 -1.385193027090281e-04	1.000000000000000e+00	506	0	351
353	-1.434149288048619e+02 -3.112704416145551e+02  2.908314480903803e+03	-1.536615813771884e-02  2.364379012336333e-02  8.277631985644499e-03	1.000000000000000e+00	506	0	353
354	7.432533435105372e+02 4.099521457186170e+02 2.068201664084547e+03	 1.700941092955570e-02 -1.973762557220956e-02 -2.728214642653862e-03	1.000000000000000e+00	506	0	354
355	6.301993061781236e+02 3.279762747317687e+02 1.873171755765285e+03	 1.018647286885728e-02 -1.145342555052290e-02 -1.266952681665620e-03	1.000000000000000e+00	506	0	355
356	-6.784441070190733e+02  2.166092782195659e+02  3.703212313758641e+03	-1.865688245743513e-03  4.477556794881821e-03 -2.611868549138308e-03	1.000000000000000e+00	506	0	356
357	 8.192239093250623e+02 -6.184174491118762e+02  3.040571024745947e+03	 2.307350514456630e-03 -4.963133484125137e-03  2.655782969668508e-03	1.000000000000000e+00	506	0	357
358	 6.056080813527117e+02 -7.431368987463738e+02  2.725539636536426e+03	 5.154661213358243e-03  5.428161316861709e-03 -1.058282253021995e-02	1.000000000000000e+00	506	0	358
359	-9.414215945512282e+02 -1.343502884254438e+02  3.663782702119437e+03	-3.598603419959544e-03 -2.088889688376540e-18  3.598603419959546e-03	1.000000000000000e+00	506	0	359
360	-3.471693270315469e+01 -1.288920687794325e+02  3.404986486441721e+03	 1.355122173360239e-04  7.382553837184485e-04 -8.737676010544722e-04	1.000000000000000e+00	506	0	360
361	 1.740600866560085e+02 -2.644744457582475e+02  3.331791844061373e+03	-9.630526862262441e-05 -1.886364307817227e-03  1.982669576439851e-03	1.000000000000000e+00	506	0	361
362	-4.476089569470619e+01 -5.837844318294532e+02  3.216556146666922e+03	-2.252477065970500e-03 -1.692389378634592e-02  1.917637085231642e-02	1.000000000000000e+00	506	0	362
363	-2.581694022330290e+02 -4.598953116862081e+02  3.306075533062001e+03	-1.255827878291409e-03 -6.251835303070645e-03  7.507663181362052e-03	1.000000000000000e+00	506	0	363
364	-2.656163777065446e+02 -7.206478141081521e+02  2.014397451659937e+03	 3.614972035090128e-04 -3.021875357565781e-03  2.660378154056767e-03	1.000000000000000e+00	55	0	364
365	3.395782173657978e+02 6.083831390656685e+00 6.824712110887856e+02	 1.615575650551667e-03 -7.403886799390117e-04 -8.751869706126550e-04	1.000000000000000e+00	55	0	365
366	5.716515996929693e+02 3.095927032967277e+02 9.572333280953263e+02	-4.254163989874845e-04  6.664709605198974e-04 -2.410545615324130e-04	1.000000000000000e+00	55	0	366
367	-8.608718229775036e+01 -3.189094196446928e+02  2.243474233027466e+03	-5.755166639573872e-04 -8.293161517940462e-04  1.404832815751433e-03	1.000000000000000e+00	55	0	367
368	 1.466010972343817e+02 -4.726619646907875e+02  1.354194127301646e+03	 2.208351902663708e-02 -1.317530870437622e-02 -8.908210322260857e-03	1.000000000000000e+00	55	0	368
369	 1.596998249582442e+02 -3.255096010168194e+02  1.193943035903815e+03	 2.308223613848289e-02 -1.302415008346240e-02 -1.005808605502049e-02	1.000000000000000e+00	55	0	369
370	2.976791204223305e+02 3.644319095343822e+01 1.504355319709255e+03	-8.832362994629269e-04  1.119316201463031e-03 -2.360799020001044e-04	1.000000000000000e+00	55	0	370
371	 1.916710875140992e+02 -3.991226852531031e+01  1.686718812096234e+03	-1.791486642711485e-03  1.910506272300457e-03 -1.190196295889715e-04	1.000000000000000e+00	55	0	371
372	-1.933531538425168e+01  2.056500692816368e+02  3.190340368465136e+03	-5.494699347764254e-03 -3.071109997108579e-03 -2.423589350655675e-03	1.000000000000000e+00	506	0	372
373	-1.659618826324081e+02  5.707814713286180e+02  2.678582399169998e+03	4.579564537076901e-03 3.935744539679338e-03 6.438199973975619e-04	1.000000000000000e+00	506	0	373
374	-3.773380805525858e+02 -2.426492274805267e+02  2.991400249065710e+03	9.346608382960161e-03 1.164413119355837e-02 2.297522810598214e-03	1.000000000000000e+00	506	0	374
375	-2.506301979453610e+02 -6.984794111182930e+02  2.408862182820720e+03	 1.204573782160878e-02 -1.194500969722867e-02 -2.399074751883745e-02	7.500000000000000e-01	506	0	375
376	2.781909861397933e+02 2.330191394291469e+02 2.262658712511659e+03	-6.082898374491681e-03 -7.090282548839849e-04 -5.373870119607697e-03	1.000000000000000e+00	506	0	376
377	 1.982278038406142e+02 -2.666892589154416e+02  2.682403928557068e+03	-8.130380961423119e-03 -3.833217701564233e-03 -4.297163259858887e-03	1.000000000000000e+00	506	0	377
378	 7.045522449327224e+02 -5.048378824206399e+02  6.771707648523462e+02	 7.399736593166987e-03 -8.343548669169346e-03 -1.574328526233634e-02	1.000000000000000e+00	487	0	378
379	 4.853995795703833e+02 -7.195924124581261e+02  6.815689001771991e+02	 7.315663387998939e-04 -6.946863140910864e-04 -1.426252652890980e-03	1.000000000000000e+00	487	0	379
380	 1.237708744443568e+02 -4.861490673025173e+02  3.957989864718222e+03	-1.625333741928140e-02  3.482456939915817e-03  1.973579435919722e-02	1.000000000000000e+00	497	0	380
381	 6.622168374289198e+01 -6.988104298855973e+02  3.802877692836607e+03	-1.432483643293381e-02 -4.084508866071702e-03  1.024032756686211e-02	1.000000000000000e+00	497	0	381
382	4.739141197360720e+02 2.516350886642095e+02 2.726661399158211e+03	-3.956992644816637e-03  2.785514108836651e-03 -1.171478535979986e-03	1.000000000000000e+00	19	0	382
383	 2.840609912827418e+02 -2.075038012173044e+02  2.077669380823367e+03	-6.641770635421078e-03  3.346239061405261e-03 -3.295531574015816e-03	1.000000000000000e+00	19	0	383
384	-4.947214317157748e+02 -5.484861958292529e+02  4.775222025957897e+02	-7.933211357643207e-04  5.306339395853381e-03 -4.513018260089059e-03	1.000000000000000e+00	453	0	384
385	-1.637862867065833e+02 -6.612617300411775e+02  2.593625917985228e+02	-1.847146544605494e-03  7.936024107038975e-03 -6.088877562433481e-03	1.000000000000000e+00	453	0	385
386	8.230783710009385e+02 5.736846845018711e+02 2.583288234333836e+03	8.419175477077564e-03 4.067080405851206e-03 1.248625588292877e-02	1.000000000000000e+00	26	0	386
387	6.915910198681179e+02 7.466229091993539e+02 2.624739107898498e+03	8.208409883081913e-03 3.322831355035305e-03 1.153124123811722e-02	1.000000000000000e+00	26	0	387
388	-4.160573856066429e+00  6.984649886390170e+02  1.309323180753141e+03	9.282303023307273e-03 9.977638740868619e-03 6.953357175613443e-04	1.000000000000000e+00	506	0	388
389	2.948659293631953e+02 4.685860113086549e+02 7.804177002035171e+02	 9.546439192490652e-03  9.238528058631346e-03 -3.079111338593066e-04	1.000000000000000e+00	506	0	389
390	2.589256437392818e+02 6.412053975070393e+02 2.521984873638250e+03	3.740915174906452e-04 1.650271219356606e-03 1.276179701865961e-03	1.000000000000000e+00	506	0	390
391	-2.400395483306798e+02  5.053897571020332e+02  2.885134425303205e+03	5.308971352254350e-04 1.627281405186902e-03 1.096384269961466e-03	1.000000000000000e+00	506	0	391
392	-3.558626462835606e+02  1.722996573008491e+02  1.371126510682657e+03	 6.447612773627043e-03  7.646801415830851e-03 -1.199188642203808e-03	1.000000000000000e+00	55	0	392
393	-2.436379523943752e+02  8.853348914258133e+01  1.567117372730110e+03	7.553409232059494e-03 7.298258686205372e-03 2.551505458541214e-04	1.000000000000000e+00	55	0	393
394	 6.846079587661495e+01 -3.576124928673744e+02  2.325362103011056e+03	 5.900019459659234e-05  1.300926160183735e-04 -7.109242687874939e-05	7.500000000000000e-01	55	0	394
396	-2.077014278821751e+02  2.749372568239904e+01  2.648386300114167e+03	 5.520229615891973e-03  6.661543234561880e-03 -1.141313618669907e-03	1.000000000000000e+00	55	0	396
397	-3.313173611872260e+02  9.027176239072901e+01  2.461992330100786e+03	 1.099812429553519e-03  1.350244759426763e-03 -2.504323298732439e-04	1.000000000000000e+00	55	0	397
398	-7.853668250049702e+02  3.924499686702185e+02  1.705764660003552e+03	-1.161814193862180e-02 -1.184137918365498e-02  2.232372450331845e-04	1.000000000000000e+00	55	0	398
399	-6.789667245723523e+02  3.076461944050803e+02  1.896968534701308e+03	-1.037399183648328e-02 -1.155466221583386e-02  1.180670379350583e-03	1.000000000000000e+00	55	0	399
400	-3.418289457154341e+02 -7.394567035821535e+02  2.281714202025632e+03	 1.098729662286739e-02 -1.456467908186217e-02 -3.577382458994787e-03	1.000000000000000e+00	506	0	400
402	-9.907874249345589e+00 -6.677333762594247e+01  3.286318639447932e+03	-7.567868005329122e-03  6.695439670390139e-03 -8.724283349389833e-04	1.000000000000000e+00	506	0	402
403	-7.780112795285503e+01 -2.003943716496579e+02  3.084804351720707e+03	-5.861668847501278e-03  4.278264008462429e-03 -1.583404839038849e-03	1.000000000000000e+00	506	0	403
404	1.000000000000000e+03 5.652442009745080e+02 2.480240375829901e+03	-4.353948862194101e-18 -1.303299772553146e-02 -1.303299772553146e-02	1.000000000000000e+00	506	1	404
405	8.682051394524025e+02 4.765168784656394e+02 2.259718192773435e+03	 2.184667593489091e-02 -2.725745582332214e-02 -5.410779888431231e-03	1.000000000000000e+00	506	0	405
406	3.561955910737846e+02 2.086044063350935e+02 1.479796172264271e+03	 8.800348344569405e-04 -1.262176762490223e-03 -3.821419280332824e-04	1.000000000000000e+00	506	0	406
407	5.023267219291490e+02 2.545091006326597e+02 1.671831997417201e+03	 4.020134025874238e-03 -5.168024411735435e-03 -1.147890385861198e-03	1.000000000000000e+00	506	0	407
408	-4.590748306909308e+02  1.283286993255152e+02  3.572123616324548e+03	-1.656720608783263e-04  8.324826145932699e-03 -8.159154085054373e-03	1.000000000000000e+00	506	0	408
409	-2.441880732667698e+02  1.197908361854185e+01  3.473586474607362e+03	 8.745178347453473e-04  6.972735340241343e-03 -7.847253174986690e-03	1.000000000000000e+00	506	0	409
410	 5.935619250047270e+02 -5.117191885468990e+02  3.159534748501306e+03	-6.462941722323496e-04 -5.720744336334367e-03  6.367038508566718e-03	1.000000000000000e+00	506	0	410
411	 3.835201808620770e+02 -3.794116686721704e+02  3.237268972769227e+03	-7.090122671797872e-04 -4.270010103937238e-03  4.979022371117026e-03	1.000000000000000e+00	506	0	411
412	 4.132980303448261e+02 -5.774884954960871e+02  2.752201284294025e+03	 1.027523477872213e-02  1.341008798529704e-02 -2.368532276401917e-02	1.000000000000000e+00	506	0	412
413	 1.852619766708760e+02 -7.485790738391229e+02  3.151327916311011e+03	-1.491794355386305e-20 -3.164851106703281e-02  3.164851106703281e-02	1.000000000000000e+00	506	0	413
414	-5.934203265521620e+02 -1.343502884254438e+02  3.315781434120370e+03	 2.374856639653444e-02  7.491533942231752e-19 -2.374856639653445e-02	1.000000000000000e+00	506	0	414
415	-4.586457890742442e+02 -3.014702568383029e+02  3.348126865055311e+03	 6.193153715382019e-03  5.450132923821608e-03 -1.164328663920363e-02	1.000000000000000e+00	506	0	415
416	-3.644142263842912e+01 -7.709261994259053e+02  1.835500881909575e+03	 5.894157259414594e-03 -1.171547997122010e-02  5.821322711805503e-03	1.000000000000000e+00	55	0	416
417	 1.149006970031460e+02 -6.507698625010112e+02  1.564002425343105e+03	 1.580871284628908e-02 -1.129036101823052e-02 -4.518351828058561e-03	1.000000000000000e+00	55	0	417
418	 2.527103559850280e+02 -9.582231645861587e+01  8.712452203188279e+02	 6.621671433094889e-03 -6.301958987023681e-03 -3.197124460712075e-04	1.000000000000000e+00	55	0	418
419	 1.828187180689865e+02 -2.004161480664423e+02  1.045730689842696e+03	 1.750604435801506e-02 -1.293457765132189e-02 -4.571466706693172e-03	1.000000000000000e+00	55	0	419
420	4.821099048250973e+02 2.157901799907667e+02 1.140577546269159e+03	-5.148927945507845e-04  4.594565919736245e-04  5.543620257716005e-05	1.000000000000000e+00	55	0	420
421	4.130213418404462e+02 1.004643682176414e+02 1.324991921026936e+03	-6.830818553377564e-04  1.393376054087033e-04  5.437442499290530e-04	1.000000000000000e+00	55	0	421
422	-1.627903979889773e+01 -1.974526596381979e+02  2.052209330522119e+03	-1.039375194037954e-02  8.501457826544842e-03  1.892294113834699e-03	1.000000000000000e+00	55	0	422
423	 9.113416060560560e+01 -1.188997788777433e+02  1.866243249357161e+03	-3.579084159961591e-03  4.141798145913829e-03 -5.627139859522383e-04	1.000000000000000e+00	55	0	423
424	 3.150219374599376e+02 -1.392137740701288e+02  3.869561464661091e+03	4.776565280432503e-03 3.395973549534877e-03 1.380591730897625e-03	1.000000000000000e+00	506	0	424
425	-4.063012501463277e+02  9.980128172901557e+02  2.011011685694541e+03	 1.285779289901251e-03  1.285779289901262e-03 -3.396099414508352e-18	1.000000000000000e+00	506	0	425
428	5.371268807918154e+02 8.778356289425080e+02 1.876778117650320e+03	2.239770527618627e-03 3.039877240856489e-04 1.935782803532978e-03	1.000000000000000e+00	506	0	428
429	 7.121247400261747e+01 -8.844246311259077e+02  3.173123970929538e+03	 1.447273883968592e-02 -5.119464360177517e-03  1.959220319986343e-02	1.000000000000000e+00	506	0	429
430	5.733598139308182e+02 9.047420071228488e+02 3.479214011811596e+03	-5.820306483656168e-03  3.817061893641949e-03 -2.003244590014219e-03	1.000000000000000e+00	19	0	430
431	 3.323564853210105e+02 -9.581073579730795e+02  1.375361318105860e+03	 9.327426475162307e-03 -1.057838190657397e-02 -1.250955431411664e-03	1.000000000000000e+00	19	0	431
432	-9.176421891187631e+02 -3.774145878991763e+02  7.293713520687012e+02	-6.471143181746204e-04  3.871589646829913e-03 -3.224475328655293e-03	1.000000000000000e+00	453	0	432
433	 2.437670964139913e+02 -8.094525213632290e+02  0.000000000000000e+00	-9.176834719255567e-03  9.176834719255567e-03  6.465017658054316e-18	1.000000000000000e+00	453	1	433
434	-3.637725533706935e+02  1.000000000000000e+03  1.970470171628752e+03	 3.793030511587855e-03 -6.293193966677766e-18 -3.793030511587860e-03	1.000000000000000e+00	506	1	434
435	6.675040428311529e+02 2.019568721226136e+02 1.411504475495183e+02	1.032295458329221e-02 1.128461762952308e-02 9.616630462308725e-04	1.000000000000000e+00	506	0	435
436	8.920475479859449e+02 8.347597437219831e+02 2.082417315606531e+03	1.236260402947664e-03 6.299034692347050e-03 5.062774289399385e-03	1.000000000000000e+00	506	0	436
437	-8.777287300763629e+02  3.033889805070463e+02  3.320822830453902e+03	-4.863976694953940e-04 -3.910917332783962e-03 -3.424519663288569e-03	1.000000000000000e+00	506	0	437
438	-3.097911063309693e+01  3.137070590683940e+02  3.070639583429533e+03	-2.274099989638974e-03 -1.367806670411180e-03 -9.062933192277949e-04	1.000000000000000e+00	506	0	438
439	-1.119317112852008e+02  5.258786053450650e+02  2.777515436500758e+03	 3.163391507769119e-03  3.163391507769121e-03 -8.038151490671798e-19	1.000000000000000e+00	506	0	439
440	-2.844830937576419e+02 -2.914782879483063e+02  2.849716201802987e+03	 1.329943236972516e-02  1.249990633611257e-02 -7.995260336125892e-04	1.000000000000000e+00	506	0	440
441	-2.531442276647838e+02 -6.516631854165571e+02  2.458192438241878e+03	-9.484460718343686e-18 -4.916645586490634e-03 -4.916645586490629e-03	1.000000000000000e+00	506	0	441
442	2.240087795494527e+02 9.697261952368125e+01 2.344523025826784e+03	-8.029193695013722e-03 -2.371024029950301e-03 -5.658169665063421e-03	1.000000000000000e+00	506	0	442
443	 2.023780407020622e+02 -1.531357897064902e+02  2.573000696209565e+03	-8.775888786961636e-03 -4.198322693506876e-03 -4.577566093454758e-03	1.000000000000000e+00	506	0	443
444	4.330292458064744e+02 1.352081249882037e+02 2.569349561552607e+03	-5.346493911929429e-03  4.081824677996337e-03 -1.264669233933091e-03	1.000000000000000e+00	19	0	444
445	 2.999546824669388e+02 -6.485467003795647e+01  2.236212203186912e+03	-7.585152518004179e-03  5.635734181851149e-03 -1.949418336153031e-03	1.000000000000000e+00	19	0	445
446	-4.113213521526256e+02 -5.794159500183911e+02  4.250518772217786e+02	-9.898625624676547e-04  5.838686057055989e-03 -4.848823494588336e-03	1.000000000000000e+00	453	0	446
447	-2.457746679716818e+02 -6.358434404893228e+02  3.159326835117666e+02	-1.558342793335517e-03  7.252931982899706e-03 -5.694589189564188e-03	1.000000000000000e+00	453	0	447
448	6.941177627484436e+01 6.434815662231947e+02 1.180767408206408e+03	8.492936535427967e-03 9.543769837667545e-03 1.050833302239577e-03	1.000000000000000e+00	506	0	448
449	2.247578643644837e+02 5.352860028656587e+02 9.172257567592326e+02	8.694019304433217e-03 9.316967664441714e-03 6.229483600084980e-04	1.000000000000000e+00	506	0	449
450	1.311911914081355e+02 6.003125374222988e+02 2.608826465884656e+03	3.579162876121700e-04 1.688126969384030e-03 1.330210681771860e-03	1.000000000000000e+00	506	0	450
452	1.903100130149222e+02 2.616295090390254e+01 3.579472815242044e+03	-2.052116906270564e-05 -1.619045231478559e-18 -2.052116906270206e-05	7.500000000000000e-01	506	0	452
453	-1.023106341883385e+01  8.923750761339188e+01  3.315857182098799e+03	-8.717803284525871e-03 -7.360469084233046e-03 -1.357334200292826e-03	1.000000000000000e+00	506	0	453
454	-3.126950382764879e+02  8.130101495424366e+02  2.289620565312100e+03	7.917470221097270e-03 6.060074161117275e-03 1.857396059979995e-03	1.000000000000000e+00	506	0	454
455	-2.226841730384287e+02  6.466763672360482e+02  2.545965212856547e+03	6.074735933604340e-03 5.342523994234701e-03 7.322119393696387e-04	1.000000000000000e+00	506	0	455
457	-4.659445549415478e+02 -1.985788842717694e+02  3.124077066663430e+03	7.744877793205281e-03 9.664560474144917e-03 1.919682680939634e-03	1.000000000000000e+00	506	0	457
458	-2.993078463930904e+01 -9.072939010163573e+02  1.979348279616603e+03	-1.336959854234010e-02 -1.208836946170777e-02  1.281229080632329e-03	1.000000000000000e+00	506	0	458
459	-1.534585239366722e+02 -7.518722027825680e+02  2.258297717147756e+03	-2.004151046276093e-02 -2.249110862612724e-02 -2.449598163366318e-03	1.000000000000000e+00	506	0	459
460	4.399265635172049e+02 6.207103076781374e+02 2.036703121640080e+03	-3.012023458722979e-03 -4.101087106391788e-04 -2.601914748083800e-03	1.000000000000000e+00	506	0	460
461	3.308007940755635e+02 3.622960759803109e+02 2.185991583896265e+03	-4.990172029162447e-03 -5.500273158152897e-04 -4.440144713347157e-03	1.000000000000000e+00	506	0	461
464	5.581274054405947e+02 6.283985271744745e+02 3.187638123372999e+03	-4.768734875445564e-03  2.737126002709071e-03 -2.031608872736494e-03	1.000000000000000e+00	19	0	464
465	5.094385644202513e+02 3.722569405303453e+02 2.882807695708526e+03	-2.742920517145345e-03  1.871024161422004e-03 -8.718963557233413e-04	1.000000000000000e+00	19	0	465
466	 3.056219456450229e+02 -6.432828781324820e+02  1.663451258270470e+03	 3.674053315383693e-03 -1.501070490727822e-03  2.172982824655870e-03	1.000000000000000e+00	19	0	466
467	 2.895680965065093e+02 -3.521346420213856e+02  1.938545645243053e+03	-3.347670659422874e-03  1.556021277792752e-03 -1.791649381630123e-03	1.000000000000000e+00	19	0	467
468	-7.461075888291177e+02 -4.482589588899800e+02  6.286811227698596e+02	-4.682768097457787e-04  4.244494785477097e-03 -3.776217975731318e-03	1.000000000000000e+00	453	0	468
469	-5.783955890690709e+02 -5.161196414153839e+02  5.288298055352167e+02	-6.490116938948630e-04  4.895422141999006e-03 -4.246410448104143e-03	1.000000000000000e+00	453	0	469
470	 8.397550770104499e+01 -7.364769915218500e+02  8.681605887156701e+01	-2.072072898348173e-03  1.053304333860675e-02 -8.460970440258583e-03	1.000000000000000e+00	453	0	470
471	-8.211253154689479e+01 -6.853960256451531e+02  2.018231322428099e+02	-2.026026292393605e-03  8.420161049192151e-03 -6.394134756798546e-03	1.000000000000000e+00	453	0	471
472	-1.994548371597131e+02  8.915475570030924e+02  1.697700012420863e+03	 1.009324844441532e-02  9.925167081140293e-03 -1.680813632750263e-04	1.000000000000000e+00	506	0	472
473	-7.279766367309627e+01  7.582034958143452e+02  1.437698777745499e+03	1.025087760838990e-02 1.045186815705771e-02 2.009905486678088e-04	1.000000000000000e+00	506	0	473
474	4.974679670324020e+02 2.944469086453734e+02 4.036765598710291e+02	9.371504187583923e-03 1.148266904056072e-02 2.111164852976799e-03	1.000000000000000e+00	506	0	474
475	3.549108883116224e+02 3.972519334392287e+02 6.490386633856640e+02	 1.002699678065255e-02  9.682711388450116e-03 -3.442853922024370e-04	1.000000000000000e+00	506	0	475
476	6.392717812539415e+02 7.484630916044697e+02 2.248896430221021e+03	1.720622337112824e-03 7.285862773035963e-03 5.565240435923140e-03	1.000000000000000e+00	506	0	476
477	3.858221997468602e+02 6.779553422557531e+02 2.431838262379385e+03	5.266165438418587e-04 2.121794483779619e-03 1.595177939937760e-03	1.000000000000000e+00	506	0	477
478	-6.206420659551605e+02  4.000796690132084e+02  3.160426854838862e+03	-2.865792096902927e-04 -1.511704390092443e-03 -1.225125180402150e-03	1.000000000000000e+00	506	0	478
479	-3.667113781029956e+02  4.757038433621213e+02  2.982120341335610e+03	1.355736458208412e-04 5.698858149116859e-04 4.343121690908447e-04	1.000000000000000e+00	506	0	479
481	 3.272748213582244e+02 -1.912303294016666e+02  3.933830903890915e+03	6.662363574529687e-03 1.734067996342977e-03 4.928295578186711e-03	1.000000000000000e+00	506	0	481
484	5.919322102373143e+02 9.741559847993542e+02 3.567200385794598e+03	-2.840010643315812e-03  3.849825627791385e-03  1.009814984475573e-03	1.000000000000000e+00	19	0	484
485	 2.903004993479650e+02 -1.000000000000000e+03  1.291412690105894e+03	8.157209720593528e-03 6.284597718209125e-18 8.157209720593530e-03	1.000000000000000e+00	19	1	485
487	7.162395948443674e+02 1.614834895751057e+02 5.194151298879586e+01	 1.265351831292113e-02  1.133513838673631e-02 -1.318379926184814e-03	1.000000000000000e+00	506	0	487
488	-4.063682154113829e+01  3.658201484871408e+02  3.008868783102745e+03	-7.111491965285192e-04 -4.443482224208613e-04 -2.668009741076579e-04	1.000000000000000e+00	506	0	488
489	-7.196031653205122e+01  4.686499074233841e+02  2.874715529175589e+03	 1.872102031484246e-03  2.476634457707405e-03 -6.045324262231588e-04	1.000000000000000e+00	506	0	489
492	4.072839263737737e+02 8.220945247616172e+01 2.490605569607865e+03	-5.592840102811654e-03  4.674073463926713e-03 -9.187666388849417e-04	1.000000000000000e+00	19	0	492
493	 3.330999790270801e+02 -9.641246435194278e+00  2.324570923349815e+03	-6.044782154882948e-03  5.241657219206293e-03 -8.031249356766540e-04	1.000000000000000e+00	19	0	493
494	1.077316474904484e+02 6.172776476507765e+02 1.116243618418386e+03	8.269928550968567e-03 9.412417964388927e-03 1.142489413420359e-03	1.000000000000000e+00	506	0	494
496	-2.930403833878893e+02  7.695237817138543e+02  2.352761588029281e+03	7.861864830677709e-03 6.211384121949474e-03 1.650480708728234e-03	1.000000000000000e+00	506	0	496
497	-2.480631762125841e+02  6.862328418832379e+02  2.481029735035202e+03	6.836776660444836e-03 5.800477655914922e-03 1.036299004529913e-03	1.000000000000000e+00	506	0	497
499	-5.100740248602808e+02 -1.761628672387812e+02  3.190622553615151e+03	7.126830285415053e-03 8.833538508042693e-03 1.706708222627640e-03	1.000000000000000e+00	506	0	499
500	-5.967981511923494e+01 -8.633842206404599e+02  2.053006990472426e+03	-1.515968791985263e-02 -1.334651097810517e-02  1.813176941747467e-03	1.000000000000000e+00	506	0	500
501	-1.193901861901646e+02 -7.822059184829586e+02  2.193895663700857e+03	-1.754726833314635e-02 -1.717805126099847e-02  3.692170721478761e-04	1.000000000000000e+00	506	0	501
502	5.498947449629775e+02 5.619070878954368e+02 3.112914023616343e+03	-3.688678843900561e-03  2.210580743849277e-03 -1.478098100051284e-03	1.000000000000000e+00	19	0	502
503	5.255708752749347e+02 4.337080907198969e+02 2.960391156752761e+03	-2.619018351348738e-03  1.731124202099939e-03 -8.878941492487987e-04	1.000000000000000e+00	19	0	503
504	 2.996262608851644e+02 -5.697041454875838e+02  1.731034306155510e+03	 2.230451675131917e-03 -1.010661129839718e-03  1.219790545292199e-03	1.000000000000000e+00	19	0	504
505	 2.929976423616200e+02 -4.247044876383056e+02  1.869405345481244e+03	-1.476868890070667e-03  6.857407667363684e-04 -7.911281233342986e-04	1.000000000000000e+00	19	0	505
506	-1.675894178298047e+02  8.569835951240312e+02  1.631270631211894e+03	 1.049522390045847e-02  1.021795547179257e-02 -2.772684286658959e-04	1.000000000000000e+00	506	0	506
507	-1.051043297435876e+02  7.899261738263486e+02  1.501728121827994e+03	 1.061504429283862e-02  1.053509207364793e-02 -7.995221919069692e-05	1.000000000000000e+00	506	0	507
508	 2.944777318774844e+02 -9.374335059289807e+01  3.803546835601407e+03	2.683245596320679e-03 2.150290160595129e-03 5.329554357255499e-04	1.000000000000000e+00	506	0	508
509	 2.310022095244630e+02 -5.346556166255742e+00  3.651674518821743e+03	 1.758209546096623e-04  4.762829921673983e-04 -3.004620375577360e-04	1.000000000000000e+00	506	0	509
510	-3.690307665430815e+02  9.479296008083578e+02  2.098365385779585e+03	4.841470053482529e-03 4.818022822898153e-03 2.344723058437626e-05	1.000000000000000e+00	506	0	510
511	-3.308694995885190e+02  8.574871408032890e+02  2.226969112739216e+03	7.385373037929336e-03 5.592343940710029e-03 1.793029097219309e-03	1.000000000000000e+00	506	0	511
514	 1.013743372945082e+02 -1.000000000000000e+03  1.755337058699143e+03	-4.733739420771599e-03  7.193187990064942e-18  4.733739420771599e-03	1.000000000000000e+00	506	1	514
515	 3.214548380070685e+00 -9.489596362782253e+02  1.904537211335355e+03	-1.016623730538413e-02 -9.933112014550716e-03  2.331252908334131e-04	1.000000000000000e+00	506	0	515
516	5.712974031757465e+02 8.330119807977268e+02 3.405421574731402e+03	-7.276719824100534e-03  3.823865748321017e-03 -3.452854075779518e-03	1.000000000000000e+00	19	0	516
517	5.640630033693992e+02 6.961262819492166e+02 3.261301476076545e+03	-5.962178499127428e-03  3.303435941537221e-03 -2.658742557590207e-03	1.000000000000000e+00	19	0	517
518	 3.324346318652313e+02 -8.721603037079393e+02  1.461386518915221e+03	 9.988311522950729e-03 -4.781569975117843e-03  5.206741547832887e-03	1.000000000000000e+00	19	0	518
519	 3.160836406150323e+02 -7.193609943045832e+02  1.597834837068378e+03	 5.813698284327984e-03 -2.261718502268195e-03  3.551979782059789e-03	1.000000000000000e+00	19	0	519
520	-3.101680529203897e+02  9.879561926384251e+02  1.904821863816873e+03	4.621101155256231e-03 7.918486294026176e-03 3.297385138769945e-03	1.000000000000000e+00	506	0	520
521	-2.327373294802003e+02  9.256750687849096e+02  1.765110016523168e+03	9.476135596438931e-03 9.600802213147594e-03 1.246666167086610e-04	1.000000000000000e+00	506	0	521
522	6.239099978358097e+02 2.273255813200081e+02 2.101132017422561e+02	9.455326944589615e-03 1.139816269278526e-02 1.942835748195648e-03	1.000000000000000e+00	506	0	522
523	-2.420562023566119e+01  2.601600778538900e+02  3.130960055041473e+03	-3.867384279146791e-03 -2.218938199803233e-03 -1.648446079343557e-03	1.000000000000000e+00	506	0	523
524	-1.510899645452938e+01  1.504984339476413e+02  3.249718322728853e+03	-7.254506926983595e-03 -4.037055186927319e-03 -3.217451740056276e-03	1.000000000000000e+00	506	0	524
526	-1.953807495777455e+02  6.086850370695670e+02  2.611259966483712e+03	5.263092539583643e-03 4.787157677734892e-03 4.759348618487517e-04	1.000000000000000e+00	506	0	526
527	-3.327027181513856e+02 -2.655609052407496e+02  2.923853208904287e+03	1.064570061862469e-02 1.310591865330935e-02 2.460218034684658e-03	1.000000000000000e+00	506	0	527
528	-4.217790866182401e+02 -2.205771614423380e+02  3.057913321169553e+03	8.433387537176410e-03 1.055863321137925e-02 2.125245674202839e-03	1.000000000000000e+00	506	0	528
530	-1.922148942743064e+02 -7.301499194638718e+02  2.318776370804086e+03	-2.878204329560200e-02 -3.504750536133846e-02 -6.265462065736452e-03	1.000000000000000e+00	506	0	530
531	4.545900258471908e+02 1.924628707669895e+02 2.648165087372110e+03	-4.738548227275412e-03  3.430143309136231e-03 -1.308404918139179e-03	1.000000000000000e+00	19	0	531
532	4.920560260819246e+02 3.116809270903911e+02 2.804849143930245e+03	-3.221822708534698e-03  2.231924057317277e-03 -9.898986512174210e-04	1.000000000000000e+00	19	0	532
533	 2.859533304619701e+02 -1.344907445169001e+02  2.152574776702999e+03	-7.709951683258017e-03  4.583120734120409e-03 -3.126830949137608e-03	1.000000000000000e+00	19	0	533
534	 2.863167268653508e+02 -2.798192376889709e+02  2.007609679934309e+03	-5.109426487858097e-03  2.410782578711709e-03 -2.698643909146389e-03	1.000000000000000e+00	19	0	534
535	3.205880760979776e+01 6.704443959719969e+02 1.245083206620257e+03	8.836512492659191e-03 9.731341114578148e-03 8.948286219189562e-04	1.000000000000000e+00	506	0	535
536	-3.912859126621256e+01  7.277047208607646e+02  1.373530930385035e+03	9.782382248279950e-03 1.024344008571158e-02 4.610578374316298e-04	1.000000000000000e+00	506	0	536
537	-6.905608723226671e+01  5.348751712143128e+02  2.743636378317072e+03	9.218564082402739e-05 2.022752749326173e-03 1.930567108502146e-03	1.000000000000000e+00	506	0	537
538	-4.671319935377962e+02  1.000000000000000e+03  1.948193759593228e+03	 6.692814640700820e-04 -6.615984677397904e-18  6.692814640700814e-04	1.000000000000000e+00	506	1	538
539	 1.000000000000000e+03 -2.100108527088062e+02  6.765500394969024e+02	-2.521362548389861e-18 -1.169133512303233e-02 -1.169133512303233e-02	1.000000000000000e+00	487	1	539
540	4.562599134554791e+02 3.171609563132129e+02 4.675986611157913e+02	9.573939450395603e-03 1.141936591981600e-02 1.845426469420393e-03	1.000000000000000e+00	506	0	540
541	3.255145878839992e+02 4.322326533451959e+02 7.134156837192544e+02	 9.897555127584686e-03  9.347057998335609e-03 -5.504971292490763e-04	1.000000000000000e+00	506	0	541
542	1.860940449076622e+02 5.642734242939878e+02 9.848769976443831e+02	8.357964669509480e-03 9.319719645039489e-03 9.617549755300082e-04	1.000000000000000e+00	506	0	542
543	3.852932821003498e+02 3.665103898882484e+02 5.879147260459563e+02	9.971569195234528e-03 1.036857637033487e-02 3.970071751003462e-04	1.000000000000000e+00	506	0	543
544	2.523033145094768e+02 1.695307119528472e+02 2.300259468357642e+03	-6.817174144089222e-03 -8.995826356112960e-04 -5.917591508477926e-03	1.000000000000000e+00	506	0	544
545	2.081260860261054e+02 2.959732291832615e+01 2.396015628908792e+03	-8.077752931664387e-03 -2.543417581667502e-03 -5.534335349996884e-03	1.000000000000000e+00	506	0	545
546	2.612380317450670e+02 5.035011375492273e+02 8.489607240622179e+02	9.134907935125133e-03 9.284640002685288e-03 1.497320675601560e-04	1.000000000000000e+00	506	0	546
547	4.495276840207348e+02 6.957617119691713e+02 2.385939147818929e+03	7.697558030486108e-04 2.982286503538489e-03 2.212530700489879e-03	1.000000000000000e+00	506	0	547
548	8.242870318750455e+02 8.104715327846202e+02 2.125889620780067e+03	1.210935025786360e-03 7.037041281970839e-03 5.826106256184478e-03	1.000000000000000e+00	506	0	548
549	 2.033840314424729e+02 -9.612095448543259e+01  2.516991851728918e+03	-8.755161426961422e-03 -4.260576795786619e-03 -4.494584631174803e-03	1.000000000000000e+00	506	0	549
551	-9.753635155591605e+02 -5.718661064990287e+01  3.620560945351827e+03	-1.976726596088459e-03  1.222903937256585e-03  7.538226588318745e-04	1.000000000000000e+00	506	0	551
552	-3.036203882719707e+02  4.912125869564170e+02  2.934538095098880e+03	3.334323215919237e-04 1.086719440839564e-03 7.532871192476401e-04	1.000000000000000e+00	506	0	552
553	-8.451862039853473e+02 -1.282300645431555e+02  3.561427087671267e+03	-1.218504835075388e-03  9.563446122532089e-04  2.621602228221794e-04	1.000000000000000e+00	506	0	553
554	1.466557868806390e+02 1.648718312108486e+01 3.526142821324944e+03	2.501581523877879e-04 1.097164223513876e-03 1.347322375901664e-03	1.000000000000000e+00	506	0	554
558	 3.553204762787041e+02 -5.217382812048635e+02  2.754428624068923e+03	 1.122382904092471e-02  1.192666372905175e-02 -2.315049276997646e-02	1.000000000000000e+00	506	0	558
562	3.593085642189814e+02 4.287097493469760e+02 2.148085680673018e+03	-4.590968950651586e-03 -3.921759780496361e-04 -4.198792972601950e-03	1.000000000000000e+00	506	0	562
563	-7.224107888652201e+02 -1.380425558560687e+02  3.448464163864052e+03	-1.238519636293252e-03  2.675717269691328e-03 -1.437197633398076e-03	1.000000000000000e+00	506	0	563
564	1.500000000000000e+03 7.545375614734726e+02 2.669533736328865e+03	0.000000000000000e+00 0.000000000000000e+00 0.000000000000000e+00	1.000000000000000e+00	506	-1	350
566	-4.671319935377962e+02  1.500000000000000e+03  1.948193759593228e+03	0.000000000000000e+00 0.000000000000000e+00 0.000000000000000e+00	1.000000000000000e+00	506	-1	538
568	 2.437670964139913e+02 -8.094525213632290e+02 -5.000000000000000e+02	0.000000000000000e+00 0.000000000000000e+00 0.000000000000000e+00	1.000000000000000e+00	453	-1	433
573	-1.775872067337065e+02  5.175466658909718e+02  2.834838992495171e+03	9.284691962723930e-04 2.151392439069847e-03 1.222923242797454e-03	1.000000000000000e+00	506	0	573
574	 2.952776542596243e+02 -4.618045913656869e+02  2.754537756248826e+03	 9.775161432723204e-03  8.959087232748667e-03 -1.873424866547187e-02	1.000000000000000e+00	506	0	574
575	 1.788949352627494e+01 -6.231610037084293e+02  3.193282329324918e+03	-4.721694936354955e-03 -1.933186066647371e-02  2.405355560282866e-02	1.000000000000000e+00	506	0	575
577	 2.903004993479650e+02 -1.500000000000000e+03  1.291412690105894e+03	0.000000000000000e+00 0.000000000000000e+00 0.000000000000000e+00	1.000000000000000e+00	19	-1	485
579	 1.959574857587496e+02 -3.719523207063463e+02  4.500000000000000e+03	0.000000000000000e+00 0.000000000000000e+00 0.000000000000000e+00	1.000000000000000e+00	497	-1	276
580	 1.013743372945082e+02 -1.500000000000000e+03  1.755337058699143e+03	0.000000000000000e+00 0.000000000000000e+00 0.000000000000000e+00	1.000000000000000e+00	506	-1	514
581	 1.500000000000000e+03 -2.100108527088062e+02  6.765500394969024e+02	0.000000000000000e+00 0.000000000000000e+00 0.000000000000000e+00	1.000000000000000e+00	487	-1	539
584	 1.630235314349334e+01 -7.556419914152301e+02  1.767472898116977e+03	 1.163733199549218e-02 -1.452689237582187e-02  2.889560380329689e-03	1.000000000000000e+00	55	0	584
585	8.692073477091250e+01 2.099833988771836e+01 3.470918925981850e+03	-2.227647637482733e-04  4.928548005409539e-04  2.700900367926806e-04	1.000000000000000e+00	506	0	585
588	 1.310286141862325e+02 -8.092312476512465e+02  3.157746727638491e+03	 1.457158445070187e-02 -8.756742502252260e-03  2.332832695295413e-02	1.000000000000000e+00	506	0	588
589	-6.635761400768039e+02 -1.396098811463689e+02  3.391196840365937e+03	 7.340004231082276e-05  9.097833390114829e-05 -1.643783762119710e-04	7.500000000000000e-01	506	0	589
590	-3.637725533706935e+02  1.500000000000000e+03  1.970470171628752e+03	0.000000000000000e+00 0.000000000000000e+00 0.000000000000000e+00	1.000000000000000e+00	502	-1	434
591	 8.990450182046568e+01 -6.925063472699261e+02  1.630735105294701e+03	 2.727092779241502e-02 -2.485517994500697e-02 -2.415747847408055e-03	1.000000000000000e+00	55	0	591
592	1.500000000000000e+03 5.652442009745080e+02 2.480240375829901e+03	0.000000000000000e+00 0.000000000000000e+00 0.000000000000000e+00	1.000000000000000e+00	506	-1	404
593	 3.158527704845836e+02 -8.817299582221547e+02  6.889781634989702e+02	 5.649377591907978e-03 -6.940688006579876e-03 -1.259006559848785e-02	1.000000000000000e+00	487	0	593
2	 0.000000000000000e+00  7.071067811865475e-01 -7.071067811865475e-01	 5.773502691896257e-01 -5.773502691896257e-01 -5.773502691896257e-01	-7.391622886003375e+02  7.391622886003375e+02  7.391622886003375e+02	1	0	0.000000000000000e+00	0.000000000000000e+00	0.000000000000000e+00
3	-7.071067811865475e-01  0.000000000000000e+00  7.071067811865475e-01	-5.773502691896257e-01  5.773502691896257e-01 -5.773502691896257e-01	 6.288536307352362e+02 -6.288536307352362e+02  6.288536307352362e+02	1	0	0.000000000000000e+00	0.000000000000000e+00	0.000000000000000e+00
4	0.000000000000000e+00 7.071067811865475e-01 7.071067811865475e-01	 5.773502691896257e-01 -5.773502691896257e-01  5.773502691896257e-01	 1.522636602155032e+03 -1.522636602155032e+03  1.522636602155032e+03	1	0	0.000000000000000e+00	0.000000000000000e+00	0.000000000000000e+00
5	 7.071067811865475e-01 -7.071067811865475e-01  0.000000000000000e+00	-5.773502691896257e-01 -5.773502691896257e-01  5.773502691896257e-01	-6.670373969193098e+02 -6.670373969193098e+02  6.670373969193098e+02	1	0	0.000000000000000e+00	0.000000000000000e+00	0.000000000000000e+00
7	-7.071067811865475e-01  7.071067811865475e-01  0.000000000000000e+00	-5.773502691896257e-01 -5.773502691896257e-01  5.773502691896257e-01	-3.955083929436755e+02 -3.955083929436755e+02  3.955083929436755e+02	1	0	0.000000000000000e+00	0.000000000000000e+00	0.000000000000000e+00
8	 0.000000000000000e+00 -7.071067811865475e-01 -7.071067811865475e-01	-5.773502691896257e-01  5.773502691896257e-01 -5.773502691896257e-01	 2.022325394193525e+02 -2.022325394193525e+02  2.022325394193525e+02	1	0	0.000000000000000e+00	0.000000000000000e+00	0.000000000000000e+00
9	-7.071067811865475e-01  0.000000000000000e+00  7.071067811865475e-01	-5.773502691896257e-01  5.773502691896257e-01 -5.773502691896257e-01	 7.132350399568309e+02 -7.132350399568309e+02  7.132350399568309e+02	1	0	0.000000000000000e+00	0.000000000000000e+00	0.000000000000000e+00
10	-7.071067811865475e-01 -7.071067811865475e-01  0.000000000000000e+00	-5.773502691896257e-01  5.773502691896257e-01  5.773502691896257e-01	-6.330962714223555e+02  6.330962714223555e+02  6.330962714223555e+02	1	0	0.000000000000000e+00	0.000000000000000e+00	0.000000000000000e+00
11	-7.071067811865475e-01 -7.071067811865475e-01  0.000000000000000e+00	0.000000000000000e+00 0.000000000000000e+00 0.000000000000000e+00	 2.192031021678290e+02 -4.907321061434644e+02  2.609224022578360e+03	1	1	0.000000000000000e+00	0.000000000000000e+00	0.000000000000000e+00
12	-7.071067811865475e-01 -7.071067811865475e-01  0.000000000000000e+00	-5.773502691896257e-01  5.773502691896257e-01  5.773502691896257e-01	-9.611938178929136e+02  9.611938178929136e+02  9.611938178929136e+02	1	0	0.000000000000000e+00	0.000000000000000e+00	0.000000000000000e+00
13	-7.071067811865475e-01  7.071067811865475e-01  0.000000000000000e+00	 5.773502691896257e-01  5.773502691896257e-01 -5.773502691896257e-01	-1.120999950441073e+03 -1.120999950441073e+03  1.120999950441073e+03	1	0	0.000000000000000e+00	0.000000000000000e+00	0.000000000000000e+00
14	-7.071067811865475e-01  7.071067811865475e-01  0.000000000000000e+00	0.000000000000000e+00 0.000000000000000e+00 0.000000000000000e+00	1.824335495461293e+02 3.747665940288726e+01 3.582910060272236e+03	1	1	0.000000000000000e+00	0.000000000000000e+00	0.000000000000000e+00
15	-7.071067811865475e-01  7.071067811865475e-01  0.000000000000000e+00	-5.773502691896257e-01 -5.773502691896257e-01  5.773502691896257e-01	-3.049987249517975e+02 -3.049987249517975e+02  3.049987249517975e+02	1	0	0.000000000000000e+00	0.000000000000000e+00	0.000000000000000e+00
16	 0.000000000000000e+00 -7.071067811865475e-01  7.071067811865475e-01	5.773502691896257e-01 5.773502691896257e-01 5.773502691896257e-01	1.080459161653044e+03 1.080459161653044e+03 1.080459161653044e+03	1	0	0.000000000000000e+00	0.000000000000000e+00	0.000000000000000e+00
17	 0.000000000000000e+00 -7.071067811865475e-01  7.071067811865475e-01	0.000000000000000e+00 0.000000000000000e+00 0.000000000000000e+00	 9.142890680742061e+02 -6.201326471006022e+02  2.947221063985530e+03	1	1	0.000000000000000e+00	0.000000000000000e+00	0.000000000000000e+00
18	 0.000000000000000e+00 -7.071067811865475e-01  7.071067811865475e-01	5.773502691896257e-01 5.773502691896257e-01 5.773502691896257e-01	8.626702730475879e+02 8.626702730475879e+02 8.626702730475879e+02	1	0	0.000000000000000e+00	0.000000000000000e+00	0.000000000000000e+00
19	 7.071067811865475e-01 -7.071067811865475e-01  0.000000000000000e+00	-5.773502691896257e-01 -5.773502691896257e-01 -5.773502691896257e-01	3.427110866150800e+02 3.427110866150800e+02 3.427110866150800e+02	1	0	0.000000000000000e+00	0.000000000000000e+00	0.000000000000000e+00
20	 7.071067811865475e-01 -7.071067811865475e-01  0.000000000000000e+00	0.000000000000000e+00 0.000000000000000e+00 0.000000000000000e+00	3.577960312803930e+02 7.283199846221450e+01 5.975052301026326e+02	1	1	0.000000000000000e+00	0.000000000000000e+00	0.000000000000000e+00
21	 7.071067811865475e-01 -7.071067811865475e-01  0.000000000000000e+00	-5.773502691896257e-01 -5.773502691896257e-01 -5.773502691896257e-01	6.128258770283411e+02 6.128258770283411e+02 6.128258770283411e+02	1	0	0.000000000000000e+00	0.000000000000000e+00	0.000000000000000e+00
22	-7.071067811865475e-01  0.000000000000000e+00 -7.071067811865475e-01	0.000000000000000e+00 0.000000000000000e+00 0.000000000000000e+00	1.000000000000000e+03 4.153257531310242e+02 4.000000000000000e+03	1	2	0.000000000000000e+00	0.000000000000000e+00	0.000000000000000e+00
23	-7.071067811865475e-01  0.000000000000000e+00 -7.071067811865475e-01	0.000000000000000e+00 0.000000000000000e+00 0.000000000000000e+00	1.000000000000000e+03 1.000000000000000e+03 3.415325753131025e+03	1	2	0.000000000000000e+00	0.000000000000000e+00	0.000000000000000e+00
25	-7.071067811865475e-01  0.000000000000000e+00  7.071067811865475e-01	0.000000000000000e+00 0.000000000000000e+00 0.000000000000000e+00	-1.000000000000000e+03 -1.000000000000000e+03  2.856711395993652e+03	1	2	0.000000000000000e+00	0.000000000000000e+00	0.000000000000000e+00
27	 0.000000000000000e+00  7.071067811865475e-01 -7.071067811865475e-01	0.000000000000000e+00 0.000000000000000e+00 0.000000000000000e+00	1.000000000000000e+03 1.000000000000000e+03 2.217486865801013e+03	1	2	0.000000000000000e+00	0.000000000000000e+00	0.000000000000000e+00
28	 0.000000000000000e+00  7.071067811865475e-01 -7.071067811865475e-01	0.000000000000000e+00 0.000000000000000e+00 0.000000000000000e+00	 1.000000000000000e+03 -7.825131341989875e+02  4.000000000000000e+03	1	2	0.000000000000000e+00	0.000000000000000e+00	0.000000000000000e+00
29	 0.000000000000000e+00  7.071067811865475e-01 -7.071067811865475e-01	0.000000000000000e+00 0.000000000000000e+00 0.000000000000000e+00	 7.825131341989878e+02 -1.000000000000000e+03  4.000000000000000e+03	1	2	0.000000000000000e+00	0.000000000000000e+00	0.000000000000000e+00
30	 0.000000000000000e+00  7.071067811865475e-01 -7.071067811865475e-01	0.000000000000000e+00 0.000000000000000e+00 0.000000000000000e+00	-5.402369298461750e+00 -1.000000000000000e+03  3.212084496502551e+03	1	2	0.000000000000000e+00	0.000000000000000e+00	0.000000000000000e+00
32	-7.071067811865475e-01  0.000000000000000e+00  7.071067811865475e-01	0.000000000000000e+00 0.000000000000000e+00 0.000000000000000e+00	 8.865608922057086e+02 -1.000000000000000e+03  0.000000000000000e+00	1	2	0.000000000000000e+00	0.000000000000000e+00	0.000000000000000e+00
33	-7.071067811865475e-01  0.000000000000000e+00  7.071067811865475e-01	0.000000000000000e+00 0.000000000000000e+00 0.000000000000000e+00	 1.735755953853635e+02 -1.000000000000000e+03  7.129852968203451e+02	1	2	0.000000000000000e+00	0.000000000000000e+00	0.000000000000000e+00
35	0.000000000000000e+00 7.071067811865475e-01 7.071067811865475e-01	0.000000000000000e+00 0.000000000000000e+00 0.000000000000000e+00	-2.613312221928283e+01 -1.000000000000000e+03  3.594042928684379e+03	1	2	0.000000000000000e+00	0.000000000000000e+00	0.000000000000000e+00
36	 7.071067811865475e-01 -7.071067811865475e-01  0.000000000000000e+00	0.000000000000000e+00 0.000000000000000e+00 0.000000000000000e+00	-1.000000000000000e+03  1.000000000000000e+03  2.001112190757930e+03	1	2	0.000000000000000e+00	0.000000000000000e+00	0.000000000000000e+00
37	 7.071067811865475e-01 -7.071067811865475e-01  0.000000000000000e+00	0.000000000000000e+00 0.000000000000000e+00 0.000000000000000e+00	-1.000000000000000e+03 -1.000000000000000e+03  1.112190757929056e+00	1	2	0.000000000000000e+00	0.000000000000000e+00	0.000000000000000e+00
39	 7.071067811865475e-01 -7.071067811865475e-01  0.000000000000000e+00	0.000000000000000e+00 0.000000000000000e+00 0.000000000000000e+00	-1.000000000000000e+03  4.343145750507622e+02  0.000000000000000e+00	1	2	0.000000000000000e+00	0.000000000000000e+00	0.000000000000000e+00
41	-7.071067811865475e-01  7.071067811865475e-01  0.000000000000000e+00	0.000000000000000e+00 0.000000000000000e+00 0.000000000000000e+00	1.000000000000000e+03 1.000000000000000e+03 3.186525178831027e+03	1	2	0.000000000000000e+00	0.000000000000000e+00	0.000000000000000e+00
42	-7.071067811865475e-01  7.071067811865475e-01  0.000000000000000e+00	0.000000000000000e+00 0.000000000000000e+00 0.000000000000000e+00	4.920061645994440e+02 1.000000000000000e+03 2.678531343430472e+03	1	2	0.000000000000000e+00	0.000000000000000e+00	0.000000000000000e+00
43	 0.000000000000000e+00 -7.071067811865475e-01 -7.071067811865475e-01	0.000000000000000e+00 0.000000000000000e+00 0.000000000000000e+00	1.000000000000000e+03 1.000000000000000e+03 6.066976182580577e+02	1	2	0.000000000000000e+00	0.000000000000000e+00	0.000000000000000e+00
44	 0.000000000000000e+00 -7.071067811865475e-01 -7.071067811865475e-01	0.000000000000000e+00 0.000000000000000e+00 0.000000000000000e+00	1.000000000000000e+03 3.933023817419428e+02 0.000000000000000e+00	1	2	0.000000000000000e+00	0.000000000000000e+00	0.000000000000000e+00
45	 0.000000000000000e+00 -7.071067811865475e-01 -7.071067811865475e-01	0.000000000000000e+00 0.000000000000000e+00 0.000000000000000e+00	7.327891643606125e+02 1.260915461025547e+02 0.000000000000000e+00	1	2	0.000000000000000e+00	0.000000000000000e+00	0.000000000000000e+00
46	-7.071067811865475e-01  0.000000000000000e+00  7.071067811865475e-01	0.000000000000000e+00 0.000000000000000e+00 0.000000000000000e+00	 1.000000000000000e+03 -1.000000000000000e+03  1.397051198704921e+02	1	2	0.000000000000000e+00	0.000000000000000e+00	0.000000000000000e+00
47	-7.071067811865475e-01  0.000000000000000e+00  7.071067811865475e-01	0.000000000000000e+00 0.000000000000000e+00 0.000000000000000e+00	-1.000000000000000e+03 -1.000000000000000e+03  2.139705119870493e+03	1	2	0.000000000000000e+00	0.000000000000000e+00	0.000000000000000e+00
48	-7.071067811865475e-01  0.000000000000000e+00  7.071067811865475e-01	0.000000000000000e+00 0.000000000000000e+00 0.000000000000000e+00	-1.000000000000000e+03  2.538381126443543e+02  3.393543232514846e+03	1	2	0.000000000000000e+00	0.000000000000000e+00	0.000000000000000e+00
49	-7.071067811865475e-01  7.071067811865475e-01  0.000000000000000e+00	5.773502691896257e-01 5.773502691896257e-01 5.773502691896257e-01	8.626702730475879e+02 8.626702730475879e+02 8.626702730475879e+02	1	0	0.000000000000000e+00	0.000000000000000e+00	0.000000000000000e+00
50	 0.000000000000000e+00 -7.071067811865475e-01 -7.071067811865475e-01	-5.773502691896257e-01 -5.773502691896257e-01  5.773502691896257e-01	-1.120999950441073e+03 -1.120999950441073e+03  1.120999950441073e+03	1	0	0.000000000000000e+00	0.000000000000000e+00	0.000000000000000e+00
53	 7.071067811865475e-01 -7.071067811865475e-01  0.000000000000000e+00	5.773502691896257e-01 5.773502691896257e-01 5.773502691896257e-01	8.626702730475879e+02 8.626702730475879e+02 8.626702730475879e+02	1	0	0.000000000000000e+00	0.000000000000000e+00	0.000000000000000e+00
54	-7.071067811865475e-01  0.000000000000000e+00 -7.071067811865475e-01	-5.773502691896257e-01  5.773502691896257e-01  5.773502691896257e-01	-1.138441917710341e+03  1.138441917710341e+03  1.138441917710341e+03	1	0	0.000000000000000e+00	0.000000000000000e+00	0.000000000000000e+00
55	-7.071067811865475e-01  0.000000000000000e+00 -7.071067811865475e-01	0.000000000000000e+00 0.000000000000000e+00 0.000000000000000e+00	1.000000000000000e+03 1.000000000000000e+03 3.415325753131025e+03	1	2	0.000000000000000e+00	0.000000000000000e+00	0.000000000000000e+00
56	 7.071067811865475e-01 -7.071067811865475e-01  0.000000000000000e+00	-5.773502691896257e-01 -5.773502691896257e-01 -5.773502691896257e-01	-1.885618083164127e+02 -1.885618083164127e+02 -1.885618083164127e+02	1	0	0.000000000000000e+00	0.000000000000000e+00	0.000000000000000e+00
57	 7.071067811865475e-01 -7.071067811865475e-01  0.000000000000000e+00	0.000000000000000e+00 0.000000000000000e+00 0.000000000000000e+00	-1.000000000000000e+03  4.343145750507622e+02  0.000000000000000e+00	1	2	0.000000000000000e+00	0.000000000000000e+00	0.000000000000000e+00
61	 7.071067811865475e-01 -7.071067811865475e-01  0.000000000000000e+00	0.000000000000000e+00 0.000000000000000e+00 0.000000000000000e+00	-1.000000000000000e+03 -1.000000000000000e+03  1.112190757929056e+00	1	2	0.000000000000000e+00	0.000000000000000e+00	0.000000000000000e+00
62	-7.071067811865475e-01  0.000000000000000e+00  7.071067811865475e-01	 5.773502691896257e-01 -5.773502691896257e-01  5.773502691896257e-01	 9.522371319978838e+02 -9.522371319978838e+02  9.522371319978838e+02	1	0	0.000000000000000e+00	0.000000000000000e+00	0.000000000000000e+00
64	-7.071067811865475e-01  0.000000000000000e+00  7.071067811865475e-01	0.000000000000000e+00 0.000000000000000e+00 0.000000000000000e+00	-1.000000000000000e+03 -1.000000000000000e+03  2.856711395993652e+03	1	2	0.000000000000000e+00	0.000000000000000e+00	0.000000000000000e+00
65	 7.071067811865475e-01  0.000000000000000e+00 -7.071067811865475e-01	0.000000000000000e+00 0.000000000000000e+00 0.000000000000000e+00	 1.000000000000000e+03 -8.865608922057086e+02  0.000000000000000e+00	1	2	0.000000000000000e+00	0.000000000000000e+00	0.000000000000000e+00
67	 0.000000000000000e+00 -7.071067811865475e-01 -7.071067811865475e-01	0.000000000000000e+00 0.000000000000000e+00 0.000000000000000e+00	-4.320901935349040e+02 -1.000000000000000e+03  4.000000000000000e+03	1	2	0.000000000000000e+00	0.000000000000000e+00	0.000000000000000e+00
68	 7.071067811865475e-01 -7.071067811865475e-01  0.000000000000000e+00	0.000000000000000e+00 0.000000000000000e+00 0.000000000000000e+00	1.000000000000000e+03 5.652442009745080e+02 2.480240375829901e+03	1	2	0.000000000000000e+00	0.000000000000000e+00	0.000000000000000e+00
54	0	1	1
22	1	0	1
22	0	205	-1
54	481	0	0
54	1	2	1
23	2	1	1
22	206	1	-1
23	1	206	-1
23	207	2	-1
55	2	207	-1
54	2	538	1
55	538	2	1
62	4	5	1
25	5	4	1
25	4	209	-1
62	359	4	0
25	210	5	-1
64	5	210	-1
62	5	514	1
64	514	5	1
2	7	8	1
27	8	7	1
27	7	212	-1
2	428	7	0
2	8	9	1
28	9	8	1
27	213	8	-1
28	8	213	-1
2	9	10	1
29	10	9	1
28	214	9	-1
29	9	214	-1
2	10	11	1
30	11	10	1
29	215	10	-1
30	10	215	-1
30	216	11	-1
2	11	429	0
3	13	14	1
32	14	13	1
32	13	218	-1
65	13	218	-1
3	539	13	1
65	539	13	1
3	14	15	1
33	15	14	1
32	219	14	-1
33	14	219	-1
33	220	15	-1
3	15	327	0
4	17	18	1
35	18	17	1
35	17	222	-1
67	17	222	-1
4	276	17	1
67	276	17	1
35	223	18	-1
4	18	329	0
5	19	20	1
36	20	19	1
36	19	224	-1
5	484	19	0
5	20	21	1
37	21	20	1
36	225	20	-1
37	20	225	-1
37	226	21	-1
61	21	226	-1
5	21	485	1
61	485	21	1
56	23	24	1
39	24	23	1
39	23	228	-1
56	432	23	0
39	229	24	-1
57	24	229	-1
56	24	433	1
57	433	24	1
7	26	27	1
41	27	26	1
41	26	231	-1
7	334	26	0
7	27	28	1
42	28	27	1
41	232	27	-1
42	27	232	-1
42	233	28	-1
7	28	335	0
8	29	30	1
43	30	29	1
43	29	234	-1
8	425	29	0
8	30	31	1
44	31	30	1
43	235	30	-1
44	30	235	-1
8	31	32	1
45	32	31	1
44	236	31	-1
45	31	236	-1
45	237	32	-1
8	32	487	0
9	33	34	1
46	34	33	1
46	33	238	-1
9	436	33	0
9	34	35	1
47	35	34	1
46	239	34	-1
47	34	239	-1
9	35	36	1
48	36	35	1
47	240	35	-1
48	35	240	-1
48	241	36	-1
9	36	437	0
10	37	38	0
11	38	37	0
11	37	40	0
10	340	37	0
11	39	38	0
10	38	341	0
11	40	39	0
12	39	40	0
12	342	39	0
12	40	343	0
10	41	344	0
10	345	41	0
12	42	346	0
12	347	42	0
13	43	44	0
14	44	43	0
14	43	46	0
13	348	43	0
14	45	44	0
13	44	452	0
14	46	45	0
15	45	46	0
15	350	45	0
15	46	351	0
13	47	243	0
13	353	47	0
15	48	354	0
15	355	48	0
16	49	50	0
17	50	49	0
17	49	52	0
16	356	49	0
17	51	50	0
16	50	357	0
17	52	51	0
18	51	52	0
18	358	51	0
18	52	551	0
16	53	360	0
16	361	53	0
18	54	362	0
18	363	54	0
19	55	56	0
20	56	55	0
20	55	58	0
19	364	55	0
20	57	56	0
19	56	365	0
20	58	57	0
21	57	58	0
21	366	57	0
21	58	367	0
19	59	368	0
19	369	59	0
21	60	370	0
21	371	60	0
22	205	206	-1
23	206	207	-1
55	207	566	-1
25	209	210	-1
64	210	580	-1
27	212	213	-1
28	213	214	-1
29	214	215	-1
30	215	216	-1
32	218	219	-1
65	218	581	-1
33	219	220	-1
35	222	223	-1
67	222	579	-1
36	224	225	-1
37	225	226	-1
61	226	577	-1
39	228	229	-1
57	229	568	-1
41	231	232	-1
42	232	233	-1
43	234	235	-1
44	235	236	-1
45	236	237	-1
46	238	239	-1
47	239	240	-1
48	240	241	-1
54	242	488	0
54	489	242	0
62	243	440	0
62	441	243	0
13	243	441	0
2	244	545	0
2	549	244	0
3	245	378	0
3	379	245	0
4	246	380	0
4	381	246	0
5	247	492	0
5	493	247	0
56	248	446	0
56	447	248	0
7	249	386	0
7	387	249	0
8	250	494	0
8	542	250	0
9	251	450	0
9	537	251	0
10	252	392	0
10	393	252	0
10	253	315	0
10	394	253	0
12	254	396	0
12	397	254	0
12	398	255	0
12	255	399	0
13	256	400	0
13	441	256	0
13	402	257	0
13	257	403	0
15	258	404	0
15	405	258	0
15	406	259	0
15	259	407	0
16	260	408	0
16	409	260	0
16	410	261	0
16	261	411	0
2	262	377	0
18	413	262	0
2	413	262	0
18	262	574	0
18	414	263	0
18	263	415	0
19	264	584	0
19	591	264	0
19	418	265	0
19	265	419	0
21	266	420	0
21	421	266	0
21	422	267	0
21	267	423	0
13	268	297	0
54	268	452	0
13	452	268	0
50	452	268	0
54	453	268	0
50	268	585	0
54	496	269	0
54	269	497	0
62	270	414	0
62	499	270	0
62	500	271	0
62	271	501	0
2	272	460	0
2	562	272	0
3	274	326	0
3	378	274	0
3	275	379	0
3	593	275	0
4	380	276	0
67	579	276	-1
4	329	277	0
4	277	381	0
5	278	502	0
5	503	278	0
5	504	279	0
5	279	505	0
56	280	468	0
56	469	280	0
56	470	281	0
56	281	471	0
7	282	334	0
7	386	282	0
7	335	283	0
7	283	387	0
8	284	506	0
8	507	284	0
8	540	285	0
8	285	543	0
9	286	476	0
9	547	286	0
9	478	287	0
9	287	479	0
10	288	340	0
10	392	288	0
10	341	289	0
10	289	394	0
12	290	342	0
12	396	290	0
12	343	291	0
12	291	398	0
10	344	292	0
10	292	393	0
10	315	293	0
10	293	345	0
12	346	294	0
12	294	397	0
12	295	347	0
12	399	295	0
13	296	348	0
13	400	296	0
13	297	402	0
15	351	299	0
15	299	406	0
13	301	353	0
13	403	301	0
15	354	302	0
15	302	405	0
15	303	355	0
15	407	303	0
16	304	356	0
16	408	304	0
16	357	305	0
16	305	410	0
18	306	358	0
18	412	306	0
18	359	307	0
62	307	359	0
49	359	307	0
18	307	414	0
62	414	307	0
53	414	307	0
49	307	553	0
53	307	563	0
16	360	308	0
16	308	409	0
16	309	361	0
16	411	309	0
18	310	413	0
18	575	310	0
18	311	363	0
18	415	311	0
19	312	364	0
19	416	312	0
19	365	313	0
19	313	418	0
21	314	366	0
21	420	314	0
21	367	315	0
21	315	422	0
19	368	316	0
19	316	417	0
19	317	369	0
19	419	317	0
21	370	318	0
21	318	421	0
21	319	371	0
21	423	319	0
54	320	508	0
54	509	320	0
54	510	321	0
54	321	511	0
62	514	323	0
62	323	515	0
2	324	428	0
2	460	324	0
3	326	539	0
3	327	593	0
5	330	516	0
5	517	330	0
5	518	331	0
5	331	519	0
56	332	432	0
56	468	332	0
56	433	333	0
56	333	470	0
8	336	520	0
8	521	336	0
8	337	474	0
8	522	337	0
9	476	338	0
9	338	548	0
9	437	339	0
9	339	478	0
15	404	350	1
68	404	350	1
68	350	564	-1
18	551	359	0
49	553	359	0
18	362	575	0
54	523	372	0
54	372	524	0
54	373	439	0
54	526	373	0
62	527	374	0
62	374	528	0
62	375	441	0
62	530	375	0
2	376	461	0
2	544	376	0
2	377	443	0
5	531	382	0
5	382	532	0
5	383	533	0
5	534	383	0
56	446	384	0
56	384	469	0
56	385	447	0
56	471	385	0
8	535	388	0
8	388	536	0
8	541	389	0
8	389	546	0
9	450	390	0
9	390	477	0
9	552	391	0
9	391	573	0
68	592	404	-1
18	558	412	0
2	588	413	0
53	589	414	0
19	584	416	0
19	417	591	0
54	424	481	0
54	508	424	0
8	434	425	0
54	425	510	0
54	538	425	0
2	429	588	0
5	430	484	0
5	516	430	0
5	485	431	0
5	431	518	0
57	568	433	-1
8	520	434	0
8	487	435	0
8	435	522	0
9	548	436	0
54	488	438	0
54	438	523	0
54	439	489	0
9	439	537	0
9	573	439	0
62	440	527	0
2	442	544	0
2	545	442	0
2	443	549	0
5	492	444	0
5	444	531	0
5	445	493	0
5	533	445	0
8	494	448	0
8	448	535	0
8	449	542	0
8	546	449	0
54	452	509	0
50	554	452	0
54	524	453	0
54	454	496	0
54	511	454	0
54	497	455	0
54	455	526	0
62	457	499	0
62	528	457	0
62	458	500	0
62	515	458	0
62	501	459	0
62	459	530	0
2	461	562	0
5	502	464	0
5	464	517	0
5	465	503	0
5	532	465	0
5	466	504	0
5	519	466	0
5	505	467	0
5	467	534	0
8	506	472	0
8	472	521	0
8	473	507	0
8	536	473	0
8	474	540	0
8	475	541	0
8	543	475	0
9	477	547	0
9	479	552	0
61	577	485	-1
64	580	514	-1
55	566	538	-1
65	581	539	-1
50	585	554	0
18	574	558	0
53	563	589	0
68	564	592	-1
