364
54
472
0	 3.983397298413420e+02 -1.863345170276339e+02  4.000000000000000e+03	 3.083106945268809e-03  3.083106945268810e-03 -1.562785156849069e-19	1.000000000000000e+00	691	1	0
1	1.000000000000000e+03 4.153257531310242e+02 4.000000000000000e+03	0.000000000000000e+00 0.000000000000000e+00 0.000000000000000e+00	1.000000000000000e+00	691	1	1
2	1.000000000000000e+03 1.000000000000000e+03 3.415325753131025e+03	0.000000000000000e+00 0.000000000000000e+00 0.000000000000000e+00	1.000000000000000e+00	691	1	2
4	-1.000000000000000e+03 -1.470482829139133e+02  3.709663113079739e+03	-4.720827632809232e-06 -1.715159760351526e-05 -1.243077031176654e-05	7.500000000000000e-01	691	1	4
5	-1.000000000000000e+03 -1.000000000000000e+03  2.856711395993652e+03	0.000000000000000e+00 0.000000000000000e+00 0.000000000000000e+00	1.000000000000000e+00	691	1	5
7	6.305108765371956e+02 1.000000000000000e+03 1.847997742338209e+03	3.883470664732158e-03 3.098795025800169e-20 3.883470664732158e-03	1.000000000000000e+00	691	1	7
8	1.000000000000000e+03 1.000000000000000e+03 2.217486865801013e+03	0.000000000000000e+00 0.000000000000000e+00 0.000000000000000e+00	1.000000000000000e+00	691	1	8
9	 1.000000000000000e+03 -7.825131341989875e+02  4.000000000000000e+03	0.000000000000000e+00 0.000000000000000e+00 0.000000000000000e+00	1.000000000000000e+00	691	1	9
10	 7.825131341989878e+02 -1.000000000000000e+03  4.000000000000000e+03	0.000000000000000e+00 0.000000000000000e+00 0.000000000000000e+00	1.000000000000000e+00	691	1	10
11	 6.661409887141178e+01 -1.000000000000000e+03  3.284100964672424e+03	2.114068483933807e-03 5.151619200789179e-18 2.114068483933806e-03	1.000000000000000e+00	691	1	11
13	 1.000000000000000e+03 -8.865608922057086e+02  0.000000000000000e+00	0.000000000000000e+00 0.000000000000000e+00 0.000000000000000e+00	1.000000000000000e+00	679	1	13
14	 8.865608922057086e+02 -1.000000000000000e+03  0.000000000000000e+00	0.000000000000000e+00 0.000000000000000e+00 0.000000000000000e+00	1.000000000000000e+00	679	1	14
15	 3.025324901407134e+02 -1.000000000000000e+03  5.840284020649952e+02	 7.649463950656355e-03  3.030376363023685e-18 -7.649463950656353e-03	1.000000000000000e+00	679	1	15
17	-4.320901935349040e+02 -1.000000000000000e+03  4.000000000000000e+03	0.000000000000000e+00 0.000000000000000e+00 0.000000000000000e+00	1.000000000000000e+00	684	1	17
18	-7.398331651045753e+01 -1.000000000000000e+03  3.641893122975554e+03	-5.578179145231843e-03  2.821253170084812e-19  5.578179145231843e-03	1.000000000000000e+00	684	1	18
20	-1.000000000000000e+03  1.000000000000000e+03  2.001112190757930e+03	0.000000000000000e+00 0.000000000000000e+00 0.000000000000000e+00	1.000000000000000e+00	571	1	20
21	-1.000000000000000e+03 -1.000000000000000e+03  1.112190757929056e+00	0.000000000000000e+00 0.000000000000000e+00 0.000000000000000e+00	1.000000000000000e+00	571	1	21
23	-1.000000000000000e+03 -2.940525764801981e+02  7.283671515309602e+02	-5.761025895974623e-20  4.285461734980345e-03 -4.285461734980345e-03	1.000000000000000e+00	643	1	23
24	-1.000000000000000e+03  4.343145750507622e+02  0.000000000000000e+00	0.000000000000000e+00 0.000000000000000e+00 0.000000000000000e+00	1.000000000000000e+00	643	1	24
26	1.000000000000000e+03 4.746211142913313e+02 2.661146293122359e+03	-5.940666947535059e-18  6.296375533565881e-03  6.296375533565877e-03	1.000000000000000e+00	26	1	26
27	1.000000000000000e+03 1.000000000000000e+03 3.186525178831027e+03	0.000000000000000e+00 0.000000000000000e+00 0.000000000000000e+00	1.000000000000000e+00	26	1	27
28	6.262315845967476e+02 1.000000000000000e+03 2.812756763427775e+03	 8.566412376239896e-03 -9.979041884256918e-19  8.566412376239896e-03	1.000000000000000e+00	26	1	28
30	1.000000000000000e+03 1.000000000000000e+03 6.066976182580577e+02	0.000000000000000e+00 0.000000000000000e+00 0.000000000000000e+00	1.000000000000000e+00	666	1	30
31	1.000000000000000e+03 3.933023817419428e+02 0.000000000000000e+00	0.000000000000000e+00 0.000000000000000e+00 0.000000000000000e+00	1.000000000000000e+00	666	1	31
32	8.484004014358750e+02 2.417027831778171e+02 0.000000000000000e+00	1.826258841902018e-02 1.826258841902018e-02 1.231034420145761e-18	1.000000000000000e+00	666	1	32
33	1.000000000000000e+03 9.628455696404604e+02 2.102550689510953e+03	-7.598900331090615e-19  6.388546898961067e-03  6.388546898961067e-03	1.000000000000000e+00	691	1	33
34	 1.000000000000000e+03 -1.000000000000000e+03  1.397051198704921e+02	0.000000000000000e+00 0.000000000000000e+00 0.000000000000000e+00	1.000000000000000e+00	691	1	34
35	-1.000000000000000e+03 -1.000000000000000e+03  2.139705119870493e+03	0.000000000000000e+00 0.000000000000000e+00 0.000000000000000e+00	1.000000000000000e+00	691	1	35
36	-1.000000000000000e+03  2.110486657928688e+02  3.350753785663361e+03	-4.430198987460125e-20 -1.631122082471848e-03 -1.631122082471848e-03	1.000000000000000e+00	691	1	36
37	-5.395224740453357e+02  2.679934700697016e+02  1.091772870152029e+03	0.000000000000000e+00 0.000000000000000e+00 0.000000000000000e+00	1.000000000000000e+00	55	0	37
38	 2.192031021678291e+02 -4.907321061434645e+02  2.609224022578360e+03	0.000000000000000e+00 0.000000000000000e+00 0.000000000000000e+00	1.000000000000000e+00	55	0	38
39	-1.088944443027283e+02 -1.626345596729054e+02  2.937321569048918e+03	0.000000000000000e+00 0.000000000000000e+00 0.000000000000000e+00	1.000000000000000e+00	55	0	39
40	-8.676200205158938e+02  5.960910165402597e+02  1.419870416622587e+03	0.000000000000000e+00 0.000000000000000e+00 0.000000000000000e+00	1.000000000000000e+00	55	0	40
41	-9.257271376794253e+01 -5.402554488832422e+01  1.860741645387448e+03	5.274231589282863e-04 4.185140496701933e-04 1.089091092580930e-04	1.000000000000000e+00	55	0	41
42	-5.899443501474211e+02  7.339013862538154e+01  2.220246964905938e+03	-6.652223722388347e-03 -1.244992964590589e-02  5.797705923517545e-03	1.000000000000000e+00	55	0	42
43	-6.102331521639902e+02 -7.551900423072325e+02  1.997576656851997e+03	0.000000000000000e+00 0.000000000000000e+00 0.000000000000000e+00	1.000000000000000e+00	691	0	43
44	1.824335495461294e+02 3.747665940288719e+01 3.582910060272236e+03	0.000000000000000e+00 0.000000000000000e+00 0.000000000000000e+00	1.000000000000000e+00	691	0	44
45	9.984347750354049e+02 8.534778848921627e+02 2.766908834782960e+03	0.000000000000000e+00 0.000000000000000e+00 0.000000000000000e+00	1.000000000000000e+00	691	0	45
46	2.057680733252846e+02 6.081118318204394e+01 1.181575431362721e+03	0.000000000000000e+00 0.000000000000000e+00 0.000000000000000e+00	1.000000000000000e+00	691	0	46
48	8.600291378712620e+02 8.890895629215767e+01 1.863934269018812e+03	 7.013239897787571e-03 -1.390540134161711e-02 -6.892161443829536e-03	1.000000000000000e+00	691	0	48
49	-7.756961389616429e+02  2.248599564173225e+02  3.792213667503454e+03	0.000000000000000e+00 0.000000000000000e+00 0.000000000000000e+00	1.000000000000000e+00	691	0	49
50	 9.142890680742061e+02 -6.201326471006022e+02  2.947221063985530e+03	0.000000000000000e+00 0.000000000000000e+00 0.000000000000000e+00	1.000000000000000e+00	691	0	50
51	 6.965001794687494e+02 -8.379215357060586e+02  2.729432175380073e+03	0.000000000000000e+00 0.000000000000000e+00 0.000000000000000e+00	1.000000000000000e+00	691	0	51
52	-9.934850275670996e+02  7.071067811866287e+00  3.574424778897997e+03	0.000000000000000e+00 0.000000000000000e+00 0.000000000000000e+00	1.000000000000000e+00	691	0	52
53	 6.674485715155417e+01 -2.080903856399041e+02  3.382723013447483e+03	-8.986597822513431e-05 -1.038339032675140e-04  1.936998887686059e-04	1.000000000000000e+00	691	0	53
54	-1.715233263156213e+02 -5.744718115450474e+02  3.334005957003432e+03	-2.329048584215343e-04 -1.310309453401714e-04  3.639358037617058e-04	1.000000000000000e+00	691	0	54
55	-3.705239533417505e+02 -6.554879861599293e+02  2.054145199346920e+03	0.000000000000000e+00 0.000000000000000e+00 0.000000000000000e+00	1.000000000000000e+00	55	0	55
56	3.577960312803930e+02 7.283199846221450e+01 5.975052301026326e+02	0.000000000000000e+00 0.000000000000000e+00 0.000000000000000e+00	1.000000000000000e+00	55	0	56
57	6.279108216936542e+02 3.429467888754754e+02 8.676200205158938e+02	0.000000000000000e+00 0.000000000000000e+00 0.000000000000000e+00	1.000000000000000e+00	55	0	57
58	-1.004091629284901e+02 -3.853731957466687e+02  2.324259989760182e+03	0.000000000000000e+00 0.000000000000000e+00 0.000000000000000e+00	1.000000000000000e+00	55	0	58
59	 3.896697036773295e+02 -5.363998560079601e+02  1.174863412175871e+03	 1.405594404786825e-02 -8.410259149968624e-03 -5.645684897899628e-03	1.000000000000000e+00	55	0	59
60	2.350729075950921e+02 9.181358523328782e+00 1.594223364966602e+03	 4.525289211111764e-04 -5.296922657483568e-04  7.716334463718036e-05	1.000000000000000e+00	55	0	60
205	 3.983397298413420e+02 -1.863345170276339e+02  4.500000000000000e+03	0.000000000000000e+00 0.000000000000000e+00 0.000000000000000e+00	1.000000000000000e+00	691	-1	0
206	1.353553390593274e+03 4.153257531310242e+02 4.353553390593273e+03	0.000000000000000e+00 0.000000000000000e+00 0.000000000000000e+00	1.000000000000000e+00	691	-1	1
207	1.353553390593274e+03 1.353553390593274e+03 3.415325753131025e+03	0.000000000000000e+00 0.000000000000000e+00 0.000000000000000e+00	1.000000000000000e+00	691	-1	2
209	-1.500000000000000e+03 -1.470482829139133e+02  3.709663113079739e+03	0.000000000000000e+00 0.000000000000000e+00 0.000000000000000e+00	1.000000000000000e+00	691	-1	4
210	-1.353553390593274e+03 -1.353553390593274e+03  2.856711395993652e+03	0.000000000000000e+00 0.000000000000000e+00 0.000000000000000e+00	1.000000000000000e+00	691	-1	5
212	6.305108765371956e+02 1.500000000000000e+03 1.847997742338209e+03	0.000000000000000e+00 0.000000000000000e+00 0.000000000000000e+00	1.000000000000000e+00	691	-1	7
213	1.353553390593274e+03 1.353553390593274e+03 2.217486865801013e+03	0.000000000000000e+00 0.000000000000000e+00 0.000000000000000e+00	1.000000000000000e+00	691	-1	8
214	 1.353553390593274e+03 -7.825131341989875e+02  4.353553390593273e+03	0.000000000000000e+00 0.000000000000000e+00 0.000000000000000e+00	1.000000000000000e+00	691	-1	9
215	 7.825131341989878e+02 -1.353553390593274e+03  4.353553390593273e+03	0.000000000000000e+00 0.000000000000000e+00 0.000000000000000e+00	1.000000000000000e+00	691	-1	10
216	 6.661409887141178e+01 -1.500000000000000e+03  3.284100964672424e+03	0.000000000000000e+00 0.000000000000000e+00 0.000000000000000e+00	1.000000000000000e+00	691	-1	11
218	 1.353553390593274e+03 -8.865608922057086e+02 -3.535533905932737e+02	0.000000000000000e+00 0.000000000000000e+00 0.000000000000000e+00	1.000000000000000e+00	679	-1	13
219	 8.865608922057086e+02 -1.353553390593274e+03 -3.535533905932737e+02	0.000000000000000e+00 0.000000000000000e+00 0.000000000000000e+00	1.000000000000000e+00	679	-1	14
220	 3.025324901407134e+02 -1.500000000000000e+03  5.840284020649952e+02	0.000000000000000e+00 0.000000000000000e+00 0.000000000000000e+00	1.000000000000000e+00	679	-1	15
222	-4.320901935349040e+02 -1.353553390593274e+03  4.353553390593273e+03	0.000000000000000e+00 0.000000000000000e+00 0.000000000000000e+00	1.000000000000000e+00	684	-1	17
223	-7.398331651045753e+01 -1.500000000000000e+03  3.641893122975554e+03	0.000000000000000e+00 0.000000000000000e+00 0.000000000000000e+00	1.000000000000000e+00	684	-1	18
225	-1.353553390593274e+03  1.353553390593274e+03  2.001112190757930e+03	0.000000000000000e+00 0.000000000000000e+00 0.000000000000000e+00	1.000000000000000e+00	571	-1	20
226	-1.353553390593274e+03 -1.353553390593274e+03  1.112190757929058e+00	0.000000000000000e+00 0.000000000000000e+00 0.000000000000000e+00	1.000000000000000e+00	571	-1	21
228	-1.500000000000000e+03 -2.940525764801981e+02  7.283671515309602e+02	0.000000000000000e+00 0.000000000000000e+00 0.000000000000000e+00	1.000000000000000e+00	643	-1	23
229	-1.353553390593274e+03  4.343145750507622e+02 -3.535533905932737e+02	0.000000000000000e+00 0.000000000000000e+00 0.000000000000000e+00	1.000000000000000e+00	643	-1	24
231	1.500000000000000e+03 4.746211142913313e+02 2.661146293122359e+03	0.000000000000000e+00 0.000000000000000e+00 0.000000000000000e+00	1.000000000000000e+00	26	-1	26
232	1.353553390593274e+03 1.353553390593274e+03 3.186525178831027e+03	0.000000000000000e+00 0.000000000000000e+00 0.000000000000000e+00	1.000000000000000e+00	26	-1	27
233	6.262315845967476e+02 1.500000000000000e+03 2.812756763427775e+03	0.000000000000000e+00 0.000000000000000e+00 0.000000000000000e+00	1.000000000000000e+00	26	-1	28
235	1.353553390593274e+03 1.353553390593274e+03 6.066976182580577e+02	0.000000000000000e+00 0.000000000000000e+00 0.000000000000000e+00	1.000000000000000e+00	666	-1	30
236	 1.353553390593274e+03  3.933023817419428e+02 -3.535533905932737e+02	0.000000000000000e+00 0.000000000000000e+00 0.000000000000000e+00	1.000000000000000e+00	666	-1	31
237	 8.484004014358750e+02  2.417027831778171e+02 -5.000000000000000e+02	0.000000000000000e+00 0.000000000000000e+00 0.000000000000000e+00	1.000000000000000e+00	666	-1	32
238	1.500000000000000e+03 9.628455696404604e+02 2.102550689510953e+03	0.000000000000000e+00 0.000000000000000e+00 0.000000000000000e+00	1.000000000000000e+00	691	-1	33
239	 1.353553390593274e+03 -1.353553390593274e+03  1.397051198704921e+02	0.000000000000000e+00 0.000000000000000e+00 0.000000000000000e+00	1.000000000000000e+00	691	-1	34
240	-1.353553390593274e+03 -1.353553390593274e+03  2.139705119870493e+03	0.000000000000000e+00 0.000000000000000e+00 0.000000000000000e+00	1.000000000000000e+00	691	-1	35
241	-1.500000000000000e+03  2.110486657928688e+02  3.350753785663361e+03	0.000000000000000e+00 0.000000000000000e+00 0.000000000000000e+00	1.000000000000000e+00	691	-1	36
242	-5.049486251264937e+01  4.178225351929804e+02  2.947008355425394e+03	6.461374093002329e-04 3.816501315062245e-04 2.644872777940084e-04	1.000000000000000e+00	691	0	242
245	 6.765082936095206e+02 -7.213221776141262e+02  4.887304209820616e+02	 4.203700150052707e-03 -8.066899298379818e-03 -1.227059944843253e-02	1.000000000000000e+00	679	0	245
247	2.968734087136908e+02 1.076838923524969e+02 2.405669491824117e+03	-8.168196218321100e-03  7.698290137341246e-03 -4.699060809798535e-04	1.000000000000000e+00	571	0	247
248	-3.685233337576690e+02 -4.576578303100280e+02  2.604957391184589e+02	-6.237402558326721e-03  1.773465983569622e-02 -1.149725727736950e-02	1.000000000000000e+00	643	0	248
249	8.691610177721475e+02 7.022022016321541e+02 2.757888398235328e+03	4.584884775492053e-03 1.570091505224506e-03 6.154976280716558e-03	1.000000000000000e+00	26	0	249
250	2.669956549308089e+02 7.219556024260837e+02 1.061657565753332e+03	9.398846147329701e-03 9.497144999234782e-03 9.829885190508012e-05	1.000000000000000e+00	666	0	250
251	3.421425222806533e+00 5.799294286486916e+02 2.716213123296377e+03	-2.152299275621772e-04  1.624137978069484e-03  1.839367905631661e-03	1.000000000000000e+00	691	0	251
252	-2.470493526935888e+02  1.895068764528422e+02  1.462732585120636e+03	3.212080634208784e-04 3.165369556275739e-04 4.671107793304455e-06	1.000000000000000e+00	55	0	252
253	 1.505516993204793e+01 -3.153213082084093e+02  2.229665292407524e+03	 1.727270777337253e-03  2.265142975375056e-03 -5.378721980378032e-04	1.000000000000000e+00	55	0	253
254	-2.611861789401477e+02  6.813757974300540e+01  2.554257694995587e+03	-2.181208498465518e-03 -3.990365619150301e-03  1.809157120684783e-03	1.000000000000000e+00	55	0	254
255	-9.200939411141588e+02  1.423983078693251e+02  1.821089204695257e+03	-1.984422653913498e-02 -2.543563768267632e-02  5.591411143541336e-03	1.000000000000000e+00	55	0	255
257	-1.432557001379571e+02 -4.944712351444362e+01  3.170297027670819e+03	-3.841120342258364e-03  2.986303472425789e-03 -8.548168698325754e-04	1.000000000000000e+00	691	0	257
259	4.814254673314824e+02 1.371467493752094e+02 1.533568391562084e+03	 3.927712949613730e-03 -8.958705545713505e-03 -5.030992596099774e-03	1.000000000000000e+00	691	0	259
260	-3.464373613808173e+02  1.315775879723907e+02  3.456237258367560e+03	 1.738449597420791e-04  1.647288455084587e-03 -1.821133414826666e-03	1.000000000000000e+00	691	0	260
261	 4.822455156272133e+02 -4.730543102797250e+02  3.232186279611645e+03	-2.514689913368783e-05 -2.628398669912713e-04  2.879867661249591e-04	1.000000000000000e+00	691	0	261
262	1.852619766708758e+02 8.742262746201557e+01 2.315326215009873e+03	 1.175249439372110e-18  1.881336024962366e-02 -1.881336024962365e-02	1.000000000000000e+00	691	0	262
263	-4.181074297611687e+02 -1.917212601609393e+02  3.197839509064871e+03	 3.852222554996843e-03 -5.593006062554196e-05 -3.796292494371301e-03	1.000000000000000e+00	691	0	263
264	 2.267793898122502e+02 -9.528900120564422e+02  1.754243882089432e+03	 3.067226226752003e-03 -6.475158889467518e-03  3.407932662715515e-03	1.000000000000000e+00	55	0	264
265	 3.992006802080248e+02 -2.644457880294866e+02  8.933783676667018e+02	 9.336552582681179e-03 -4.505721386522055e-03 -4.830831196159124e-03	1.000000000000000e+00	55	0	265
266	4.207275833402967e+02 1.830641481407805e+02 1.234685899603946e+03	 1.432958379155025e-04 -1.897057372843847e-04  4.640989573090337e-05	1.000000000000000e+00	55	0	266
267	-2.915686929100759e+00 -1.232390957220866e+02  1.964632413736210e+03	-1.164816446059073e-03  2.403140145664414e-04  9.245024314926317e-04	1.000000000000000e+00	55	0	267
268	-1.032332777915697e+02  2.616295090390244e+01  3.285929524435552e+03	-5.179625935852525e-03  1.829937725694115e-18 -5.179625935852530e-03	1.000000000000000e+00	691	0	268
269	-1.962604838641724e+02  7.854833850347118e+02  2.433581884232140e+03	2.689410020442059e-03 1.944023281491051e-03 7.453867389510076e-04	1.000000000000000e+00	691	0	269
272	3.781037988920615e+02 4.929063076700259e+02 2.102684357023048e+03	1.106716954382136e-03 7.537769852206112e-05 1.031339255860075e-03	1.000000000000000e+00	691	0	272
274	 9.203373141336509e+02 -5.143049193073209e+02  4.519186587647366e+02	 5.690275225788355e-03 -4.755202215164900e-03 -1.044547744095325e-02	1.000000000000000e+00	679	0	274
275	 4.320301308232187e+02 -9.147724045828849e+02  5.397583567996049e+02	 2.368593588471413e-03 -5.512447096407413e-03 -7.881040684878826e-03	1.000000000000000e+00	679	0	275
277	-5.980927036769555e+01 -8.388399922920595e+02  3.788879084540732e+03	-6.446232631181677e-03 -2.955281563724081e-03  3.490951067457596e-03	1.000000000000000e+00	684	0	277
278	4.718896519286881e+02 5.377279612894325e+02 3.010729803976050e+03	-5.649849694843094e-03  3.383614433308443e-03 -2.266235261534651e-03	1.000000000000000e+00	571	0	278
279	 3.051497312583677e+02 -4.997147473451573e+02  1.806547174671139e+03	 2.411101964147140e-03 -5.752807871128123e-04  1.835821177034328e-03	1.000000000000000e+00	571	0	279
280	-6.803661877223492e+02 -3.812433526177621e+02  4.959241153908732e+02	-2.558730387439331e-03  1.033787514703969e-02 -7.779144759600361e-03	1.000000000000000e+00	643	0	280
281	-3.697376889487490e+01 -5.287116560543628e+02  0.000000000000000e+00	-1.479628519155085e-02  1.479628519155085e-02  4.954529677416046e-18	1.000000000000000e+00	643	1	281
283	7.254630478094795e+02 8.879485632492409e+02 2.799936789889747e+03	5.027327686548233e-03 2.755643799901009e-03 7.782971486449242e-03	1.000000000000000e+00	26	0	283
284	3.307737169709155e+01 9.964039253724541e+02 1.570024171933420e+03	-1.326063026984532e-03  8.350070410718521e-03  9.676133437703053e-03	1.000000000000000e+00	666	0	284
285	5.331518696960394e+02 4.695041815536028e+02 5.430499301156210e+02	8.697551849763840e-03 9.636918839532882e-03 9.393669897690415e-04	1.000000000000000e+00	666	0	285
286	5.243057463636383e+02 7.741380867930566e+02 2.389537460299911e+03	5.590999110912284e-04 4.712779055504750e-03 4.153679144413521e-03	1.000000000000000e+00	691	0	286
287	-4.941807750880074e+02  4.347154603797857e+02  3.068601355338286e+03	-1.849237560236361e-05 -1.283023884752765e-04 -1.098100110539235e-04	1.000000000000000e+00	691	0	287
288	-3.804381105017982e+02  2.515372468370862e+02  1.267313456928182e+03	 4.299232386983931e-05  5.607125422102399e-05 -1.307893217017408e-05	1.000000000000000e+00	55	0	288
289	 1.385737253348323e+02 -3.795767450522933e+02  2.417439284654192e+03	 3.678708395455033e-03  4.331390780862421e-03 -6.526823854073881e-04	1.000000000000000e+00	55	0	289
290	-1.116054187386345e+02  1.888363700473358e+01  2.753092397935372e+03	-6.722456892021000e-04 -1.023981720209122e-03  3.517360310070216e-04	1.000000000000000e+00	55	0	290
291	-1.000000000000000e+03  3.344513597418900e+02  1.549130093936851e+03	 2.479368659619641e-18  3.443307126872242e-03 -3.443307126872241e-03	1.000000000000000e+00	55	1	291
292	-1.541548873988660e+02  7.174137605164687e+01  1.673392550816553e+03	 8.830307160678785e-05  9.002062506624497e-05 -1.717553203661737e-06	5.625000000000000e-01	55	0	292
293	-3.517550183523118e+01 -1.837369735818807e+02  2.047850286013716e+03	 1.848774018076149e-04  2.684837148403396e-04 -8.360631303272470e-05	7.508468627929688e-02	55	0	293
294	-4.232747181158521e+02  7.139802538711582e+01  2.388908710175773e+03	-4.005782771855593e-03 -7.985374890267849e-03  3.979592118412256e-03	1.000000000000000e+00	55	0	294
295	-7.565815472831609e+02  9.002587621803261e+01  2.036974030177547e+03	-1.072483711565534e-02 -1.710282436882456e-02  6.377987253169219e-03	1.000000000000000e+00	55	0	295
296	-3.473961515837382e+02 -9.259469469102580e+02  2.089656752829223e+03	 1.998838774549464e-03 -3.681312276360889e-03 -1.682473501811425e-03	1.000000000000000e+00	691	0	296
299	3.088183542284436e+02 1.399313541966498e+02 1.363745883280486e+03	 5.000931210815907e-03 -6.312672514468431e-03 -1.311741303652525e-03	1.000000000000000e+00	691	0	299
301	-2.133256751354109e+02 -1.417215080904180e+02  3.007952668097391e+03	-1.967272274972250e-03  2.357232132150481e-03  3.899598571782311e-04	1.000000000000000e+00	691	0	301
302	1.000000000000000e+03 1.497496559763336e+02 2.064745830831726e+03	-4.515365825864603e-18 -7.789960363879801e-03 -7.789960363879800e-03	1.000000000000000e+00	691	1	302
303	6.675844359454975e+02 1.129411047767900e+02 1.695521715577680e+03	 4.735340829938650e-03 -1.244411896914244e-02 -7.708778139203787e-03	1.000000000000000e+00	691	0	303
304	-5.784235116709699e+02  2.300615145833726e+02  3.589739482046731e+03	-4.537325779286523e-04  1.505181319468344e-03 -1.051448741539692e-03	1.000000000000000e+00	691	0	304
305	 7.056412169290591e+02 -5.886187930176143e+02  3.124355061047689e+03	 2.029829871995996e-04 -2.802983658815113e-03  2.600000671615514e-03	1.000000000000000e+00	691	0	305
306	 5.782828243219916e+02 -6.112482836804181e+02  2.620976278501190e+03	 4.472597521574547e-03  6.514656900738677e-04 -5.124063211648415e-03	1.000000000000000e+00	691	0	306
307	-7.713376293924440e+02 -1.343502884254438e+02  3.493698736960652e+03	-5.374170141294599e-04  9.242681549571016e-20  5.374170141294599e-04	1.000000000000000e+00	691	0	307
308	-1.293697610084533e+02 -3.456617412575996e+01  3.405313420093346e+03	 2.146689997365077e-04  2.450358636754875e-04 -4.597048634119953e-04	1.000000000000000e+00	691	0	308
309	 2.767125655342945e+02 -3.479781289477903e+02  3.312643048372629e+03	-1.484976285913339e-04 -8.210932185951000e-04  9.695908471864337e-04	1.000000000000000e+00	691	0	309
310	 1.927152647109857e+01 -7.882343933052427e+02  3.356973685976908e+03	-2.817611054827770e-03 -2.701148934041460e-03  5.518759988869230e-03	1.000000000000000e+00	691	0	310
311	-3.217904273368509e+02 -3.670495313220324e+02  3.276850777801646e+03	 2.402957819867879e-03  4.226310411468149e-04 -2.825588861014694e-03	1.000000000000000e+00	691	0	311
312	-1.435096080378515e+02 -8.228403750400641e+02  1.994483242923156e+03	-9.330161071072022e-04 -3.548381423267225e-03  4.481397530374427e-03	1.000000000000000e+00	55	0	312
313	 3.926447487453458e+02 -1.123270827701908e+02  7.478155938700851e+02	 4.988652653992176e-03 -2.169182756915689e-03 -2.819469897076488e-03	1.000000000000000e+00	55	0	313
314	4.971896869360953e+02 2.921801725187054e+02 1.049107771630222e+03	-1.779487356543541e-04  2.623676555231214e-04 -8.441892714472488e-05	1.000000000000000e+00	55	0	314
315	-3.040559159102147e+01 -2.441615195171659e+02  2.113044742193211e+03	 8.952370081566974e-18  1.172997057437903e-03 -1.172997057437891e-03	1.000000000000000e+00	55	0	315
316	 3.562785740765204e+02 -6.995680371660918e+02  1.371422722934811e+03	 1.598878391087055e-02 -1.005024928599596e-02 -5.938534624874592e-03	1.000000000000000e+00	55	0	316
317	 3.998048586446401e+02 -3.940763140900386e+02  1.022404715290639e+03	 1.195385120809078e-02 -6.200058851391077e-03 -5.753792356699705e-03	1.000000000000000e+00	55	0	317
318	3.608389030772134e+02 7.903560675303237e+01 1.398603121254778e+03	 1.166650773181270e-03 -6.000518527192374e-04 -5.665989204620322e-04	1.000000000000000e+00	55	0	318
319	 1.206744860010907e+02 -5.626525296229537e+01  1.774068398046228e+03	-3.815287151761974e-04  4.616172858125840e-04 -8.008857063638669e-05	1.000000000000000e+00	55	0	319
320	 2.891758099201755e+02 -3.253126633134060e+01  3.737032829382540e+03	 8.651231061473178e-04  9.698715415045930e-04 -1.047484353572751e-04	1.000000000000000e+00	691	0	320
324	5.031244932669406e+02 7.494765831083243e+02 1.971134775959629e+03	 2.451579054953375e-03 -3.882177891985821e-05  2.490400833873233e-03	1.000000000000000e+00	691	0	324
329	-6.523250026628426e+01 -9.322994075196634e+02  3.700842899211717e+03	-5.562424194067717e-03 -2.361316699534655e-03  3.201107494533062e-03	1.000000000000000e+00	684	0	329
330	4.850259209038883e+02 8.066444659964770e+02 3.292782577658294e+03	-5.399196951960524e-03  2.684970075885455e-03 -2.714226876075069e-03	1.000000000000000e+00	571	0	330
331	 4.005533796100528e+02 -8.173011294916057e+02  1.584364440876376e+03	 5.510194265904526e-03 -1.599754284446438e-03  3.910439981458087e-03	1.000000000000000e+00	571	0	331
332	-8.440983535785947e+02 -3.327767546426305e+02  6.111896832719872e+02	-1.793655411650737e-03  7.207347933823864e-03 -5.413692522173126e-03	1.000000000000000e+00	643	0	332
337	6.843805960225887e+02 3.722240744385945e+02 2.945410966740633e+02	8.881601466176411e-03 1.037852656251440e-02 1.496925096337994e-03	1.000000000000000e+00	666	0	337
338	7.750600001960383e+02 8.799708837404673e+02 2.244616003414922e+03	6.180454511195423e-04 5.899969837628305e-03 5.281924386508763e-03	1.000000000000000e+00	691	0	338
339	-7.512450503998082e+02  3.297079153556960e+02  3.220658085625996e+03	-4.718449539116896e-05 -8.985578739763392e-04 -8.513733785851704e-04	1.000000000000000e+00	691	0	339
340	-4.593786593030615e+02  2.705480450001072e+02  1.169362109963898e+03	-6.679182891578724e-04 -1.853485979760686e-04 -4.825696911818038e-04	1.000000000000000e+00	55	0	340
341	 2.052364178893128e+02 -4.215095670311277e+02  2.526034799187507e+03	2.912524195077518e-03 1.672905365315576e-03 1.239618829761942e-03	1.000000000000000e+00	55	0	341
342	-8.817614304696671e+01 -6.773441788885236e+01  2.863139728520626e+03	-3.167651625517465e-04 -3.091832591053389e-04 -7.581903446407517e-06	1.000000000000000e+00	55	0	342
343	-9.320918044252218e+02  4.975522987938629e+02  1.453937350459656e+03	-6.160108411374192e-03  1.246401496852438e-03 -7.406509908226629e-03	1.000000000000000e+00	55	0	343
344	-1.225080508471425e+02  6.340810326995538e+00  1.770439953092928e+03	1.558731639761390e-04 1.233419377513201e-04 3.253122622481897e-05	5.625000000000000e-01	55	0	344
345	-5.811739025655204e+01 -1.125776125245773e+02  1.953749036535092e+03	1.411264995113015e-03 5.457176594063640e-04 8.655473357066512e-04	1.000000000000000e+00	55	0	345
346	-5.063758803075228e+02  7.148431761914624e+01  2.305721255752072e+03	-5.188510908434789e-03 -1.017800516759356e-02  4.989494259158771e-03	1.000000000000000e+00	55	0	346
347	-6.734880713183740e+02  7.899234665139542e+01  2.131101035708971e+03	-8.450741724421581e-03 -1.475322820867101e-02  6.302486484249433e-03	1.000000000000000e+00	55	0	347
348	-5.074009594135910e+02 -8.299799730991763e+02  2.025618918810452e+03	-4.489791560141991e-04 -2.861647323394815e-04 -7.351438883536806e-04	1.000000000000000e+00	691	0	348
350	1.000000000000000e+03 7.609764978363149e+02 2.675972672691708e+03	-9.547456148604107e-18  5.114711821079275e-04  5.114711821079234e-04	1.000000000000000e+00	691	1	350
351	2.609435552630127e+02 1.030364068559976e+02 1.278976136974403e+03	 4.747498731982584e-03 -5.185533829110985e-03 -4.380350971284011e-04	1.000000000000000e+00	691	0	351
353	-2.531442276647838e+02 -1.542235655074214e+02  2.955632058151014e+03	-7.325549609468254e-19  3.703379770740865e-03  3.703379770740868e-03	1.000000000000000e+00	691	0	353
354	9.580346408075873e+02 9.672716152935135e+01 1.969757977192331e+03	 1.148051599739119e-02 -1.209702884079888e-02 -6.165128434076907e-04	1.000000000000000e+00	691	0	354
355	7.647646638427790e+02 9.862084112786121e+01 1.778381679826033e+03	 5.307872158785661e-03 -1.320530396575729e-02 -7.897431806971630e-03	1.000000000000000e+00	691	0	355
356	-6.966815242631167e+02  2.435143759173984e+02  3.694544633304852e+03	-7.914131080421308e-04  5.227081322421631e-04  2.687049757999678e-04	1.000000000000000e+00	691	0	356
357	 8.365768689456843e+02 -6.354365610399823e+02  3.040237177053431e+03	-2.311886443446080e-03  8.789914737765988e-03 -6.478028294319907e-03	1.000000000000000e+00	691	0	357
358	 6.491083020146273e+02 -7.316717100096989e+02  2.670574227137835e+03	 2.103546867147088e-03 -3.229490248486400e-04 -1.780597842298448e-03	1.000000000000000e+00	691	0	358
359	-9.512789153788644e+02 -1.343502884254438e+02  3.673640022947073e+03	-2.648017834872487e-05 -8.160413491605877e-19  2.648017834871528e-05	7.500000000000000e-01	691	0	359
360	-2.978605107126427e+01 -1.262603693340542e+02  3.397423905364452e+03	 1.413395511917770e-04 -5.437682921183296e-05 -8.696272561792284e-05	1.000000000000000e+00	691	0	360
361	 1.714964950908547e+02 -2.816435081549557e+02  3.351524498023235e+03	-1.707148330751806e-04 -5.256771837593988e-04  6.963920168345794e-04	1.000000000000000e+00	691	0	361
362	-8.749325633572799e+01 -6.731447028009864e+02  3.348648778279478e+03	-1.536001567728817e-03 -9.858879493549466e-04  2.521889517083764e-03	1.000000000000000e+00	691	0	362
363	-2.532437414978540e+02 -4.683730111765914e+02  3.309627571817209e+03	 1.183140770687411e-03  3.951810455570618e-04 -1.578321816244473e-03	1.000000000000000e+00	691	0	363
364	-2.682821779640648e+02 -7.382644131852876e+02  2.034679850994592e+03	-4.607937104689578e-04 -1.440726928800965e-03  1.901520639269923e-03	1.000000000000000e+00	55	0	364
365	 3.819660586841592e+02 -1.169701409217252e+01  6.578642152532534e+02	 1.770083341398276e-03 -1.673333172220737e-04 -1.602750024176203e-03	1.000000000000000e+00	55	0	365
366	5.570919730454675e+02 3.346881358274172e+02 9.466975222121387e+02	 3.059040172956884e-04  6.022671004757285e-04 -9.081711177714169e-04	1.000000000000000e+00	55	0	366
367	-8.835029416402182e+01 -3.311473549343471e+02  2.257975280183392e+03	-1.448608458720931e-03  1.462388278620542e-06  1.447146070442310e-03	1.000000000000000e+00	55	0	367
368	 3.751515644898693e+02 -6.189881528277998e+02  1.271969848183171e+03	 1.509249862283468e-02 -9.643405675888062e-03 -5.449092946946621e-03	1.000000000000000e+00	55	0	368
369	 3.970409802500013e+02 -4.611156868401779e+02  1.092207966435417e+03	 1.299804092074434e-02 -7.184374456604322e-03 -5.813666464140018e-03	1.000000000000000e+00	55	0	369
370	2.926549048166568e+02 4.441831370149233e+01 1.501404412566874e+03	 1.165846115327440e-03 -1.327802441664971e-03  1.619563263375312e-04	1.000000000000000e+00	55	0	370
371	 1.775076406380838e+02 -2.408677869058994e+01  1.685056769137529e+03	-6.525916251121089e-05  7.824070780770853e-05 -1.298154984397115e-05	1.000000000000000e+00	55	0	371
372	-6.793158012802404e+01  1.825986251386699e+02  3.164795547864330e+03	-2.124055288732052e-03 -8.287001401185989e-04 -1.295355148613453e-03	1.000000000000000e+00	691	0	372
373	-1.217299754561661e+02  6.033419283430687e+02  2.690253849331789e+03	2.939497547534605e-03 1.846289766641954e-03 1.093207780892650e-03	1.000000000000000e+00	691	0	373
374	-3.010984053053176e+02 -1.445326041318484e+02  3.013277197167120e+03	 2.213700737532539e-03  2.047415061194139e-03 -1.662856763383995e-04	1.000000000000000e+00	691	0	374
376	2.673566191253043e+02 2.317846349821184e+02 2.253058849944198e+03	-2.517365365444372e-03 -2.135140433286627e-04 -2.303851322115710e-03	1.000000000000000e+00	691	0	376
378	 7.968148168334087e+02 -6.229721454722701e+02  4.667739299000296e+02	 4.823566103974978e-03 -8.560361030201117e-03 -1.338392713417610e-02	1.000000000000000e+00	679	0	378
379	 5.548242050406147e+02 -8.188718434286562e+02  5.128648437364376e+02	 3.340178324530522e-03 -6.926409822578232e-03 -1.026658814710875e-02	1.000000000000000e+00	679	0	379
380	-2.908080955176310e+01 -5.969906160168591e+02  4.000000000000000e+03	-1.533463550731540e-02 -1.533463550731540e-02 -5.872191071189871e-18	1.000000000000000e+00	684	1	380
381	-5.493936247351977e+01 -7.454566499692611e+02  3.877392518969355e+03	-7.971849137296280e-03 -3.618849130968253e-03  4.353000006328026e-03	1.000000000000000e+00	684	0	381
382	4.075546976397752e+02 3.006104186052203e+02 2.709277307002925e+03	-4.903427752045293e-03  3.682072080361346e-03 -1.221355671683947e-03	1.000000000000000e+00	571	0	382
383	 2.207103444511476e+02 -1.789683599765345e+02  2.042854175232542e+03	-1.547269406728446e-03  6.659341743215919e-04 -8.813352324068546e-04	1.000000000000000e+00	571	0	383
384	-5.214144939123634e+02 -4.244211534541016e+02  3.801502224172270e+02	-3.949188937743505e-03  1.368876841540138e-02 -9.739579477657875e-03	1.000000000000000e+00	643	0	384
385	-2.212312467893281e+02 -4.787098412564687e+02  1.342556630965589e+02	-8.371059472362202e-03  2.093719163288673e-02 -1.256613216052453e-02	1.000000000000000e+00	643	0	385
386	9.293592749803100e+02 6.116600816727139e+02 2.727544535484050e+03	4.177648690529168e-03 9.883886668831110e-04 5.166037357412279e-03	1.000000000000000e+00	26	0	386
387	8.007380119402029e+02 7.947103006507361e+02 2.781973491421966e+03	5.088444255913298e-03 2.173350347826879e-03 7.261794603740175e-03	1.000000000000000e+00	26	0	387
388	1.497400620295710e+02 8.512932728728815e+02 1.308250829101368e+03	 1.020760562581321e-02  9.478488859410087e-03 -7.291167664031185e-04	1.000000000000000e+00	666	0	388
389	4.112900053367524e+02 5.834407451758660e+02 7.788483580971712e+02	 7.759715328575112e-03  7.676252265810035e-03 -8.346306276507673e-05	1.000000000000000e+00	666	0	389
390	2.670882312246126e+02 6.806442860814699e+02 2.553261174727350e+03	6.123846784854929e-04 3.435772630230834e-03 2.823387951745341e-03	1.000000000000000e+00	691	0	390
391	-2.362902517696422e+02  5.184437899236204e+02  2.894439161563755e+03	2.476837253198028e-04 1.004902063868940e-03 7.572183385491371e-04	1.000000000000000e+00	691	0	391
392	-3.116592917415312e+02  2.263743754460817e+02  1.361255147079454e+03	 2.594905945443315e-04  2.882697172026383e-04 -2.877912265830674e-05	1.000000000000000e+00	55	0	392
393	-1.936928189562668e+02  1.366135517083474e+02  1.568982443602452e+03	 1.127292634919286e-04  1.314665987592889e-04 -1.873732912827109e-05	5.625000000000000e-01	55	0	393
394	 7.234091543449537e+01 -3.516304430822637e+02  2.323260172783826e+03	 3.048335202038288e-03  3.867835970595479e-03 -8.195007685571909e-04	1.000000000000000e+00	55	0	394
396	-1.813346990059254e+02  5.701373377909656e+01  2.645233020893719e+03	-1.257393121098479e-03 -2.358899257766704e-03  1.101506136668225e-03	1.000000000000000e+00	55	0	396
397	-3.413534572325383e+02  7.109218411513775e+01  2.471135812331065e+03	-3.020468478401502e-03 -5.894405224050085e-03  2.873936745648583e-03	1.000000000000000e+00	55	0	397
398	-1.000000000000000e+03  2.069335996954960e+02  1.676647853983245e+03	 4.751841623239955e-18 -9.733100712765005e-03  9.733100712765010e-03	1.000000000000000e+00	55	1	398
399	-8.392135645300402e+02  1.091019051852584e+02  1.935265983963442e+03	-1.361244264990091e-02 -1.908689737319946e-02  5.474454723298549e-03	1.000000000000000e+00	55	0	399
403	-1.765550412165459e+02 -1.103952231425773e+02  3.076049586964096e+03	-2.676153138357525e-03  2.315045285892362e-03 -3.611078524651627e-04	1.000000000000000e+00	691	0	403
406	3.948832283672307e+02 1.398098844215378e+02 1.449689287644161e+03	 3.574213789155086e-03 -7.289242853100101e-03 -3.715029063945015e-03	1.000000000000000e+00	691	0	406
407	5.728838002791008e+02 1.269353460254417e+02 1.614815321159935e+03	 4.299778956919909e-03 -1.091613154858351e-02 -6.616352591663599e-03	1.000000000000000e+00	691	0	407
408	-4.628309157521078e+02  1.934155615847242e+02  3.510792839126516e+03	-1.696128650413204e-04  1.991418913045588e-03 -1.821806048004267e-03	1.000000000000000e+00	691	0	408
409	-2.356758448487067e+02  5.218355212044818e+01  3.424869777687392e+03	 2.416380060215791e-04  8.167778335822126e-04 -1.058415839603792e-03	1.000000000000000e+00	691	0	409
410	 5.913807698913931e+02 -5.352087472884563e+02  3.185205462356197e+03	 6.572096026502550e-05  2.922394778579473e-04 -3.579604381229728e-04	1.000000000000000e+00	691	0	410
411	 3.780525311130406e+02 -4.101121527540415e+02  3.273437106600134e+03	-1.130938083709528e-04 -7.237845032553499e-04  8.368783116263027e-04	1.000000000000000e+00	691	0	411
412	 5.144995918637928e+02 -5.091226423979355e+02  2.582633869676906e+03	 6.632495167044302e-03  1.161283425365885e-03 -7.793778592410187e-03	1.000000000000000e+00	691	0	412
413	 1.852619766708760e+02 -9.384311045836234e+02  3.341179947055512e+03	-6.454798941521083e-19 -6.094653857871892e-03  6.094653857871888e-03	1.000000000000000e+00	691	0	413
414	-4.456710310722984e+02 -1.343502884254439e+02  3.168032138640507e+03	 4.184820546925042e-03  6.624862589302210e-18 -4.184820546925035e-03	1.000000000000000e+00	691	0	414
415	-3.751226934589287e+02 -2.757688433799278e+02  3.238902355981620e+03	 3.267919639862763e-03  1.629560817188273e-04 -3.430875721581591e-03	1.000000000000000e+00	691	0	415
416	 7.755514179711747e+00 -9.029269133643610e+02  1.923304659029889e+03	 1.021497106800477e-03 -6.353229827558001e-03  5.331732720757524e-03	1.000000000000000e+00	55	0	416
417	 3.434825585824027e+02 -7.960306693028608e+02  1.480681370565698e+03	 1.523320563137531e-02 -7.972582243382931e-03 -7.260623387992382e-03	1.000000000000000e+00	55	0	417
418	 3.969779971126558e+02 -1.924575433214406e+02  8.236128060540248e+02	 7.423928007483482e-03 -3.470259252935648e-03 -3.953668754547834e-03	1.000000000000000e+00	55	0	418
419	 4.002027560620346e+02 -3.303304843472495e+02  9.582609881304551e+02	 1.078305020928383e-02 -5.358490627259016e-03 -5.424559582024813e-03	1.000000000000000e+00	55	0	419
420	4.541803586570357e+02 2.410336152277550e+02 1.143263657200233e+03	 7.004777762631420e-05 -5.206861715123523e-05 -1.797916593204718e-05	7.500000000000000e-01	55	0	420
421	3.954455894817676e+02 1.026394252221182e+02 1.340392616381137e+03	 2.261771005578340e-04 -2.671491383807734e-03  2.445314283249900e-03	1.000000000000000e+00	55	0	421
422	-2.550194727420932e+01 -1.821811909785784e+02  2.046160769337811e+03	-3.056357091126005e-04  3.131963149315131e-04 -7.560605818912593e-06	5.631351470947266e-02	55	0	422
423	 6.307118428909812e+01 -8.530972881057919e+01  1.860716175606504e+03	-6.214710762530254e-04  7.071215198569311e-04 -8.565044360390553e-05	1.000000000000000e+00	55	0	423
424	 3.574752869483030e+02 -1.045890813927249e+02  3.877390121472052e+03	1.331905368715525e-03 1.080565270967782e-03 2.513400977477431e-04	1.000000000000000e+00	691	0	424
425	-2.859026770235680e+02  1.000000000000000e+03  2.129423076107456e+03	 1.172999292612076e-02 -4.538359754217202e-18  1.172999292612076e-02	1.000000000000000e+00	691	1	425
428	5.701060788571007e+02 8.793464553010024e+02 1.908246489357111e+03	 2.964547836503091e-03 -1.428322624027100e-05  2.978831062743363e-03	1.000000000000000e+00	691	0	428
429	 1.245225685639797e+02 -9.899794521775790e+02  3.331988886542571e+03	-3.426056277627746e-03 -6.857652294759949e-03  3.431596017132203e-03	1.000000000000000e+00	691	0	429
430	4.851823651747583e+02 9.648649013975410e+02 3.451159457330229e+03	-5.192596484751751e-03  5.873955766825627e-03  6.813592820738752e-04	1.000000000000000e+00	571	0	430
431	 4.526830332808922e+02 -1.000000000000000e+03  1.453795224038822e+03	6.561175221577287e-03 7.358208057836586e-19 6.561175221577287e-03	1.000000000000000e+00	571	1	431
432	-9.328300838022597e+02 -3.083286413159660e+02  6.754733001689876e+02	-1.679000599930684e-03  5.670042320465048e-03 -3.991041720534365e-03	1.000000000000000e+00	643	0	432
435	7.748303833983915e+02 3.142750811205926e+02 1.461423159802586e+02	1.199091676001748e-02 1.308300641054908e-02 1.092089650531610e-03	1.000000000000000e+00	666	0	435
436	9.119910996932458e+02 9.330851289057824e+02 2.160799149083029e+03	1.053033396601677e-03 6.001694127917290e-03 4.948660731315613e-03	1.000000000000000e+00	691	0	436
437	-8.804948871842788e+02  2.704059941080147e+02  3.290606001162786e+03	-9.120193135458979e-05 -1.215435659105424e-03 -1.124233727750834e-03	1.000000000000000e+00	691	0	437
438	-5.433241597889430e+01  3.015679613793349e+02  3.059425375772795e+03	-7.997883852416029e-04 -3.384058460748444e-04 -4.613825391667585e-04	1.000000000000000e+00	691	0	438
439	-8.413806378628405e+01  5.536722528439818e+02  2.777515436500758e+03	 2.160514937713741e-03  2.160514937713743e-03 -6.032134976943357e-19	1.000000000000000e+00	691	0	439
444	3.575121923323109e+02 1.951985133002906e+02 2.553822896390531e+03	-5.186710894728701e-03  4.311031273876627e-03 -8.756796208520729e-04	1.000000000000000e+00	571	0	444
445	 2.188989381720409e+02 -2.713804434940736e+00  2.217297324495029e+03	-3.638534321604917e-03  2.798818769709518e-03 -8.397155518953999e-04	1.000000000000000e+00	571	0	445
446	-4.441439560037143e+02 -4.424945343163463e+02  3.209530653708227e+02	-4.952821259697278e-03  1.559875921035806e-02 -1.064593795066079e-02	1.000000000000000e+00	643	0	446
447	-2.944719322536657e+02 -4.695575911754662e+02  1.983440984798939e+02	-7.651207347710928e-03  1.986800894762079e-02 -1.221680159990986e-02	1.000000000000000e+00	643	0	447
448	2.050215466987487e+02 7.858782845390053e+02 1.187554356098314e+03	 1.032114756526425e-02  9.979527618270367e-03 -3.416199469938876e-04	1.000000000000000e+00	666	0	448
449	3.381016405938464e+02 6.554965210996355e+02 9.240924987638467e+02	8.182925123643750e-03 8.349206347096091e-03 1.662812234523394e-04	1.000000000000000e+00	666	0	449
450	1.372093814720760e+02 6.327843747041424e+02 2.635280113102559e+03	3.985832639349004e-04 2.785435188949729e-03 2.386851925014829e-03	1.000000000000000e+00	691	0	450
452	1.904404526219823e+02 2.616295090390254e+01 3.579603254849104e+03	 2.674525603651536e-05 -3.722449574313773e-18  2.674525603652465e-05	7.500000000000000e-01	691	0	452
454	-2.286770941170904e+02  8.756159970660610e+02  2.311032661947873e+03	-1.341102858229230e-03 -9.907275865164897e-04 -3.503752717127403e-04	1.000000000000000e+00	691	0	454
455	-1.627562898826608e+02  6.955539037661498e+02  2.557015559482214e+03	3.200127238718172e-03 2.408272159906725e-03 7.918550788114468e-04	1.000000000000000e+00	691	0	455
460	4.377794762217451e+02 6.198654696390489e+02 2.035400872383709e+03	1.858084371027265e-03 1.586955355984774e-05 1.842214817467417e-03	1.000000000000000e+00	691	0	460
461	3.214530155039785e+02 3.615799982136302e+02 2.177359883091361e+03	-1.810859866964165e-04 -1.714147356324247e-05 -1.639445144974161e-04	7.500000000000000e-01	691	0	461
464	4.829046214012783e+02 6.689590878249220e+02 3.152975899984130e+03	-5.648453254252672e-03  2.994602546095848e-03 -2.653850708156824e-03	1.000000000000000e+00	571	0	464
465	4.464367634345161e+02 4.156163783910063e+02 2.863165332583452e+03	-5.272371733250718e-03  3.595132807580133e-03 -1.677238925670584e-03	1.000000000000000e+00	571	0	465
466	 3.532715764208875e+02 -6.585688722306953e+02  1.695814894948122e+03	 3.813773820487162e-03 -8.643266434470811e-04  2.949447177040080e-03	1.000000000000000e+00	571	0	466
467	 2.595243051364975e+02 -3.404893675399398e+02  1.920147128354487e+03	 4.600818792823702e-04 -1.156076905317604e-04  3.444741887506098e-04	1.000000000000000e+00	571	0	467
468	-7.616204760306376e+02 -3.573133024305042e+02  5.532483535119038e+02	-2.093493317564329e-03  8.742120272169510e-03 -6.648626954605182e-03	1.000000000000000e+00	643	0	468
469	-6.002651166082416e+02 -4.038363706008489e+02  4.384160622598525e+02	-3.166893497109413e-03  1.197175029665232e-02 -8.804856799542904e-03	1.000000000000000e+00	643	0	469
471	-1.394954259558367e+02 -4.889595003362833e+02  6.276950134288207e+01	-2.904821652919054e-03  1.794273755513132e-02 -1.503791590221226e-02	1.000000000000000e+00	643	0	471
473	9.735557667948184e+01 9.188758249513422e+02 1.428217866529918e+03	 8.023216233899197e-03  7.343374813596408e-03 -6.798414203027884e-04	1.000000000000000e+00	666	0	473
474	6.042414784489282e+02 4.217933902379825e+02 4.242495300471119e+02	8.681082089121142e-03 1.007975366276999e-02 1.398671573648850e-03	1.000000000000000e+00	666	0	474
475	4.752296748568100e+02 5.176238183767134e+02 6.490917617779609e+02	8.408185215860916e-03 8.570828353792118e-03 1.626431379312028e-04	1.000000000000000e+00	666	0	475
476	6.525438288920370e+02 8.277408342768988e+02 2.314902125255354e+03	5.154511503254372e-04 5.308258327810715e-03 4.792807177485277e-03	1.000000000000000e+00	691	0	476
477	3.959329096303742e+02 7.256270910935530e+02 2.469399301333671e+03	6.957904746135076e-04 4.056559797997276e-03 3.360769323383769e-03	1.000000000000000e+00	691	0	477
478	-6.229175647089332e+02  3.848713588305471e+02  3.147494043409973e+03	-5.772301665274428e-05 -5.506897541636135e-04 -4.929667375108693e-04	1.000000000000000e+00	691	0	478
479	-3.662712734045816e+02  4.786791114637633e+02  2.984655504738838e+03	5.737748870160431e-05 3.848179403576069e-04 3.274404516560026e-04	1.000000000000000e+00	691	0	479
484	5.084800833905540e+02 1.000000000000000e+03 3.509592274148483e+03	-6.221944699063897e-03 -3.102209120169291e-18 -6.221944699063898e-03	1.000000000000000e+00	571	1	484
487	8.329429729828591e+02 2.668788910582206e+02 4.063353633341909e+01	 3.016785532236099e-02  2.603146433830261e-02 -4.136390984058379e-03	1.000000000000000e+00	666	0	487
488	-5.060542652931276e+01  3.602758228408407e+02  3.004444503760871e+03	-1.203195861307904e-04 -4.433740468812175e-05 -7.598217780468985e-05	1.000000000000000e+00	691	0	488
489	-5.755382062100548e+01  4.933022125771744e+02  2.864469719932844e+03	 1.436531660147011e-03  1.949184923432767e-03 -5.126532632857561e-04	1.000000000000000e+00	691	0	489
492	3.286428795977769e+02 1.486922119870952e+02 2.478447282342801e+03	-5.984013007643322e-03  5.309001969483991e-03 -6.750110381593307e-04	1.000000000000000e+00	571	0	492
493	2.555198281466670e+02 5.986889161870758e+01 2.316500910523304e+03	-8.281890380506715e-03  7.265515547866623e-03 -1.016374832640092e-03	1.000000000000000e+00	571	0	493
494	2.349439540315853e+02 7.539221360852869e+02 1.125675800311759e+03	 9.980388820016136e-03  9.877147250032673e-03 -1.032415699834626e-04	1.000000000000000e+00	666	0	494
496	-2.117267691018646e+02  8.310413799156211e+02  2.372557604113539e+03	-8.308421771895761e-04 -6.079549833278483e-04 -2.228871938617279e-04	1.000000000000000e+00	691	0	496
497	-1.800552037800947e+02  7.401982181303398e+02  2.495072331220590e+03	3.249312964423249e-03 2.389911814437558e-03 8.594011499856909e-04	1.000000000000000e+00	691	0	497
500	-2.343278874236755e+02 -1.000000000000000e+03  2.091039283417327e+03	-7.038695155642927e-03  1.954809306253596e-18  7.038695155642928e-03	1.000000000000000e+00	691	1	500
501	-2.531442276647839e+02 -9.578666423091257e+02  2.151988981349310e+03	-6.102314722075167e-19 -6.906622322276235e-03 -6.906622322276234e-03	1.000000000000000e+00	691	0	501
502	4.789954217275567e+02 6.022724622203750e+02 3.082380074705861e+03	-5.693143776928385e-03  3.187430013592044e-03 -2.505713763336340e-03	1.000000000000000e+00	571	0	502
503	4.610661654392063e+02 4.757083350684730e+02 2.937886691265609e+03	-5.507333669811487e-03  3.532560076564550e-03 -1.974773593246937e-03	1.000000000000000e+00	571	0	503
504	 3.290142193005037e+02 -5.792994298007573e+02  1.750826980257676e+03	 3.205263773755481e-03 -7.436380644018451e-04  2.461625709353636e-03	1.000000000000000e+00	571	0	504
505	 2.818396123360672e+02 -4.200449196478709e+02  1.862906883446126e+03	 1.464017540759717e-03 -3.617321878361205e-04  1.102285352923597e-03	1.000000000000000e+00	571	0	505
506	-1.985134729016402e+01  1.000000000000000e+03  1.626548965548222e+03	 1.381208654493093e-03 -5.380184580781028e-18 -1.381208654493094e-03	1.000000000000000e+00	666	1	506
507	7.131359303332123e+01 9.531351468097945e+02 1.488519172034531e+03	 7.201632067638760e-03  6.824272636246557e-03 -3.773594313922028e-04	1.000000000000000e+00	666	0	507
508	 3.247349407299261e+02 -6.670944275352592e+01  3.806770136614476e+03	1.214082318256260e-03 1.190947054055869e-03 2.313526420039129e-05	1.000000000000000e+00	691	0	508
509	2.375859011609278e+02 6.767375784153867e+00 3.646144278507798e+03	 6.305285690662762e-05  7.164594668817396e-04 -6.534066099751120e-04	1.000000000000000e+00	691	0	509
511	-2.485219545617310e+02  9.186106696248490e+02  2.248193128944444e+03	1.311463801539503e-02 1.023277189233340e-02 2.881866123061627e-03	5.625000000000000e-01	691	0	511
516	4.840437910325068e+02 8.788113638003518e+02 3.363967345590788e+03	-5.185616668313742e-03  2.620929386466742e-03 -2.564687281847000e-03	1.000000000000000e+00	571	0	516
517	4.846790320043847e+02 7.373519373744084e+02 3.223143160136723e+03	-5.545309356724222e-03  2.836063892270128e-03 -2.709245464454094e-03	1.000000000000000e+00	571	0	517
518	 4.390571968832346e+02 -9.213628885646712e+02  1.518806499076493e+03	 4.968265149121483e-03 -2.656427832941214e-03  2.311837316180269e-03	1.000000000000000e+00	571	0	518
519	 3.778117296934432e+02 -7.376155564498033e+02  1.641308364001569e+03	 4.477072933999200e-03 -1.094713729495804e-03  3.382359204503397e-03	1.000000000000000e+00	571	0	519
522	7.266079030281612e+02 3.456965920293599e+02 2.257863072592563e+02	1.002692345840236e-02 1.160250410127143e-02 1.575580642869075e-03	1.000000000000000e+00	666	0	522
523	-6.040516471137072e+01  2.423288283517480e+02  3.112591760067905e+03	-1.482939328222225e-03 -6.032897120652100e-04 -8.796496161570152e-04	1.000000000000000e+00	691	0	523
524	-7.679392228051600e+01  1.205810605248460e+02  3.217950770325662e+03	-2.759062180606028e-03 -1.150609614948432e-03 -1.608452565657596e-03	1.000000000000000e+00	691	0	524
526	-1.440922345766280e+02  6.517243521223018e+02  2.619509166432094e+03	2.968307312888404e-03 2.298537214907507e-03 6.697700979808966e-04	1.000000000000000e+00	691	0	526
528	-3.678090351729014e+02 -1.425695082606265e+02  3.081950922905926e+03	4.614668432623148e-04 1.184427528642118e-03 7.229606853798032e-04	1.000000000000000e+00	691	0	528
531	3.838919770875808e+02 2.463314246288151e+02 2.631335592474325e+03	-4.901474807411432e-03  3.861297154799104e-03 -1.040177652612329e-03	1.000000000000000e+00	571	0	531
532	4.284545687441119e+02 3.571694545128727e+02 2.786736214014914e+03	-5.058589895876746e-03  3.626299284708997e-03 -1.432290611167749e-03	1.000000000000000e+00	571	0	532
533	 2.096121171023450e+02 -9.042496931750946e+01  2.120299338542765e+03	-2.498609246686101e-03  1.396898645907640e-03 -1.101710600778461e-03	1.000000000000000e+00	571	0	533
534	 2.388183175459546e+02 -2.609257365174198e+02  1.979004771786464e+03	-5.391234832738215e-04  1.783270175413539e-04 -3.607964657324677e-04	1.000000000000000e+00	571	0	534
535	1.767790295760503e+02 8.182491758461554e+02 1.248167764528163e+03	 1.048110990086570e-02  9.907376894261688e-03 -5.737330066040158e-04	1.000000000000000e+00	666	0	535
536	1.233743383167960e+02 8.850578786122838e+02 1.368381158553545e+03	 9.520936699118465e-03  8.748091815505177e-03 -7.728448836132884e-04	1.000000000000000e+00	666	0	536
540	5.666916287629143e+02 4.461222024955952e+02 4.861281919907385e+02	8.646034441577891e-03 9.863824777615568e-03 1.217790336037676e-03	1.000000000000000e+00	666	0	540
541	4.446648164543354e+02 5.482220407198246e+02 7.102548425235468e+02	 8.001238866806187e-03  7.918426007866703e-03 -8.281285893948092e-05	1.000000000000000e+00	666	0	541
542	3.014726148622944e+02 6.894493572343207e+02 9.946743606300838e+02	8.751501275886161e-03 8.951543883692162e-03 2.000426078060025e-04	1.000000000000000e+00	666	0	542
543	5.038366604574613e+02 4.923091521890904e+02 5.951701099896867e+02	8.590259511644641e-03 9.141038249557218e-03 5.507787379125756e-04	1.000000000000000e+00	666	0	543
544	2.364193947985227e+02 1.680941106265156e+02 2.285812149973020e+03	-3.707230581009450e-03  2.165687716721249e-04 -3.923799352681574e-03	1.000000000000000e+00	691	0	544
546	3.752364428878373e+02 6.200347741282120e+02 8.514959494984323e+02	7.832748708703244e-03 7.873326646707332e-03 4.057793800408631e-05	1.000000000000000e+00	666	0	546
547	4.602860040435488e+02 7.492967597223098e+02 2.428715875549254e+03	6.586102147897084e-04 4.390412398303549e-03 3.731802183513840e-03	1.000000000000000e+00	691	0	547
548	8.410736826735543e+02 9.063464000357336e+02 2.204977837232672e+03	8.356072163830200e-04 6.024449093577762e-03 5.188841877194743e-03	1.000000000000000e+00	691	0	548
551	-9.826650597940339e+02 -4.755691286672718e+01  3.618232791803525e+03	-3.338200428212683e-04  5.943041081385066e-04 -2.604840653172384e-04	1.000000000000000e+00	691	0	551
552	-3.014740327605276e+02  4.990857166685821e+02  2.940264869299602e+03	1.627779468738784e-04 6.923701099973792e-04 5.295921631235009e-04	1.000000000000000e+00	691	0	552
553	-8.615551845677777e+02 -1.250061510648005e+02  3.574572154775342e+03	-1.270484499400482e-03 -1.009096740745008e-04  1.371394173474982e-03	1.000000000000000e+00	691	0	553
554	1.543959280612759e+02 2.024162852813051e+01 3.537637407912626e+03	3.824592082916449e-04 3.850147865402202e-04 7.674739948318651e-04	1.000000000000000e+00	691	0	554
558	 4.789783528973667e+02 -4.513081181446277e+02  2.560340584390025e+03	 7.885132761051258e-03  1.057033737500509e-03 -8.942166498551765e-03	1.000000000000000e+00	691	0	558
562	3.495771644919228e+02 4.280804831249021e+02 2.138983547168033e+03	5.068000779525997e-04 4.108858896264185e-05 4.657114889899579e-04	1.000000000000000e+00	691	0	562
563	-7.220213403987453e+02 -1.390667968005473e+02  3.449098956342056e+03	 1.185864918321992e-04 -2.830062633923565e-04  1.644197715601573e-04	1.000000000000000e+00	691	0	563
564	1.500000000000000e+03 7.609764978363149e+02 2.675972672691708e+03	0.000000000000000e+00 0.000000000000000e+00 0.000000000000000e+00	1.000000000000000e+00	691	-1	350
573	-1.680636680901435e+02  5.373522345874819e+02  2.845121022548118e+03	7.150350332570573e-04 1.316073098375152e-03 6.010380651180943e-04	1.000000000000000e+00	691	0	573
575	-3.637461612214522e+01 -7.296092803402850e+02  3.353994715605194e+03	-2.069771794291834e-03 -1.687733844543497e-03  3.757505638835331e-03	1.000000000000000e+00	691	0	575
584	 1.125108157413832e+02 -9.396130576299978e+02  1.855235501733855e+03	 2.408897659430901e-03 -7.196148469423254e-03  4.787250809992353e-03	1.000000000000000e+00	55	0	584
585	8.409828396100333e+01 2.698703251432183e+01 3.474085167798545e+03	-4.371783773725232e-04  8.018118193528304e-04  3.646334419803073e-04	1.000000000000000e+00	691	0	585
589	-6.618674992982103e+02 -1.424034023127623e+02  3.392281720753736e+03	 1.560544915264472e-04 -3.372179344296455e-04  1.811634429031983e-04	1.000000000000000e+00	691	0	589
591	 3.452750920176099e+02 -9.051738857608533e+02  1.588032053588483e+03	 1.733810454607010e-02 -1.182364393025637e-02 -5.514460615813732e-03	1.000000000000000e+00	55	0	591
593	 3.496625267761631e+02 -9.750674940105002e+02  5.618308714190450e+02	-7.768653255576886e-04 -5.890895981186381e-03 -5.114030655628691e-03	1.000000000000000e+00	679	0	593
594	 4.257110386249600e+02 -3.590170776820570e+02  2.521316858199861e+03	 9.496644178094963e-03  7.056043638537326e-04 -1.020224854194870e-02	1.000000000000000e+00	691	0	594
595	 1.000000000000000e+03 -4.264725337602865e+02  4.600883584454220e+02	-2.863200465937300e-19 -9.849832858890295e-03 -9.849832858890295e-03	1.000000000000000e+00	679	1	595
596	-2.859026770235680e+02  1.500000000000000e+03  2.129423076107456e+03	0.000000000000000e+00 0.000000000000000e+00 0.000000000000000e+00	1.000000000000000e+00	691	-1	425
603	3.316667732565537e+02 7.030374640980428e+02 2.511075810711982e+03	6.849988130852582e-04 3.738948900718242e-03 3.053950087632984e-03	1.000000000000000e+00	691	0	603
608	-6.026473095058320e+02 -1.443211420531109e+02  3.334979270701707e+03	 1.512594074786951e-04 -3.199006847959633e-04  1.686412773172681e-04	1.000000000000000e+00	691	0	608
609	-2.908080955176310e+01 -5.969906160168591e+02  4.500000000000000e+03	0.000000000000000e+00 0.000000000000000e+00 0.000000000000000e+00	1.000000000000000e+00	684	-1	380
615	5.084800833905540e+02 1.500000000000000e+03 3.509592274148483e+03	0.000000000000000e+00 0.000000000000000e+00 0.000000000000000e+00	1.000000000000000e+00	571	-1	484
617	 7.873565533077638e+01 -8.465351834024393e+02  3.355810347214427e+03	-2.523927794148524e-03 -3.640286236380537e-03  6.164214030529062e-03	1.000000000000000e+00	691	0	617
619	 4.526830332808922e+02 -1.500000000000000e+03  1.453795224038822e+03	0.000000000000000e+00 0.000000000000000e+00 0.000000000000000e+00	1.000000000000000e+00	571	-1	431
623	 3.968391807158390e+02 -3.041705768516511e+02  2.495342215278576e+03	 1.035852182152060e-02  1.252412524384752e-04 -1.048376307395908e-02	1.000000000000000e+00	691	0	623
624	7.192671278187127e+01 6.070689506858537e+02 2.674847357774475e+03	3.080649961096546e-04 2.354225851983453e-03 2.046160855873798e-03	1.000000000000000e+00	691	0	624
625	-5.816154897176437e+00  4.828325645930818e+01  3.405466952885351e+03	-5.737463866050045e-03  2.637210379665097e-03 -3.100253486384948e-03	1.000000000000000e+00	691	0	625
626	2.020171999271245e+02 6.573348745420761e+02 2.595022794485444e+03	5.054344267894825e-04 3.136301219152907e-03 2.630866792363425e-03	1.000000000000000e+00	691	0	626
628	 3.863065970108176e+02 -1.493625475302263e+02  3.950994897672068e+03	 7.544045402028132e-04  7.936913279991131e-04 -3.928678779629989e-05	5.625000000000000e-01	691	0	628
632	 3.602178542016558e+02 -2.304140872610417e+02  2.458207052202149e+03	 1.130608815098337e-02 -1.293583093987159e-04 -1.117672984158465e-02	1.000000000000000e+00	691	0	632
633	-5.802672349045255e+01 -2.876270431132625e+02  2.184131397688738e+03	-1.069114989756296e-03  9.488726112370690e-04  1.202423785192271e-04	1.000000000000000e+00	55	0	633
636	-6.940617423710663e+01 -8.653619079802334e+02  1.962901342062580e+03	-1.647349951478341e-04 -5.064498235393937e-03  5.229233230541770e-03	1.000000000000000e+00	55	0	636
637	-4.346592185342636e+02 -8.763346133050641e+02  2.052006019483892e+03	-6.164760755685472e-05 -1.401710096009386e-03 -1.463357703566241e-03	1.000000000000000e+00	691	0	637
640	-5.416066853267669e+02 -1.461023133837500e+02  3.275719817853281e+03	 3.185511304764077e-04  1.733013777993619e-04 -4.918525082757697e-04	1.000000000000000e+00	691	0	640
641	 3.241923689693762e+02 -1.565102684812015e+02  2.420328718654589e+03	 1.250771901201612e-02 -3.787041835797360e-05 -1.246984859365815e-02	1.000000000000000e+00	691	0	641
642	6.620462965115183e+02 9.629515666996833e+02 2.811523042042229e+03	4.242386203259230e-03 3.997629042714834e-03 8.240015245974064e-03	1.000000000000000e+00	26	0	642
647	-9.728755487145175e+02  4.174596404916296e+02  1.493246264472594e+03	-1.087710432087382e-02 -2.360933149854342e-03 -8.516171171019474e-03	1.000000000000000e+00	55	0	647
648	-2.343278874236755e+02 -1.500000000000000e+03  2.091039283417327e+03	0.000000000000000e+00 0.000000000000000e+00 0.000000000000000e+00	1.000000000000000e+00	691	-1	500
650	-1.224467927991203e+02 -1.268419416910442e+00  3.239284639107189e+03	-4.405509622301906e-03  3.863771737087518e-03 -5.417378852143882e-04	1.000000000000000e+00	691	0	650
651	1.500000000000000e+03 1.497496559763336e+02 2.064745830831726e+03	0.000000000000000e+00 0.000000000000000e+00 0.000000000000000e+00	1.000000000000000e+00	691	-1	302
652	 2.872576214934498e+02 -8.351887713935983e+01  2.384272074788674e+03	 1.394319635195037e-02  5.378563267489280e-04 -1.448105267869929e-02	1.000000000000000e+00	691	0	652
653	 2.921819993146476e+02 -9.435635033969103e+02  1.679514763927503e+03	 8.948885137215257e-03 -1.084435614757240e-02  1.895471010357142e-03	1.000000000000000e+00	55	0	653
654	-1.985134729016402e+01  1.500000000000000e+03  1.626548965548222e+03	0.000000000000000e+00 0.000000000000000e+00 0.000000000000000e+00	1.000000000000000e+00	666	-1	506
656	9.823694674913975e+02 5.295978834648540e+02 2.698492529787278e+03	 6.575497682206333e-03 -5.065621458925307e-03  1.509876223281026e-03	1.000000000000000e+00	26	0	656
657	-9.667071536824509e+02  1.670413686610484e+02  1.749832931335241e+03	-4.227243365797525e-02 -4.303509367552275e-02  7.626600175475081e-04	1.000000000000000e+00	55	0	657
658	 2.498041848399408e+02 -1.515973408456997e+01  2.353366368387393e+03	 1.424279133789241e-02  2.085826825350523e-03 -1.632861816324294e-02	1.000000000000000e+00	691	0	658
659	 8.586935503017270e+02 -5.702853620259656e+02  4.575819798780159e+02	 4.987839143723249e-03 -7.382221985608339e-03 -1.237006112933159e-02	1.000000000000000e+00	679	0	659
661	 1.500000000000000e+03 -4.264725337602865e+02  4.600883584454220e+02	0.000000000000000e+00 0.000000000000000e+00 0.000000000000000e+00	1.000000000000000e+00	679	-1	595
663	-5.037916784356115e+01 -6.834415189860736e+02  3.934847455322584e+03	-8.671630988828838e-03 -1.711091725155711e-03  6.960539263673127e-03	1.000000000000000e+00	684	0	663
664	-3.697376889487490e+01 -5.287116560543628e+02 -5.000000000000000e+02	0.000000000000000e+00 0.000000000000000e+00 0.000000000000000e+00	1.000000000000000e+00	643	-1	281
666	6.440242826260089e+02 3.970327455853906e+02 3.597060812174392e+02	8.781549443180362e-03 1.027943667334815e-02 1.497887230167786e-03	1.000000000000000e+00	666	0	666
668	 7.704341926370250e+02 -6.146481078159077e+02  3.085591400138016e+03	 1.362890373760214e-04 -1.147202444068777e-03  1.010913406692756e-03	1.000000000000000e+00	691	0	668
669	-1.500000000000000e+03  3.344513597418900e+02  1.549130093936851e+03	0.000000000000000e+00 0.000000000000000e+00 0.000000000000000e+00	1.000000000000000e+00	55	-1	291
670	-1.500000000000000e+03  2.069335996954960e+02  1.676647853983245e+03	0.000000000000000e+00 0.000000000000000e+00 0.000000000000000e+00	1.000000000000000e+00	55	-1	398
2	 0.000000000000000e+00  7.071067811865475e-01 -7.071067811865475e-01	 5.773502691896257e-01 -5.773502691896257e-01 -5.773502691896257e-01	-7.391622886003375e+02  7.391622886003375e+02  7.391622886003375e+02	1	0	0.000000000000000e+00	0.000000000000000e+00	0.000000000000000e+00
3	-7.071067811865475e-01  0.000000000000000e+00  7.071067811865475e-01	-5.773502691896257e-01  5.773502691896257e-01 -5.773502691896257e-01	 6.288536307352362e+02 -6.288536307352362e+02  6.288536307352362e+02	1	0	0.000000000000000e+00	0.000000000000000e+00	0.000000000000000e+00
4	0.000000000000000e+00 7.071067811865475e-01 7.071067811865475e-01	 5.773502691896257e-01 -5.773502691896257e-01  5.773502691896257e-01	 1.522636602155032e+03 -1.522636602155032e+03  1.522636602155032e+03	1	0	0.000000000000000e+00	0.000000000000000e+00	0.000000000000000e+00
5	 7.071067811865475e-01 -7.071067811865475e-01  0.000000000000000e+00	-5.773502691896257e-01 -5.773502691896257e-01  5.773502691896257e-01	-6.670373969193098e+02 -6.670373969193098e+02  6.670373969193098e+02	1	0	0.000000000000000e+00	0.000000000000000e+00	0.000000000000000e+00
7	-7.071067811865475e-01  7.071067811865475e-01  0.000000000000000e+00	-5.773502691896257e-01 -5.773502691896257e-01  5.773502691896257e-01	-3.955083929436755e+02 -3.955083929436755e+02  3.955083929436755e+02	1	0	0.000000000000000e+00	0.000000000000000e+00	0.000000000000000e+00
8	 0.000000000000000e+00 -7.071067811865475e-01 -7.071067811865475e-01	-5.773502691896257e-01  5.773502691896257e-01 -5.773502691896257e-01	 2.022325394193525e+02 -2.022325394193525e+02  2.022325394193525e+02	1	0	0.000000000000000e+00	0.000000000000000e+00	0.000000000000000e+00
9	-7.071067811865475e-01  0.000000000000000e+00  7.071067811865475e-01	-5.773502691896257e-01  5.773502691896257e-01 -5.773502691896257e-01	 7.132350399568309e+02 -7.132350399568309e+02  7.132350399568309e+02	1	0	0.000000000000000e+00	0.000000000000000e+00	0.000000000000000e+00
10	-7.071067811865475e-01 -7.071067811865475e-01  0.000000000000000e+00	-5.773502691896257e-01  5.773502691896257e-01  5.773502691896257e-01	-6.330962714223555e+02  6.330962714223555e+02  6.330962714223555e+02	1	0	0.000000000000000e+00	0.000000000000000e+00	0.000000000000000e+00
11	-7.071067811865475e-01 -7.071067811865475e-01  0.000000000000000e+00	0.000000000000000e+00 0.000000000000000e+00 0.000000000000000e+00	 2.192031021678291e+02 -4.907321061434645e+02  2.609224022578360e+03	1	1	0.000000000000000e+00	0.000000000000000e+00	0.000000000000000e+00
12	-7.071067811865475e-01 -7.071067811865475e-01  0.000000000000000e+00	-5.773502691896257e-01  5.773502691896257e-01  5.773502691896257e-01	-9.611938178929136e+02  9.611938178929136e+02  9.611938178929136e+02	1	0	0.000000000000000e+00	0.000000000000000e+00	0.000000000000000e+00
13	-7.071067811865475e-01  7.071067811865475e-01  0.000000000000000e+00	 5.773502691896257e-01  5.773502691896257e-01 -5.773502691896257e-01	-1.120999950441073e+03 -1.120999950441073e+03  1.120999950441073e+03	1	0	0.000000000000000e+00	0.000000000000000e+00	0.000000000000000e+00
14	-7.071067811865475e-01  7.071067811865475e-01  0.000000000000000e+00	0.000000000000000e+00 0.000000000000000e+00 0.000000000000000e+00	1.824335495461294e+02 3.747665940288719e+01 3.582910060272236e+03	1	1	0.000000000000000e+00	0.000000000000000e+00	0.000000000000000e+00
15	-7.071067811865475e-01  7.071067811865475e-01  0.000000000000000e+00	-5.773502691896257e-01 -5.773502691896257e-01  5.773502691896257e-01	-3.049987249517975e+02 -3.049987249517975e+02  3.049987249517975e+02	1	0	0.000000000000000e+00	0.000000000000000e+00	0.000000000000000e+00
16	 0.000000000000000e+00 -7.071067811865475e-01  7.071067811865475e-01	5.773502691896257e-01 5.773502691896257e-01 5.773502691896257e-01	1.080459161653044e+03 1.080459161653044e+03 1.080459161653044e+03	1	0	0.000000000000000e+00	0.000000000000000e+00	0.000000000000000e+00
17	 0.000000000000000e+00 -7.071067811865475e-01  7.071067811865475e-01	0.000000000000000e+00 0.000000000000000e+00 0.000000000000000e+00	 9.142890680742061e+02 -6.201326471006022e+02  2.947221063985530e+03	1	1	0.000000000000000e+00	0.000000000000000e+00	0.000000000000000e+00
18	 0.000000000000000e+00 -7.071067811865475e-01  7.071067811865475e-01	-5.773502691896257e-01 -5.773502691896257e-01 -5.773502691896257e-01	8.626702730475879e+02 8.626702730475879e+02 8.626702730475879e+02	1	0	0.000000000000000e+00	0.000000000000000e+00	0.000000000000000e+00
19	 7.071067811865475e-01 -7.071067811865475e-01  0.000000000000000e+00	-5.773502691896257e-01 -5.773502691896257e-01 -5.773502691896257e-01	3.427110866150800e+02 3.427110866150800e+02 3.427110866150800e+02	1	0	0.000000000000000e+00	0.000000000000000e+00	0.000000000000000e+00
20	 7.071067811865475e-01 -7.071067811865475e-01  0.000000000000000e+00	0.000000000000000e+00 0.000000000000000e+00 0.000000000000000e+00	3.577960312803930e+02 7.283199846221450e+01 5.975052301026326e+02	1	1	0.000000000000000e+00	0.000000000000000e+00	0.000000000000000e+00
21	 7.071067811865475e-01 -7.071067811865475e-01  0.000000000000000e+00	-5.773502691896257e-01 -5.773502691896257e-01 -5.773502691896257e-01	6.128258770283411e+02 6.128258770283411e+02 6.128258770283411e+02	1	0	0.000000000000000e+00	0.000000000000000e+00	0.000000000000000e+00
22	-7.071067811865475e-01  0.000000000000000e+00 -7.071067811865475e-01	0.000000000000000e+00 0.000000000000000e+00 0.000000000000000e+00	1.000000000000000e+03 4.153257531310242e+02 4.000000000000000e+03	1	2	0.000000000000000e+00	0.000000000000000e+00	0.000000000000000e+00
23	-7.071067811865475e-01  0.000000000000000e+00 -7.071067811865475e-01	0.000000000000000e+00 0.000000000000000e+00 0.000000000000000e+00	1.000000000000000e+03 1.000000000000000e+03 3.415325753131025e+03	1	2	0.000000000000000e+00	0.000000000000000e+00	0.000000000000000e+00
25	-7.071067811865475e-01  0.000000000000000e+00  7.071067811865475e-01	0.000000000000000e+00 0.000000000000000e+00 0.000000000000000e+00	-1.000000000000000e+03 -1.000000000000000e+03  2.856711395993652e+03	1	2	0.000000000000000e+00	0.000000000000000e+00	0.000000000000000e+00
27	 0.000000000000000e+00  7.071067811865475e-01 -7.071067811865475e-01	0.000000000000000e+00 0.000000000000000e+00 0.000000000000000e+00	1.000000000000000e+03 1.000000000000000e+03 2.217486865801013e+03	1	2	0.000000000000000e+00	0.000000000000000e+00	0.000000000000000e+00
28	 0.000000000000000e+00  7.071067811865475e-01 -7.071067811865475e-01	0.000000000000000e+00 0.000000000000000e+00 0.000000000000000e+00	 1.000000000000000e+03 -7.825131341989875e+02  4.000000000000000e+03	1	2	0.000000000000000e+00	0.000000000000000e+00	0.000000000000000e+00
29	 0.000000000000000e+00  7.071067811865475e-01 -7.071067811865475e-01	0.000000000000000e+00 0.000000000000000e+00 0.000000000000000e+00	 7.825131341989878e+02 -1.000000000000000e+03  4.000000000000000e+03	1	2	0.000000000000000e+00	0.000000000000000e+00	0.000000000000000e+00
30	 0.000000000000000e+00  7.071067811865475e-01 -7.071067811865475e-01	0.000000000000000e+00 0.000000000000000e+00 0.000000000000000e+00	 6.661409887141178e+01 -1.000000000000000e+03  3.284100964672424e+03	1	2	0.000000000000000e+00	0.000000000000000e+00	0.000000000000000e+00
32	-7.071067811865475e-01  0.000000000000000e+00  7.071067811865475e-01	0.000000000000000e+00 0.000000000000000e+00 0.000000000000000e+00	 8.865608922057086e+02 -1.000000000000000e+03  0.000000000000000e+00	1	2	0.000000000000000e+00	0.000000000000000e+00	0.000000000000000e+00
33	-7.071067811865475e-01  0.000000000000000e+00  7.071067811865475e-01	0.000000000000000e+00 0.000000000000000e+00 0.000000000000000e+00	 3.025324901407134e+02 -1.000000000000000e+03  5.840284020649952e+02	1	2	0.000000000000000e+00	0.000000000000000e+00	0.000000000000000e+00
35	0.000000000000000e+00 7.071067811865475e-01 7.071067811865475e-01	0.000000000000000e+00 0.000000000000000e+00 0.000000000000000e+00	-7.398331651045753e+01 -1.000000000000000e+03  3.641893122975554e+03	1	2	0.000000000000000e+00	0.000000000000000e+00	0.000000000000000e+00
37	 7.071067811865475e-01 -7.071067811865475e-01  0.000000000000000e+00	0.000000000000000e+00 0.000000000000000e+00 0.000000000000000e+00	-1.000000000000000e+03 -1.000000000000000e+03  1.112190757929056e+00	1	2	0.000000000000000e+00	0.000000000000000e+00	0.000000000000000e+00
39	 7.071067811865475e-01 -7.071067811865475e-01  0.000000000000000e+00	0.000000000000000e+00 0.000000000000000e+00 0.000000000000000e+00	-1.000000000000000e+03  4.343145750507622e+02  0.000000000000000e+00	1	2	0.000000000000000e+00	0.000000000000000e+00	0.000000000000000e+00
41	-7.071067811865475e-01  7.071067811865475e-01  0.000000000000000e+00	0.000000000000000e+00 0.000000000000000e+00 0.000000000000000e+00	1.000000000000000e+03 1.000000000000000e+03 3.186525178831027e+03	1	2	0.000000000000000e+00	0.000000000000000e+00	0.000000000000000e+00
42	-7.071067811865475e-01  7.071067811865475e-01  0.000000000000000e+00	0.000000000000000e+00 0.000000000000000e+00 0.000000000000000e+00	6.262315845967476e+02 1.000000000000000e+03 2.812756763427775e+03	1	2	0.000000000000000e+00	0.000000000000000e+00	0.000000000000000e+00
44	 0.000000000000000e+00 -7.071067811865475e-01 -7.071067811865475e-01	0.000000000000000e+00 0.000000000000000e+00 0.000000000000000e+00	1.000000000000000e+03 3.933023817419428e+02 0.000000000000000e+00	1	2	0.000000000000000e+00	0.000000000000000e+00	0.000000000000000e+00
45	 0.000000000000000e+00 -7.071067811865475e-01 -7.071067811865475e-01	0.000000000000000e+00 0.000000000000000e+00 0.000000000000000e+00	8.484004014358750e+02 2.417027831778171e+02 0.000000000000000e+00	1	2	0.000000000000000e+00	0.000000000000000e+00	0.000000000000000e+00
46	-7.071067811865475e-01  0.000000000000000e+00  7.071067811865475e-01	0.000000000000000e+00 0.000000000000000e+00 0.000000000000000e+00	 1.000000000000000e+03 -1.000000000000000e+03  1.397051198704921e+02	1	2	0.000000000000000e+00	0.000000000000000e+00	0.000000000000000e+00
47	-7.071067811865475e-01  0.000000000000000e+00  7.071067811865475e-01	0.000000000000000e+00 0.000000000000000e+00 0.000000000000000e+00	-1.000000000000000e+03 -1.000000000000000e+03  2.139705119870493e+03	1	2	0.000000000000000e+00	0.000000000000000e+00	0.000000000000000e+00
48	-7.071067811865475e-01  0.000000000000000e+00  7.071067811865475e-01	0.000000000000000e+00 0.000000000000000e+00 0.000000000000000e+00	-1.000000000000000e+03  2.110486657928688e+02  3.350753785663361e+03	1	2	0.000000000000000e+00	0.000000000000000e+00	0.000000000000000e+00
49	-7.071067811865475e-01  7.071067811865475e-01  0.000000000000000e+00	5.773502691896257e-01 5.773502691896257e-01 5.773502691896257e-01	8.626702730475879e+02 8.626702730475879e+02 8.626702730475879e+02	1	0	0.000000000000000e+00	0.000000000000000e+00	0.000000000000000e+00
50	 0.000000000000000e+00 -7.071067811865475e-01 -7.071067811865475e-01	 5.773502691896257e-01  5.773502691896257e-01 -5.773502691896257e-01	-1.120999950441073e+03 -1.120999950441073e+03  1.120999950441073e+03	1	0	0.000000000000000e+00	0.000000000000000e+00	0.000000000000000e+00
53	 7.071067811865475e-01 -7.071067811865475e-01  0.000000000000000e+00	5.773502691896257e-01 5.773502691896257e-01 5.773502691896257e-01	8.626702730475879e+02 8.626702730475879e+02 8.626702730475879e+02	1	0	0.000000000000000e+00	0.000000000000000e+00	0.000000000000000e+00
69	-7.071067811865475e-01  0.000000000000000e+00 -7.071067811865475e-01	-5.773502691896257e-01  5.773502691896257e-01  5.773502691896257e-01	-1.138441917710341e+03  1.138441917710341e+03  1.138441917710341e+03	1	0	0.000000000000000e+00	0.000000000000000e+00	0.000000000000000e+00
70	-7.071067811865475e-01  0.000000000000000e+00 -7.071067811865475e-01	0.000000000000000e+00 0.000000000000000e+00 0.000000000000000e+00	1.000000000000000e+03 1.000000000000000e+03 3.415325753131025e+03	1	2	0.000000000000000e+00	0.000000000000000e+00	0.000000000000000e+00
78	 0.000000000000000e+00 -7.071067811865475e-01 -7.071067811865475e-01	0.000000000000000e+00 0.000000000000000e+00 0.000000000000000e+00	-4.320901935349040e+02 -1.000000000000000e+03  4.000000000000000e+03	1	2	0.000000000000000e+00	0.000000000000000e+00	0.000000000000000e+00
84	-7.071067811865475e-01  7.071067811865475e-01  0.000000000000000e+00	0.000000000000000e+00 0.000000000000000e+00 0.000000000000000e+00	-1.000000000000000e+03  1.000000000000000e+03  2.001112190757930e+03	1	2	0.000000000000000e+00	0.000000000000000e+00	0.000000000000000e+00
87	 7.071067811865475e-01 -7.071067811865475e-01  0.000000000000000e+00	0.000000000000000e+00 0.000000000000000e+00 0.000000000000000e+00	-1.000000000000000e+03 -1.000000000000000e+03  1.112190757929056e+00	1	2	0.000000000000000e+00	0.000000000000000e+00	0.000000000000000e+00
100	-7.071067811865475e-01  0.000000000000000e+00  7.071067811865475e-01	 5.773502691896257e-01 -5.773502691896257e-01  5.773502691896257e-01	 9.522371319978838e+02 -9.522371319978838e+02  9.522371319978838e+02	1	0	0.000000000000000e+00	0.000000000000000e+00	0.000000000000000e+00
101	-7.071067811865475e-01  0.000000000000000e+00  7.071067811865475e-01	0.000000000000000e+00 0.000000000000000e+00 0.000000000000000e+00	-1.000000000000000e+03 -1.000000000000000e+03  2.856711395993652e+03	1	2	0.000000000000000e+00	0.000000000000000e+00	0.000000000000000e+00
102	-7.071067811865475e-01  7.071067811865475e-01  0.000000000000000e+00	0.000000000000000e+00 0.000000000000000e+00 0.000000000000000e+00	1.000000000000000e+03 7.609764978363149e+02 2.675972672691708e+03	1	2	0.000000000000000e+00	0.000000000000000e+00	0.000000000000000e+00
104	0.000000000000000e+00 7.071067811865475e-01 7.071067811865475e-01	0.000000000000000e+00 0.000000000000000e+00 0.000000000000000e+00	1.000000000000000e+03 1.000000000000000e+03 6.066976182580577e+02	1	2	0.000000000000000e+00	0.000000000000000e+00	0.000000000000000e+00
106	 7.071067811865475e-01  0.000000000000000e+00 -7.071067811865475e-01	0.000000000000000e+00 0.000000000000000e+00 0.000000000000000e+00	 1.000000000000000e+03 -8.865608922057086e+02  0.000000000000000e+00	1	2	0.000000000000000e+00	0.000000000000000e+00	0.000000000000000e+00
107	 7.071067811865475e-01 -7.071067811865475e-01  0.000000000000000e+00	-5.773502691896257e-01 -5.773502691896257e-01 -5.773502691896257e-01	-1.885618083164127e+02 -1.885618083164127e+02 -1.885618083164127e+02	1	0	0.000000000000000e+00	0.000000000000000e+00	0.000000000000000e+00
108	 7.071067811865475e-01 -7.071067811865475e-01  0.000000000000000e+00	0.000000000000000e+00 0.000000000000000e+00 0.000000000000000e+00	-1.000000000000000e+03  4.343145750507622e+02  0.000000000000000e+00	1	2	0.000000000000000e+00	0.000000000000000e+00	0.000000000000000e+00
110	-7.071067811865475e-01 -7.071067811865475e-01  0.000000000000000e+00	0.000000000000000e+00 0.000000000000000e+00 0.000000000000000e+00	-1.000000000000000e+03  2.069335996954960e+02  1.676647853983245e+03	1	2	0.000000000000000e+00	0.000000000000000e+00	0.000000000000000e+00
69	0	1	1
22	1	0	1
22	0	205	-1
69	628	0	0
69	1	2	1
23	2	1	1
22	206	1	-1
23	1	206	-1
23	207	2	-1
70	2	207	-1
69	2	425	1
70	425	2	1
100	4	5	1
25	5	4	1
25	4	209	-1
100	359	4	0
25	210	5	-1
101	5	210	-1
100	5	500	1
101	500	5	1
2	7	8	1
27	8	7	1
27	7	212	-1
2	428	7	0
2	8	9	1
28	9	8	1
27	213	8	-1
28	8	213	-1
2	9	10	1
29	10	9	1
28	214	9	-1
29	9	214	-1
2	10	11	1
30	11	10	1
29	215	10	-1
30	10	215	-1
30	216	11	-1
2	11	429	0
3	13	14	1
32	14	13	1
32	13	218	-1
106	13	218	-1
3	595	13	1
106	595	13	1
3	14	15	1
33	15	14	1
32	219	14	-1
33	14	219	-1
33	220	15	-1
3	15	593	0
4	17	18	1
35	18	17	1
35	17	222	-1
78	17	222	-1
4	380	17	1
78	380	17	1
35	223	18	-1
4	18	329	0
5	20	21	1
37	21	20	1
37	20	225	-1
84	20	225	-1
5	484	20	1
84	484	20	1
37	226	21	-1
87	21	226	-1
5	21	431	1
87	431	21	1
107	23	24	1
39	24	23	1
39	23	228	-1
107	432	23	0
39	229	24	-1
108	24	229	-1
107	24	281	1
108	281	24	1
7	26	27	1
41	27	26	1
41	26	231	-1
7	656	26	0
7	27	28	1
42	28	27	1
41	232	27	-1
42	27	232	-1
42	233	28	-1
7	28	642	0
8	30	31	1
44	31	30	1
44	30	235	-1
104	30	235	-1
8	506	30	1
104	506	30	1
8	31	32	1
45	32	31	1
44	236	31	-1
45	31	236	-1
45	237	32	-1
8	32	487	0
9	33	34	1
46	34	33	1
46	33	238	-1
9	436	33	0
9	34	35	1
47	35	34	1
46	239	34	-1
47	34	239	-1
9	35	36	1
48	36	35	1
47	240	35	-1
48	35	240	-1
48	241	36	-1
9	36	437	0
10	37	38	0
11	38	37	0
11	37	40	0
10	340	37	0
11	39	38	0
10	38	341	0
11	40	39	0
12	39	40	0
12	342	39	0
12	40	343	0
10	41	344	0
10	345	41	0
12	42	346	0
12	347	42	0
13	43	44	0
14	44	43	0
14	43	46	0
13	348	43	0
14	45	44	0
13	44	452	0
14	46	45	0
15	45	46	0
15	350	45	0
15	46	351	0
15	48	354	0
15	355	48	0
16	49	50	0
17	50	49	0
17	49	52	0
16	356	49	0
17	51	50	0
16	50	357	0
17	52	51	0
18	51	52	0
18	358	51	0
18	52	551	0
16	53	360	0
16	361	53	0
18	54	362	0
18	363	54	0
19	55	56	0
20	56	55	0
20	55	58	0
19	364	55	0
20	57	56	0
19	56	365	0
20	58	57	0
21	57	58	0
21	366	57	0
21	58	367	0
19	59	368	0
19	369	59	0
21	60	370	0
21	371	60	0
22	205	206	-1
23	206	207	-1
70	207	596	-1
25	209	210	-1
101	210	648	-1
27	212	213	-1
28	213	214	-1
29	214	215	-1
30	215	216	-1
32	218	219	-1
106	218	661	-1
33	219	220	-1
35	222	223	-1
78	222	609	-1
37	225	226	-1
84	225	615	-1
87	226	619	-1
39	228	229	-1
108	229	664	-1
41	231	232	-1
42	232	233	-1
44	235	236	-1
104	235	654	-1
45	236	237	-1
46	238	239	-1
47	239	240	-1
48	240	241	-1
69	242	488	0
69	489	242	0
3	245	378	0
3	379	245	0
5	247	492	0
5	493	247	0
107	248	446	0
107	447	248	0
7	249	386	0
7	387	249	0
8	250	494	0
8	542	250	0
9	439	251	0
9	251	624	0
10	252	392	0
10	393	252	0
10	253	315	0
10	394	253	0
12	254	396	0
12	397	254	0
12	255	399	0
12	657	255	0
13	257	403	0
13	650	257	0
15	406	259	0
15	259	407	0
16	260	408	0
16	409	260	0
16	410	261	0
16	261	411	0
18	413	262	0
2	413	262	0
2	262	544	0
18	262	658	0
18	414	263	0
18	263	415	0
19	264	584	0
19	653	264	0
19	418	265	0
19	265	419	0
21	266	420	0
21	421	266	0
21	422	267	0
21	267	423	0
69	268	452	0
13	452	268	0
50	452	268	0
69	524	268	0
50	268	625	0
13	268	650	0
69	496	269	0
69	269	497	0
2	272	460	0
2	562	272	0
3	274	595	0
3	659	274	0
3	275	379	0
3	593	275	0
4	329	277	0
4	277	381	0
5	278	502	0
5	503	278	0
5	504	279	0
5	279	505	0
107	280	468	0
107	469	280	0
107	281	471	0
108	664	281	-1
7	283	387	0
7	642	283	0
8	284	506	0
8	507	284	0
8	540	285	0
8	285	543	0
9	286	476	0
9	547	286	0
9	478	287	0
9	287	479	0
10	288	340	0
10	392	288	0
10	341	289	0
10	289	394	0
12	290	342	0
12	396	290	0
12	291	398	1
110	398	291	1
12	647	291	0
110	291	669	-1
10	344	292	0
10	292	393	0
10	315	293	0
10	293	345	0
12	346	294	0
12	294	397	0
12	295	347	0
12	399	295	0
13	501	296	0
13	296	637	0
15	351	299	0
15	299	406	0
13	301	353	0
13	403	301	0
15	302	350	1
102	350	302	1
15	354	302	0
102	302	651	-1
15	303	355	0
15	407	303	0
16	304	356	0
16	408	304	0
16	305	410	0
16	668	305	0
18	306	358	0
18	412	306	0
18	359	307	0
100	307	359	0
49	359	307	0
18	307	414	0
100	414	307	0
53	414	307	0
49	307	553	0
53	307	563	0
16	360	308	0
16	308	409	0
16	309	361	0
16	411	309	0
18	575	310	0
18	310	617	0
18	311	363	0
18	415	311	0
19	312	364	0
19	636	312	0
19	365	313	0
19	313	418	0
21	314	366	0
21	420	314	0
21	315	422	0
21	633	315	0
19	368	316	0
19	316	417	0
19	317	369	0
19	419	317	0
21	370	318	0
21	318	421	0
21	319	371	0
21	423	319	0
69	320	508	0
69	509	320	0
2	324	428	0
2	460	324	0
5	330	516	0
5	517	330	0
5	518	331	0
5	331	519	0
107	332	432	0
107	468	332	0
8	522	337	0
8	337	666	0
9	476	338	0
9	338	548	0
9	437	339	0
9	339	478	0
12	343	647	0
13	637	348	0
102	564	350	-1
100	353	374	0
13	353	501	0
100	501	353	0
16	357	668	0
18	551	359	0
49	553	359	0
18	362	575	0
21	367	633	0
69	523	372	0
69	372	524	0
69	373	439	0
69	526	373	0
100	374	528	0
2	376	461	0
2	544	376	0
3	378	659	0
78	609	380	-1
4	663	380	0
4	381	663	0
5	531	382	0
5	382	532	0
5	383	533	0
5	534	383	0
107	446	384	0
107	384	469	0
107	385	447	0
107	471	385	0
7	386	656	0
8	535	388	0
8	388	536	0
8	541	389	0
8	389	546	0
9	390	603	0
9	626	390	0
9	552	391	0
9	391	573	0
12	398	657	0
110	670	398	-1
18	558	412	0
2	429	413	0
18	617	413	0
100	528	414	0
53	640	414	0
19	584	416	0
19	416	636	0
19	417	591	0
69	508	424	0
69	424	628	0
69	425	511	0
70	596	425	-1
5	430	484	0
5	516	430	0
5	431	518	0
87	619	431	-1
8	487	435	0
8	435	522	0
9	548	436	0
69	488	438	0
69	438	523	0
69	439	489	0
9	573	439	0
5	492	444	0
5	444	531	0
5	445	493	0
5	533	445	0
8	494	448	0
8	448	535	0
8	449	542	0
8	546	449	0
9	624	450	0
9	450	626	0
69	452	509	0
50	554	452	0
69	454	496	0
69	511	454	0
69	497	455	0
69	455	526	0
2	461	562	0
5	502	464	0
5	464	517	0
5	465	503	0
5	532	465	0
5	466	504	0
5	519	466	0
5	505	467	0
5	467	534	0
8	473	507	0
8	536	473	0
8	474	540	0
8	666	474	0
8	475	541	0
8	543	475	0
9	477	547	0
9	603	477	0
9	479	552	0
84	615	484	-1
100	500	501	0
101	648	500	-1
104	654	506	-1
50	585	554	0
18	594	558	0
53	563	589	0
102	651	564	-1
50	625	585	0
53	589	608	0
19	591	653	0
18	623	594	0
106	661	595	-1
53	608	640	0
18	632	623	0
18	641	632	0
18	652	641	0
18	658	652	0
110	669	670	-1
