377
53
483
0	 3.458008967368593e+02 -2.388733501321167e+02  4.000000000000000e+03	 8.238701149821281e-03  8.238701149821281e-03 -1.422685687322596e-18	1.000000000000000e+00	584	1	0
1	1.000000000000000e+03 4.153257531310242e+02 4.000000000000000e+03	0.000000000000000e+00 0.000000000000000e+00 0.000000000000000e+00	1.000000000000000e+00	584	1	1
2	1.000000000000000e+03 1.000000000000000e+03 3.415325753131025e+03	0.000000000000000e+00 0.000000000000000e+00 0.000000000000000e+00	1.000000000000000e+00	584	1	2
4	-1.000000000000000e+03 -1.299186866284006e+02  3.726792709365252e+03	 1.385897892511444e-18 -6.807271158322692e-03 -6.807271158322692e-03	1.000000000000000e+00	584	1	4
5	-1.000000000000000e+03 -1.000000000000000e+03  2.856711395993652e+03	0.000000000000000e+00 0.000000000000000e+00 0.000000000000000e+00	1.000000000000000e+00	584	1	5
7	6.004156162670005e+02 1.000000000000000e+03 1.817902482068014e+03	 3.269272507168353e-03 -1.977980890694287e-20  3.269272507168353e-03	1.000000000000000e+00	584	1	7
8	1.000000000000000e+03 1.000000000000000e+03 2.217486865801013e+03	0.000000000000000e+00 0.000000000000000e+00 0.000000000000000e+00	1.000000000000000e+00	584	1	8
9	 1.000000000000000e+03 -7.825131341989875e+02  4.000000000000000e+03	0.000000000000000e+00 0.000000000000000e+00 0.000000000000000e+00	1.000000000000000e+00	584	1	9
10	 7.825131341989878e+02 -1.000000000000000e+03  4.000000000000000e+03	0.000000000000000e+00 0.000000000000000e+00 0.000000000000000e+00	1.000000000000000e+00	584	1	10
11	 8.386186409253501e+00 -1.000000000000000e+03  3.225873052210266e+03	7.247193949297071e-03 1.637848298458320e-18 7.247193949297071e-03	1.000000000000000e+00	584	1	11
13	 1.000000000000000e+03 -8.865608922057086e+02  0.000000000000000e+00	0.000000000000000e+00 0.000000000000000e+00 0.000000000000000e+00	1.000000000000000e+00	487	1	13
14	 8.865608922057086e+02 -1.000000000000000e+03  0.000000000000000e+00	0.000000000000000e+00 0.000000000000000e+00 0.000000000000000e+00	1.000000000000000e+00	487	1	14
15	 2.064717250729884e+02 -1.000000000000000e+03  6.800891671327201e+02	 9.119395865127446e-03  3.725328737012167e-18 -9.119395865127444e-03	1.000000000000000e+00	487	1	15
17	-4.320901935349040e+02 -1.000000000000000e+03  4.000000000000000e+03	0.000000000000000e+00 0.000000000000000e+00 0.000000000000000e+00	1.000000000000000e+00	552	1	17
18	-2.650999282586910e+01 -1.000000000000000e+03  3.594419799290965e+03	-2.065183070953935e-03  6.876396350721773e-20  2.065183070953935e-03	1.000000000000000e+00	552	1	18
20	-1.000000000000000e+03  1.000000000000000e+03  2.001112190757930e+03	0.000000000000000e+00 0.000000000000000e+00 0.000000000000000e+00	1.000000000000000e+00	571	1	20
21	-1.000000000000000e+03 -1.000000000000000e+03  1.112190757929056e+00	0.000000000000000e+00 0.000000000000000e+00 0.000000000000000e+00	1.000000000000000e+00	571	1	21
23	-1.000000000000000e+03 -3.343707167095031e+02  7.686852917602653e+02	 3.340140706047431e-19  3.740232088603079e-03 -3.740232088603079e-03	1.000000000000000e+00	453	1	23
24	-1.000000000000000e+03  4.343145750507622e+02  0.000000000000000e+00	0.000000000000000e+00 0.000000000000000e+00 0.000000000000000e+00	1.000000000000000e+00	453	1	24
26	1.000000000000000e+03 3.785114158003285e+02 2.565036594631355e+03	-1.987696429489736e-18  9.033591195475310e-03  9.033591195475308e-03	1.000000000000000e+00	26	1	26
27	1.000000000000000e+03 1.000000000000000e+03 3.186525178831027e+03	0.000000000000000e+00 0.000000000000000e+00 0.000000000000000e+00	1.000000000000000e+00	26	1	27
28	5.262774169474030e+02 1.000000000000000e+03 2.712802595778431e+03	 9.511245647445321e-03 -7.779112124964879e-19  9.511245647445321e-03	1.000000000000000e+00	26	1	28
30	1.000000000000000e+03 1.000000000000000e+03 6.066976182580577e+02	0.000000000000000e+00 0.000000000000000e+00 0.000000000000000e+00	1.000000000000000e+00	525	1	30
31	1.000000000000000e+03 3.933023817419428e+02 0.000000000000000e+00	0.000000000000000e+00 0.000000000000000e+00 0.000000000000000e+00	1.000000000000000e+00	525	1	31
32	7.626111422002032e+02 1.559135239421454e+02 0.000000000000000e+00	7.628748891875148e-03 7.628748891875148e-03 7.769229140253483e-19	1.000000000000000e+00	525	1	32
33	1.000000000000000e+03 8.875498175476985e+02 2.027254937418191e+03	4.502854869753262e-20 5.192383658140898e-03 5.192383658140898e-03	1.000000000000000e+00	584	1	33
34	 1.000000000000000e+03 -1.000000000000000e+03  1.397051198704921e+02	0.000000000000000e+00 0.000000000000000e+00 0.000000000000000e+00	1.000000000000000e+00	584	1	34
35	-1.000000000000000e+03 -1.000000000000000e+03  2.139705119870493e+03	0.000000000000000e+00 0.000000000000000e+00 0.000000000000000e+00	1.000000000000000e+00	584	1	35
36	-1.000000000000000e+03  2.359027970895548e+02  3.375607916960047e+03	-3.358156884758709e-19 -5.549997789785266e-03 -5.549997789785266e-03	1.000000000000000e+00	584	1	36
37	-5.395224740453357e+02  2.679934700697016e+02  1.091772870152029e+03	0.000000000000000e+00 0.000000000000000e+00 0.000000000000000e+00	1.000000000000000e+00	55	0	37
38	 2.192031021678290e+02 -4.907321061434644e+02  2.609224022578360e+03	0.000000000000000e+00 0.000000000000000e+00 0.000000000000000e+00	1.000000000000000e+00	55	0	38
39	-1.088944443027285e+02 -1.626345596729055e+02  2.937321569048918e+03	0.000000000000000e+00 0.000000000000000e+00 0.000000000000000e+00	1.000000000000000e+00	55	0	39
40	-8.676200205158938e+02  5.960910165402597e+02  1.419870416622587e+03	0.000000000000000e+00 0.000000000000000e+00 0.000000000000000e+00	1.000000000000000e+00	55	0	40
41	-1.131160168129632e+02 -7.102305460623326e+01  1.857195852060336e+03	4.649396015641590e-03 3.948877604367833e-03 7.005184112737575e-04	1.000000000000000e+00	55	0	41
42	-5.280341058790974e+02  1.704335068256791e+02  2.185113840973964e+03	-6.296009407378733e-03 -8.201604592613876e-03  1.905595185235142e-03	1.000000000000000e+00	55	0	42
43	-6.102331521639902e+02 -7.551900423072325e+02  1.997576656851997e+03	0.000000000000000e+00 0.000000000000000e+00 0.000000000000000e+00	1.000000000000000e+00	584	0	43
44	1.824335495461294e+02 3.747665940288735e+01 3.582910060272236e+03	0.000000000000000e+00 0.000000000000000e+00 0.000000000000000e+00	1.000000000000000e+00	584	0	44
45	9.984347750354048e+02 8.534778848921626e+02 2.766908834782960e+03	0.000000000000000e+00 0.000000000000000e+00 0.000000000000000e+00	1.000000000000000e+00	584	0	45
46	2.057680733252849e+02 6.081118318204365e+01 1.181575431362721e+03	0.000000000000000e+00 0.000000000000000e+00 0.000000000000000e+00	1.000000000000000e+00	584	0	46
48	7.373015882211196e+02 3.096622102063484e+02 1.961959973282861e+03	 1.582554572572311e-02 -2.160316488395135e-02 -5.777619158228238e-03	1.000000000000000e+00	584	0	48
49	-7.756961389616429e+02  2.248599564173225e+02  3.792213667503454e+03	0.000000000000000e+00 0.000000000000000e+00 0.000000000000000e+00	1.000000000000000e+00	584	0	49
50	 9.142890680742061e+02 -6.201326471006022e+02  2.947221063985530e+03	0.000000000000000e+00 0.000000000000000e+00 0.000000000000000e+00	1.000000000000000e+00	584	0	50
51	 6.965001794687494e+02 -8.379215357060586e+02  2.729432175380073e+03	0.000000000000000e+00 0.000000000000000e+00 0.000000000000000e+00	1.000000000000000e+00	584	0	51
52	-9.934850275670997e+02  7.071067811866165e+00  3.574424778897997e+03	0.000000000000000e+00 0.000000000000000e+00 0.000000000000000e+00	1.000000000000000e+00	584	0	52
53	 6.712841284699827e+01 -2.090071411711117e+02  3.383256213283247e+03	-3.347013165087749e-04 -4.307956163150569e-04  7.654969328238318e-04	1.000000000000000e+00	584	0	53
54	-1.578469467247906e+02 -5.565237010927601e+02  3.302381466960314e+03	-2.862274957199891e-03 -6.149720943843325e-03  9.011995901043216e-03	1.000000000000000e+00	584	0	54
55	-3.705239533417505e+02 -6.554879861599293e+02  2.054145199346920e+03	0.000000000000000e+00 0.000000000000000e+00 0.000000000000000e+00	1.000000000000000e+00	55	0	55
56	3.577960312803930e+02 7.283199846221450e+01 5.975052301026326e+02	0.000000000000000e+00 0.000000000000000e+00 0.000000000000000e+00	1.000000000000000e+00	55	0	56
57	6.279108216936542e+02 3.429467888754754e+02 8.676200205158938e+02	0.000000000000000e+00 0.000000000000000e+00 0.000000000000000e+00	1.000000000000000e+00	55	0	57
58	-1.004091629284901e+02 -3.853731957466687e+02  2.324259989760182e+03	0.000000000000000e+00 0.000000000000000e+00 0.000000000000000e+00	1.000000000000000e+00	55	0	58
59	 2.274855454057144e+02 -4.372532469910145e+02  1.237900961430540e+03	 1.967001520097256e-02 -1.162507105618715e-02 -8.044944144785404e-03	1.000000000000000e+00	55	0	59
60	2.383858486208020e+02 5.396513691842336e+00 1.594695268772379e+03	-1.013404583015169e-03  1.156336036122715e-03 -1.429314531075457e-04	1.000000000000000e+00	55	0	60
205	 3.458008967368593e+02 -2.388733501321167e+02  4.500000000000000e+03	0.000000000000000e+00 0.000000000000000e+00 0.000000000000000e+00	1.000000000000000e+00	584	-1	0
206	1.353553390593274e+03 4.153257531310242e+02 4.353553390593273e+03	0.000000000000000e+00 0.000000000000000e+00 0.000000000000000e+00	1.000000000000000e+00	584	-1	1
207	1.353553390593274e+03 1.353553390593274e+03 3.415325753131025e+03	0.000000000000000e+00 0.000000000000000e+00 0.000000000000000e+00	1.000000000000000e+00	584	-1	2
209	-1.500000000000000e+03 -1.299186866284006e+02  3.726792709365252e+03	0.000000000000000e+00 0.000000000000000e+00 0.000000000000000e+00	1.000000000000000e+00	584	-1	4
210	-1.353553390593274e+03 -1.353553390593274e+03  2.856711395993652e+03	0.000000000000000e+00 0.000000000000000e+00 0.000000000000000e+00	1.000000000000000e+00	584	-1	5
212	6.004156162670005e+02 1.500000000000000e+03 1.817902482068014e+03	0.000000000000000e+00 0.000000000000000e+00 0.000000000000000e+00	1.000000000000000e+00	584	-1	7
213	1.353553390593274e+03 1.353553390593274e+03 2.217486865801013e+03	0.000000000000000e+00 0.000000000000000e+00 0.000000000000000e+00	1.000000000000000e+00	584	-1	8
214	 1.353553390593274e+03 -7.825131341989875e+02  4.353553390593273e+03	0.000000000000000e+00 0.000000000000000e+00 0.000000000000000e+00	1.000000000000000e+00	584	-1	9
215	 7.825131341989878e+02 -1.353553390593274e+03  4.353553390593273e+03	0.000000000000000e+00 0.000000000000000e+00 0.000000000000000e+00	1.000000000000000e+00	584	-1	10
216	 8.386186409253499e+00 -1.500000000000000e+03  3.225873052210266e+03	0.000000000000000e+00 0.000000000000000e+00 0.000000000000000e+00	1.000000000000000e+00	584	-1	11
218	 1.353553390593274e+03 -8.865608922057086e+02 -3.535533905932737e+02	0.000000000000000e+00 0.000000000000000e+00 0.000000000000000e+00	1.000000000000000e+00	487	-1	13
219	 8.865608922057086e+02 -1.353553390593274e+03 -3.535533905932737e+02	0.000000000000000e+00 0.000000000000000e+00 0.000000000000000e+00	1.000000000000000e+00	487	-1	14
220	 2.064717250729884e+02 -1.500000000000000e+03  6.800891671327201e+02	0.000000000000000e+00 0.000000000000000e+00 0.000000000000000e+00	1.000000000000000e+00	487	-1	15
222	-4.320901935349040e+02 -1.353553390593274e+03  4.353553390593273e+03	0.000000000000000e+00 0.000000000000000e+00 0.000000000000000e+00	1.000000000000000e+00	552	-1	17
223	-2.650999282586910e+01 -1.500000000000000e+03  3.594419799290965e+03	0.000000000000000e+00 0.000000000000000e+00 0.000000000000000e+00	1.000000000000000e+00	552	-1	18
225	-1.353553390593274e+03  1.353553390593274e+03  2.001112190757930e+03	0.000000000000000e+00 0.000000000000000e+00 0.000000000000000e+00	1.000000000000000e+00	571	-1	20
226	-1.353553390593274e+03 -1.353553390593274e+03  1.112190757929058e+00	0.000000000000000e+00 0.000000000000000e+00 0.000000000000000e+00	1.000000000000000e+00	571	-1	21
228	-1.500000000000000e+03 -3.343707167095031e+02  7.686852917602653e+02	0.000000000000000e+00 0.000000000000000e+00 0.000000000000000e+00	1.000000000000000e+00	453	-1	23
229	-1.353553390593274e+03  4.343145750507622e+02 -3.535533905932737e+02	0.000000000000000e+00 0.000000000000000e+00 0.000000000000000e+00	1.000000000000000e+00	453	-1	24
231	1.500000000000000e+03 3.785114158003285e+02 2.565036594631355e+03	0.000000000000000e+00 0.000000000000000e+00 0.000000000000000e+00	1.000000000000000e+00	26	-1	26
232	1.353553390593274e+03 1.353553390593274e+03 3.186525178831027e+03	0.000000000000000e+00 0.000000000000000e+00 0.000000000000000e+00	1.000000000000000e+00	26	-1	27
233	5.262774169474030e+02 1.500000000000000e+03 2.712802595778431e+03	0.000000000000000e+00 0.000000000000000e+00 0.000000000000000e+00	1.000000000000000e+00	26	-1	28
235	1.353553390593274e+03 1.353553390593274e+03 6.066976182580577e+02	0.000000000000000e+00 0.000000000000000e+00 0.000000000000000e+00	1.000000000000000e+00	525	-1	30
236	 1.353553390593274e+03  3.933023817419428e+02 -3.535533905932737e+02	0.000000000000000e+00 0.000000000000000e+00 0.000000000000000e+00	1.000000000000000e+00	525	-1	31
237	 7.626111422002032e+02  1.559135239421454e+02 -5.000000000000000e+02	0.000000000000000e+00 0.000000000000000e+00 0.000000000000000e+00	1.000000000000000e+00	525	-1	32
238	1.500000000000000e+03 8.875498175476985e+02 2.027254937418191e+03	0.000000000000000e+00 0.000000000000000e+00 0.000000000000000e+00	1.000000000000000e+00	584	-1	33
239	 1.353553390593274e+03 -1.353553390593274e+03  1.397051198704921e+02	0.000000000000000e+00 0.000000000000000e+00 0.000000000000000e+00	1.000000000000000e+00	584	-1	34
240	-1.353553390593274e+03 -1.353553390593274e+03  2.139705119870493e+03	0.000000000000000e+00 0.000000000000000e+00 0.000000000000000e+00	1.000000000000000e+00	584	-1	35
241	-1.500000000000000e+03  2.359027970895548e+02  3.375607916960047e+03	0.000000000000000e+00 0.000000000000000e+00 0.000000000000000e+00	1.000000000000000e+00	584	-1	36
242	-5.299442795928437e+01  4.163172446315550e+02  2.946014080540185e+03	-3.098141484467002e-04 -1.975701719250840e-04 -1.122439765216162e-04	1.000000000000000e+00	584	0	242
243	-2.531442276647838e+02 -2.712183844092986e+02  2.838637239249137e+03	-2.707093304458608e-18  1.416618115035817e-02  1.416618115035817e-02	1.000000000000000e+00	584	0	243
244	 1.862139650393669e+02 -4.601868805600576e+01  2.449719518896385e+03	-2.782394411042333e-03 -1.317580929026008e-03 -1.464813482016325e-03	1.000000000000000e+00	584	0	244
245	 6.192203112331641e+02 -6.391157079369991e+02  6.282248730355452e+02	 6.476467940956355e-03 -7.798864040523768e-03 -1.427533198148012e-02	1.000000000000000e+00	487	0	245
246	 4.474989958666240e+01 -6.118896194469900e+02  3.911270287431444e+03	-1.243651844561100e-02 -4.448604770004749e-03  7.987913675606251e-03	1.000000000000000e+00	552	0	246
247	3.567793936068135e+02 5.209931758774380e+01 2.409990901952487e+03	-4.836252871124695e-03  4.544532411576559e-03 -2.917204595481355e-04	1.000000000000000e+00	571	0	247
248	-3.339359353603074e+02 -5.811748592036112e+02  3.494253696146807e+02	-2.176689294477304e-03  9.808925834173957e-03 -7.632236539696653e-03	1.000000000000000e+00	453	0	248
249	7.895447725111859e+02 6.720842089781235e+02 2.648154160320336e+03	8.358539935822288e-03 3.319813093791405e-03 1.167835302961369e-02	1.000000000000000e+00	26	0	249
250	1.734837011183984e+02 6.214347101260990e+02 1.054648627265758e+03	8.413227313819030e-03 9.492980277476212e-03 1.079752963657181e-03	1.000000000000000e+00	525	0	250
251	4.170657573246888e+00 5.630972312482110e+02 2.698631693545457e+03	7.008519605733452e-05 1.487833927967586e-03 1.417748731910251e-03	1.000000000000000e+00	584	0	251
252	-2.747072608250290e+02  1.593284971093172e+02  1.465253056332720e+03	 5.677635393415888e-03  6.238629498208563e-03 -5.609941047926744e-04	1.000000000000000e+00	55	0	252
253	 1.710475243112578e+01 -3.155687604993526e+02  2.231962327197545e+03	-1.265584801757313e-04 -1.219111499750625e-04 -4.647330200668880e-06	4.218750000000000e-01	55	0	253
254	-2.604047677421537e+02  7.126564914680544e+01  2.551911036789782e+03	 2.274144227461268e-03  3.168036908997844e-03 -8.938926815365751e-04	1.000000000000000e+00	55	0	254
255	-7.738612054619324e+02  3.046885721521975e+02  1.805031676064611e+03	-1.357853598892689e-02 -1.478244643658400e-02  1.203910447657109e-03	1.000000000000000e+00	55	0	255
256	-2.531442276647839e+02 -7.532591105232405e+02  2.356596513135195e+03	 2.950651777249047e-18 -1.336244819685816e-02 -1.336244819685817e-02	1.000000000000000e+00	584	0	256
257	-7.248352896382337e+01 -1.077846011923603e+02  3.182731721167036e+03	-6.654049308660130e-03  5.327549258557458e-03 -1.326500050102671e-03	1.000000000000000e+00	584	0	257
259	4.398969671386909e+02 2.146865273196657e+02 1.569579669313749e+03	 2.788580760049323e-03 -4.319362303552528e-03 -1.530781543503205e-03	1.000000000000000e+00	584	0	259
260	-3.498209652147856e+02  9.684636918347229e+01  3.494352080990447e+03	 4.548309176849822e-04  5.977489995226885e-03 -6.432320912911867e-03	1.000000000000000e+00	584	0	260
261	 4.846916844784994e+02 -4.587235725960562e+02  3.215409373076690e+03	-6.393675769989688e-04 -3.269719677822044e-03  3.909087254821013e-03	1.000000000000000e+00	584	0	261
262	 1.852619766708759e+02 -2.550502293048194e+02  2.657799071776708e+03	-1.205191722169268e-17  3.312772791832685e-02 -3.312772791832685e-02	1.000000000000000e+00	584	0	262
263	-4.931229300739445e+02 -1.989339582527103e+02  3.280067707469419e+03	 1.174234055603544e-02  2.555912981430690e-03 -1.429825353746613e-02	1.000000000000000e+00	584	0	263
264	 1.144310874887493e+02 -7.907465263378169e+02  1.704448698694307e+03	 1.484955358318985e-02 -1.804388337768614e-02  3.194329794496297e-03	1.000000000000000e+00	55	0	264
265	 2.614101210779800e+02 -1.830386679184228e+02  9.497618066856828e+02	 1.657590068255861e-02 -1.151344475025932e-02 -5.062455932299295e-03	1.000000000000000e+00	55	0	265
266	4.413642496392386e+02 1.660890725985324e+02 1.231024308847252e+03	-2.389499228835727e-03  2.047412786244725e-03  3.420864425910016e-04	1.000000000000000e+00	55	0	266
267	 1.886255304279909e+01 -1.375562480933263e+02  1.957171326135551e+03	-3.654788995239263e-03  3.201305119243140e-03  4.534838759961227e-04	1.000000000000000e+00	55	0	267
268	-2.638241224696793e+01  2.616295090390247e+01  3.362780389980154e+03	-9.774893755093210e-03  7.041832763487843e-18 -9.774893755093224e-03	1.000000000000000e+00	584	0	268
269	-2.490595210327837e+02  7.454537786201718e+02  2.420812453478069e+03	6.245025899261236e-03 4.984356462955475e-03 1.260669436305762e-03	1.000000000000000e+00	584	0	269
271	-1.479997138521956e+02 -8.756842319953938e+02  2.129026877850453e+03	-2.480525500141084e-02 -2.340296120382845e-02  1.402293797582387e-03	1.000000000000000e+00	584	0	271
272	3.765420657344030e+02 4.927690855138674e+02 2.101259846021548e+03	-2.629817026900128e-03 -1.858967007137836e-04 -2.443920326186344e-03	1.000000000000000e+00	584	0	272
274	 8.403309866271219e+02 -4.298667638620157e+02  6.163631417165709e+02	 7.303545251488686e-03 -8.011231198906898e-03 -1.531477645039558e-02	1.000000000000000e+00	487	0	274
275	 3.932101048591339e+02 -8.497920108631805e+02  6.435587764833940e+02	 5.556162601957719e-03 -7.103744583825271e-03 -1.265990718578299e-02	1.000000000000000e+00	487	0	275
277	 1.563762996293542e+01 -8.067368532591437e+02  3.745535323243017e+03	-9.339548880234361e-03 -3.498775884509087e-03  5.840772995725274e-03	1.000000000000000e+00	552	0	277
278	5.273033401649898e+02 5.041856018088424e+02 3.032601132731761e+03	-4.403182344200711e-03  2.706258984593054e-03 -1.696923359607657e-03	1.000000000000000e+00	571	0	278
279	 2.965664172018115e+02 -4.973470997713860e+02  1.800331508188355e+03	 1.930303412791546e-04 -7.840001671866048e-05  1.146303245604940e-04	4.218750000000000e-01	571	0	279
280	-6.646631808829965e+02 -4.635182335023258e+02  5.624959894360842e+02	-9.587641883020600e-04  6.941542592054854e-03 -5.982778403752794e-03	1.000000000000000e+00	453	0	280
281	-9.567792792640253e+00 -6.705620023757004e+02  1.144443702191027e+02	-4.765112573901813e-03  1.673967003201445e-02 -1.197455745811264e-02	1.000000000000000e+00	453	0	281
282	9.202681014396414e+02 4.961971502063126e+02 2.602990430476981e+03	8.253108554830154e-03 3.268827063341936e-03 1.152193561817209e-02	1.000000000000000e+00	26	0	282
283	6.531854682583445e+02 8.502576796733106e+02 2.689968326762681e+03	7.860724503795305e-03 3.822819950679938e-03 1.168354445447524e-02	1.000000000000000e+00	26	0	283
284	-9.500459359879977e+01  8.624715434353859e+02  1.564173755292243e+03	 1.708552792357902e-02  1.587079473150273e-02 -1.214733192076285e-03	1.000000000000000e+00	525	0	284
285	4.498574404167131e+02 3.761667460009372e+02 5.330069238422817e+02	9.050109268476566e-03 1.029016093040506e-02 1.240051661928495e-03	1.000000000000000e+00	525	0	285
286	5.167217390394626e+02 7.278145084404159e+02 2.350797889271446e+03	8.826797905688484e-04 4.166227745978783e-03 3.283547955409934e-03	1.000000000000000e+00	584	0	286
287	-4.933511400960888e+02  4.391599577579855e+02  3.072216217724567e+03	-2.160159929189831e-04 -1.055529355653562e-03 -8.395133627345785e-04	1.000000000000000e+00	584	0	287
288	-3.996474372296365e+02  2.256173900665458e+02  1.274023986970884e+03	 4.118830004396538e-03  5.285922399101158e-03 -1.167092394704620e-03	1.000000000000000e+00	55	0	288
289	 1.264800606619879e+02 -3.948162875758310e+02  2.420585162504885e+03	-2.367275980456422e-03 -2.688951344074061e-03  3.216753636176387e-04	1.000000000000000e+00	55	0	289
290	-1.246593834447878e+02  1.089790335050168e+01  2.748024166883451e+03	4.816437178912262e-03 4.058675801691909e-03 7.577613772203524e-04	1.000000000000000e+00	55	0	290
291	-8.700938373778087e+02  4.112216310637394e+02  1.602265985237193e+03	-1.274354305739204e-02 -9.723943502952656e-03 -3.019599554439385e-03	1.000000000000000e+00	55	0	291
292	-1.794561105938145e+02  5.016980864040119e+01  1.669662895032851e+03	5.754752569676687e-03 4.926226082413147e-03 8.285264872635406e-04	1.000000000000000e+00	55	0	292
293	-3.843934419818367e+01 -1.902592638939973e+02  2.051108733962880e+03	3.383641566870210e-03 2.227216833489365e-03 1.156424733380845e-03	2.373046875000000e-01	55	0	293
294	-3.960300810450366e+02  1.177669530971152e+02  2.369784419536589e+03	-1.753647462464869e-03 -2.377784112468362e-03  6.241366500034928e-04	1.000000000000000e+00	55	0	294
295	-6.551276148911489e+02  2.308020116290554e+02  1.997651827158536e+03	-1.040084365134438e-02 -1.271849048013488e-02  2.317646828790506e-03	1.000000000000000e+00	55	0	295
296	-3.910830985268039e+02 -8.089686163218865e+02  2.162948136474529e+03	 7.029735328008731e-03 -1.420449574167530e-02 -7.174760413666566e-03	1.000000000000000e+00	584	0	296
299	2.747786999625235e+02 1.872122276267168e+02 1.376987102444633e+03	 1.188394031487405e-03 -2.091682050377131e-03 -9.032880188897252e-04	1.000000000000000e+00	584	0	299
301	-1.497905792439788e+02 -2.267689565369616e+02  2.986440315542279e+03	-1.308306003920734e-02  1.568972528912127e-02  2.606665249913931e-03	1.000000000000000e+00	584	0	301
302	8.694024461419898e+02 3.533998443048577e+02 2.137798465302240e+03	 2.406267076730728e-02 -3.549308329820633e-02 -1.143041253089905e-02	1.000000000000000e+00	584	0	302
303	5.931610628633401e+02 2.565815496152391e+02 1.764738787333972e+03	 7.662603010733922e-03 -1.075729463870327e-02 -3.094691627969344e-03	1.000000000000000e+00	584	0	303
304	-5.706960634790219e+02  1.987848755949192e+02  3.613288672843236e+03	-1.025312657778462e-03  5.338260011437039e-03 -4.312947353658577e-03	1.000000000000000e+00	584	0	304
305	 7.041848714310432e+02 -5.864215490471873e+02  3.123614162575278e+03	 3.473809920251369e-04 -2.800844842568040e-03  2.453463850542903e-03	1.000000000000000e+00	584	0	305
306	 5.266622869576933e+02 -6.354532653972315e+02  2.696801797582302e+03	 4.088315802315871e-03  4.041462360570828e-03 -8.129778162886700e-03	1.000000000000000e+00	584	0	306
307	-7.666906508588833e+02 -1.343502884254438e+02  3.489051758427091e+03	-5.333391018211842e-04  7.108143237672750e-20  5.333391018211837e-04	1.000000000000000e+00	584	0	307
308	-1.334942359347083e+02 -4.205274902135169e+01  3.416924469915193e+03	 8.136801964913806e-04  1.675987926622232e-03 -2.489668123113612e-03	1.000000000000000e+00	584	0	308
309	 2.793243725683204e+02 -3.302690794851072e+02  3.292322191875921e+03	-3.948379113959770e-04 -3.390752021611358e-03  3.785589933007335e-03	1.000000000000000e+00	584	0	309
310	 5.886568053066328e+01 -7.247369776762819e+02  3.253882116288382e+03	-4.058342737456163e-03 -8.995746107151112e-03  1.305408884460727e-02	1.000000000000000e+00	584	0	310
311	-3.565185038349523e+02 -3.793681387067772e+02  3.323897461684493e+03	 3.642312483862042e-03  2.495096763595939e-03 -6.137409247457981e-03	1.000000000000000e+00	584	0	311
312	-1.420219084556818e+02 -7.820101299361493e+02  1.952165298237071e+03	 8.502510221054157e-04 -2.865304743560652e-03  2.015053721455236e-03	1.000000000000000e+00	55	0	312
313	 3.146302338418727e+02 -6.399483103126523e+01  7.774978570346326e+02	 7.687800641482075e-03 -6.192983516181509e-03 -1.494817125300566e-03	1.000000000000000e+00	55	0	313
314	5.194540592515481e+02 2.694146267452960e+02 1.049608945088179e+03	-2.395058715895478e-03  2.373639527528818e-03  2.141918836665962e-05	1.000000000000000e+00	55	0	314
315	-3.040559159102147e+01 -2.524780030194484e+02  2.121361225695494e+03	 4.112606525601719e-18  9.940043091774002e-04 -9.940043091773972e-04	1.000000000000000e+00	55	0	315
316	 1.972218978395051e+02 -5.966423737580899e+02  1.427553735763825e+03	 1.832875966404875e-02 -1.173718009764949e-02 -6.591579566399256e-03	1.000000000000000e+00	55	0	316
317	 2.399514876075938e+02 -3.046309174678212e+02  1.092812689705467e+03	 2.037677199890216e-02 -1.172550643483798e-02 -8.651265564064184e-03	1.000000000000000e+00	55	0	317
318	3.622399933895672e+02 6.853534800770161e+01 1.407702289687755e+03	-9.024672326631843e-04  1.762884552590549e-03 -8.604173199273645e-04	1.000000000000000e+00	55	0	318
319	 1.336291328941896e+02 -7.150422529027755e+01  1.776352723481111e+03	-2.395345800323412e-03  2.730712323682383e-03 -3.353665233589708e-04	1.000000000000000e+00	55	0	319
320	 2.731439628896479e+02 -4.876631057315321e+01  3.737236026593825e+03	1.381125987488000e-03 1.308083429951997e-03 7.304255753600351e-05	1.000000000000000e+00	584	0	320
321	-3.245435047422255e+02  9.207637156269268e+02  2.170018532761872e+03	8.349185809493065e-03 6.291018333286047e-03 2.058167476207018e-03	1.000000000000000e+00	584	0	321
324	4.887471170286317e+02 7.492713656197697e+02 1.956962617209875e+03	6.023418391123414e-04 4.933448508381844e-05 5.530073540285230e-04	1.000000000000000e+00	584	0	324
326	 9.609090675953960e+02 -3.046722552368670e+02  6.209795693734455e+02	 8.774050550224880e-03 -1.094493006045620e-03 -9.868543556270501e-03	1.000000000000000e+00	487	0	326
327	 2.649565510647183e+02 -9.636194760638097e+02  6.579848650771805e+02	 3.644362635289630e-04 -7.098338120461752e-03 -7.462774383990715e-03	1.000000000000000e+00	487	0	327
329	-1.967258113301956e+00 -9.075372200030894e+02  3.662339844575309e+03	-5.489504896104336e-03 -1.874593319371343e-03  3.614911576732993e-03	1.000000000000000e+00	552	0	329
330	5.475907075678228e+02 7.754203820642342e+02 3.324123280389987e+03	-7.069789882128438e-03  3.687371655056874e-03 -3.382418227071563e-03	1.000000000000000e+00	571	0	330
331	 3.495390936433548e+02 -8.050457830653291e+02  1.545605501335955e+03	 7.819017162546515e-03 -2.498445101082325e-03  5.320572061464190e-03	1.000000000000000e+00	571	0	331
332	-8.322111430646191e+02 -3.968131929695381e+02  6.633389110849192e+02	-6.973288642863432e-04  5.507622457419832e-03 -4.810293593133490e-03	1.000000000000000e+00	453	0	332
333	 1.785366987705457e+02 -7.442221237197834e+02  0.000000000000000e+00	-1.220481042400934e-02  1.220481042400934e-02  6.429265537298550e-18	1.000000000000000e+00	453	1	333
335	5.760235170202941e+02 9.455035306034870e+02 2.708052226454808e+03	6.109217492242654e-03 4.184671522428592e-03 1.029388901467125e-02	1.000000000000000e+00	26	0	335
336	-2.359148016963295e+02  1.000000000000000e+03  1.842612419954388e+03	 7.496916921809315e-03 -1.010346542199224e-17 -7.496916921809317e-03	1.000000000000000e+00	525	1	336
337	6.104184191880802e+02 2.855621992838614e+02 2.818413983538389e+02	7.507622047948341e-03 9.107172683191797e-03 1.599550635243456e-03	1.000000000000000e+00	525	0	337
338	7.644864635057410e+02 8.102252529633872e+02 2.185443909328139e+03	1.479737460613251e-03 7.688998710364103e-03 6.209261249750853e-03	1.000000000000000e+00	584	0	338
339	-7.499289127033234e+02  3.452279260672117e+02  3.234861958641028e+03	-3.134708191889028e-04 -2.843672167121743e-03 -2.530201347932840e-03	1.000000000000000e+00	584	0	339
340	-4.649910109411950e+02  2.541615715332186e+02  1.180136231792653e+03	 2.166998611452679e-03  3.587220290986200e-03 -1.420221679533521e-03	1.000000000000000e+00	55	0	340
341	 1.807987367745472e+02 -4.391876840616078e+02  2.519275235103222e+03	-3.645101837416102e-03 -3.592664799119424e-03 -5.243703829667839e-05	1.000000000000000e+00	55	0	341
342	-8.714134132904933e+01 -6.754469077568227e+01  2.863984803125374e+03	4.521505961747607e-04 1.671080281084869e-04 2.850425680662738e-04	5.625000000000000e-01	55	0	342
343	-8.905447238029137e+02  5.007651792076229e+02  1.492271550668204e+03	-6.058647297322750e-03 -2.481035888195038e-03 -3.577611409127712e-03	1.000000000000000e+00	55	0	343
344	-1.460243879197277e+02 -1.265990829834594e+01  1.765924334645685e+03	5.438029785485317e-03 4.466034452586125e-03 9.719953328991929e-04	1.000000000000000e+00	55	0	344
345	-7.698007401832508e+01 -1.255373446940462e+02  1.947846084942787e+03	3.454969264566898e-03 2.937811193987727e-03 5.171580705791713e-04	1.000000000000000e+00	55	0	345
346	-4.625502600305190e+02  1.433122730737163e+02  2.277718920574505e+03	-4.042747469308476e-03 -5.383687986371418e-03  1.340940517062942e-03	1.000000000000000e+00	55	0	346
347	-5.923232497045766e+02  1.994066262757918e+02  2.091851577698372e+03	-8.427605188141266e-03 -1.068234521274765e-02  2.254740024606387e-03	1.000000000000000e+00	55	0	347
348	-5.043932960630730e+02 -7.973595415017321e+02  2.061247013758415e+03	 9.019587111348908e-04 -4.415955879570295e-03 -3.513997168435405e-03	1.000000000000000e+00	584	0	348
350	1.000000000000000e+03 7.561251124183960e+02 2.671121287273789e+03	-1.197405866267575e-17  4.840586334466967e-04  4.840586334466901e-04	1.000000000000000e+00	584	1	350
351	2.245494537768285e+02 1.369975080612692e+02 1.276543136693490e+03	 1.398690520242477e-03 -1.202629054508483e-03  1.960614657339951e-04	1.000000000000000e+00	584	0	351
353	-1.968830829188595e+02 -2.367454839841542e+02  2.929371284420206e+03	-1.539223703245322e-02  1.805336431910594e-02  2.661127286652724e-03	1.000000000000000e+00	584	0	353
354	8.037948754788098e+02 3.331826308650601e+02 2.051973681199263e+03	 1.979979531218608e-02 -2.781121774266164e-02 -8.011422430475553e-03	1.000000000000000e+00	584	0	354
355	6.669574631719343e+02 2.828219953934945e+02 1.864775633420821e+03	 1.157622427369158e-02 -1.577379166459044e-02 -4.197567390898864e-03	1.000000000000000e+00	584	0	355
356	-6.846152910601323e+02  2.290445137804951e+02  3.696948262238771e+03	-1.699206147653361e-03  2.850636878671745e-03 -1.151430731018384e-03	1.000000000000000e+00	584	0	356
357	 8.254551995540180e+02 -6.286670664535741e+02  3.044589351858689e+03	 1.429098876542412e-03 -1.626350698643364e-03  1.972518221009522e-04	1.000000000000000e+00	584	0	357
358	 6.205704164275220e+02 -7.333517046746151e+02  2.700792107389857e+03	 3.191043195935587e-03  9.355707249293724e-04 -4.126613920864959e-03	1.000000000000000e+00	584	0	358
359	-9.513448661386634e+02 -1.343502884254438e+02  3.673705973706872e+03	-2.051850315183404e-03 -1.742296819075594e-18  2.051850315183399e-03	1.000000000000000e+00	584	0	359
360	-3.419938594434664e+01 -1.289873824241978e+02  3.404564253327677e+03	 3.136017296583304e-04 -6.717251835652856e-06 -3.068844778226776e-04	7.500000000000000e-01	584	0	360
361	 1.735241369189661e+02 -2.713320961612885e+02  3.339185444201456e+03	-2.499585389159619e-04 -2.307790593476966e-03  2.557749132392928e-03	1.000000000000000e+00	584	0	361
362	-5.747818621944489e+01 -6.326385682848444e+02  3.278127573647053e+03	-4.577615608771642e-03 -1.053851361696919e-02  1.511612922574083e-02	1.000000000000000e+00	584	0	362
363	-2.619847921889481e+02 -4.718182511202280e+02  3.321813862451940e+03	-4.503688930223386e-04 -8.805016793000202e-04  1.330870572322359e-03	1.000000000000000e+00	584	0	363
364	-2.649758289093808e+02 -7.256435947755122e+02  2.018752683530133e+03	 3.855212526104879e-05  2.483657453922206e-04 -2.869178706532693e-04	7.500000000000000e-01	55	0	364
365	3.480442938680523e+02 1.458516101171850e+00 6.786304498760160e+02	 3.796601435169578e-03 -2.172154374420643e-03 -1.624447060748935e-03	1.000000000000000e+00	55	0	365
366	5.684814450250300e+02 3.139026705572811e+02 9.560935155027122e+02	-1.619643628752480e-03  2.141804220930984e-03 -5.221605921785036e-04	1.000000000000000e+00	55	0	366
367	-8.802369992359810e+01 -3.212100889738538e+02  2.247711419982475e+03	-4.393301787786185e-04 -6.555863074027002e-04  1.094916486181319e-03	1.000000000000000e+00	55	0	367
368	 2.154730437900467e+02 -5.147302785997841e+02  1.327390494654978e+03	 1.879416033625603e-02 -1.183032803237438e-02 -6.963832303881645e-03	1.000000000000000e+00	55	0	368
369	 2.344218598387320e+02 -3.675733932783847e+02  1.161284793284893e+03	 2.033557339260976e-02 -1.153931984057029e-02 -8.796253552039465e-03	1.000000000000000e+00	55	0	369
370	2.940971372246320e+02 4.108810502640661e+01 1.503292388833985e+03	-1.001094118691981e-03  1.334959175437689e-03 -3.338650567457080e-04	1.000000000000000e+00	55	0	370
371	 1.857540570804270e+02 -3.349229227514040e+01  1.686215866279737e+03	-1.601601378448928e-03  1.773686022109662e-03 -1.720846436607341e-04	1.000000000000000e+00	55	0	371
372	-3.867906434389006e+01  1.955249459208487e+02  3.181121742866285e+03	-5.047395359724760e-03 -2.460841322317719e-03 -2.586554037407041e-03	1.000000000000000e+00	584	0	372
373	-1.523155215201733e+02  5.821492171148329e+02  2.680861014496018e+03	3.181480763790508e-03 2.457697681772212e-03 7.237830820182959e-04	1.000000000000000e+00	584	0	373
374	-3.506490949511926e+02 -2.082046401877107e+02  2.999155850757134e+03	7.163797039538622e-03 9.562274441123009e-03 2.398477401584386e-03	1.000000000000000e+00	584	0	374
376	2.626124386522590e+02 2.313975537411870e+02 2.248701750712085e+03	-2.747230260865763e-03 -2.532711368985474e-04 -2.493959123967215e-03	1.000000000000000e+00	584	0	376
378	 7.298853393532613e+02 -5.348557245522103e+02  6.218198283002367e+02	 6.979934560755888e-03 -8.232142931471268e-03 -1.521207749222716e-02	1.000000000000000e+00	487	0	378
379	 5.067693155397896e+02 -7.445977861401917e+02  6.351937905257272e+02	 5.935337549696365e-03 -7.331967043379942e-03 -1.326730459307631e-02	1.000000000000000e+00	487	0	379
380	 9.297490475372834e+01 -4.749349017113676e+02  4.000000000000000e+03	-1.139948347372410e-02 -1.139948347372410e-02 -2.991330225419834e-18	1.000000000000000e+00	552	1	380
381	 2.928296556621583e+01 -7.110569926513600e+02  3.827569848247520e+03	-1.210753992199898e-02 -4.572477191686630e-03  7.535062730312347e-03	1.000000000000000e+00	552	0	381
382	4.595798920111752e+02 2.619192718630541e+02 2.722611354632159e+03	-4.380486789159477e-03  3.192451200447977e-03 -1.188035588711500e-03	1.000000000000000e+00	571	0	382
383	 2.629306270706825e+02 -1.972262191986431e+02  2.066816598629969e+03	-5.266616120934486e-03  2.457256196066737e-03 -2.809359924867749e-03	1.000000000000000e+00	571	0	383
384	-4.983773982819106e+02 -5.258402596686458e+02  4.585322330013184e+02	-1.418095780536533e-03  8.165578241460025e-03 -6.747482460923493e-03	1.000000000000000e+00	453	0	384
385	-1.719692176030088e+02 -6.282051021523438e+02  2.344888948061146e+02	-3.227311807374160e-03  1.217939316605528e-02 -8.952081358681124e-03	1.000000000000000e+00	453	0	385
386	8.528726723092071e+02 5.867903898454102e+02 2.626188240985644e+03	8.406572819997868e-03 3.252919142444929e-03 1.165949196244279e-02	1.000000000000000e+00	26	0	386
387	7.232714589527461e+02 7.600370175939074e+02 2.669833655377680e+03	8.547776456301410e-03 3.681599007298548e-03 1.222937546359996e-02	1.000000000000000e+00	26	0	387
388	2.755615002060150e+01 7.320488444978331e+02 1.311190312735289e+03	1.081686016793052e-02 1.124417114381989e-02 4.273109758893652e-04	1.000000000000000e+00	525	0	388
389	3.248664152886201e+02 4.978363122552236e+02 7.796675152246611e+02	 8.851716226975745e-03  8.713387020785982e-03 -1.383292061897616e-04	1.000000000000000e+00	525	0	389
390	2.606372699244591e+02 6.492768594731227e+02 2.528344709419156e+03	4.475148937975366e-04 2.146291294290374e-03 1.698776400492837e-03	1.000000000000000e+00	584	0	390
391	-2.385531444587196e+02  5.100889740299742e+02  2.888347238359186e+03	2.246126629567395e-04 7.381781518536931e-04 5.135654888969535e-04	1.000000000000000e+00	584	0	391
392	-3.364257602253075e+02  1.956806384079740e+02  1.367182415633785e+03	 5.063028928513329e-03  6.187087002520760e-03 -1.124058074007432e-03	1.000000000000000e+00	55	0	392
393	-2.207153935090755e+02  1.106323793804237e+02  1.567941041377567e+03	5.874934669312400e-03 5.648018263552028e-03 2.269164057603726e-04	1.000000000000000e+00	55	0	393
394	 6.778014281163840e+01 -3.581749613931461e+02  2.325243918471851e+03	-9.758760619054859e-04 -1.037751319624173e-03  6.187525771868728e-05	1.000000000000000e+00	55	0	394
396	-1.914814562207384e+02  4.754192958332494e+01  2.644558067874677e+03	 3.859093529172242e-03  4.838074906729162e-03 -9.789813775569198e-04	1.000000000000000e+00	55	0	396
397	-3.286829632435001e+02  9.369508331865237e+01  2.461203407116588e+03	 4.989344646067669e-04  7.044089822253833e-04 -2.054745176186164e-04	1.000000000000000e+00	55	0	397
398	-8.269704277864732e+02  3.510291518440327e+02  1.705581874048235e+03	-1.424990703041355e-02 -1.372718609248598e-02 -5.227209379275636e-04	1.000000000000000e+00	55	0	398
399	-7.158723275039002e+02  2.655807647600352e+02  1.902128361414805e+03	-1.208125442887346e-02 -1.409986227129896e-02  2.018607842425506e-03	1.000000000000000e+00	55	0	399
400	-2.917701313193297e+02 -8.006592417483179e+02  2.270570478255572e+03	 1.725457635863374e-02 -1.819290379838397e-02 -9.383274397502344e-04	1.000000000000000e+00	584	0	400
402	-3.874062704551601e+01 -4.257716994732175e+01  3.281682054330382e+03	-7.287269458174706e-03  6.119200494140387e-03 -1.168068964034319e-03	1.000000000000000e+00	584	0	402
403	-1.060074226251095e+02 -1.780397265959825e+02  3.078952702102128e+03	-9.091475900883475e-03  7.828196588282784e-03 -1.263279312600692e-03	1.000000000000000e+00	584	0	403
405	9.450655570316925e+02 3.714909741461182e+02 2.231552706033203e+03	 3.601786494255066e-02 -5.154814943671227e-02 -1.553028449416161e-02	1.000000000000000e+00	584	0	405
406	3.615587136887474e+02 2.003603047344634e+02 1.476915193278604e+03	 1.862199472573896e-03 -2.968423572989802e-03 -1.106224100415905e-03	1.000000000000000e+00	584	0	406
407	5.172736162886606e+02 2.340704997253524e+02 1.666340290869406e+03	 4.728252533823252e-03 -6.925170309841633e-03 -2.196917776018381e-03	1.000000000000000e+00	584	0	407
408	-4.599426395296496e+02  1.538604107671149e+02  3.547459713721668e+03	-3.306761694451175e-04  6.489395086343089e-03 -6.158718916897973e-03	1.000000000000000e+00	584	0	408
409	-2.411524078863344e+02  3.161244222634271e+01  3.450917450619125e+03	 8.593007223680615e-04  4.196569730993360e-03 -5.055870453361422e-03	1.000000000000000e+00	584	0	409
410	 5.919709331989067e+02 -5.259834961996334e+02  3.175390047959860e+03	-3.132224470997850e-04 -3.084292615919063e-03  3.397515063018849e-03	1.000000000000000e+00	584	0	410
411	 3.812392759228485e+02 -3.921753019500705e+02  3.252313510986355e+03	-6.469411309808493e-04 -3.491429844871163e-03  4.138370975852013e-03	1.000000000000000e+00	584	0	411
412	 4.366889214124963e+02 -5.487265438491455e+02  2.700048441579413e+03	 4.854244645684958e-03  5.620974581688643e-03 -1.047521922737360e-02	1.000000000000000e+00	584	0	412
413	 1.852619766708760e+02 -8.237505176120890e+02  3.226499360083978e+03	-7.420957904601417e-19 -1.866198005154729e-02  1.866198005154729e-02	1.000000000000000e+00	584	0	413
414	-5.333332090371625e+02 -1.343502884254439e+02  3.255694316605371e+03	 1.487782411277294e-02 -2.850253979033107e-18 -1.487782411277294e-02	1.000000000000000e+00	584	0	414
415	-4.331131171521655e+02 -2.865277991666659e+02  3.307651735461595e+03	 8.177643797049919e-03  3.140576804677645e-03 -1.131822060172757e-02	1.000000000000000e+00	584	0	415
416	-1.939969053385233e+01 -8.087306902647233e+02  1.856263640643816e+03	 3.861147134254376e-03 -1.031656198514004e-02  6.455414850885670e-03	1.000000000000000e+00	55	0	416
417	 1.785850571565883e+02 -6.944729854518865e+02  1.544021188140538e+03	 1.969118587051829e-02 -1.329693306858341e-02 -6.394252801934877e-03	1.000000000000000e+00	55	0	417
418	 2.844034239550497e+02 -1.229454195681449e+02  8.666752554583353e+02	 1.219412296389540e-02 -9.413476257274548e-03 -2.780646706620852e-03	1.000000000000000e+00	55	0	418
419	 2.476232921515092e+02 -2.439226633709190e+02  1.024432631064650e+03	 1.935235053921739e-02 -1.198908019190033e-02 -7.363270347317060e-03	1.000000000000000e+00	55	0	419
420	4.768128884766830e+02 2.205824446405610e+02 1.141082297967779e+03	-2.547740475468648e-03  2.311804094157802e-03  2.359363813108454e-04	1.000000000000000e+00	55	0	420
421	4.079919727934504e+02 1.033950275005045e+02 1.327090630791068e+03	-1.923940280297150e-03  1.222075060165177e-03  7.018652201319735e-04	1.000000000000000e+00	55	0	421
422	-2.270395254714781e+01 -1.892628170311671e+02  2.050444400663338e+03	-2.664573998117703e-03  2.904009381381911e-03 -2.394353832642082e-04	5.625000000000000e-01	55	0	422
423	 7.916634079305423e+01 -1.046905420028028e+02  1.864001832294772e+03	-2.883922580319146e-03  3.474990332809587e-03 -5.910677524904410e-04	1.000000000000000e+00	55	0	423
424	 3.248792089929412e+02 -1.315185878945761e+02  3.871723550018542e+03	2.785115560982376e-03 2.174733846914023e-03 6.103817140683532e-04	1.000000000000000e+00	584	0	424
425	-3.789054541498826e+02  1.000000000000000e+03  2.036420298981142e+03	 8.698365360032769e-03 -4.182809957132143e-18  8.698365360032767e-03	1.000000000000000e+00	584	1	425
428	5.451153692148062e+02 8.786572655102975e+02 1.883944969505521e+03	2.634501283561500e-03 1.934225923226525e-04 2.441078691238848e-03	1.000000000000000e+00	584	0	428
429	 1.041914845533046e+02 -9.061613091416698e+02  3.227839659495987e+03	 7.476872764527798e-03 -7.609038613736629e-03  1.508591137826443e-02	1.000000000000000e+00	584	0	429
430	5.507155094873191e+02 9.194323081605444e+02 3.471260008405793e+03	-1.012331550009549e-02  6.711828755214810e-03 -3.411486744880676e-03	1.000000000000000e+00	571	0	430
431	 3.610497835282471e+02 -1.000000000000000e+03  1.362161974286177e+03	1.097188959829509e-02 2.772374924250251e-18 1.097188959829509e-02	1.000000000000000e+00	571	1	431
432	-9.204422170817348e+02 -3.618061557712193e+02  7.165629479037161e+02	-7.788784569129346e-04  4.473301523830742e-03 -3.694423066917807e-03	1.000000000000000e+00	453	0	432
435	6.964099835853002e+02 2.330934294012699e+02 1.433810640740273e+02	6.915576775403072e-03 7.310155759720753e-03 3.945789843176800e-04	1.000000000000000e+00	525	0	435
436	8.960364883430839e+02 8.547139352215763e+02 2.098382566748985e+03	1.246798162659009e-03 5.897319332386057e-03 4.650521169727047e-03	1.000000000000000e+00	584	0	436
437	-8.790505182852919e+02  2.901083847700679e+02  3.308864022925852e+03	-2.751950911867121e-04 -3.775280424936985e-03 -3.500085333750273e-03	1.000000000000000e+00	584	0	437
438	-3.996234976245286e+01  3.085958667361244e+02  3.066767536632447e+03	-2.645959417956571e-03 -1.417617624004682e-03 -1.228341793951889e-03	1.000000000000000e+00	584	0	438
439	-1.035906296852168e+02  5.342196869450490e+02  2.777515436500758e+03	 1.733134035021066e-03  1.733134035021068e-03 -1.534981895831388e-18	1.000000000000000e+00	584	0	439
442	2.031659303179562e+02 9.029736764472881e+01 2.330355428474240e+03	-3.809360826077560e-03 -1.485901031022270e-03 -2.323459795055290e-03	1.000000000000000e+00	584	0	442
443	 1.866604799582606e+02 -1.608522404929767e+02  2.564999586252250e+03	-1.465234090574086e-04 -1.253300433745608e-04 -2.119336750183720e-05	1.000000000000000e+00	584	0	443
444	4.147615332338295e+02 1.493404138732777e+02 2.565214137865037e+03	-5.134756094776094e-03  4.015255370177329e-03 -1.119500724598765e-03	1.000000000000000e+00	571	0	444
445	 2.753524914523887e+02 -4.640731671206977e+01  2.230057365498248e+03	-6.481249777910610e-03  4.904777316066126e-03 -1.576472461844484e-03	1.000000000000000e+00	571	0	445
446	-4.158759640930497e+02 -5.545365152631156e+02  4.047270544069273e+02	-1.757047139108181e-03  8.925773901864886e-03 -7.168726762756705e-03	1.000000000000000e+00	453	0	446
447	-2.527267077375992e+02 -6.056091768556291e+02  2.926504596439903e+02	-2.662841541071733e-03  1.083089426780740e-02 -8.168052726735672e-03	1.000000000000000e+00	453	0	447
448	9.775423680979138e+01 6.750510985963596e+02 1.183994480044626e+03	9.338305389974266e-03 1.027058711042628e-02 9.322817204520105e-04	1.000000000000000e+00	525	0	448
449	2.521463745529381e+02 5.647453443241810e+02 9.192965880293004e+02	8.285932029442241e-03 8.925101933224747e-03 6.391699037825066e-04	1.000000000000000e+00	525	0	449
450	1.327185726664050e+02 6.075126874770356e+02 2.614499234681123e+03	4.104388838944336e-04 2.028457597286130e-03 1.618018713391696e-03	1.000000000000000e+00	584	0	450
452	1.903175609017967e+02 2.616295090390254e+01 3.579480363128918e+03	 1.805854844860651e-05 -5.587053607899448e-19  1.805854844860814e-05	4.218750000000000e-01	584	0	452
453	-4.145580170407898e+01  6.254672123896174e+01  3.311323230187983e+03	-8.010060448820392e-03 -7.448929905270536e-03 -5.611305435498556e-04	1.000000000000000e+00	584	0	453
454	-2.884127859357735e+02  8.316461658411142e+02  2.295266801354137e+03	7.642284967005253e-03 5.830890499055386e-03 1.811394467949867e-03	1.000000000000000e+00	584	0	454
455	-2.041799266915423e+02  6.626425645443836e+02  2.548503261895098e+03	4.777264412647734e-03 4.024096667611350e-03 7.531677450363835e-04	1.000000000000000e+00	584	0	455
457	-4.448452422879497e+02 -1.713370234209066e+02  3.130219614860694e+03	4.934448671216766e-03 6.591904054706295e-03 1.657455383489529e-03	1.000000000000000e+00	584	0	457
458	-8.607926709320984e+01 -9.597190934502530e+02  1.983071569636608e+03	-3.730929165612906e-02 -3.846124664414674e-02 -1.151954988017679e-03	1.000000000000000e+00	584	0	458
459	-2.144445689115438e+02 -8.194307723015370e+02  2.251725192603658e+03	-8.301657624542713e-03 -4.139282740652561e-03  4.162374883890152e-03	1.000000000000000e+00	584	0	459
460	4.326885539763487e+02 6.199012275864305e+02 2.030274192190931e+03	-1.463820481149014e-03 -1.164363202406093e-04 -1.347384160908405e-03	1.000000000000000e+00	584	0	460
461	3.178203864157351e+02 3.610046935079520e+02 2.174302558708796e+03	-2.271817783669879e-03 -2.009184487784902e-04 -2.070899334891389e-03	1.000000000000000e+00	584	0	461
464	5.420935682428584e+02 6.373745017676697e+02 3.180580260768457e+03	-5.724272768323620e-03  3.132978609452645e-03 -2.591294158870975e-03	1.000000000000000e+00	571	0	464
465	4.984861236017287e+02 3.797735185771778e+02 2.879371832936836e+03	-4.261597020862003e-03  2.945517694267134e-03 -1.316079326594869e-03	1.000000000000000e+00	571	0	465
466	 3.148048917495594e+02 -6.469419155146908e+02  1.668975166992798e+03	 3.882730845361948e-03 -1.490159193053842e-03  2.392571652308106e-03	1.000000000000000e+00	571	0	466
467	 2.785396153394202e+02 -3.473017237386225e+02  1.932350082358727e+03	-2.595955544772247e-03  1.055537451369067e-03 -1.540418093403181e-03	1.000000000000000e+00	571	0	467
468	-7.482169171461851e+02 -4.305134238297591e+02  6.130449160267062e+02	-8.028019219636916e-04  6.309331394731998e-03 -5.506529472768307e-03	1.000000000000000e+00	453	0	468
469	-5.813673533057548e+02 -4.953835896885441e+02  5.110655180450609e+02	-1.160555208722750e-03  7.529150772218903e-03 -6.368595563496153e-03	1.000000000000000e+00	453	0	469
470	 7.894003559705487e+01 -6.918641324008742e+02  4.723867185458131e+01	 1.965859749664863e-03  1.667726233912011e-02 -1.864312208878497e-02	1.000000000000000e+00	453	0	470
471	-9.125838175207581e+01 -6.494004138166782e+02  1.749733706195161e+02	-3.887112252414227e-03  1.411778107285500e-02 -1.023066882044077e-02	1.000000000000000e+00	453	0	471
472	-1.514489248031227e+02  9.372551972216868e+02  1.695401740282867e+03	 2.123799376810591e-02  1.914915240680178e-02 -2.088841361304124e-03	1.000000000000000e+00	525	0	472
473	-3.649301846663907e+01  7.945006213381156e+02  1.437691258062812e+03	 1.312428229721263e-02  1.283391861943528e-02 -2.903636777773498e-04	1.000000000000000e+00	525	0	473
474	5.270476223839526e+02 3.306164188308391e+02 4.102664147049442e+02	8.342623477801681e-03 1.014622231014073e-02 1.803598832339049e-03	1.000000000000000e+00	525	0	474
475	3.871277312255674e+02 4.287431211881027e+02 6.483130082205929e+02	 9.396263366700927e-03  9.318348983166894e-03 -7.791438353403161e-05	1.000000000000000e+00	525	0	475
476	6.438477876414406e+02 7.692905382979617e+02 2.265147870527014e+03	1.234451464066903e-03 6.192668884371717e-03 4.958217420304815e-03	1.000000000000000e+00	584	0	476
477	3.882880375889180e+02 6.879693989644511e+02 2.439386481246026e+03	6.475243329380951e-04 2.800706987424443e-03 2.153182654486348e-03	1.000000000000000e+00	584	0	477
478	-6.215277013155602e+02  3.949778618239865e+02  3.156210683010039e+03	-2.761496968256931e-04 -1.726134437679623e-03 -1.449984740853931e-03	1.000000000000000e+00	584	0	478
479	-3.663633856070911e+02  4.772568345336443e+02  2.983325340011228e+03	-6.603400834137574e-05 -1.860745687736198e-04 -1.200405604322441e-04	1.000000000000000e+00	584	0	479
481	 3.490557425783897e+02 -1.955614280643617e+02  3.959942923773775e+03	 4.921330607127554e-03 -5.227652824639025e-05  4.973607135373944e-03	1.000000000000000e+00	584	0	481
484	5.707715830831638e+02 1.000000000000000e+03 3.571883773841093e+03	-9.265728527680038e-03 -1.383833936327356e-18 -9.265728527680039e-03	1.000000000000000e+00	571	1	484
487	7.466888769201945e+02 1.885041240145816e+02 4.851286535244470e+01	 8.116682137673100e-03  7.217477929467957e-03 -8.992042082051435e-04	1.000000000000000e+00	525	0	487
488	-4.458543068747631e+01  3.634516058660298e+02  3.007288716577518e+03	-1.378944628716757e-03 -7.899663566301266e-04 -5.889782720866302e-04	1.000000000000000e+00	584	0	488
489	-6.756997880686538e+01  4.755810263190125e+02  2.872174748005146e+03	 6.433320425761242e-04  1.590989277853320e-03 -9.476572352771957e-04	1.000000000000000e+00	584	0	489
492	3.884582228541777e+02 9.801087614049187e+01 2.487581289752599e+03	-5.179088058260580e-03  4.354408515306811e-03 -8.246795429537694e-04	1.000000000000000e+00	571	0	492
493	3.134300578842182e+02 7.699936887157953e+00 2.322242185529306e+03	-5.246307254613687e-03  4.692392404346417e-03 -5.539148502672713e-04	1.000000000000000e+00	571	0	493
494	1.349632635645045e+02 6.480988428506239e+02 1.119833197544177e+03	8.804000952901939e-03 9.869022256073853e-03 1.065021303171912e-03	1.000000000000000e+00	525	0	494
496	-2.693643552136543e+02  7.881301208669508e+02  2.357831277050419e+03	6.925606168806553e-03 5.391106940805912e-03 1.534499228000641e-03	1.000000000000000e+00	584	0	496
497	-2.273335813240846e+02  7.035427457116343e+02  2.484449426095305e+03	5.539542529731989e-03 4.537989385426044e-03 1.001553144305945e-03	1.000000000000000e+00	584	0	497
499	-4.914522372715106e+02 -1.524962901549230e+02  3.195667343110239e+03	4.122213499310115e-03 5.440186670360466e-03 1.317973171050350e-03	1.000000000000000e+00	584	0	499
500	-1.176579913380148e+02 -9.157400571777710e+02  2.058629330153895e+03	-2.515486666622261e-02 -2.273251077470680e-02  2.422355891515811e-03	1.000000000000000e+00	584	0	500
501	-1.792310595130455e+02 -8.428774051836230e+02  2.193065050323074e+03	-2.251386838421847e-02 -2.327026230826353e-02 -7.563939240450659e-04	1.000000000000000e+00	584	0	501
502	5.361767875836113e+02 5.699603151415999e+02 3.107249293483141e+03	-4.852612502872944e-03  2.804360585287213e-03 -2.048251917585731e-03	1.000000000000000e+00	571	0	502
503	5.146712213812547e+02 4.408848370997856e+02 2.956668249238970e+03	-4.141074100819726e-03  2.718095007973413e-03 -1.422979092846314e-03	1.000000000000000e+00	571	0	503
504	 3.053848338844434e+02 -5.721693026215785e+02  1.734327722020794e+03	 2.064449460400889e-03 -8.309583257262906e-04  1.233491134674599e-03	1.000000000000000e+00	571	0	504
505	 2.876640757980269e+02 -4.223678902170060e+02  1.866408376338950e+03	-1.491745933890343e-03  6.021645967848599e-04 -8.895813371054828e-04	1.000000000000000e+00	571	0	505
506	-1.232398436131481e+02  8.989957721204516e+02  1.628933233991658e+03	 1.984684165411939e-02  1.806113127774249e-02 -1.785710376376908e-03	1.000000000000000e+00	525	0	506
507	-6.620132243657554e+01  8.277445970954034e+02  1.500643537790037e+03	 1.487090341591587e-02  1.413352977639685e-02 -7.373736395190156e-04	1.000000000000000e+00	525	0	507
508	 3.011355252731414e+02 -8.826180114995991e+01  3.804723079554125e+03	2.000142820179462e-03 1.693069585599005e-03 3.070732345804572e-04	1.000000000000000e+00	584	0	508
509	 2.320670294258440e+02 -3.314223210548115e+00  3.650707005767416e+03	 5.631173844449222e-04  8.756144088692963e-04 -3.124970244243741e-04	1.000000000000000e+00	584	0	509
510	-3.463994363581668e+02  9.732409124829960e+02  2.095685404289861e+03	 5.059485866998633e-03  8.432635959858695e-03 -3.373150092860063e-03	1.000000000000000e+00	584	0	510
511	-3.067468519893396e+02  8.758892925028222e+02  2.232689608638862e+03	8.019209761793414e-03 6.032053458814819e-03 1.987156302978595e-03	1.000000000000000e+00	584	0	511
515	-3.806105044241692e+01 -1.000000000000000e+03  1.894772446436069e+03	-1.217863714555279e-02  4.783216483781194e-18  1.217863714555278e-02	1.000000000000000e+00	584	1	515
516	5.493387560465229e+02 8.445898845850702e+02 3.395040831389522e+03	-9.163115173578262e-03  4.728574305772781e-03 -4.434540867805481e-03	1.000000000000000e+00	571	0	516
517	5.452420684537941e+02 7.063054072040219e+02 3.252659666415746e+03	-5.551040172576904e-03  2.936372300609946e-03 -2.614667871966958e-03	1.000000000000000e+00	571	0	517
518	 3.660205298400094e+02 -8.878694657982862e+02  1.479263254799653e+03	 4.803020565304905e-03 -1.916079083457589e-03  2.886941481847316e-03	7.500000000000000e-01	571	0	518
519	 3.292510835831681e+02 -7.239374251174243e+02  1.606425849223673e+03	 5.594877021697660e-03 -1.666447535778085e-03  3.928429485919575e-03	1.000000000000000e+00	571	0	519
521	-1.813266492037214e+02  9.784984811524703e+02  1.766522748614249e+03	1.249104505404830e-02 1.956356270238757e-02 7.072517648339272e-03	1.000000000000000e+00	525	0	521
522	6.523052051660558e+02 2.614175292088764e+02 2.158099423008782e+02	6.984690126652519e-03 8.204890492682656e-03 1.220200366030137e-03	1.000000000000000e+00	525	0	522
523	-3.831945057115298e+01  2.525344409915418e+02  3.124471861568330e+03	-3.896016899185876e-03 -1.971635928687950e-03 -1.924380970497926e-03	1.000000000000000e+00	584	0	523
524	-4.007968418236742e+01  1.375192758254771e+02  3.237726793123180e+03	-6.176075510059794e-03 -2.991971715042988e-03 -3.184103795016805e-03	1.000000000000000e+00	584	0	524
526	-1.794525833906140e+02  6.228826168777272e+02  2.612990552862683e+03	3.944412843945126e-03 3.418412719232340e-03 5.260001247127849e-04	1.000000000000000e+00	584	0	526
527	-2.986912552641281e+02 -2.292339745205257e+02  2.926168676737254e+03	 1.099353283643723e-02  9.866964071989059e-03 -1.126568764448166e-03	1.000000000000000e+00	584	0	527
528	-3.979555161921159e+02 -1.896857641775960e+02  3.064981148008171e+03	5.969968469192584e-03 8.007948442051807e-03 2.037979972859224e-03	1.000000000000000e+00	584	0	528
531	4.380733952418426e+02 2.046402808124999e+02 2.643825866812272e+03	-4.801148665137589e-03  3.595445188693702e-03 -1.205703476443887e-03	1.000000000000000e+00	571	0	531
532	4.796805028674764e+02 3.203785370750407e+02 2.801171230700446e+03	-3.840648801997304e-03  2.736914437264204e-03 -1.103734364733100e-03	1.000000000000000e+00	571	0	532
533	 2.612060603953099e+02 -1.198595794384702e+02  2.142458671714769e+03	-6.321476694817345e-03  3.721504316975673e-03 -2.599972377841671e-03	1.000000000000000e+00	571	0	533
534	 2.699703480982724e+02 -2.725008243075999e+02  1.998581714548602e+03	-4.004640000251432e-03  1.680995260054867e-03 -2.323644740196566e-03	1.000000000000000e+00	571	0	534
535	6.189757417254006e+01 7.029178803992663e+02 1.247717924484784e+03	1.000237373712783e-02 1.071816680875296e-02 7.157930716251334e-04	1.000000000000000e+00	525	0	535
536	-5.217056445643077e+00  7.625950139370539e+02  1.374509688640755e+03	1.182284387323307e-02 1.191724841919495e-02 9.440454596187926e-05	1.000000000000000e+00	525	0	536
539	 1.000000000000000e+03 -2.416667046817175e+02  6.448941875239910e+02	-2.275098796084149e-18 -7.170914439484477e-03 -7.170914439484478e-03	1.000000000000000e+00	487	1	539
540	4.866015423981394e+02 3.533270790785575e+02 4.734231549384758e+02	8.698717807419598e-03 1.034349657129496e-02 1.644778763875366e-03	1.000000000000000e+00	525	0	540
541	3.568443620215278e+02 4.621089618923020e+02 7.119622181288318e+02	 9.177923124904433e-03  8.861986997847756e-03 -3.159361270566780e-04	1.000000000000000e+00	525	0	541
542	2.128126833592042e+02 5.941043441183892e+02 9.879892790172426e+02	8.229977567680180e-03 9.165361407212913e-03 9.353838395327331e-04	1.000000000000000e+00	525	0	542
543	4.175056506431512e+02 4.003499508037979e+02 5.895419184187043e+02	9.337914971789965e-03 9.913087958314767e-03 5.751729865248001e-04	1.000000000000000e+00	525	0	543
544	2.348290853078395e+02 1.673943795522650e+02 2.284921571556587e+03	-3.064483442964653e-03 -3.665211455275615e-04 -2.697962297437092e-03	1.000000000000000e+00	584	0	544
545	1.888428578537992e+02 2.422083974039836e+01 2.382108883914413e+03	-3.009513699604819e-03 -5.336647930865487e-04 -2.475848906518271e-03	1.000000000000000e+00	584	0	545
546	2.897807668959252e+02 5.326791297509554e+02 8.495959811130879e+02	8.528672255730877e-03 8.766262695038071e-03 2.375904393071925e-04	1.000000000000000e+00	525	0	546
547	4.524749633384521e+02 7.076302142871522e+02 2.394860370819193e+03	7.456633805607755e-04 3.320585218413422e-03 2.574921837852647e-03	1.000000000000000e+00	584	0	547
548	8.283322098854593e+02 8.320606597993203e+02 2.143433569784353e+03	1.373381276304523e-03 7.042234259036680e-03 5.668852982732157e-03	1.000000000000000e+00	584	0	548
549	 1.860711359890590e+02 -1.046397733511485e+02  2.508197775141220e+03	-3.202495630830526e-03 -1.612184569239616e-03 -1.590311061590910e-03	1.000000000000000e+00	584	0	549
551	-9.806014659863520e+02 -5.393385205917910e+01  3.622546137188295e+03	-8.189095945757193e-04  7.918923098865586e-04  2.701728468916068e-05	1.000000000000000e+00	584	0	551
552	-3.026916422772128e+02  4.943269225656028e+02  2.936723684713308e+03	7.069999264786020e-05 2.316857280675322e-04 1.609857281437144e-04	1.000000000000000e+00	584	0	552
553	-8.486461508182329e+02 -1.269702876450361e+02  3.563627257606033e+03	-1.377446091889093e-03  8.922251484667262e-04  4.852209434223672e-04	1.000000000000000e+00	584	0	553
554	1.493989435202075e+02 1.619829658287153e+01 3.528597091426298e+03	-1.665368326939642e-04  1.950899168150499e-03  1.784362335456535e-03	1.000000000000000e+00	584	0	554
558	 3.786774068834171e+02 -4.945239955158984e+02  2.703857407775245e+03	 6.137936841696501e-03  7.243448402732611e-03 -1.338138524442911e-02	1.000000000000000e+00	584	0	558
562	3.474048668416713e+02 4.277720936240327e+02 2.137119639018651e+03	-3.000880800148783e-03 -2.103324028818558e-04 -2.790548397266927e-03	1.000000000000000e+00	584	0	562
563	-7.221456140511199e+02 -1.387016382178084e+02  3.448858071411692e+03	-4.865546167517702e-04  1.075144847466921e-03 -5.885902307151506e-04	1.000000000000000e+00	584	0	563
564	1.500000000000000e+03 7.561251124183960e+02 2.671121287273789e+03	0.000000000000000e+00 0.000000000000000e+00 0.000000000000000e+00	1.000000000000000e+00	584	-1	350
573	-1.747445184663904e+02  5.240495949628283e+02  2.838499233299711e+03	7.266047565887372e-04 1.504493081786980e-03 7.778883251982431e-04	1.000000000000000e+00	584	0	573
574	 3.185306889541853e+02 -4.369133858975665e+02  2.706393516086145e+03	 1.045084247986476e-02  9.084943371514479e-03 -1.953578585137923e-02	1.000000000000000e+00	584	0	574
575	-5.895333345316510e-01 -6.771159634662123e+02  3.265716315943508e+03	-5.387349054217339e-03 -1.116631738841534e-02  1.655366644263268e-02	1.000000000000000e+00	584	0	575
581	 1.500000000000000e+03 -2.416667046817175e+02  6.448941875239910e+02	0.000000000000000e+00 0.000000000000000e+00 0.000000000000000e+00	1.000000000000000e+00	487	-1	539
584	 5.222163328817219e+01 -8.076165548392125e+02  1.783528181396280e+03	 9.235442616045475e-03 -1.526188477873802e-02  6.026442162692548e-03	1.000000000000000e+00	55	0	584
585	8.716854893474853e+01 2.048628111026951e+01 3.470654681368238e+03	-4.478034787780416e-05  6.736376269600441e-05  2.258341481820025e-05	3.164062500000000e-01	584	0	585
589	-6.621802570099126e+02 -1.416406743297672e+02  3.391831750482444e+03	-6.936206676376362e-04  1.446335324241469e-03 -7.527146566038330e-04	1.000000000000000e+00	584	0	589
591	 1.588491710105581e+02 -7.528961973782224e+02  1.622180286212904e+03	 1.986358306991557e-02 -1.741563536537190e-02 -2.447947704543670e-03	1.000000000000000e+00	55	0	591
593	 3.335631426387221e+02 -9.042055747681034e+02  6.487921747988830e+02	 4.785802680999041e-03 -6.889673415571451e-03 -1.167547609657049e-02	1.000000000000000e+00	487	0	593
594	 2.750127925188706e+02 -3.828730384086072e+02  2.695871065032500e+03	-3.735113248694688e-03 -1.560014788992703e-03  5.295128037687391e-03	7.500000000000000e-01	584	0	594
595	 8.988323584397409e+02 -3.707725293362568e+02  6.169560044297108e+02	 7.712620465705792e-03 -6.904474149147669e-03 -1.461709461485346e-02	1.000000000000000e+00	487	0	595
596	-3.789054541498826e+02  1.500000000000000e+03  2.036420298981142e+03	0.000000000000000e+00 0.000000000000000e+00 0.000000000000000e+00	1.000000000000000e+00	584	-1	425
602	9.755330526280412e+02 4.227780318274454e+02 2.584836263286513e+03	 1.066067809006199e-02 -6.408839253708720e-04  1.001979416469112e-02	1.000000000000000e+00	26	0	602
603	3.244044784435363e+02 6.686984518014797e+02 2.483999093228436e+03	5.701863750194509e-04 2.458083423941086e-03 1.887897048921635e-03	1.000000000000000e+00	584	0	603
604	 5.863896896173679e+01 -5.435032226898624e+02  3.965767614813497e+03	-1.229887634205321e-02  2.731542258212964e-03  1.503041860026618e-02	1.000000000000000e+00	552	0	604
606	1.000000000000000e+03 3.906730674239121e+02 2.305669242279305e+03	-5.059742309396867e-18 -1.267362269572914e-02 -1.267362269572914e-02	1.000000000000000e+00	584	1	606
608	-6.043210002916566e+02 -1.427659355272490e+02  3.335097754961669e+03	 1.365737019417189e-05  5.209216663691526e-04 -5.345790365633244e-04	1.000000000000000e+00	584	0	608
609	 9.297490475372834e+01 -4.749349017113676e+02  4.500000000000000e+03	0.000000000000000e+00 0.000000000000000e+00 0.000000000000000e+00	1.000000000000000e+00	552	-1	380
611	 1.785366987705457e+02 -7.442221237197834e+02 -5.000000000000000e+02	0.000000000000000e+00 0.000000000000000e+00 0.000000000000000e+00	1.000000000000000e+00	453	-1	333
613	-2.359148016963295e+02  1.500000000000000e+03  1.842612419954388e+03	0.000000000000000e+00 0.000000000000000e+00 0.000000000000000e+00	1.000000000000000e+00	525	-1	336
615	5.707715830831638e+02 1.500000000000000e+03 3.571883773841093e+03	0.000000000000000e+00 0.000000000000000e+00 0.000000000000000e+00	1.000000000000000e+00	571	-1	484
617	 1.218107741766566e+02 -7.721840493793813e+02  3.238384094345489e+03	-6.047171850999196e-03 -1.299699659769734e-02  1.904416844869653e-02	1.000000000000000e+00	584	0	617
618	 3.694139058357296e+02 -9.470674422319629e+02  1.423458654361696e+03	 2.681618152807156e-02 -1.588576876868804e-02  1.093041275938352e-02	1.000000000000000e+00	571	0	618
619	 3.610497835282471e+02 -1.500000000000000e+03  1.362161974286177e+03	0.000000000000000e+00 0.000000000000000e+00 0.000000000000000e+00	1.000000000000000e+00	571	-1	431
620	-3.806105044241692e+01 -1.500000000000000e+03  1.894772446436069e+03	0.000000000000000e+00 0.000000000000000e+00 0.000000000000000e+00	1.000000000000000e+00	584	-1	515
621	1.500000000000000e+03 3.906730674239121e+02 2.305669242279305e+03	0.000000000000000e+00 0.000000000000000e+00 0.000000000000000e+00	1.000000000000000e+00	584	-1	606
623	 2.286918931431575e+02 -3.199541820631763e+02  2.679273108062783e+03	 2.853263557578126e-02  7.516577529410519e-03 -3.604921310519179e-02	1.000000000000000e+00	584	0	623
2	 0.000000000000000e+00  7.071067811865475e-01 -7.071067811865475e-01	 5.773502691896257e-01 -5.773502691896257e-01 -5.773502691896257e-01	-7.391622886003375e+02  7.391622886003375e+02  7.391622886003375e+02	1	0	0.000000000000000e+00	0.000000000000000e+00	0.000000000000000e+00
3	-7.071067811865475e-01  0.000000000000000e+00  7.071067811865475e-01	-5.773502691896257e-01  5.773502691896257e-01 -5.773502691896257e-01	 6.288536307352362e+02 -6.288536307352362e+02  6.288536307352362e+02	1	0	0.000000000000000e+00	0.000000000000000e+00	0.000000000000000e+00
4	0.000000000000000e+00 7.071067811865475e-01 7.071067811865475e-01	 5.773502691896257e-01 -5.773502691896257e-01  5.773502691896257e-01	 1.522636602155032e+03 -1.522636602155032e+03  1.522636602155032e+03	1	0	0.000000000000000e+00	0.000000000000000e+00	0.000000000000000e+00
5	 7.071067811865475e-01 -7.071067811865475e-01  0.000000000000000e+00	-5.773502691896257e-01 -5.773502691896257e-01  5.773502691896257e-01	-6.670373969193098e+02 -6.670373969193098e+02  6.670373969193098e+02	1	0	0.000000000000000e+00	0.000000000000000e+00	0.000000000000000e+00
7	-7.071067811865475e-01  7.071067811865475e-01  0.000000000000000e+00	-5.773502691896257e-01 -5.773502691896257e-01  5.773502691896257e-01	-3.955083929436755e+02 -3.955083929436755e+02  3.955083929436755e+02	1	0	0.000000000000000e+00	0.000000000000000e+00	0.000000000000000e+00
8	 0.000000000000000e+00 -7.071067811865475e-01 -7.071067811865475e-01	-5.773502691896257e-01  5.773502691896257e-01 -5.773502691896257e-01	 2.022325394193525e+02 -2.022325394193525e+02  2.022325394193525e+02	1	0	0.000000000000000e+00	0.000000000000000e+00	0.000000000000000e+00
9	-7.071067811865475e-01  0.000000000000000e+00  7.071067811865475e-01	-5.773502691896257e-01  5.773502691896257e-01 -5.773502691896257e-01	 7.132350399568309e+02 -7.132350399568309e+02  7.132350399568309e+02	1	0	0.000000000000000e+00	0.000000000000000e+00	0.000000000000000e+00
10	-7.071067811865475e-01 -7.071067811865475e-01  0.000000000000000e+00	-5.773502691896257e-01  5.773502691896257e-01  5.773502691896257e-01	-6.330962714223555e+02  6.330962714223555e+02  6.330962714223555e+02	1	0	0.000000000000000e+00	0.000000000000000e+00	0.000000000000000e+00
11	-7.071067811865475e-01 -7.071067811865475e-01  0.000000000000000e+00	0.000000000000000e+00 0.000000000000000e+00 0.000000000000000e+00	 2.192031021678290e+02 -4.907321061434644e+02  2.609224022578360e+03	1	1	0.000000000000000e+00	0.000000000000000e+00	0.000000000000000e+00
12	-7.071067811865475e-01 -7.071067811865475e-01  0.000000000000000e+00	-5.773502691896257e-01  5.773502691896257e-01  5.773502691896257e-01	-9.611938178929136e+02  9.611938178929136e+02  9.611938178929136e+02	1	0	0.000000000000000e+00	0.000000000000000e+00	0.000000000000000e+00
13	-7.071067811865475e-01  7.071067811865475e-01  0.000000000000000e+00	 5.773502691896257e-01  5.773502691896257e-01 -5.773502691896257e-01	-1.120999950441073e+03 -1.120999950441073e+03  1.120999950441073e+03	1	0	0.000000000000000e+00	0.000000000000000e+00	0.000000000000000e+00
14	-7.071067811865475e-01  7.071067811865475e-01  0.000000000000000e+00	0.000000000000000e+00 0.000000000000000e+00 0.000000000000000e+00	1.824335495461294e+02 3.747665940288735e+01 3.582910060272236e+03	1	1	0.000000000000000e+00	0.000000000000000e+00	0.000000000000000e+00
15	-7.071067811865475e-01  7.071067811865475e-01  0.000000000000000e+00	-5.773502691896257e-01 -5.773502691896257e-01  5.773502691896257e-01	-3.049987249517975e+02 -3.049987249517975e+02  3.049987249517975e+02	1	0	0.000000000000000e+00	0.000000000000000e+00	0.000000000000000e+00
16	 0.000000000000000e+00 -7.071067811865475e-01  7.071067811865475e-01	5.773502691896257e-01 5.773502691896257e-01 5.773502691896257e-01	1.080459161653044e+03 1.080459161653044e+03 1.080459161653044e+03	1	0	0.000000000000000e+00	0.000000000000000e+00	0.000000000000000e+00
17	 0.000000000000000e+00 -7.071067811865475e-01  7.071067811865475e-01	0.000000000000000e+00 0.000000000000000e+00 0.000000000000000e+00	 9.142890680742061e+02 -6.201326471006022e+02  2.947221063985530e+03	1	1	0.000000000000000e+00	0.000000000000000e+00	0.000000000000000e+00
18	 0.000000000000000e+00 -7.071067811865475e-01  7.071067811865475e-01	5.773502691896257e-01 5.773502691896257e-01 5.773502691896257e-01	8.626702730475879e+02 8.626702730475879e+02 8.626702730475879e+02	1	0	0.000000000000000e+00	0.000000000000000e+00	0.000000000000000e+00
19	 7.071067811865475e-01 -7.071067811865475e-01  0.000000000000000e+00	-5.773502691896257e-01 -5.773502691896257e-01 -5.773502691896257e-01	3.427110866150800e+02 3.427110866150800e+02 3.427110866150800e+02	1	0	0.000000000000000e+00	0.000000000000000e+00	0.000000000000000e+00
20	 7.071067811865475e-01 -7.071067811865475e-01  0.000000000000000e+00	0.000000000000000e+00 0.000000000000000e+00 0.000000000000000e+00	3.577960312803930e+02 7.283199846221450e+01 5.975052301026326e+02	1	1	0.000000000000000e+00	0.000000000000000e+00	0.000000000000000e+00
21	 7.071067811865475e-01 -7.071067811865475e-01  0.000000000000000e+00	-5.773502691896257e-01 -5.773502691896257e-01 -5.773502691896257e-01	6.128258770283411e+02 6.128258770283411e+02 6.128258770283411e+02	1	0	0.000000000000000e+00	0.000000000000000e+00	0.000000000000000e+00
22	-7.071067811865475e-01  0.000000000000000e+00 -7.071067811865475e-01	0.000000000000000e+00 0.000000000000000e+00 0.000000000000000e+00	1.000000000000000e+03 4.153257531310242e+02 4.000000000000000e+03	1	2	0.000000000000000e+00	0.000000000000000e+00	0.000000000000000e+00
23	-7.071067811865475e-01  0.000000000000000e+00 -7.071067811865475e-01	0.000000000000000e+00 0.000000000000000e+00 0.000000000000000e+00	1.000000000000000e+03 1.000000000000000e+03 3.415325753131025e+03	1	2	0.000000000000000e+00	0.000000000000000e+00	0.000000000000000e+00
25	-7.071067811865475e-01  0.000000000000000e+00  7.071067811865475e-01	0.000000000000000e+00 0.000000000000000e+00 0.000000000000000e+00	-1.000000000000000e+03 -1.000000000000000e+03  2.856711395993652e+03	1	2	0.000000000000000e+00	0.000000000000000e+00	0.000000000000000e+00
27	 0.000000000000000e+00  7.071067811865475e-01 -7.071067811865475e-01	0.000000000000000e+00 0.000000000000000e+00 0.000000000000000e+00	1.000000000000000e+03 1.000000000000000e+03 2.217486865801013e+03	1	2	0.000000000000000e+00	0.000000000000000e+00	0.000000000000000e+00
28	 0.000000000000000e+00  7.071067811865475e-01 -7.071067811865475e-01	0.000000000000000e+00 0.000000000000000e+00 0.000000000000000e+00	 1.000000000000000e+03 -7.825131341989875e+02  4.000000000000000e+03	1	2	0.000000000000000e+00	0.000000000000000e+00	0.000000000000000e+00
29	 0.000000000000000e+00  7.071067811865475e-01 -7.071067811865475e-01	0.000000000000000e+00 0.000000000000000e+00 0.000000000000000e+00	 7.825131341989878e+02 -1.000000000000000e+03  4.000000000000000e+03	1	2	0.000000000000000e+00	0.000000000000000e+00	0.000000000000000e+00
30	 0.000000000000000e+00  7.071067811865475e-01 -7.071067811865475e-01	0.000000000000000e+00 0.000000000000000e+00 0.000000000000000e+00	 8.386186409253501e+00 -1.000000000000000e+03  3.225873052210266e+03	1	2	0.000000000000000e+00	0.000000000000000e+00	0.000000000000000e+00
32	-7.071067811865475e-01  0.000000000000000e+00  7.071067811865475e-01	0.000000000000000e+00 0.000000000000000e+00 0.000000000000000e+00	 8.865608922057086e+02 -1.000000000000000e+03  0.000000000000000e+00	1	2	0.000000000000000e+00	0.000000000000000e+00	0.000000000000000e+00
33	-7.071067811865475e-01  0.000000000000000e+00  7.071067811865475e-01	0.000000000000000e+00 0.000000000000000e+00 0.000000000000000e+00	 2.064717250729884e+02 -1.000000000000000e+03  6.800891671327201e+02	1	2	0.000000000000000e+00	0.000000000000000e+00	0.000000000000000e+00
35	0.000000000000000e+00 7.071067811865475e-01 7.071067811865475e-01	0.000000000000000e+00 0.000000000000000e+00 0.000000000000000e+00	-2.650999282586910e+01 -1.000000000000000e+03  3.594419799290965e+03	1	2	0.000000000000000e+00	0.000000000000000e+00	0.000000000000000e+00
37	 7.071067811865475e-01 -7.071067811865475e-01  0.000000000000000e+00	0.000000000000000e+00 0.000000000000000e+00 0.000000000000000e+00	-1.000000000000000e+03 -1.000000000000000e+03  1.112190757929056e+00	1	2	0.000000000000000e+00	0.000000000000000e+00	0.000000000000000e+00
39	 7.071067811865475e-01 -7.071067811865475e-01  0.000000000000000e+00	0.000000000000000e+00 0.000000000000000e+00 0.000000000000000e+00	-1.000000000000000e+03  4.343145750507622e+02  0.000000000000000e+00	1	2	0.000000000000000e+00	0.000000000000000e+00	0.000000000000000e+00
41	-7.071067811865475e-01  7.071067811865475e-01  0.000000000000000e+00	0.000000000000000e+00 0.000000000000000e+00 0.000000000000000e+00	1.000000000000000e+03 1.000000000000000e+03 3.186525178831027e+03	1	2	0.000000000000000e+00	0.000000000000000e+00	0.000000000000000e+00
42	-7.071067811865475e-01  7.071067811865475e-01  0.000000000000000e+00	0.000000000000000e+00 0.000000000000000e+00 0.000000000000000e+00	5.262774169474030e+02 1.000000000000000e+03 2.712802595778431e+03	1	2	0.000000000000000e+00	0.000000000000000e+00	0.000000000000000e+00
44	 0.000000000000000e+00 -7.071067811865475e-01 -7.071067811865475e-01	0.000000000000000e+00 0.000000000000000e+00 0.000000000000000e+00	1.000000000000000e+03 3.933023817419428e+02 0.000000000000000e+00	1	2	0.000000000000000e+00	0.000000000000000e+00	0.000000000000000e+00
45	 0.000000000000000e+00 -7.071067811865475e-01 -7.071067811865475e-01	0.000000000000000e+00 0.000000000000000e+00 0.000000000000000e+00	7.626111422002032e+02 1.559135239421454e+02 0.000000000000000e+00	1	2	0.000000000000000e+00	0.000000000000000e+00	0.000000000000000e+00
46	-7.071067811865475e-01  0.000000000000000e+00  7.071067811865475e-01	0.000000000000000e+00 0.000000000000000e+00 0.000000000000000e+00	 1.000000000000000e+03 -1.000000000000000e+03  1.397051198704921e+02	1	2	0.000000000000000e+00	0.000000000000000e+00	0.000000000000000e+00
47	-7.071067811865475e-01  0.000000000000000e+00  7.071067811865475e-01	0.000000000000000e+00 0.000000000000000e+00 0.000000000000000e+00	-1.000000000000000e+03 -1.000000000000000e+03  2.139705119870493e+03	1	2	0.000000000000000e+00	0.000000000000000e+00	0.000000000000000e+00
48	-7.071067811865475e-01  0.000000000000000e+00  7.071067811865475e-01	0.000000000000000e+00 0.000000000000000e+00 0.000000000000000e+00	-1.000000000000000e+03  2.359027970895548e+02  3.375607916960047e+03	1	2	0.000000000000000e+00	0.000000000000000e+00	0.000000000000000e+00
49	-7.071067811865475e-01  7.071067811865475e-01  0.000000000000000e+00	5.773502691896257e-01 5.773502691896257e-01 5.773502691896257e-01	8.626702730475879e+02 8.626702730475879e+02 8.626702730475879e+02	1	0	0.000000000000000e+00	0.000000000000000e+00	0.000000000000000e+00
50	 0.000000000000000e+00 -7.071067811865475e-01 -7.071067811865475e-01	-5.773502691896257e-01 -5.773502691896257e-01  5.773502691896257e-01	-1.120999950441073e+03 -1.120999950441073e+03  1.120999950441073e+03	1	0	0.000000000000000e+00	0.000000000000000e+00	0.000000000000000e+00
53	 7.071067811865475e-01 -7.071067811865475e-01  0.000000000000000e+00	5.773502691896257e-01 5.773502691896257e-01 5.773502691896257e-01	8.626702730475879e+02 8.626702730475879e+02 8.626702730475879e+02	1	0	0.000000000000000e+00	0.000000000000000e+00	0.000000000000000e+00
65	 7.071067811865475e-01  0.000000000000000e+00 -7.071067811865475e-01	0.000000000000000e+00 0.000000000000000e+00 0.000000000000000e+00	 1.000000000000000e+03 -8.865608922057086e+02  0.000000000000000e+00	1	2	0.000000000000000e+00	0.000000000000000e+00	0.000000000000000e+00
69	-7.071067811865475e-01  0.000000000000000e+00 -7.071067811865475e-01	-5.773502691896257e-01  5.773502691896257e-01  5.773502691896257e-01	-1.138441917710341e+03  1.138441917710341e+03  1.138441917710341e+03	1	0	0.000000000000000e+00	0.000000000000000e+00	0.000000000000000e+00
70	-7.071067811865475e-01  0.000000000000000e+00 -7.071067811865475e-01	0.000000000000000e+00 0.000000000000000e+00 0.000000000000000e+00	1.000000000000000e+03 1.000000000000000e+03 3.415325753131025e+03	1	2	0.000000000000000e+00	0.000000000000000e+00	0.000000000000000e+00
78	 0.000000000000000e+00 -7.071067811865475e-01 -7.071067811865475e-01	0.000000000000000e+00 0.000000000000000e+00 0.000000000000000e+00	-4.320901935349040e+02 -1.000000000000000e+03  4.000000000000000e+03	1	2	0.000000000000000e+00	0.000000000000000e+00	0.000000000000000e+00
79	 7.071067811865475e-01 -7.071067811865475e-01  0.000000000000000e+00	-5.773502691896257e-01 -5.773502691896257e-01 -5.773502691896257e-01	-1.885618083164127e+02 -1.885618083164127e+02 -1.885618083164127e+02	1	0	0.000000000000000e+00	0.000000000000000e+00	0.000000000000000e+00
80	 7.071067811865475e-01 -7.071067811865475e-01  0.000000000000000e+00	0.000000000000000e+00 0.000000000000000e+00 0.000000000000000e+00	-1.000000000000000e+03  4.343145750507622e+02  0.000000000000000e+00	1	2	0.000000000000000e+00	0.000000000000000e+00	0.000000000000000e+00
82	0.000000000000000e+00 7.071067811865475e-01 7.071067811865475e-01	0.000000000000000e+00 0.000000000000000e+00 0.000000000000000e+00	1.000000000000000e+03 1.000000000000000e+03 6.066976182580577e+02	1	2	0.000000000000000e+00	0.000000000000000e+00	0.000000000000000e+00
84	-7.071067811865475e-01  7.071067811865475e-01  0.000000000000000e+00	0.000000000000000e+00 0.000000000000000e+00 0.000000000000000e+00	-1.000000000000000e+03  1.000000000000000e+03  2.001112190757930e+03	1	2	0.000000000000000e+00	0.000000000000000e+00	0.000000000000000e+00
85	-7.071067811865475e-01  0.000000000000000e+00  7.071067811865475e-01	 5.773502691896257e-01 -5.773502691896257e-01  5.773502691896257e-01	 9.522371319978838e+02 -9.522371319978838e+02  9.522371319978838e+02	1	0	0.000000000000000e+00	0.000000000000000e+00	0.000000000000000e+00
86	-7.071067811865475e-01  0.000000000000000e+00  7.071067811865475e-01	0.000000000000000e+00 0.000000000000000e+00 0.000000000000000e+00	-1.000000000000000e+03 -1.000000000000000e+03  2.856711395993652e+03	1	2	0.000000000000000e+00	0.000000000000000e+00	0.000000000000000e+00
87	 7.071067811865475e-01 -7.071067811865475e-01  0.000000000000000e+00	0.000000000000000e+00 0.000000000000000e+00 0.000000000000000e+00	-1.000000000000000e+03 -1.000000000000000e+03  1.112190757929056e+00	1	2	0.000000000000000e+00	0.000000000000000e+00	0.000000000000000e+00
88	 7.071067811865475e-01 -7.071067811865475e-01  0.000000000000000e+00	0.000000000000000e+00 0.000000000000000e+00 0.000000000000000e+00	1.000000000000000e+03 7.561251124183960e+02 2.671121287273789e+03	1	2	0.000000000000000e+00	0.000000000000000e+00	0.000000000000000e+00
69	0	1	1
22	1	0	1
22	0	205	-1
69	481	0	0
69	1	2	1
23	2	1	1
22	206	1	-1
23	1	206	-1
23	207	2	-1
70	2	207	-1
69	2	425	1
70	425	2	1
85	4	5	1
25	5	4	1
25	4	209	-1
85	359	4	0
25	210	5	-1
86	5	210	-1
85	5	515	1
86	515	5	1
2	7	8	1
27	8	7	1
27	7	212	-1
2	428	7	0
2	8	9	1
28	9	8	1
27	213	8	-1
28	8	213	-1
2	9	10	1
29	10	9	1
28	214	9	-1
29	9	214	-1
2	10	11	1
30	11	10	1
29	215	10	-1
30	10	215	-1
30	216	11	-1
2	11	429	0
3	13	14	1
32	14	13	1
32	13	218	-1
65	13	218	-1
3	539	13	1
65	539	13	1
3	14	15	1
33	15	14	1
32	219	14	-1
33	14	219	-1
33	220	15	-1
3	15	327	0
4	17	18	1
35	18	17	1
35	17	222	-1
78	17	222	-1
4	380	17	1
78	380	17	1
35	223	18	-1
4	18	329	0
5	20	21	1
37	21	20	1
37	20	225	-1
84	20	225	-1
5	484	20	1
84	484	20	1
37	226	21	-1
87	21	226	-1
5	21	431	1
87	431	21	1
79	23	24	1
39	24	23	1
39	23	228	-1
79	432	23	0
39	229	24	-1
80	24	229	-1
79	24	333	1
80	333	24	1
7	26	27	1
41	27	26	1
41	26	231	-1
7	602	26	0
7	27	28	1
42	28	27	1
41	232	27	-1
42	27	232	-1
42	233	28	-1
7	28	335	0
8	30	31	1
44	31	30	1
44	30	235	-1
82	30	235	-1
8	336	30	1
82	336	30	1
8	31	32	1
45	32	31	1
44	236	31	-1
45	31	236	-1
45	237	32	-1
8	32	487	0
9	33	34	1
46	34	33	1
46	33	238	-1
9	436	33	0
9	34	35	1
47	35	34	1
46	239	34	-1
47	34	239	-1
9	35	36	1
48	36	35	1
47	240	35	-1
48	35	240	-1
48	241	36	-1
9	36	437	0
10	37	38	0
11	38	37	0
11	37	40	0
10	340	37	0
11	39	38	0
10	38	341	0
11	40	39	0
12	39	40	0
12	342	39	0
12	40	343	0
10	41	344	0
10	345	41	0
12	42	346	0
12	347	42	0
13	43	44	0
14	44	43	0
14	43	46	0
13	348	43	0
14	45	44	0
13	44	452	0
14	46	45	0
15	45	46	0
15	350	45	0
15	46	351	0
15	48	354	0
15	355	48	0
16	49	50	0
17	50	49	0
17	49	52	0
16	356	49	0
17	51	50	0
16	50	357	0
17	52	51	0
18	51	52	0
18	358	51	0
18	52	551	0
16	53	360	0
16	361	53	0
18	54	362	0
18	363	54	0
19	55	56	0
20	56	55	0
20	55	58	0
19	364	55	0
20	57	56	0
19	56	365	0
20	58	57	0
21	57	58	0
21	366	57	0
21	58	367	0
19	59	368	0
19	369	59	0
21	60	370	0
21	371	60	0
22	205	206	-1
23	206	207	-1
70	207	596	-1
25	209	210	-1
86	210	620	-1
27	212	213	-1
28	213	214	-1
29	214	215	-1
30	215	216	-1
32	218	219	-1
65	218	581	-1
33	219	220	-1
35	222	223	-1
78	222	609	-1
37	225	226	-1
84	225	615	-1
87	226	619	-1
39	228	229	-1
80	229	611	-1
41	231	232	-1
42	232	233	-1
44	235	236	-1
82	235	613	-1
45	236	237	-1
46	238	239	-1
47	239	240	-1
48	240	241	-1
69	242	488	0
69	489	242	0
13	243	256	0
85	256	243	0
13	353	243	0
85	243	527	0
2	244	545	0
2	549	244	0
3	245	378	0
3	379	245	0
4	381	246	0
4	246	604	0
5	247	492	0
5	493	247	0
79	248	446	0
79	447	248	0
7	249	386	0
7	387	249	0
8	250	494	0
8	542	250	0
9	439	251	0
9	251	450	0
10	252	392	0
10	393	252	0
10	253	315	0
10	394	253	0
12	254	396	0
12	397	254	0
12	398	255	0
12	255	399	0
13	256	400	0
85	459	256	0
13	402	257	0
13	257	403	0
15	406	259	0
15	259	407	0
16	260	408	0
16	409	260	0
16	410	261	0
16	261	411	0
18	413	262	0
2	413	262	0
2	262	443	0
18	262	623	0
18	414	263	0
18	263	415	0
19	264	584	0
19	591	264	0
19	418	265	0
19	265	419	0
21	266	420	0
21	421	266	0
21	422	267	0
21	267	423	0
13	268	402	0
69	268	452	0
13	452	268	0
50	452	268	0
69	453	268	0
50	268	585	0
69	496	269	0
69	269	497	0
85	500	271	0
85	271	501	0
2	272	460	0
2	562	272	0
3	378	274	0
3	274	595	0
3	275	379	0
3	593	275	0
4	329	277	0
4	277	381	0
5	278	502	0
5	503	278	0
5	504	279	0
5	279	505	0
79	280	468	0
79	469	280	0
79	470	281	0
79	281	471	0
7	386	282	0
7	282	602	0
7	335	283	0
7	283	387	0
8	284	506	0
8	507	284	0
8	540	285	0
8	285	543	0
9	286	476	0
9	547	286	0
9	478	287	0
9	287	479	0
10	288	340	0
10	392	288	0
10	341	289	0
10	289	394	0
12	290	342	0
12	396	290	0
12	343	291	0
12	291	398	0
10	344	292	0
10	292	393	0
10	315	293	0
10	293	345	0
12	346	294	0
12	294	397	0
12	295	347	0
12	399	295	0
13	296	348	0
13	400	296	0
15	351	299	0
15	299	406	0
13	301	353	0
13	403	301	0
15	354	302	0
15	302	405	0
15	303	355	0
15	407	303	0
16	304	356	0
16	408	304	0
16	357	305	0
16	305	410	0
18	306	358	0
18	412	306	0
18	359	307	0
85	307	359	0
49	359	307	0
18	307	414	0
85	414	307	0
53	414	307	0
49	307	553	0
53	307	563	0
16	360	308	0
16	308	409	0
16	309	361	0
16	411	309	0
18	575	310	0
18	310	617	0
18	311	363	0
18	415	311	0
19	312	364	0
19	416	312	0
19	365	313	0
19	313	418	0
21	314	366	0
21	420	314	0
21	367	315	0
21	315	422	0
19	368	316	0
19	316	417	0
19	317	369	0
19	419	317	0
21	370	318	0
21	318	421	0
21	319	371	0
21	423	319	0
69	320	508	0
69	509	320	0
69	510	321	0
69	321	511	0
2	324	428	0
2	460	324	0
3	326	539	0
3	595	326	0
3	327	593	0
5	330	516	0
5	517	330	0
5	518	331	0
5	331	519	0
79	332	432	0
79	468	332	0
79	333	470	0
80	611	333	-1
8	521	336	0
82	613	336	-1
8	337	474	0
8	522	337	0
9	476	338	0
9	338	548	0
9	437	339	0
9	339	478	0
88	350	564	-1
15	606	350	1
88	606	350	1
18	551	359	0
49	553	359	0
18	362	575	0
69	523	372	0
69	372	524	0
69	373	439	0
69	526	373	0
85	527	374	0
85	374	528	0
2	376	461	0
2	544	376	0
4	604	380	0
78	609	380	-1
5	531	382	0
5	382	532	0
5	383	533	0
5	534	383	0
79	446	384	0
79	384	469	0
79	385	447	0
79	471	385	0
8	535	388	0
8	388	536	0
8	541	389	0
8	389	546	0
9	450	390	0
9	390	603	0
9	552	391	0
9	391	573	0
15	405	606	0
18	558	412	0
2	429	413	0
18	617	413	0
85	499	414	0
53	608	414	0
19	584	416	0
19	417	591	0
69	424	481	0
69	508	424	0
69	425	510	0
70	596	425	-1
5	430	484	0
5	516	430	0
5	431	618	0
87	619	431	-1
8	487	435	0
8	435	522	0
9	548	436	0
69	488	438	0
69	438	523	0
69	439	489	0
9	573	439	0
2	442	544	0
2	545	442	0
2	443	549	0
5	492	444	0
5	444	531	0
5	445	493	0
5	533	445	0
8	494	448	0
8	448	535	0
8	449	542	0
8	546	449	0
69	452	509	0
50	554	452	0
69	524	453	0
69	454	496	0
69	511	454	0
69	497	455	0
69	455	526	0
85	457	499	0
85	528	457	0
85	458	500	0
85	515	458	0
85	501	459	0
2	461	562	0
5	502	464	0
5	464	517	0
5	465	503	0
5	532	465	0
5	466	504	0
5	519	466	0
5	505	467	0
5	467	534	0
8	506	472	0
8	472	521	0
8	473	507	0
8	536	473	0
8	474	540	0
8	475	541	0
8	543	475	0
9	477	547	0
9	603	477	0
9	479	552	0
84	615	484	-1
86	620	515	-1
5	618	518	0
65	581	539	-1
50	585	554	0
18	574	558	0
53	563	589	0
88	564	621	-1
18	594	574	0
53	589	608	0
18	623	594	0
88	621	606	-1
