363
54
471
0	 4.052680174800267e+02 -1.794062293889492e+02  4.000000000000000e+03	 2.418152056634426e-03  2.418152056634426e-03 -3.027500693509309e-19	1.000000000000000e+00	722	1	0
1	1.000000000000000e+03 4.153257531310242e+02 4.000000000000000e+03	0.000000000000000e+00 0.000000000000000e+00 0.000000000000000e+00	1.000000000000000e+00	722	1	1
2	1.000000000000000e+03 1.000000000000000e+03 3.415325753131025e+03	0.000000000000000e+00 0.000000000000000e+00 0.000000000000000e+00	1.000000000000000e+00	722	1	2
4	-1.000000000000000e+03 -1.472124478563326e+02  3.709498948137320e+03	-3.206799010513350e-05 -1.174347125925124e-04 -8.536672248737887e-05	1.000000000000000e+00	722	1	4
5	-1.000000000000000e+03 -1.000000000000000e+03  2.856711395993652e+03	0.000000000000000e+00 0.000000000000000e+00 0.000000000000000e+00	1.000000000000000e+00	722	1	5
7	6.402493649223686e+02 1.000000000000000e+03 1.857736230723382e+03	 2.994292997755110e-03 -2.187474516257756e-20  2.994292997755110e-03	1.000000000000000e+00	722	1	7
8	1.000000000000000e+03 1.000000000000000e+03 2.217486865801013e+03	0.000000000000000e+00 0.000000000000000e+00 0.000000000000000e+00	1.000000000000000e+00	722	1	8
9	 1.000000000000000e+03 -7.825131341989875e+02  4.000000000000000e+03	0.000000000000000e+00 0.000000000000000e+00 0.000000000000000e+00	1.000000000000000e+00	722	1	9
10	 7.825131341989878e+02 -1.000000000000000e+03  4.000000000000000e+03	0.000000000000000e+00 0.000000000000000e+00 0.000000000000000e+00	1.000000000000000e+00	722	1	10
13	 1.000000000000000e+03 -8.865608922057086e+02  0.000000000000000e+00	0.000000000000000e+00 0.000000000000000e+00 0.000000000000000e+00	1.000000000000000e+00	679	1	13
14	 8.865608922057086e+02 -1.000000000000000e+03  0.000000000000000e+00	0.000000000000000e+00 0.000000000000000e+00 0.000000000000000e+00	1.000000000000000e+00	679	1	14
15	 3.283430573962494e+02 -1.000000000000000e+03  5.582178348094591e+02	 1.128237199736759e-02  3.979972322865734e-18 -1.128237199736759e-02	1.000000000000000e+00	679	1	15
17	-4.320901935349040e+02 -1.000000000000000e+03  4.000000000000000e+03	0.000000000000000e+00 0.000000000000000e+00 0.000000000000000e+00	1.000000000000000e+00	684	1	17
18	-9.207376489644693e+01 -1.000000000000000e+03  3.659983571361543e+03	-7.521550171077251e-03  8.324050870206205e-19  7.521550171077251e-03	1.000000000000000e+00	684	1	18
20	-1.000000000000000e+03  1.000000000000000e+03  2.001112190757930e+03	0.000000000000000e+00 0.000000000000000e+00 0.000000000000000e+00	1.000000000000000e+00	722	1	20
21	-1.000000000000000e+03 -1.000000000000000e+03  1.112190757929056e+00	0.000000000000000e+00 0.000000000000000e+00 0.000000000000000e+00	1.000000000000000e+00	722	1	21
23	-1.000000000000000e+03 -2.829622452634106e+02  7.172768203141728e+02	 4.473746583277013e-19  6.111723138019443e-03 -6.111723138019443e-03	1.000000000000000e+00	643	1	23
24	-1.000000000000000e+03  4.343145750507622e+02  0.000000000000000e+00	0.000000000000000e+00 0.000000000000000e+00 0.000000000000000e+00	1.000000000000000e+00	643	1	24
26	1.000000000000000e+03 4.833670839011108e+02 2.669892262732138e+03	-8.106905210243332e-18  4.491548519581561e-03  4.491548519581552e-03	1.000000000000000e+00	26	1	26
27	1.000000000000000e+03 1.000000000000000e+03 3.186525178831027e+03	0.000000000000000e+00 0.000000000000000e+00 0.000000000000000e+00	1.000000000000000e+00	26	1	27
28	6.567899412027720e+02 1.000000000000000e+03 2.843315120033800e+03	 1.136344159021974e-02 -2.862002056048195e-19  1.136344159021973e-02	1.000000000000000e+00	26	1	28
30	1.000000000000000e+03 1.000000000000000e+03 6.066976182580577e+02	0.000000000000000e+00 0.000000000000000e+00 0.000000000000000e+00	1.000000000000000e+00	739	1	30
31	1.000000000000000e+03 3.933023817419428e+02 0.000000000000000e+00	0.000000000000000e+00 0.000000000000000e+00 0.000000000000000e+00	1.000000000000000e+00	739	1	31
32	8.885026560158828e+02 2.818050377578250e+02 0.000000000000000e+00	6.429566536098719e-03 6.429566536098719e-03 3.684314128217138e-19	1.000000000000000e+00	739	1	32
33	1.000000000000000e+03 9.817316322266643e+02 2.121436752097157e+03	-1.035443104770215e-18  8.963800966739655e-03  8.963800966739655e-03	1.000000000000000e+00	722	1	33
34	 1.000000000000000e+03 -1.000000000000000e+03  1.397051198704921e+02	0.000000000000000e+00 0.000000000000000e+00 0.000000000000000e+00	1.000000000000000e+00	722	1	34
35	-1.000000000000000e+03 -1.000000000000000e+03  2.139705119870493e+03	0.000000000000000e+00 0.000000000000000e+00 0.000000000000000e+00	1.000000000000000e+00	722	1	35
36	-1.000000000000000e+03  2.094157405051323e+02  3.349120860375624e+03	2.352508106470853e-20 6.030330550856888e-04 6.030330550856888e-04	1.000000000000000e+00	722	1	36
37	-5.395224740453357e+02  2.679934700697016e+02  1.091772870152029e+03	0.000000000000000e+00 0.000000000000000e+00 0.000000000000000e+00	1.000000000000000e+00	730	0	37
38	 2.192031021678289e+02 -4.907321061434643e+02  2.609224022578360e+03	0.000000000000000e+00 0.000000000000000e+00 0.000000000000000e+00	1.000000000000000e+00	730	0	38
39	-1.088944443027282e+02 -1.626345596729055e+02  2.937321569048918e+03	0.000000000000000e+00 0.000000000000000e+00 0.000000000000000e+00	1.000000000000000e+00	730	0	39
40	-8.676200205158938e+02  5.960910165402597e+02  1.419870416622587e+03	0.000000000000000e+00 0.000000000000000e+00 0.000000000000000e+00	1.000000000000000e+00	730	0	40
41	-9.250116296333665e+01 -5.400079928146467e+01  1.860788450585194e+03	5.966711414657767e-04 4.869300046266289e-04 1.097411368391476e-04	5.625000000000000e-01	730	0	41
42	-6.067691240260732e+02  4.026603703506908e+01  2.236546292617598e+03	-8.043695241212845e-03 -1.681125164031982e-02  8.767556399106979e-03	1.000000000000000e+00	730	0	42
43	-6.102331521639902e+02 -7.551900423072325e+02  1.997576656851997e+03	0.000000000000000e+00 0.000000000000000e+00 0.000000000000000e+00	1.000000000000000e+00	722	0	43
44	1.824335495461295e+02 3.747665940288726e+01 3.582910060272236e+03	0.000000000000000e+00 0.000000000000000e+00 0.000000000000000e+00	1.000000000000000e+00	722	0	44
45	9.984347750354048e+02 8.534778848921626e+02 2.766908834782960e+03	0.000000000000000e+00 0.000000000000000e+00 0.000000000000000e+00	1.000000000000000e+00	722	0	45
46	2.057680733252845e+02 6.081118318204400e+01 1.181575431362721e+03	0.000000000000000e+00 0.000000000000000e+00 0.000000000000000e+00	1.000000000000000e+00	722	0	46
48	8.837665356424853e+02 3.621602304715449e+01 1.834978733545032e+03	 1.187135589619478e-02 -2.870515516648690e-02 -1.683379927029212e-02	1.000000000000000e+00	722	0	48
49	-7.756961389616431e+02  2.248599564173224e+02  3.792213667503454e+03	0.000000000000000e+00 0.000000000000000e+00 0.000000000000000e+00	1.000000000000000e+00	722	0	49
50	 9.142890680742061e+02 -6.201326471006022e+02  2.947221063985530e+03	0.000000000000000e+00 0.000000000000000e+00 0.000000000000000e+00	1.000000000000000e+00	722	0	50
51	 6.965001794687494e+02 -8.379215357060586e+02  2.729432175380073e+03	0.000000000000000e+00 0.000000000000000e+00 0.000000000000000e+00	1.000000000000000e+00	722	0	51
52	-9.934850275670998e+02  7.071067811866076e+00  3.574424778897997e+03	0.000000000000000e+00 0.000000000000000e+00 0.000000000000000e+00	1.000000000000000e+00	722	0	52
53	 6.623645235515954e+01 -2.090083830345316e+02  3.384149415638505e+03	-1.739828439895064e-04 -2.912864147219807e-04  4.652692587114871e-04	1.000000000000000e+00	722	0	53
54	-1.737221522375970e+02 -5.755084419742370e+02  3.337241413354598e+03	-2.352271229028702e-03 -9.799869731068611e-04  3.332258202135563e-03	1.000000000000000e+00	722	0	54
55	-3.705239533417505e+02 -6.554879861599293e+02  2.054145199346920e+03	0.000000000000000e+00 0.000000000000000e+00 0.000000000000000e+00	1.000000000000000e+00	730	0	55
56	3.577960312803930e+02 7.283199846221450e+01 5.975052301026326e+02	0.000000000000000e+00 0.000000000000000e+00 0.000000000000000e+00	1.000000000000000e+00	730	0	56
57	6.279108216936542e+02 3.429467888754754e+02 8.676200205158938e+02	0.000000000000000e+00 0.000000000000000e+00 0.000000000000000e+00	1.000000000000000e+00	730	0	57
58	-1.004091629284902e+02 -3.853731957466687e+02  2.324259989760182e+03	0.000000000000000e+00 0.000000000000000e+00 0.000000000000000e+00	1.000000000000000e+00	730	0	58
59	 4.250377337368927e+02 -5.571078313065910e+02  1.160203357414938e+03	 1.350966095924377e-02 -7.717304397374392e-03 -5.792356561869383e-03	1.000000000000000e+00	730	0	59
60	2.372906949538392e+02 6.535361324087781e+00 1.594651574807096e+03	 1.788925466826186e-03 -2.168005827115849e-03  3.790803602896630e-04	1.000000000000000e+00	730	0	60
205	 4.052680174800267e+02 -1.794062293889492e+02  4.500000000000000e+03	0.000000000000000e+00 0.000000000000000e+00 0.000000000000000e+00	1.000000000000000e+00	722	-1	0
206	1.353553390593274e+03 4.153257531310242e+02 4.353553390593273e+03	0.000000000000000e+00 0.000000000000000e+00 0.000000000000000e+00	1.000000000000000e+00	722	-1	1
207	1.353553390593274e+03 1.353553390593274e+03 3.415325753131025e+03	0.000000000000000e+00 0.000000000000000e+00 0.000000000000000e+00	1.000000000000000e+00	722	-1	2
209	-1.500000000000000e+03 -1.472124478563326e+02  3.709498948137320e+03	0.000000000000000e+00 0.000000000000000e+00 0.000000000000000e+00	1.000000000000000e+00	722	-1	4
210	-1.353553390593274e+03 -1.353553390593274e+03  2.856711395993652e+03	0.000000000000000e+00 0.000000000000000e+00 0.000000000000000e+00	1.000000000000000e+00	722	-1	5
212	6.402493649223686e+02 1.500000000000000e+03 1.857736230723382e+03	0.000000000000000e+00 0.000000000000000e+00 0.000000000000000e+00	1.000000000000000e+00	722	-1	7
213	1.353553390593274e+03 1.353553390593274e+03 2.217486865801013e+03	0.000000000000000e+00 0.000000000000000e+00 0.000000000000000e+00	1.000000000000000e+00	722	-1	8
214	 1.353553390593274e+03 -7.825131341989875e+02  4.353553390593273e+03	0.000000000000000e+00 0.000000000000000e+00 0.000000000000000e+00	1.000000000000000e+00	722	-1	9
215	 7.825131341989878e+02 -1.353553390593274e+03  4.353553390593273e+03	0.000000000000000e+00 0.000000000000000e+00 0.000000000000000e+00	1.000000000000000e+00	722	-1	10
218	 1.353553390593274e+03 -8.865608922057086e+02 -3.535533905932737e+02	0.000000000000000e+00 0.000000000000000e+00 0.000000000000000e+00	1.000000000000000e+00	679	-1	13
219	 8.865608922057086e+02 -1.353553390593274e+03 -3.535533905932737e+02	0.000000000000000e+00 0.000000000000000e+00 0.000000000000000e+00	1.000000000000000e+00	679	-1	14
220	 3.283430573962494e+02 -1.500000000000000e+03  5.582178348094591e+02	0.000000000000000e+00 0.000000000000000e+00 0.000000000000000e+00	1.000000000000000e+00	679	-1	15
222	-4.320901935349040e+02 -1.353553390593274e+03  4.353553390593273e+03	0.000000000000000e+00 0.000000000000000e+00 0.000000000000000e+00	1.000000000000000e+00	684	-1	17
223	-9.207376489644693e+01 -1.500000000000000e+03  3.659983571361543e+03	0.000000000000000e+00 0.000000000000000e+00 0.000000000000000e+00	1.000000000000000e+00	684	-1	18
225	-1.353553390593274e+03  1.353553390593274e+03  2.001112190757930e+03	0.000000000000000e+00 0.000000000000000e+00 0.000000000000000e+00	1.000000000000000e+00	722	-1	20
226	-1.353553390593274e+03 -1.353553390593274e+03  1.112190757929058e+00	0.000000000000000e+00 0.000000000000000e+00 0.000000000000000e+00	1.000000000000000e+00	722	-1	21
228	-1.500000000000000e+03 -2.829622452634106e+02  7.172768203141728e+02	0.000000000000000e+00 0.000000000000000e+00 0.000000000000000e+00	1.000000000000000e+00	643	-1	23
229	-1.353553390593274e+03  4.343145750507622e+02 -3.535533905932737e+02	0.000000000000000e+00 0.000000000000000e+00 0.000000000000000e+00	1.000000000000000e+00	643	-1	24
231	1.500000000000000e+03 4.833670839011108e+02 2.669892262732138e+03	0.000000000000000e+00 0.000000000000000e+00 0.000000000000000e+00	1.000000000000000e+00	26	-1	26
232	1.353553390593274e+03 1.353553390593274e+03 3.186525178831027e+03	0.000000000000000e+00 0.000000000000000e+00 0.000000000000000e+00	1.000000000000000e+00	26	-1	27
233	6.567899412027720e+02 1.500000000000000e+03 2.843315120033800e+03	0.000000000000000e+00 0.000000000000000e+00 0.000000000000000e+00	1.000000000000000e+00	26	-1	28
235	1.353553390593274e+03 1.353553390593274e+03 6.066976182580577e+02	0.000000000000000e+00 0.000000000000000e+00 0.000000000000000e+00	1.000000000000000e+00	739	-1	30
236	 1.353553390593274e+03  3.933023817419428e+02 -3.535533905932737e+02	0.000000000000000e+00 0.000000000000000e+00 0.000000000000000e+00	1.000000000000000e+00	739	-1	31
237	 8.885026560158828e+02  2.818050377578250e+02 -5.000000000000000e+02	0.000000000000000e+00 0.000000000000000e+00 0.000000000000000e+00	1.000000000000000e+00	739	-1	32
238	1.500000000000000e+03 9.817316322266643e+02 2.121436752097157e+03	0.000000000000000e+00 0.000000000000000e+00 0.000000000000000e+00	1.000000000000000e+00	722	-1	33
239	 1.353553390593274e+03 -1.353553390593274e+03  1.397051198704921e+02	0.000000000000000e+00 0.000000000000000e+00 0.000000000000000e+00	1.000000000000000e+00	722	-1	34
240	-1.353553390593274e+03 -1.353553390593274e+03  2.139705119870493e+03	0.000000000000000e+00 0.000000000000000e+00 0.000000000000000e+00	1.000000000000000e+00	722	-1	35
241	-1.500000000000000e+03  2.094157405051323e+02  3.349120860375624e+03	0.000000000000000e+00 0.000000000000000e+00 0.000000000000000e+00	1.000000000000000e+00	722	-1	36
242	-4.773040123835352e+01  4.193792593628188e+02  2.948216092529852e+03	3.622772395222758e-04 2.310492078928898e-04 1.312280316293860e-04	1.000000000000000e+00	722	0	242
245	 6.885302228849338e+02 -7.455366718620635e+02  4.524939974587112e+02	 4.866054281592369e-03 -1.005888078361750e-02 -1.492493506520987e-02	1.000000000000000e+00	679	0	245
247	2.730152598871292e+02 1.305943539928925e+02 2.404721804637951e+03	-8.363763840558628e-03  7.533085959342619e-03 -8.306778812160097e-04	1.000000000000000e+00	722	0	247
248	-3.834549534858930e+02 -4.159693691284721e+02  2.337388976651271e+02	-5.750367417931557e-03  1.586148515343666e-02 -1.011111773550510e-02	1.000000000000000e+00	643	0	248
249	8.879147062280392e+02 7.083799837296268e+02 2.782819868788692e+03	8.041757857427001e-03 2.447488252073526e-03 1.048924610950053e-02	1.000000000000000e+00	26	0	249
250	2.971299972373000e+02 7.517154839017574e+02 1.061283104922515e+03	 5.622806895795899e-03  5.422843217578095e-03 -1.999636782178034e-04	1.000000000000000e+00	739	0	250
251	2.835501027850634e+00 5.847633030907887e+02 2.721632921933431e+03	-3.169365178716055e-05  3.367079166006685e-03  3.398772817793846e-03	1.000000000000000e+00	722	0	251
252	-2.490682866368534e+02  1.872205313072871e+02  1.462999996322926e+03	 3.250886895784788e-04  3.348862135226227e-04 -9.797523944143918e-06	7.500000000000000e-01	730	0	252
253	 2.064126941363405e+01 -3.080288879830172e+02  2.227958971663718e+03	 3.130767746673276e-03  3.932076021252821e-03 -8.013082745795448e-04	1.000000000000000e+00	730	0	253
254	-2.675756274243200e+02  5.607184738327202e+01  2.559933978871149e+03	-3.668405658875903e-03 -7.139171861733000e-03  3.470766202857097e-03	1.000000000000000e+00	730	0	254
255	-9.830386177555433e+02  6.438442279049619e+01  1.836158413132701e+03	-1.476294516275326e-02  1.072934890786807e-02 -2.549229407062133e-02	1.000000000000000e+00	730	0	255
257	-1.532191352689563e+02 -4.145876022033107e+01  3.168321955833932e+03	-2.486375859007239e-03  2.105281222611666e-03 -3.810946363955735e-04	1.000000000000000e+00	722	0	257
259	4.935473672124429e+02 1.079366449324589e+02 1.516480187000294e+03	 5.533050745725632e-03 -1.427222508937120e-02 -8.739174343645573e-03	1.000000000000000e+00	722	0	259
260	-3.462768898932385e+02  1.341032089751314e+02  3.453551165877241e+03	-1.196343691844958e-05  6.667497300441028e-04 -6.547862931256532e-04	1.000000000000000e+00	722	0	260
261	 4.821600222922169e+02 -4.739373094931519e+02  3.233154772160069e+03	 4.654865188058466e-05  3.925442069885321e-04 -4.390928588691168e-04	7.500000000000000e-01	722	0	261
262	1.852619766708758e+02 1.135954023054362e+02 2.289153440166453e+03	-1.457567368869264e-18  1.016579335555430e-03 -1.016579335555441e-03	1.000000000000000e+00	722	0	262
263	-4.097755414709430e+02 -1.919168583042504e+02  3.189703218917957e+03	 2.716509569533324e-03 -9.637431260974456e-05 -2.620135256923580e-03	1.000000000000000e+00	722	0	263
264	 2.495067668907571e+02 -1.000000000000000e+03  1.778626492954483e+03	-7.117949426174186e-04  1.649018692915618e-17  7.117949426174142e-04	1.000000000000000e+00	730	1	264
265	 4.227790691124834e+02 -2.753702289900869e+02  8.807244197228437e+02	 7.608255837112665e-03 -3.348962869495153e-03 -4.259292967617512e-03	1.000000000000000e+00	730	0	265
266	4.214184009610972e+02 1.822345928040455e+02 1.234824637319881e+03	 2.303732821019366e-03 -1.930368453031406e-03 -3.733643679879605e-04	1.000000000000000e+00	730	0	266
267	-4.721983214124130e+00 -1.237587462714047e+02  1.966958360570552e+03	 6.401192513294518e-04 -1.448257709853351e-03  8.081384585238993e-04	1.000000000000000e+00	730	0	267
268	-1.149142034745129e+02  2.616295090390244e+01  3.274248598752609e+03	-4.788547754287720e-03 -3.198013558583867e-19 -4.788547754287720e-03	1.000000000000000e+00	722	0	268
269	-1.863703595507593e+02  7.926026148772520e+02  2.436352778703013e+03	3.444395066859821e-03 2.448230011699100e-03 9.961650551607213e-04	1.000000000000000e+00	722	0	269
272	3.779055173926862e+02 4.929393849649739e+02 2.102452998228725e+03	-2.441814702857906e-03 -3.211446649705369e-05 -2.409700236360853e-03	1.000000000000000e+00	722	0	272
274	 9.414680151823851e+02 -5.266652112953770e+02  4.184276657279464e+02	 1.162519507731001e-02 -5.350876289109388e-03 -1.697607136641939e-02	1.000000000000000e+00	679	0	274
275	 4.377307864447274e+02 -9.382593131384514e+02  5.105707926225297e+02	 1.072351587936282e-03 -1.368504681158811e-02 -1.475739839952439e-02	1.000000000000000e+00	679	0	275
277	-8.273949030372465e+01 -8.494532572717519e+02  3.801196039497069e+03	-1.322694960981607e-02 -6.267555989325047e-03  6.959393620491028e-03	1.000000000000000e+00	684	0	277
278	4.569345971356951e+02 5.466526303342425e+02 3.004699418227867e+03	-8.002925741796693e-03  4.750510134423773e-03 -3.252415607372920e-03	1.000000000000000e+00	722	0	278
279	 3.034059068278001e+02 -4.993129540664734e+02  1.805205143519256e+03	-2.742059004958719e-03  6.115046562626958e-04 -2.130554348696023e-03	1.000000000000000e+00	722	0	279
280	-6.881617657105461e+02 -3.519889014453239e+02  4.744652422066320e+02	-3.834900446236134e-03  1.324288826435804e-02 -9.407987818121910e-03	1.000000000000000e+00	643	0	280
281	-7.464364918284184e+01 -4.910417757663959e+02  0.000000000000000e+00	-1.019042287953198e-02  1.019042287953198e-02  9.016933040987448e-18	1.000000000000000e+00	643	1	281
283	7.431572450083447e+02 8.986066438729532e+02 2.828289067712325e+03	7.146743126213551e-03 4.102900624275208e-03 1.124964375048876e-02	1.000000000000000e+00	26	0	283
285	5.565151681976943e+02 4.953387058649777e+02 5.455211559253411e+02	5.355374460729460e-03 5.926966162708898e-03 5.715917019794384e-04	1.000000000000000e+00	739	0	285
286	5.256398363364608e+02 7.864791382983701e+02 2.400544421832402e+03	6.210710077236096e-04 6.531162148651977e-03 5.910091140928368e-03	1.000000000000000e+00	722	0	286
287	-4.940931938348049e+02  4.352346870839282e+02  3.069033000789226e+03	2.320719553002466e-04 1.464785421073126e-03 1.232713465772880e-03	1.000000000000000e+00	722	0	287
288	-3.819976565609936e+02  2.492942454295968e+02  1.267996912276476e+03	 5.579007338383235e-04  8.018862063181587e-04 -2.439854724798352e-04	7.500000000000000e-01	730	0	288
289	 1.489929398906651e+02 -3.676034596183939e+02  2.415885213776126e+03	 4.333146828381966e-03  4.822289590568592e-03 -4.891427621866267e-04	1.000000000000000e+00	730	0	289
290	-1.149512911948564e+02  1.469172520293292e+01  2.753938437280951e+03	-2.839546883478761e-03 -3.147333627566695e-03  3.077867440879344e-04	1.000000000000000e+00	730	0	290
292	-1.559887927140061e+02  7.027690874507769e+01  1.673023112807983e+03	3.874525500577874e-04 3.407758194953203e-04 4.667673056246712e-05	7.500000000000000e-01	730	0	292
293	-3.487259799984959e+01 -1.827121126166153e+02  2.047128328883832e+03	 3.904025075538442e-04  4.669841251132568e-04 -7.658161755941249e-05	1.001129150390625e-01	730	0	293
294	-4.336714373367138e+02  4.967945141610726e+01  2.400230564925920e+03	-5.085419397801161e-03 -1.121151726692915e-02  6.126097869127989e-03	1.000000000000000e+00	730	0	294
295	-7.850088433616617e+02  4.161039351249652e+01  2.056962216804583e+03	-1.930279036362966e-02 -3.512561755875746e-02  1.582282719512780e-02	1.000000000000000e+00	730	0	295
296	-3.427919980191378e+02 -9.376462371004592e+02  2.082561616203623e+03	 1.277365178490679e-03 -6.140109578457971e-03 -4.862744399967293e-03	1.000000000000000e+00	722	0	296
299	3.259248018550770e+02 1.187217163846439e+02 1.359642693095113e+03	 8.720244513824582e-03 -1.071469928137958e-02 -1.994454767554998e-03	1.000000000000000e+00	722	0	299
301	-2.184595789487052e+02 -1.360372342340663e+02  3.008503038140448e+03	-2.498798533148753e-03  2.678231341027034e-03  1.794328078782806e-04	1.000000000000000e+00	722	0	301
303	6.818276851881511e+02 7.279370073620390e+01 1.669617560779747e+03	 5.924419810374578e-03 -1.785638571406404e-02 -1.193196590368946e-02	1.000000000000000e+00	722	0	303
304	-5.785516611932110e+02  2.313501700203039e+02  3.588578976132041e+03	-3.388459833028416e-04  1.810968960247313e-03 -1.472122976944471e-03	1.000000000000000e+00	722	0	304
305	 7.056054210410443e+02 -5.894697563205227e+02  3.125241820238612e+03	-1.790785463526844e-04  1.449061906896532e-03 -1.269983360543847e-03	1.000000000000000e+00	722	0	305
306	 5.890771133854346e+02 -6.101007696656105e+02  2.609034475422940e+03	 3.905723822147896e-03  2.463366448258361e-04 -4.152060466973732e-03	1.000000000000000e+00	722	0	306
307	-7.724529727466121e+02 -1.343502884254438e+02  3.494814080314820e+03	-4.420814802870157e-04 -3.185129853799040e-19  4.420814802870152e-04	1.000000000000000e+00	722	0	307
308	-1.293603060757221e+02 -3.470115299811066e+01  3.405438944032966e+03	-9.618691789607206e-05 -1.821492211699175e-04  2.783361390659896e-04	1.000000000000000e+00	722	0	308
309	 2.763026338590034e+02 -3.502370349202771e+02  3.315311886020407e+03	-5.049372218005980e-05 -2.445838751251965e-04  2.950775973052562e-04	1.000000000000000e+00	722	0	309
310	 7.342835979323858e+00 -7.979308755499906e+02  3.378598858713430e+03	-1.865563541650772e-02 -1.334404200315475e-02  3.199967741966248e-02	1.000000000000000e+00	722	0	310
311	-3.169555652579020e+02 -3.662878033956242e+02  3.271254187796290e+03	 1.235767844870376e-03  1.505209462872396e-04 -1.386288791157616e-03	1.000000000000000e+00	722	0	311
312	-1.468166451341416e+02 -8.341169345572411e+02  2.009066839536623e+03	-1.845607689271370e-03 -5.418028139198819e-03  7.263635828470191e-03	1.000000000000000e+00	730	0	312
313	 4.061054775315558e+02 -1.178158413841911e+02  7.398436236978755e+02	 3.166030432718495e-03 -1.184311540176471e-03 -1.981718892542025e-03	1.000000000000000e+00	730	0	313
314	4.966248275085529e+02 2.929972320940444e+02 1.048855571482426e+03	 1.998842916994666e-03 -1.933587142654384e-03 -6.525577434028193e-05	1.000000000000000e+00	730	0	314
315	-3.040559159102147e+01 -2.410372255991498e+02  2.109920448275195e+03	 8.859886569294260e-18  1.368744298815733e-03 -1.368744298815721e-03	1.000000000000000e+00	730	0	315
316	 3.971933655768463e+02 -7.249636797253228e+02  1.355903573993716e+03	 1.623383924985925e-02 -1.013924631600579e-02 -6.094592933853467e-03	1.000000000000000e+00	730	0	316
317	 4.296417451239587e+02 -4.091318200563906e+02  1.007623334777672e+03	 1.066139076525966e-02 -5.200211269160111e-03 -5.461179496099551e-03	1.000000000000000e+00	730	0	317
318	3.639222191803944e+02 7.653695152754227e+01 1.398018460377087e+03	 2.113191352691501e-03 -2.642688632477075e-03  5.294972797855735e-04	1.000000000000000e+00	730	0	318
319	 1.214030483437567e+02 -5.717826789929735e+01  1.774252850640564e+03	 1.450269948691130e-03 -1.800205209292471e-03  3.499352606013417e-04	1.000000000000000e+00	730	0	319
320	 2.916293879712040e+02 -2.976061331519887e+01  3.736715754417427e+03	 1.389188691973686e-04  2.151269000023603e-04 -7.620803808094934e-05	1.000000000000000e+00	722	0	320
324	5.087590938031059e+02 7.493190183611129e+02 1.976926941243006e+03	-5.134028697284521e-04  1.703457201074342e-05 -5.304374417391955e-04	7.500000000000000e-01	722	0	324
329	-8.660565628913949e+01 -9.414564886358778e+02  3.713058974118358e+03	-1.297377593194445e-02 -5.764069190869729e-03  7.209706741074721e-03	1.000000000000000e+00	684	0	329
330	4.667812955388466e+02 8.154812002246839e+02 3.283374686521460e+03	-9.719430468976498e-03  4.656571894884109e-03 -5.062858574092388e-03	1.000000000000000e+00	722	0	330
331	 4.113215931077269e+02 -8.197290629497643e+02  1.592704720915892e+03	 3.771629417315125e-03 -5.562019068747760e-04  3.215427510440350e-03	1.000000000000000e+00	722	0	331
332	-8.499397082460342e+02 -3.111098343424893e+02  5.953641176392855e+02	-3.651413445671399e-03  1.246039398635427e-02 -8.808980540682871e-03	1.000000000000000e+00	643	0	332
337	7.072337505510067e+02 3.988008021330996e+02 2.982646698401505e+02	9.170642937533557e-03 1.096644357312471e-02 1.795800635591149e-03	1.000000000000000e+00	739	0	337
338	7.766842939367788e+02 8.976689356631607e+02 2.260689761596875e+03	8.038210993011790e-04 1.005003430570165e-02 9.246213206400474e-03	1.000000000000000e+00	722	0	338
339	-7.512671607963363e+02  3.288278474429097e+02  3.219800128109739e+03	4.576850005832968e-05 4.967300874341163e-04 4.509615873757867e-04	7.500000000000000e-01	722	0	339
340	-4.616334476857724e+02  2.690688431885970e+02  1.168586523392697e+03	 4.061243186394373e-04  1.602187073634316e-03 -1.196062754994879e-03	1.000000000000000e+00	730	0	340
341	 2.123120544332015e+02 -4.173369236531873e+02  2.528937792353455e+03	2.542509037690858e-03 1.515013709043463e-03 1.027495328647395e-03	1.000000000000000e+00	730	0	341
342	-8.964369330935718e+01 -6.897614785909680e+01  2.862913908228480e+03	-1.817360908413927e-03 -1.193421504770716e-03 -6.239394036432108e-04	1.000000000000000e+00	730	0	342
343	-9.447963302217573e+02  5.001277024581578e+02  1.438657420998826e+03	-9.294752167382589e-03 -1.540084291870397e-04 -9.140743738195548e-03	1.000000000000000e+00	730	0	343
344	-1.234124603327088e+02  5.614162995126213e+00  1.770262190939231e+03	5.643309159495402e-04 4.537346067081671e-04 1.105963092413731e-04	7.500000000000000e-01	730	0	344
345	-5.644357000489632e+01 -1.128560083385448e+02  1.955701252600715e+03	1.563484683477630e-03 5.384654893229405e-04 1.025019194154690e-03	1.000000000000000e+00	730	0	345
346	-5.195766897228710e+02  4.429682412177762e+01  2.319707939834092e+03	-6.294349208474158e-03 -1.372308377176523e-02  7.428734563291072e-03	1.000000000000000e+00	730	0	346
347	-6.950746145208550e+02  3.909016689337013e+01  2.149416672264515e+03	-1.084592752158642e-02 -2.138869650661945e-02  1.054276898503304e-02	1.000000000000000e+00	730	0	347
348	-5.086954671216503e+02 -8.315805671526366e+02  2.022723817048933e+03	-3.288223427565147e-04 -1.810489532848199e-04 -5.098712960413347e-04	1.000000000000000e+00	722	0	348
350	1.000000000000000e+03 7.622746756370218e+02 2.677270850492414e+03	-1.202730730926074e-17  5.207723006606135e-04  5.207723006606069e-04	1.000000000000000e+00	722	1	350
351	2.760354902742132e+02 8.499210597609662e+01 1.276023771105702e+03	 6.995214071745674e-03 -9.260187934463223e-03 -2.264973862717549e-03	1.000000000000000e+00	722	0	351
353	-2.531442276647838e+02 -1.457957009517194e+02  2.964059922706716e+03	-8.889378827774925e-19  2.762182848528027e-03  2.762182848528029e-03	1.000000000000000e+00	722	0	353
354	1.000000000000000e+03 5.565129378128586e+01 1.970647468636678e+03	-5.207749792060029e-19 -8.455326431430875e-03 -8.455326431430876e-03	1.000000000000000e+00	722	1	354
355	7.818196741581215e+02 5.257839605518634e+01 1.749394245068700e+03	 7.304815575480461e-03 -2.065026760101318e-02 -1.334545202553272e-02	1.000000000000000e+00	722	0	355
356	-6.993135395817067e+02  2.447509531962131e+02  3.695940071344627e+03	-2.403692245328178e-04 -1.341185188114953e-03  1.581554412647771e-03	1.000000000000000e+00	722	0	356
357	 8.374527746644546e+02 -6.286848359678712e+02  3.032609546262550e+03	 9.677792744090160e-04  1.418552264415970e-03 -2.386331538824985e-03	1.000000000000000e+00	722	0	357
358	 6.543255782461241e+02 -7.325693297650473e+02  2.666254570661687e+03	 1.768890875003611e-03 -3.764350937368969e-04 -1.392455781266714e-03	1.000000000000000e+00	722	0	358
359	-9.510595405018353e+02 -1.343502884254438e+02  3.673420648070044e+03	 2.946648746728837e-04 -1.807595407419946e-18 -2.946648746728957e-04	1.000000000000000e+00	722	0	359
360	-2.990504378772019e+01 -1.270195477750628e+02  3.398302076521917e+03	-1.217087750167896e-04 -3.964721157293146e-04  5.181808907461042e-04	1.000000000000000e+00	722	0	360
361	 1.709402676619851e+02 -2.834307104953404e+02  3.353867927792489e+03	-1.460076503766080e-04 -3.776349816083287e-04  5.236426319849367e-04	1.000000000000000e+00	722	0	361
362	-9.409000144765012e+01 -6.769095772020906e+02  3.359010397792504e+03	-4.844613761330645e-03 -2.426610949138801e-03  7.271224710469444e-03	1.000000000000000e+00	722	0	362
363	-2.514891137747524e+02 -4.678526219089126e+02  3.307352554826429e+03	-2.294350197189488e-04 -8.562066068407147e-05  3.150556804030202e-04	7.500000000000000e-01	722	0	363
364	-2.698007015582500e+02 -7.423105700126056e+02  2.040244531416096e+03	-7.756679939726987e-04 -1.789759883346657e-03  2.565427877319356e-03	1.000000000000000e+00	730	0	364
365	 3.872124696563412e+02 -1.226077259619141e+01  6.531815627850904e+02	 5.588430940406396e-05  3.908675826096442e-04 -4.467518920137081e-04	1.000000000000000e+00	730	0	365
366	5.575921037264668e+02 3.367131231380268e+02 9.441724042205296e+02	 2.019700555441280e-03 -1.644008831741909e-03 -3.756917236993711e-04	1.000000000000000e+00	730	0	366
367	-9.351025329076349e+01 -3.306663650020865e+02  2.262654249377873e+03	-1.129126312055936e-03 -7.948376781617602e-04  1.923963990217695e-03	1.000000000000000e+00	730	0	367
368	 4.134968417056896e+02 -6.429890345928364e+02  1.257625452732387e+03	 1.498772747193774e-02 -9.218182569990555e-03 -5.769544901947181e-03	1.000000000000000e+00	730	0	368
369	 4.295655540630389e+02 -4.786697895587540e+02  1.077237495340955e+03	 1.205535605549812e-02 -6.322675850242376e-03 -5.732680205255747e-03	1.000000000000000e+00	730	0	369
370	2.967305373346611e+02 3.958120308773805e+01 1.502165890662624e+03	 2.610393799841404e-03 -3.163859015330672e-03  5.534652154892683e-04	1.000000000000000e+00	730	0	370
371	 1.787766789889054e+02 -2.561978670625382e+01  1.685320738802372e+03	 1.503012162478020e-03 -1.825279769642900e-03  3.222676071648796e-04	1.000000000000000e+00	730	0	371
372	-7.212219904261525e+01  1.810106993736108e+02  3.162192854714798e+03	-2.424984452469895e-03 -8.868365160500010e-04 -1.538147936419894e-03	1.000000000000000e+00	722	0	372
373	-1.138674974527661e+02  6.083466507555063e+02  2.693111604922752e+03	2.359960189399620e-03 1.333834875064592e-03 1.026125314335028e-03	1.000000000000000e+00	722	0	373
374	-2.956941718100323e+02 -1.394459657569755e+02  3.012959602046708e+03	 1.232966780662537e-03  5.929267499595881e-04 -6.400400307029486e-04	1.000000000000000e+00	722	0	374
376	2.579042261969505e+02 2.312828475799138e+02 2.244108244418049e+03	-3.284901157409573e-03 -1.419005178225537e-04 -3.143000639587020e-03	1.000000000000000e+00	722	0	376
378	 8.101516309860737e+02 -6.468767014792080e+02  4.295325597404267e+02	 5.367192750175794e-03 -9.421043874075016e-03 -1.478823662425081e-02	1.000000000000000e+00	679	0	378
379	 5.649192571350029e+02 -8.409656411001299e+02  4.806759939705756e+02	 5.337427991131942e-03 -1.196999118352930e-02 -1.730741917466124e-02	1.000000000000000e+00	679	0	379
380	-6.295624897129550e+01 -6.308660554363914e+02  4.000000000000000e+03	-1.220859237946570e-02 -1.220859237946570e-02 -4.012740844739456e-18	1.000000000000000e+00	684	1	380
381	-8.000233955333297e+01 -7.569482447152075e+02  3.890963901303222e+03	-1.420109734560053e-02 -6.664039877553781e-03  7.537057468046744e-03	1.000000000000000e+00	684	0	381
382	3.943346736151121e+02 3.105539999205620e+02 2.706000864293603e+03	-7.207867534210284e-03  5.428647777686517e-03 -1.779219756523768e-03	1.000000000000000e+00	722	0	382
383	 2.138219968365252e+02 -1.762550299532452e+02  2.038679157641209e+03	-3.768955124542117e-03  1.449621282517910e-03 -2.319333842024207e-03	1.000000000000000e+00	722	0	383
384	-5.325790332061847e+02 -3.879809142173247e+02  3.548745224742714e+02	-4.916072202225526e-03  1.519383878136675e-02 -1.027776657914122e-02	1.000000000000000e+00	643	0	384
385	-2.358421873690146e+02 -4.397763303303247e+02  1.099330927501013e+02	-5.447763949632645e-03  1.462570391595364e-02 -9.177939966320992e-03	1.000000000000000e+00	643	0	385
386	9.471753876197330e+02 6.147425814131266e+02 2.748443147863886e+03	3.604874538723379e-03 7.664455333724620e-04 4.371320072095841e-03	7.500000000000000e-01	26	0	386
387	8.189462032816192e+02 8.023859831456822e+02 2.807857365258329e+03	8.373901480808854e-03 3.410363104194403e-03 1.178426458500326e-02	1.000000000000000e+00	26	0	387
388	1.889362105841879e+02 8.866783218367750e+02 1.304439729510645e+03	 1.062388543505222e-02  9.625187958590686e-03 -9.986974764615295e-04	1.000000000000000e+00	739	0	388
389	4.352647706679102e+02 6.071280274510190e+02 7.785608750411661e+02	 4.151584614495126e-03  4.091845325698766e-03 -5.973928879636024e-05	1.000000000000000e+00	739	0	389
390	2.686181146801380e+02 6.894929526518669e+02 2.560579957842222e+03	8.570964758594829e-04 5.141370386506121e-03 4.284273910646637e-03	1.000000000000000e+00	722	0	390
391	-2.355562702262135e+02  5.214817346006660e+02  2.896743124697372e+03	6.423541732753315e-04 2.719090572403123e-03 2.076736399127791e-03	1.000000000000000e+00	722	0	391
392	-3.134199615579065e+02  2.240363520074964e+02  1.361832500701664e+03	 4.368475092633162e-04  5.314012196322437e-04 -9.455371036892760e-05	7.500000000000000e-01	730	0	392
393	-1.959231833663528e+02  1.346330826932109e+02  1.568732548207503e+03	 2.517593475204194e-04  2.674747793207644e-04 -1.571543180034496e-05	7.500000000000000e-01	730	0	393
394	 8.150596836546677e+01 -3.398849744195983e+02  2.320679757052132e+03	 4.125729630080362e-03  5.334967786135773e-03 -1.209238156055411e-03	1.000000000000000e+00	730	0	394
396	-1.858611839038914e+02  4.893522312039828e+01  2.648785046654451e+03	-3.176850577195486e-03 -5.333505493278305e-03  2.156654916082819e-03	1.000000000000000e+00	730	0	396
397	-3.495260289128849e+02  5.444935346033891e+01  2.479606071305517e+03	-4.241511536141236e-03 -9.053795753667751e-03  4.812284217526515e-03	1.000000000000000e+00	730	0	397
399	-8.766229877372865e+02  5.001178612343387e+01  1.956946679818020e+03	-6.764844059944153e-02 -1.169789433479309e-01  4.933050274848938e-02	1.000000000000000e+00	730	0	399
403	-1.840287127650087e+02 -1.039949000557879e+02  3.074976238502423e+03	-2.692898483170817e-03  2.289421177313974e-03 -4.034773058568438e-04	1.000000000000000e+00	722	0	403
406	4.061474117048608e+02 1.161245779331533e+02 1.437268164493407e+03	 5.405967589467764e-03 -1.184657774865627e-02 -6.440610159188509e-03	1.000000000000000e+00	722	0	406
407	5.857663444966867e+02 9.211276471557666e+01 1.592875284067656e+03	 5.574577798446020e-03 -1.618074641252558e-02 -1.060616861407956e-02	1.000000000000000e+00	722	0	407
408	-4.630680538357781e+02  1.962845866658038e+02  3.508160952129108e+03	-1.179120833209406e-04  1.138948607452524e-03 -1.021036524131584e-03	1.000000000000000e+00	722	0	408
409	-2.355107299211447e+02  5.308274042276863e+01  3.423805474457510e+03	 1.606359849877967e-05  2.647975628254547e-04 -2.808611613242344e-04	1.000000000000000e+00	722	0	409
410	 5.914741911997933e+02 -5.350913145975853e+02  3.184994608356925e+03	 5.181822780286894e-05  8.884136805136222e-04 -9.402319083164912e-04	1.000000000000000e+00	722	0	410
411	 3.777709366628453e+02 -4.119889197093115e+02  3.275595468005600e+03	 1.056887595041189e-05  7.808860937075224e-05 -8.865748532116413e-05	7.500000000000000e-01	722	0	411
412	 5.301498143235920e+02 -5.069505407288498e+02  2.564811545548022e+03	 5.817954894155264e-03  5.665258504450322e-04 -6.384480744600296e-03	1.000000000000000e+00	722	0	412
413	 1.852619766708760e+02 -9.696433384261454e+02  3.372392180898034e+03	 2.811767162436504e-18  5.894736852496861e-03 -5.894736852496864e-03	7.500000000000000e-01	722	0	413
414	-4.365308297772082e+02 -1.343502884254439e+02  3.158891937345416e+03	 3.059699258301408e-03  4.941735940382486e-18 -3.059699258301404e-03	1.000000000000000e+00	722	0	414
415	-3.681889542695225e+02 -2.754944184180980e+02  3.231694191830384e+03	 2.214841966633685e-03  4.998440272174774e-05 -2.264826369355433e-03	1.000000000000000e+00	722	0	415
416	 1.090717315971776e+01 -9.301675306069826e+02  1.947393617292505e+03	 1.428906184931596e-03 -1.851383612180750e-02  1.708492993687590e-02	1.000000000000000e+00	730	0	416
417	 3.822534926094657e+02 -8.169845589636234e+02  1.462864326199398e+03	 1.855132511506478e-02 -1.026680537809928e-02 -8.284519736965498e-03	1.000000000000000e+00	730	0	417
418	 4.161541665495491e+02 -2.009831552523122e+02  8.129622485480032e+02	 5.618641152977943e-03 -2.343212720006704e-03 -3.275428432971239e-03	1.000000000000000e+00	730	0	418
419	 4.271833149787483e+02 -3.433003177733928e+02  9.442502626398847e+02	 9.235305866847435e-03 -4.259601545830567e-03 -4.975704321016868e-03	1.000000000000000e+00	730	0	419
420	4.547123525357374e+02 2.406101463176933e+02 1.143155132231593e+03	 2.378653734922409e-03 -2.069379901513457e-03 -3.092738334089518e-04	1.000000000000000e+00	730	0	420
421	3.962958710675746e+02 9.387429981888856e+01 1.348307460198560e+03	 1.753584404165546e-03 -5.566829311040540e-03  3.813244906874995e-03	1.000000000000000e+00	730	0	421
422	-2.585211867934128e+01 -1.810749956904741e+02  2.045404745454839e+03	 3.720330808001382e-04  1.977763080907025e-05 -3.918107116092085e-04	1.001129150390625e-01	730	0	422
423	 6.329802134990186e+01 -8.570507654398942e+01  1.860884686279111e+03	 1.300469137883435e-03 -1.653566161015381e-03  3.530970231319467e-04	1.000000000000000e+00	730	0	423
424	 3.618128076994105e+02 -1.007524609414751e+02  3.877891021771910e+03	6.923712159429366e-04 6.176882355551546e-04 7.468298038778207e-05	1.000000000000000e+00	722	0	424
425	-2.590281950492590e+02  1.000000000000000e+03  2.156297558081765e+03	 1.052101829554885e-02 -4.927294265566276e-18  1.052101829554886e-02	1.000000000000000e+00	722	1	425
428	5.777068455818318e+02 8.792452088871398e+02 1.915948502495705e+03	-1.016413261822890e-04  8.699659019839601e-06 -1.103409886127338e-04	7.500000000000000e-01	722	0	428
429	 1.395219684321185e+02 -1.000000000000000e+03  3.357008834233131e+03	8.271455648355186e-03 3.322352198142311e-18 8.271455648355186e-03	1.000000000000000e+00	722	1	429
430	4.638165318599345e+02 9.856600421200881e+02 3.450588764737952e+03	-1.215019990922883e-02  1.307258679298684e-02  9.223868837580087e-04	1.000000000000000e+00	722	0	430
431	 4.708322100912752e+02 -1.000000000000000e+03  1.471944400849205e+03	7.622818695381284e-03 3.062602252744093e-19 7.622818695381284e-03	1.000000000000000e+00	722	1	431
432	-9.387499669618292e+02 -2.903947180183953e+02  6.634592600309866e+02	-5.403902071217695e-03  1.454059484725197e-02 -9.136692776034275e-03	1.000000000000000e+00	643	0	432
435	8.021985852310447e+02 3.467129885253343e+02 1.512120215523473e+02	1.208409581643840e-02 1.477136641430358e-02 2.687270597865185e-03	1.000000000000000e+00	739	0	435
436	9.154994804858003e+02 9.534106991889431e+02 2.177616338573635e+03	2.712525582561891e-03 1.557433333558341e-02 1.286180775302152e-02	1.000000000000000e+00	722	0	436
437	-8.806868070517978e+02  2.691038958692176e+02  3.289495822791508e+03	-4.267013900971505e-05  4.997156165700289e-04  5.423857555797440e-04	7.500000000000000e-01	722	0	437
438	-5.511712393107776e+01  3.012550780745576e+02  3.058953551125389e+03	-1.051674024589981e-03 -4.233626144317290e-04 -6.283114101582518e-04	1.000000000000000e+00	722	0	438
439	-7.804157385564039e+01  5.597687427746255e+02  2.777515436500758e+03	 2.585592330433427e-03  2.585592330433429e-03 -8.376679896065295e-19	1.000000000000000e+00	722	0	439
444	3.429580595792410e+02 2.074839845547717e+02 2.551554234891942e+03	-7.678503558660547e-03  6.609922818218668e-03 -1.068580740441879e-03	1.000000000000000e+00	722	0	444
445	 2.169997636629544e+02 -1.281313370928389e+00  2.216830641049955e+03	-2.948209803435020e-04  4.795540007762611e-04  1.847330204327591e-04	7.500000000000000e-01	722	0	445
446	-4.572808607987222e+02 -4.029849204505645e+02  2.945803563000488e+02	-5.402330930034320e-03  1.567294479658206e-02 -1.027061386654774e-02	1.000000000000000e+00	643	0	446
447	-3.100734634335252e+02 -4.277293650895137e+02  1.721174035738011e+02	-5.976994832356771e-03  1.622467689837019e-02 -1.024768206601342e-02	1.000000000000000e+00	643	0	447
448	2.401359680461777e+02 8.189413440610901e+02 1.185502994272970e+03	 6.955721861838053e-03  6.434046217085172e-03 -5.216756447528800e-04	1.000000000000000e+00	739	0	448
449	3.637172020521839e+02 6.812658031069832e+02 9.242462193128569e+02	 4.436913820730600e-03  4.390959219260064e-03 -4.595460147053629e-05	1.000000000000000e+00	739	0	449
450	1.381896021161598e+02 6.399812410253003e+02 2.641496758779633e+03	5.672503417978684e-04 4.451484846261640e-03 3.884234504463772e-03	1.000000000000000e+00	722	0	450
452	1.904888888458582e+02 2.616295090390254e+01 3.579651691072980e+03	-3.422691736432249e-05 -1.514425631996002e-18 -3.422691736432092e-05	1.779785156250000e-01	722	0	452
454	-2.150516901958262e+02  8.851851228056086e+02  2.315088940129589e+03	5.514849404183527e-03 3.801060413631300e-03 1.713788990552227e-03	1.000000000000000e+00	722	0	454
455	-1.541245461281233e+02  7.020310447758042e+02  2.559170162227097e+03	2.819236833602190e-03 2.097232732921839e-03 7.220041006803513e-04	1.000000000000000e+00	722	0	455
460	4.406814235260556e+02 6.198397508497616e+02 2.038328538477307e+03	-1.036443891848648e-03  3.264491851950892e-06 -1.039708383700599e-03	7.500000000000000e-01	722	0	460
461	3.170514616826829e+02 3.612423158775561e+02 2.173296011606139e+03	-3.314642235636711e-03 -1.928769052028657e-04 -3.121765330433846e-03	1.000000000000000e+00	722	0	461
464	4.667737941772102e+02 6.774523065235990e+02 3.145338291458738e+03	-8.464903415491184e-03  4.425447123746078e-03 -4.039456291745107e-03	1.000000000000000e+00	722	0	464
465	4.325915079098245e+02 4.250340034534613e+02 2.858737702121215e+03	-7.544497881705562e-03  5.109523500626286e-03 -2.434974381079277e-03	1.000000000000000e+00	722	0	465
466	 3.545595522972136e+02 -6.588496604735227e+02  1.696822082581621e+03	-9.063097168109380e-04  1.805866631912068e-04 -7.257230536197312e-04	5.625000000000000e-01	722	0	466
467	 2.550302444272950e+02 -3.393233578563268e+02  1.916819077328898e+03	-3.584583270518730e-03  9.021944909666976e-04 -2.682388779552033e-03	1.000000000000000e+00	722	0	467
468	-7.681938079175833e+02 -3.318658663364774e+02  5.343742493048227e+02	-3.493866727997859e-03  1.234279937731723e-02 -8.848932649319371e-03	1.000000000000000e+00	643	0	468
469	-6.095970339905407e+02 -3.708997434321417e+02  4.148113524734444e+02	-4.352538846433163e-03  1.432285457849503e-02 -9.970315732061863e-03	1.000000000000000e+00	643	0	469
471	-1.379067303938312e+02 -4.543263390754129e+02  2.654764452000611e+01	 3.981299077471097e-03  1.157489403461417e-02 -1.555619311208526e-02	1.000000000000000e+00	643	0	471
473	1.385403682217645e+02 9.552204752406810e+02 1.423377725276974e+03	 2.804870884089420e-02  2.621933837266018e-02 -1.829370468234022e-03	1.000000000000000e+00	739	0	473
474	6.267202149197955e+02 4.477165087304662e+02 4.276939120687283e+02	6.444266104760270e-03 7.474083880273004e-03 1.029817775512735e-03	1.000000000000000e+00	739	0	474
475	4.993637044929479e+02 5.423307513147636e+02 6.496646650798733e+02	4.771458824203971e-03 4.901120065672633e-03 1.296612414686630e-04	1.000000000000000e+00	739	0	475
476	6.537926230140824e+02 8.425664505354797e+02 2.328478947391890e+03	5.618777746955553e-04 7.842173877482614e-03 7.280296102787058e-03	1.000000000000000e+00	722	0	476
477	3.976482004880256e+02 7.360501378070254e+02 2.478107057189492e+03	8.885394781827926e-04 5.694715306162834e-03 4.806175827980042e-03	1.000000000000000e+00	722	0	477
478	-6.229405888508486e+02  3.845808488639270e+02  3.147226557585268e+03	6.323302841337866e-05 5.541803902815445e-04 4.909473618681660e-04	5.625000000000000e-01	722	0	478
479	-3.660076991525287e+02  4.802586203043074e+02  2.985971439327329e+03	3.643809468485415e-04 2.006803202675655e-03 1.642422255827114e-03	1.000000000000000e+00	722	0	479
484	4.966369419727756e+02 1.000000000000000e+03 3.497749132730705e+03	-3.873247653245925e-03 -3.242628723567083e-18 -3.873247653245927e-03	1.000000000000000e+00	722	1	484
488	-4.964189798092263e+01  3.607515835344846e+02  3.004932271615617e+03	-2.082036589854397e-04 -8.441906902589835e-05 -1.237845790456049e-04	7.500000000000000e-01	722	0	488
489	-5.304157493103844e+01  4.987204352297567e+02  2.863563742970229e+03	 1.055777441555013e-03  1.613140785290549e-03 -5.573633437355359e-04	1.000000000000000e+00	722	0	489
492	3.116841758200838e+02 1.642594008761705e+02 2.477055767454184e+03	-8.235082854904855e-03  7.879004920444762e-03 -3.560779344600934e-04	1.000000000000000e+00	722	0	492
493	2.239856935236474e+02 6.946362066876972e+01 2.294561504950347e+03	-2.442761324346068e-03  2.442761324346063e-03 -4.771204425757780e-18	1.000000000000000e+00	722	0	493
494	2.676181331916107e+02 7.854813969816317e+02 1.124560882048079e+03	 6.179807212902233e-03  5.850140034453943e-03 -3.296671784482895e-04	1.000000000000000e+00	739	0	494
496	-2.008729187214351e+02  8.387652121639796e+02  2.375687622245609e+03	4.080695526984830e-03 2.859741022499899e-03 1.220954504484932e-03	1.000000000000000e+00	722	0	496
497	-1.708201593411023e+02  7.469733568861818e+02  2.497532236903740e+03	3.156789559094856e-03 2.292393027649572e-03 8.643965314452846e-04	1.000000000000000e+00	722	0	497
500	-2.465000659790150e+02 -1.000000000000000e+03  2.103211461972667e+03	-2.268844982609153e-03  4.421417499546838e-19  2.268844982609153e-03	1.000000000000000e+00	722	1	500
501	-2.531442276647839e+02 -9.747124939822452e+02  2.135143129676190e+03	-7.683740549650026e-19 -6.042101886123419e-03 -6.042101886123419e-03	1.000000000000000e+00	722	0	501
502	4.634800885925095e+02 6.109178872030910e+02 3.075510166553530e+03	-8.246490887055794e-03  4.566272099812825e-03 -3.680218787242969e-03	1.000000000000000e+00	722	0	502
503	4.466509638769249e+02 4.849274042948507e+02 2.932690558929705e+03	-7.783290930092335e-03  4.953773226588964e-03 -2.829517703503371e-03	1.000000000000000e+00	722	0	503
504	 3.286281908132424e+02 -5.792167452145701e+02  1.750523636356602e+03	-2.333794739873459e-03  4.982089546198646e-04 -1.835585785253594e-03	1.000000000000000e+00	722	0	504
505	 2.787316366212617e+02 -4.192946728485692e+02  1.860549154530622e+03	-3.171812005651494e-03  7.405457242081562e-04 -2.431266281443337e-03	1.000000000000000e+00	722	0	505
507	1.011756088024582e+02 1.000000000000000e+03 1.505522009455600e+03	 6.971308932406826e-03 -2.710694533943412e-18 -6.971308932406829e-03	1.000000000000000e+00	739	1	507
508	 3.282770828460539e+02 -6.324128596780926e+01  3.806844121944887e+03	5.075484538489642e-04 4.899127501024244e-04 1.763570374653985e-05	1.000000000000000e+00	722	0	508
509	2.378163937610980e+02 8.744876631391024e+00 3.644397270260731e+03	-6.263388301401088e-04 -7.217129071553549e-05 -5.541675394245734e-04	1.000000000000000e+00	722	0	509
511	-2.283678186791073e+02  9.355653765935214e+02  2.251392557858395e+03	7.841918695097169e-03 6.560759075606863e-03 1.281159619490306e-03	1.000000000000000e+00	722	0	511
516	4.637812180430586e+02 8.887150759550864e+02 3.353608484756074e+03	-1.325262524187565e-02  6.562220398336649e-03 -6.690404843539000e-03	1.000000000000000e+00	722	0	516
517	4.677229763330723e+02 7.459038459282448e+02 3.214739013019246e+03	-8.768815547227859e-03  4.382131621241570e-03 -4.386683925986290e-03	1.000000000000000e+00	722	0	517
518	 4.531874483388067e+02 -9.285652353140741e+02  1.525734403782662e+03	 6.008121185004711e-03 -2.619809005409479e-03  3.388312179595232e-03	1.000000000000000e+00	722	0	518
519	 3.818272280947425e+02 -7.384911252083301e+02  1.644448293644342e+03	-2.681555542949354e-04  5.212601899984294e-05 -2.160295352950925e-04	7.500000000000000e-01	722	0	519
522	7.510219685198153e+02 3.740621693396901e+02 2.297378190779324e+02	1.143889144683878e-02 1.391055419420203e-02 2.471662747363250e-03	1.000000000000000e+00	739	0	522
523	-6.290669426236690e+01  2.413383279042084e+02  3.111080730964449e+03	-1.726261437094460e-03 -6.630251494546732e-04 -1.063236287639787e-03	1.000000000000000e+00	722	0	523
524	-8.298587792718506e+01  1.178036339746756e+02  3.214536241229163e+03	-3.272031705516080e-03 -1.347053175171216e-03 -1.924978530344864e-03	1.000000000000000e+00	722	0	524
526	-1.360513077431893e+02  6.579279324501174e+02  2.621346512937717e+03	2.489880891516805e-03 1.908898819237947e-03 5.809820722788572e-04	1.000000000000000e+00	722	0	526
528	-3.668363891868883e+02 -1.397744054078652e+02  3.083773379772675e+03	-2.591980628494639e-04 -1.661350106587633e-04  9.306305219070055e-05	7.500000000000000e-01	722	0	528
531	3.704237369455464e+02 2.570091732723902e+02 2.628545100975866e+03	-7.282581607190271e-03  5.819038992437224e-03 -1.463542614753048e-03	1.000000000000000e+00	722	0	531
532	4.150398250341121e+02 3.667774280945939e+02 2.782929443886635e+03	-7.326778878147404e-03  5.236343558256825e-03 -2.090435319890578e-03	1.000000000000000e+00	722	0	532
533	 2.026203267201188e+02 -8.657642547102652e+01  2.117156092007021e+03	-2.795801924852034e-03  1.679528776245813e-03 -1.116273148606221e-03	1.000000000000000e+00	722	0	533
534	 2.330190141199956e+02 -2.592158165941926e+02  1.974915388283732e+03	-3.840556562257310e-03  1.104646284754077e-03 -2.735910277503232e-03	1.000000000000000e+00	722	0	534
535	2.142727266813568e+02 8.527377680179538e+02 1.245162659594655e+03	 8.406872880489875e-03  7.657255957989643e-03 -7.496169225002331e-04	1.000000000000000e+00	739	0	535
536	1.636118666852256e+02 9.209861022827753e+02 1.364071853855608e+03	 1.486279924089710e-02  1.342292114471396e-02 -1.439878096183141e-03	1.000000000000000e+00	739	0	536
540	5.895414767884944e+02 4.720655906822341e+02 4.892217321517973e+02	5.773764569312334e-03 6.566843949258327e-03 7.930793799459933e-04	1.000000000000000e+00	739	0	540
541	4.687605878238858e+02 5.721604767710054e+02 7.100975072051773e+02	 4.430490601710820e-03  4.409973453827358e-03 -2.051714788346235e-05	1.000000000000000e+00	739	0	541
542	3.290890816328426e+02 7.171534485566135e+02 9.947619851818284e+02	 4.994766267676217e-03  4.902932846259016e-03 -9.183342141720156e-05	1.000000000000000e+00	739	0	542
543	5.276769250126461e+02 5.177156558665095e+02 5.967363491119210e+02	5.065574310719967e-03 5.412017460912466e-03 3.464431501924991e-04	1.000000000000000e+00	739	0	543
544	2.247163035949623e+02 1.669055476103647e+02 2.275297621785610e+03	-2.773509128019214e-03 -1.045763958245516e-03 -1.727745169773698e-03	1.000000000000000e+00	722	0	544
546	3.996269528355612e+02 6.443640345489906e+02 8.514346999714869e+02	 4.131279456487391e-03  4.082457591721322e-03 -4.882186476606874e-05	1.000000000000000e+00	739	0	546
547	4.618892434244511e+02 7.606372043647075e+02 2.438453080810749e+03	7.972023061787091e-04 6.064408439366767e-03 5.267206133188060e-03	1.000000000000000e+00	722	0	547
548	8.436457847007844e+02 9.257893679000566e+02 2.221848703069765e+03	1.695288578048348e-03 1.350608014035970e-02 1.181079156231135e-02	1.000000000000000e+00	722	0	548
551	-9.828211654288571e+02 -4.626410718266176e+01  3.617096091754282e+03	 2.252038296622534e-04  4.486175942777966e-04 -6.738214239400502e-04	1.000000000000000e+00	722	0	551
552	-3.009550248427081e+02  5.013595992039118e+02  2.942019743917112e+03	5.204254606117804e-04 2.364361173628519e-03 1.843935713016738e-03	1.000000000000000e+00	722	0	552
553	-8.654701239628051e+02 -1.242542159169217e+02  3.577735159022490e+03	-1.166117688020070e-03 -5.253039610882599e-04  1.691421649108330e-03	1.000000000000000e+00	722	0	553
554	1.554764706186564e+02 2.082551996797717e+01 3.539301841909854e+03	1.588100276421756e-04 8.201137097785249e-04 9.789237374207005e-04	1.000000000000000e+00	722	0	554
558	 4.975046396237687e+02 -4.493482874154457e+02  2.539854466934441e+03	 7.012947443096587e-03  4.955935679997005e-04 -7.508541011096289e-03	1.000000000000000e+00	722	0	558
562	3.473942337083130e+02 4.279335168252271e+02 2.136947582684099e+03	-2.905609255928236e-03 -1.455627983280767e-04 -2.760046457600159e-03	1.000000000000000e+00	722	0	562
563	-7.221715232903897e+02 -1.387522028244432e+02  3.448934545257596e+03	 2.119979108101688e-04 -4.809804522665218e-04  2.689825414563529e-04	7.500000000000000e-01	722	0	563
564	1.500000000000000e+03 7.622746756370218e+02 2.677270850492414e+03	0.000000000000000e+00 0.000000000000000e+00 0.000000000000000e+00	1.000000000000000e+00	722	-1	350
573	-1.659613637429683e+02  5.416332569087263e+02  2.847299740522187e+03	1.283663014570872e-03 3.248012585875888e-03 1.964349571305017e-03	1.000000000000000e+00	722	0	573
575	-4.552342803667883e+01 -7.358858317327498e+02  3.369420078912192e+03	-7.770474068820477e-03 -4.563284106552601e-03  1.233375817537308e-02	1.000000000000000e+00	722	0	575
584	 1.229938077654183e+02 -9.766200028730161e+02  1.881759454952838e+03	 5.516539638241133e-03 -3.162554992983738e-02  2.610901029159626e-02	1.000000000000000e+00	730	0	584
585	8.318677892469427e+01 2.854344673320576e+01 3.474730076981120e+03	-5.884694401174784e-04  1.257707946933806e-03  6.692385068163276e-04	1.000000000000000e+00	722	0	585
589	-6.621096230802675e+02 -1.418908325999438e+02  3.392011274822975e+03	 2.408674117759801e-04 -5.162215966265649e-04  2.753541848505847e-04	7.500000000000000e-01	722	0	589
591	 3.948521764411848e+02 -9.465611525187876e+02  1.579842235922843e+03	 4.102890131374200e-02 -3.715586351851622e-02 -3.873037795225779e-03	1.000000000000000e+00	730	0	591
594	 4.482259348196186e+02 -3.578109517409623e+02  2.497595836064108e+03	 8.715422887083454e-03  2.195070167848218e-04 -8.934929903868275e-03	1.000000000000000e+00	722	0	594
595	 1.000000000000000e+03 -4.489355443676083e+02  4.376253478381003e+02	-2.462984994669944e-18 -8.686572196893394e-03 -8.686572196893392e-03	1.000000000000000e+00	679	1	595
596	-2.590281950492590e+02  1.500000000000000e+03  2.156297558081765e+03	0.000000000000000e+00 0.000000000000000e+00 0.000000000000000e+00	1.000000000000000e+00	722	-1	425
603	3.333718800545221e+02 7.126472095295112e+02 2.518980449345482e+03	9.211413174246748e-04 5.411738044737528e-03 4.490596727312853e-03	1.000000000000000e+00	722	0	603
608	-6.029251540742774e+02 -1.437454362782720e+02  3.334681409495313e+03	 2.795967666315846e-04 -5.872894762433134e-04  3.076927096117288e-04	7.500000000000000e-01	722	0	608
609	-6.295624897129550e+01 -6.308660554363914e+02  4.500000000000000e+03	0.000000000000000e+00 0.000000000000000e+00 0.000000000000000e+00	1.000000000000000e+00	684	-1	380
615	4.966369419727756e+02 1.500000000000000e+03 3.497749132730705e+03	0.000000000000000e+00 0.000000000000000e+00 0.000000000000000e+00	1.000000000000000e+00	722	-1	484
617	 6.637724289528198e+01 -8.627748680251922e+02  3.384408444272674e+03	-6.422984600067139e-02 -6.333096325397491e-02  1.275608092546463e-01	1.000000000000000e+00	722	0	617
619	 4.708322100912752e+02 -1.500000000000000e+03  1.471944400849205e+03	0.000000000000000e+00 0.000000000000000e+00 0.000000000000000e+00	1.000000000000000e+00	722	-1	431
623	 4.217395326934692e+02 -3.043033993655450e+02  2.470574685814840e+03	 9.390786261064932e-03 -2.869292511604722e-04 -9.103857009904459e-03	1.000000000000000e+00	722	0	623
624	7.269244340198529e+01 6.132649998609353e+02 2.680277676329443e+03	4.650140181183814e-04 4.021129105240107e-03 3.556115087121725e-03	1.000000000000000e+00	722	0	624
625	-1.994233734523884e+01  5.424309533821990e+01  3.397300609316201e+03	-6.762269884347916e-03  3.340251278132200e-03 -3.422018606215715e-03	1.000000000000000e+00	722	0	625
626	2.032715415121317e+02 6.654154794302566e+02 2.601849057788618e+03	7.161637768149376e-04 4.828532226383686e-03 4.112368449568748e-03	1.000000000000000e+00	722	0	626
628	 3.923432157386817e+02 -1.443920569500131e+02  3.952061025819719e+03	1.171273538299526e-03 7.635648265325775e-04 4.077087117669483e-04	1.000000000000000e+00	722	0	628
632	 3.880528950907108e+02 -2.313994956974194e+02  2.431357419749472e+03	 9.316707107548911e-03 -5.878649341563387e-04 -8.728842173392575e-03	1.000000000000000e+00	722	0	632
633	-6.170347723781954e+01 -2.843787095036177e+02  2.184559817826460e+03	-9.723731078944791e-04  8.632989023074817e-04  1.090742055869971e-04	1.000000000000000e+00	730	0	633
636	-7.095151102612425e+01 -8.837542375248931e+02  1.982839008396258e+03	-1.484854302058617e-03 -1.029441311645011e-02  1.177926741850873e-02	1.000000000000000e+00	730	0	636
637	-4.351082055180702e+02 -8.812843389326855e+02  2.046607306872464e+03	-2.531732704179983e-04 -2.080633547545100e-03 -2.333806817963099e-03	1.000000000000000e+00	722	0	637
640	-5.409458581368310e+02 -1.455818807590167e+02  3.274538558038611e+03	 8.597270207246765e-04 -9.370683255838230e-04  7.734130485914652e-05	1.000000000000000e+00	722	0	640
641	 3.554755625956508e+02 -1.577200769942583e+02  2.390255333541371e+03	 7.880574926578751e-03 -5.125485283012192e-04 -7.368026398277531e-03	1.000000000000000e+00	722	0	641
647	-1.000000000000000e+03  4.020331792823117e+02  1.481548274396429e+03	 3.427007852671313e-18  1.397242653183639e-02 -1.397242653183639e-02	1.000000000000000e+00	730	1	647
648	-2.465000659790150e+02 -1.500000000000000e+03  2.103211461972667e+03	0.000000000000000e+00 0.000000000000000e+00 0.000000000000000e+00	1.000000000000000e+00	722	-1	500
652	 3.219030972681426e+02 -8.401434055291686e+01  2.350122062427538e+03	 5.862055448233150e-03 -1.428255054634065e-04 -5.719229942769744e-03	1.000000000000000e+00	722	0	652
653	 3.329994113089358e+02 -9.974638124081414e+02  1.692597660944446e+03	 5.053664371371269e-02 -6.799775362014771e-02  1.746110990643501e-02	1.000000000000000e+00	730	0	653
657	-1.000000000000000e+03  1.203683971143845e+02  1.763213056564356e+03	 8.196139652532276e-18 -5.365728866308927e-03  5.365728866308928e-03	1.000000000000000e+00	730	1	657
658	 2.823031254166143e+02 -5.377171642343037e+00  2.311084865368493e+03	 1.541427879904707e-03  3.789248837468525e-03 -5.330676717373232e-03	1.000000000000000e+00	722	0	658
659	 8.734131785801823e+02 -5.911666752584972e+02  4.219810383670290e+02	 7.124209776520730e-03 -9.295165538787844e-03 -1.641937531530857e-02	1.000000000000000e+00	679	0	659
661	 1.500000000000000e+03 -4.489355443676083e+02  4.376253478381003e+02	0.000000000000000e+00 0.000000000000000e+00 0.000000000000000e+00	1.000000000000000e+00	679	-1	595
663	-7.621994902932897e+01 -6.900817697888326e+02  3.954047985705593e+03	-1.392541065191229e-02 -4.063347044090429e-03  9.862063607821861e-03	1.000000000000000e+00	684	0	663
664	-7.464364918284184e+01 -4.910417757663959e+02 -5.000000000000000e+02	0.000000000000000e+00 0.000000000000000e+00 0.000000000000000e+00	1.000000000000000e+00	643	-1	281
666	6.664197610553042e+02 4.230414983250075e+02 3.633193555277609e+02	7.502334386420746e-03 8.835630297350386e-03 1.333295910929640e-03	1.000000000000000e+00	739	0	666
668	 7.698598508079000e+02 -6.123592155109815e+02  3.083876849662215e+03	-4.373538346650699e-04  1.772760171055173e-03 -1.335406336390103e-03	1.000000000000000e+00	722	0	668
671	8.522434030517567e+02 3.195684598951458e+02 7.402267510144679e+01	 7.468235071428353e-04  5.598593397735385e-04 -1.869641673692968e-04	5.625000000000000e-01	739	0	671
674	 1.395219684321185e+02 -1.500000000000000e+03  3.357008834233131e+03	0.000000000000000e+00 0.000000000000000e+00 0.000000000000000e+00	1.000000000000000e+00	722	-1	429
676	-1.500000000000000e+03  1.203683971143845e+02  1.763213056564356e+03	0.000000000000000e+00 0.000000000000000e+00 0.000000000000000e+00	1.000000000000000e+00	730	-1	657
677	9.481993219482081e+02 3.294407995336330e+01 1.896139576756964e+03	 1.756404495487611e-02 -2.714039416362842e-02 -9.576349208752315e-03	1.000000000000000e+00	722	0	677
678	 3.885075503131339e+02 -8.756714539768698e+02  1.515297163508976e+03	 2.368021539101998e-02 -1.020166402061780e-02 -1.347855137040218e-02	1.000000000000000e+00	730	0	678
679	-6.393448170400935e+02  2.409478080464662e+02  3.639774493952761e+03	 1.288727507926524e-04 -2.093710936605930e-04  8.049835014389828e-05	1.000000000000000e+00	722	0	679
680	1.500000000000000e+03 5.565129378128585e+01 1.970647468636678e+03	0.000000000000000e+00 0.000000000000000e+00 0.000000000000000e+00	1.000000000000000e+00	722	-1	354
682	 5.028147159278807e+02 -8.891671973967403e+02  4.945789788810874e+02	 4.817057711382707e-03 -1.119002684329947e-02 -1.600708455468218e-02	1.000000000000000e+00	679	0	682
683	 1.898075696280575e+02 -9.959683871154900e+02  1.834294077332672e+03	 2.302027866244316e-02 -6.391132622957230e-02  4.089104756712914e-02	1.000000000000000e+00	730	0	683
684	-1.500000000000000e+03  4.020331792823117e+02  1.481548274396429e+03	0.000000000000000e+00 0.000000000000000e+00 0.000000000000000e+00	1.000000000000000e+00	730	-1	647
686	9.873181252914886e+02 5.451598521283055e+02 2.719003156250821e+03	 1.472559555744131e-02 -1.103642970944444e-02  3.689165847996871e-03	1.000000000000000e+00	26	0	686
687	 2.495067668907571e+02 -1.500000000000000e+03  1.778626492954483e+03	0.000000000000000e+00 0.000000000000000e+00 0.000000000000000e+00	1.000000000000000e+00	733	-1	264
688	1.011756088024582e+02 1.500000000000000e+03 1.505522009455600e+03	0.000000000000000e+00 0.000000000000000e+00 0.000000000000000e+00	1.000000000000000e+00	739	-1	507
690	-9.298308027464150e+02  5.719810445696503e+01  1.896552546475361e+03	-2.095001935958862e-02 -3.521673753857613e-02  1.426671817898750e-02	1.000000000000000e+00	730	0	690
691	 1.258196097830790e+02 -9.162091032256687e+02  3.378400312585354e+03	-5.635146051645279e-03 -7.776795886456966e-03  1.341194193810225e-02	1.000000000000000e+00	722	0	691
3	-7.071067811865475e-01  0.000000000000000e+00  7.071067811865475e-01	-5.773502691896257e-01  5.773502691896257e-01 -5.773502691896257e-01	 6.288536307352362e+02 -6.288536307352362e+02  6.288536307352362e+02	1	0	0.000000000000000e+00	0.000000000000000e+00	0.000000000000000e+00
4	0.000000000000000e+00 7.071067811865475e-01 7.071067811865475e-01	 5.773502691896257e-01 -5.773502691896257e-01  5.773502691896257e-01	 1.522636602155032e+03 -1.522636602155032e+03  1.522636602155032e+03	1	0	0.000000000000000e+00	0.000000000000000e+00	0.000000000000000e+00
5	 7.071067811865475e-01 -7.071067811865475e-01  0.000000000000000e+00	-5.773502691896257e-01 -5.773502691896257e-01  5.773502691896257e-01	-6.670373969193098e+02 -6.670373969193098e+02  6.670373969193098e+02	1	0	0.000000000000000e+00	0.000000000000000e+00	0.000000000000000e+00
7	-7.071067811865475e-01  7.071067811865475e-01  0.000000000000000e+00	-5.773502691896257e-01 -5.773502691896257e-01  5.773502691896257e-01	-3.955083929436755e+02 -3.955083929436755e+02  3.955083929436755e+02	1	0	0.000000000000000e+00	0.000000000000000e+00	0.000000000000000e+00
8	 0.000000000000000e+00 -7.071067811865475e-01 -7.071067811865475e-01	-5.773502691896257e-01  5.773502691896257e-01 -5.773502691896257e-01	 2.022325394193525e+02 -2.022325394193525e+02  2.022325394193525e+02	1	0	0.000000000000000e+00	0.000000000000000e+00	0.000000000000000e+00
9	-7.071067811865475e-01  0.000000000000000e+00  7.071067811865475e-01	-5.773502691896257e-01  5.773502691896257e-01 -5.773502691896257e-01	 7.132350399568309e+02 -7.132350399568309e+02  7.132350399568309e+02	1	0	0.000000000000000e+00	0.000000000000000e+00	0.000000000000000e+00
10	-7.071067811865475e-01 -7.071067811865475e-01  0.000000000000000e+00	-5.773502691896257e-01  5.773502691896257e-01  5.773502691896257e-01	-6.330962714223555e+02  6.330962714223555e+02  6.330962714223555e+02	1	0	0.000000000000000e+00	0.000000000000000e+00	0.000000000000000e+00
11	-7.071067811865475e-01 -7.071067811865475e-01  0.000000000000000e+00	0.000000000000000e+00 0.000000000000000e+00 0.000000000000000e+00	 2.192031021678289e+02 -4.907321061434643e+02  2.609224022578360e+03	1	1	0.000000000000000e+00	0.000000000000000e+00	0.000000000000000e+00
12	-7.071067811865475e-01 -7.071067811865475e-01  0.000000000000000e+00	-5.773502691896257e-01  5.773502691896257e-01  5.773502691896257e-01	-9.611938178929136e+02  9.611938178929136e+02  9.611938178929136e+02	1	0	0.000000000000000e+00	0.000000000000000e+00	0.000000000000000e+00
13	-7.071067811865475e-01  7.071067811865475e-01  0.000000000000000e+00	 5.773502691896257e-01  5.773502691896257e-01 -5.773502691896257e-01	-1.120999950441073e+03 -1.120999950441073e+03  1.120999950441073e+03	1	0	0.000000000000000e+00	0.000000000000000e+00	0.000000000000000e+00
14	-7.071067811865475e-01  7.071067811865475e-01  0.000000000000000e+00	0.000000000000000e+00 0.000000000000000e+00 0.000000000000000e+00	1.824335495461295e+02 3.747665940288726e+01 3.582910060272236e+03	1	1	0.000000000000000e+00	0.000000000000000e+00	0.000000000000000e+00
15	-7.071067811865475e-01  7.071067811865475e-01  0.000000000000000e+00	-5.773502691896257e-01 -5.773502691896257e-01  5.773502691896257e-01	-3.049987249517975e+02 -3.049987249517975e+02  3.049987249517975e+02	1	0	0.000000000000000e+00	0.000000000000000e+00	0.000000000000000e+00
16	 0.000000000000000e+00 -7.071067811865475e-01  7.071067811865475e-01	5.773502691896257e-01 5.773502691896257e-01 5.773502691896257e-01	1.080459161653044e+03 1.080459161653044e+03 1.080459161653044e+03	1	0	0.000000000000000e+00	0.000000000000000e+00	0.000000000000000e+00
17	 0.000000000000000e+00 -7.071067811865475e-01  7.071067811865475e-01	0.000000000000000e+00 0.000000000000000e+00 0.000000000000000e+00	 9.142890680742061e+02 -6.201326471006022e+02  2.947221063985530e+03	1	1	0.000000000000000e+00	0.000000000000000e+00	0.000000000000000e+00
18	 0.000000000000000e+00 -7.071067811865475e-01  7.071067811865475e-01	-5.773502691896257e-01 -5.773502691896257e-01 -5.773502691896257e-01	8.626702730475879e+02 8.626702730475879e+02 8.626702730475879e+02	1	0	0.000000000000000e+00	0.000000000000000e+00	0.000000000000000e+00
19	 7.071067811865475e-01 -7.071067811865475e-01  0.000000000000000e+00	-5.773502691896257e-01 -5.773502691896257e-01 -5.773502691896257e-01	3.427110866150800e+02 3.427110866150800e+02 3.427110866150800e+02	1	0	0.000000000000000e+00	0.000000000000000e+00	0.000000000000000e+00
20	 7.071067811865475e-01 -7.071067811865475e-01  0.000000000000000e+00	0.000000000000000e+00 0.000000000000000e+00 0.000000000000000e+00	3.577960312803930e+02 7.283199846221450e+01 5.975052301026326e+02	1	1	0.000000000000000e+00	0.000000000000000e+00	0.000000000000000e+00
21	 7.071067811865475e-01 -7.071067811865475e-01  0.000000000000000e+00	-5.773502691896257e-01 -5.773502691896257e-01 -5.773502691896257e-01	6.128258770283411e+02 6.128258770283411e+02 6.128258770283411e+02	1	0	0.000000000000000e+00	0.000000000000000e+00	0.000000000000000e+00
22	-7.071067811865475e-01  0.000000000000000e+00 -7.071067811865475e-01	0.000000000000000e+00 0.000000000000000e+00 0.000000000000000e+00	1.000000000000000e+03 4.153257531310242e+02 4.000000000000000e+03	1	2	0.000000000000000e+00	0.000000000000000e+00	0.000000000000000e+00
23	-7.071067811865475e-01  0.000000000000000e+00 -7.071067811865475e-01	0.000000000000000e+00 0.000000000000000e+00 0.000000000000000e+00	1.000000000000000e+03 1.000000000000000e+03 3.415325753131025e+03	1	2	0.000000000000000e+00	0.000000000000000e+00	0.000000000000000e+00
25	-7.071067811865475e-01  0.000000000000000e+00  7.071067811865475e-01	0.000000000000000e+00 0.000000000000000e+00 0.000000000000000e+00	-1.000000000000000e+03 -1.000000000000000e+03  2.856711395993652e+03	1	2	0.000000000000000e+00	0.000000000000000e+00	0.000000000000000e+00
27	 0.000000000000000e+00  7.071067811865475e-01 -7.071067811865475e-01	0.000000000000000e+00 0.000000000000000e+00 0.000000000000000e+00	1.000000000000000e+03 1.000000000000000e+03 2.217486865801013e+03	1	2	0.000000000000000e+00	0.000000000000000e+00	0.000000000000000e+00
28	 0.000000000000000e+00  7.071067811865475e-01 -7.071067811865475e-01	0.000000000000000e+00 0.000000000000000e+00 0.000000000000000e+00	 1.000000000000000e+03 -7.825131341989875e+02  4.000000000000000e+03	1	2	0.000000000000000e+00	0.000000000000000e+00	0.000000000000000e+00
29	 0.000000000000000e+00  7.071067811865475e-01 -7.071067811865475e-01	0.000000000000000e+00 0.000000000000000e+00 0.000000000000000e+00	 7.825131341989878e+02 -1.000000000000000e+03  4.000000000000000e+03	1	2	0.000000000000000e+00	0.000000000000000e+00	0.000000000000000e+00
32	-7.071067811865475e-01  0.000000000000000e+00  7.071067811865475e-01	0.000000000000000e+00 0.000000000000000e+00 0.000000000000000e+00	 8.865608922057086e+02 -1.000000000000000e+03  0.000000000000000e+00	1	2	0.000000000000000e+00	0.000000000000000e+00	0.000000000000000e+00
33	-7.071067811865475e-01  0.000000000000000e+00  7.071067811865475e-01	0.000000000000000e+00 0.000000000000000e+00 0.000000000000000e+00	 3.283430573962494e+02 -1.000000000000000e+03  5.582178348094591e+02	1	2	0.000000000000000e+00	0.000000000000000e+00	0.000000000000000e+00
35	0.000000000000000e+00 7.071067811865475e-01 7.071067811865475e-01	0.000000000000000e+00 0.000000000000000e+00 0.000000000000000e+00	-9.207376489644693e+01 -1.000000000000000e+03  3.659983571361543e+03	1	2	0.000000000000000e+00	0.000000000000000e+00	0.000000000000000e+00
37	 7.071067811865475e-01 -7.071067811865475e-01  0.000000000000000e+00	0.000000000000000e+00 0.000000000000000e+00 0.000000000000000e+00	-1.000000000000000e+03 -1.000000000000000e+03  1.112190757929056e+00	1	2	0.000000000000000e+00	0.000000000000000e+00	0.000000000000000e+00
39	 7.071067811865475e-01 -7.071067811865475e-01  0.000000000000000e+00	0.000000000000000e+00 0.000000000000000e+00 0.000000000000000e+00	-1.000000000000000e+03  4.343145750507622e+02  0.000000000000000e+00	1	2	0.000000000000000e+00	0.000000000000000e+00	0.000000000000000e+00
41	-7.071067811865475e-01  7.071067811865475e-01  0.000000000000000e+00	0.000000000000000e+00 0.000000000000000e+00 0.000000000000000e+00	1.000000000000000e+03 1.000000000000000e+03 3.186525178831027e+03	1	2	0.000000000000000e+00	0.000000000000000e+00	0.000000000000000e+00
42	-7.071067811865475e-01  7.071067811865475e-01  0.000000000000000e+00	0.000000000000000e+00 0.000000000000000e+00 0.000000000000000e+00	6.567899412027720e+02 1.000000000000000e+03 2.843315120033800e+03	1	2	0.000000000000000e+00	0.000000000000000e+00	0.000000000000000e+00
44	 0.000000000000000e+00 -7.071067811865475e-01 -7.071067811865475e-01	0.000000000000000e+00 0.000000000000000e+00 0.000000000000000e+00	1.000000000000000e+03 3.933023817419428e+02 0.000000000000000e+00	1	2	0.000000000000000e+00	0.000000000000000e+00	0.000000000000000e+00
45	 0.000000000000000e+00 -7.071067811865475e-01 -7.071067811865475e-01	0.000000000000000e+00 0.000000000000000e+00 0.000000000000000e+00	8.885026560158828e+02 2.818050377578250e+02 0.000000000000000e+00	1	2	0.000000000000000e+00	0.000000000000000e+00	0.000000000000000e+00
46	-7.071067811865475e-01  0.000000000000000e+00  7.071067811865475e-01	0.000000000000000e+00 0.000000000000000e+00 0.000000000000000e+00	 1.000000000000000e+03 -1.000000000000000e+03  1.397051198704921e+02	1	2	0.000000000000000e+00	0.000000000000000e+00	0.000000000000000e+00
47	-7.071067811865475e-01  0.000000000000000e+00  7.071067811865475e-01	0.000000000000000e+00 0.000000000000000e+00 0.000000000000000e+00	-1.000000000000000e+03 -1.000000000000000e+03  2.139705119870493e+03	1	2	0.000000000000000e+00	0.000000000000000e+00	0.000000000000000e+00
48	-7.071067811865475e-01  0.000000000000000e+00  7.071067811865475e-01	0.000000000000000e+00 0.000000000000000e+00 0.000000000000000e+00	-1.000000000000000e+03  2.094157405051323e+02  3.349120860375624e+03	1	2	0.000000000000000e+00	0.000000000000000e+00	0.000000000000000e+00
49	-7.071067811865475e-01  7.071067811865475e-01  0.000000000000000e+00	5.773502691896257e-01 5.773502691896257e-01 5.773502691896257e-01	8.626702730475879e+02 8.626702730475879e+02 8.626702730475879e+02	1	0	0.000000000000000e+00	0.000000000000000e+00	0.000000000000000e+00
50	 0.000000000000000e+00 -7.071067811865475e-01 -7.071067811865475e-01	 5.773502691896257e-01  5.773502691896257e-01 -5.773502691896257e-01	-1.120999950441073e+03 -1.120999950441073e+03  1.120999950441073e+03	1	0	0.000000000000000e+00	0.000000000000000e+00	0.000000000000000e+00
53	 7.071067811865475e-01 -7.071067811865475e-01  0.000000000000000e+00	5.773502691896257e-01 5.773502691896257e-01 5.773502691896257e-01	8.626702730475879e+02 8.626702730475879e+02 8.626702730475879e+02	1	0	0.000000000000000e+00	0.000000000000000e+00	0.000000000000000e+00
69	-7.071067811865475e-01  0.000000000000000e+00 -7.071067811865475e-01	-5.773502691896257e-01  5.773502691896257e-01  5.773502691896257e-01	-1.138441917710341e+03  1.138441917710341e+03  1.138441917710341e+03	1	0	0.000000000000000e+00	0.000000000000000e+00	0.000000000000000e+00
70	-7.071067811865475e-01  0.000000000000000e+00 -7.071067811865475e-01	0.000000000000000e+00 0.000000000000000e+00 0.000000000000000e+00	1.000000000000000e+03 1.000000000000000e+03 3.415325753131025e+03	1	2	0.000000000000000e+00	0.000000000000000e+00	0.000000000000000e+00
78	 0.000000000000000e+00 -7.071067811865475e-01 -7.071067811865475e-01	0.000000000000000e+00 0.000000000000000e+00 0.000000000000000e+00	-4.320901935349040e+02 -1.000000000000000e+03  4.000000000000000e+03	1	2	0.000000000000000e+00	0.000000000000000e+00	0.000000000000000e+00
84	-7.071067811865475e-01  7.071067811865475e-01  0.000000000000000e+00	0.000000000000000e+00 0.000000000000000e+00 0.000000000000000e+00	-1.000000000000000e+03  1.000000000000000e+03  2.001112190757930e+03	1	2	0.000000000000000e+00	0.000000000000000e+00	0.000000000000000e+00
87	 7.071067811865475e-01 -7.071067811865475e-01  0.000000000000000e+00	0.000000000000000e+00 0.000000000000000e+00 0.000000000000000e+00	-1.000000000000000e+03 -1.000000000000000e+03  1.112190757929056e+00	1	2	0.000000000000000e+00	0.000000000000000e+00	0.000000000000000e+00
100	-7.071067811865475e-01  0.000000000000000e+00  7.071067811865475e-01	 5.773502691896257e-01 -5.773502691896257e-01  5.773502691896257e-01	 9.522371319978838e+02 -9.522371319978838e+02  9.522371319978838e+02	1	0	0.000000000000000e+00	0.000000000000000e+00	0.000000000000000e+00
101	-7.071067811865475e-01  0.000000000000000e+00  7.071067811865475e-01	0.000000000000000e+00 0.000000000000000e+00 0.000000000000000e+00	-1.000000000000000e+03 -1.000000000000000e+03  2.856711395993652e+03	1	2	0.000000000000000e+00	0.000000000000000e+00	0.000000000000000e+00
106	 7.071067811865475e-01  0.000000000000000e+00 -7.071067811865475e-01	0.000000000000000e+00 0.000000000000000e+00 0.000000000000000e+00	 1.000000000000000e+03 -8.865608922057086e+02  0.000000000000000e+00	1	2	0.000000000000000e+00	0.000000000000000e+00	0.000000000000000e+00
107	 7.071067811865475e-01 -7.071067811865475e-01  0.000000000000000e+00	-5.773502691896257e-01 -5.773502691896257e-01 -5.773502691896257e-01	-1.885618083164127e+02 -1.885618083164127e+02 -1.885618083164127e+02	1	0	0.000000000000000e+00	0.000000000000000e+00	0.000000000000000e+00
108	 7.071067811865475e-01 -7.071067811865475e-01  0.000000000000000e+00	0.000000000000000e+00 0.000000000000000e+00 0.000000000000000e+00	-1.000000000000000e+03  4.343145750507622e+02  0.000000000000000e+00	1	2	0.000000000000000e+00	0.000000000000000e+00	0.000000000000000e+00
113	 0.000000000000000e+00  7.071067811865475e-01 -7.071067811865475e-01	 5.773502691896257e-01 -5.773502691896257e-01 -5.773502691896257e-01	-7.391622886003375e+02  7.391622886003375e+02  7.391622886003375e+02	1	0	0.000000000000000e+00	0.000000000000000e+00	0.000000000000000e+00
114	 0.000000000000000e+00  7.071067811865475e-01 -7.071067811865475e-01	0.000000000000000e+00 0.000000000000000e+00 0.000000000000000e+00	 7.825131341989878e+02 -1.000000000000000e+03  4.000000000000000e+03	1	2	0.000000000000000e+00	0.000000000000000e+00	0.000000000000000e+00
116	 7.071067811865475e-01 -7.071067811865475e-01  0.000000000000000e+00	0.000000000000000e+00 0.000000000000000e+00 0.000000000000000e+00	1.000000000000000e+03 5.565129378128586e+01 1.970647468636678e+03	1	2	0.000000000000000e+00	0.000000000000000e+00	0.000000000000000e+00
117	-7.071067811865475e-01 -7.071067811865475e-01  0.000000000000000e+00	0.000000000000000e+00 0.000000000000000e+00 0.000000000000000e+00	-1.000000000000000e+03  1.203683971143845e+02  1.763213056564356e+03	1	2	0.000000000000000e+00	0.000000000000000e+00	0.000000000000000e+00
119	0.000000000000000e+00 7.071067811865475e-01 7.071067811865475e-01	0.000000000000000e+00 0.000000000000000e+00 0.000000000000000e+00	1.000000000000000e+03 1.000000000000000e+03 6.066976182580577e+02	1	2	0.000000000000000e+00	0.000000000000000e+00	0.000000000000000e+00
69	0	1	1
22	1	0	1
22	0	205	-1
69	628	0	0
69	1	2	1
23	2	1	1
22	206	1	-1
23	1	206	-1
23	207	2	-1
70	2	207	-1
69	2	425	1
70	425	2	1
100	4	5	1
25	5	4	1
25	4	209	-1
100	359	4	0
25	210	5	-1
101	5	210	-1
100	5	500	1
101	500	5	1
113	7	8	1
27	8	7	1
27	7	212	-1
113	428	7	0
113	8	9	1
28	9	8	1
27	213	8	-1
28	8	213	-1
113	9	10	1
29	10	9	1
28	214	9	-1
29	9	214	-1
29	215	10	-1
114	10	215	-1
113	10	429	1
114	429	10	1
3	13	14	1
32	14	13	1
32	13	218	-1
106	13	218	-1
3	595	13	1
106	595	13	1
3	14	15	1
33	15	14	1
32	219	14	-1
33	14	219	-1
33	220	15	-1
3	15	275	0
4	17	18	1
35	18	17	1
35	17	222	-1
78	17	222	-1
4	380	17	1
78	380	17	1
35	223	18	-1
4	18	329	0
5	20	21	1
37	21	20	1
37	20	225	-1
84	20	225	-1
5	484	20	1
84	484	20	1
37	226	21	-1
87	21	226	-1
5	21	431	1
87	431	21	1
107	23	24	1
39	24	23	1
39	23	228	-1
107	432	23	0
39	229	24	-1
108	24	229	-1
107	24	281	1
108	281	24	1
7	26	27	1
41	27	26	1
41	26	231	-1
7	686	26	0
7	27	28	1
42	28	27	1
41	232	27	-1
42	27	232	-1
42	233	28	-1
7	28	283	0
8	30	31	1
44	31	30	1
44	30	235	-1
119	30	235	-1
8	507	30	1
119	507	30	1
8	31	32	1
45	32	31	1
44	236	31	-1
45	31	236	-1
45	237	32	-1
8	32	671	0
9	33	34	1
46	34	33	1
46	33	238	-1
9	436	33	0
9	34	35	1
47	35	34	1
46	239	34	-1
47	34	239	-1
9	35	36	1
48	36	35	1
47	240	35	-1
48	35	240	-1
48	241	36	-1
9	36	437	0
10	37	38	0
11	38	37	0
11	37	40	0
10	340	37	0
11	39	38	0
10	38	341	0
11	40	39	0
12	39	40	0
12	342	39	0
12	40	343	0
10	41	344	0
10	345	41	0
12	42	346	0
12	347	42	0
13	43	44	0
14	44	43	0
14	43	46	0
13	348	43	0
14	45	44	0
13	44	452	0
14	46	45	0
15	45	46	0
15	350	45	0
15	46	351	0
15	355	48	0
15	48	677	0
16	49	50	0
17	50	49	0
17	49	52	0
16	356	49	0
17	51	50	0
16	50	357	0
17	52	51	0
18	51	52	0
18	358	51	0
18	52	551	0
16	53	360	0
16	361	53	0
18	54	362	0
18	363	54	0
19	55	56	0
20	56	55	0
20	55	58	0
19	364	55	0
20	57	56	0
19	56	365	0
20	58	57	0
21	57	58	0
21	366	57	0
21	58	367	0
19	59	368	0
19	369	59	0
21	60	370	0
21	371	60	0
22	205	206	-1
23	206	207	-1
70	207	596	-1
25	209	210	-1
101	210	648	-1
27	212	213	-1
28	213	214	-1
29	214	215	-1
114	215	674	-1
32	218	219	-1
106	218	661	-1
33	219	220	-1
35	222	223	-1
78	222	609	-1
37	225	226	-1
84	225	615	-1
87	226	619	-1
39	228	229	-1
108	229	664	-1
41	231	232	-1
42	232	233	-1
44	235	236	-1
119	235	688	-1
45	236	237	-1
46	238	239	-1
47	239	240	-1
48	240	241	-1
69	242	488	0
69	489	242	0
3	245	378	0
3	379	245	0
5	247	492	0
5	493	247	0
107	248	446	0
107	447	248	0
7	249	386	0
7	387	249	0
8	250	494	0
8	542	250	0
9	439	251	0
9	251	624	0
10	252	392	0
10	393	252	0
10	253	315	0
10	394	253	0
12	254	396	0
12	397	254	0
12	657	255	0
12	255	690	0
13	268	257	0
13	257	403	0
15	406	259	0
15	259	407	0
16	260	408	0
16	409	260	0
16	410	261	0
16	261	411	0
18	413	262	0
113	413	262	0
18	262	493	0
113	262	544	0
18	414	263	0
18	263	415	0
19	653	264	0
19	264	683	0
19	418	265	0
19	265	419	0
21	266	420	0
21	421	266	0
21	422	267	0
21	267	423	0
69	268	452	0
13	452	268	0
50	452	268	0
69	524	268	0
50	268	625	0
69	496	269	0
69	269	497	0
113	272	460	0
113	562	272	0
3	274	595	0
3	659	274	0
3	275	682	0
4	329	277	0
4	277	381	0
5	278	502	0
5	503	278	0
5	504	279	0
5	279	505	0
107	280	468	0
107	469	280	0
107	281	471	0
108	664	281	-1
7	283	387	0
8	540	285	0
8	285	543	0
9	286	476	0
9	547	286	0
9	478	287	0
9	287	479	0
10	288	340	0
10	392	288	0
10	341	289	0
10	289	394	0
12	290	342	0
12	396	290	0
10	344	292	0
10	292	393	0
10	315	293	0
10	293	345	0
12	346	294	0
12	294	397	0
12	295	347	0
12	399	295	0
13	501	296	0
13	296	637	0
15	351	299	0
15	299	406	0
13	301	353	0
13	403	301	0
15	303	355	0
15	407	303	0
16	408	304	0
16	304	679	0
16	305	410	0
16	668	305	0
18	306	358	0
18	412	306	0
18	359	307	0
100	307	359	0
49	359	307	0
18	307	414	0
100	414	307	0
53	414	307	0
49	307	553	0
53	307	563	0
16	360	308	0
16	308	409	0
16	309	361	0
16	411	309	0
18	575	310	0
18	310	617	0
18	311	363	0
18	415	311	0
19	312	364	0
19	636	312	0
19	365	313	0
19	313	418	0
21	314	366	0
21	420	314	0
21	315	422	0
21	633	315	0
19	368	316	0
19	316	417	0
19	317	369	0
19	419	317	0
21	370	318	0
21	318	421	0
21	319	371	0
21	423	319	0
69	320	508	0
69	509	320	0
113	324	428	0
113	460	324	0
5	330	516	0
5	517	330	0
5	518	331	0
5	331	519	0
107	332	432	0
107	468	332	0
8	522	337	0
8	337	666	0
9	476	338	0
9	338	548	0
9	437	339	0
9	339	478	0
12	343	647	0
13	637	348	0
15	354	350	1
116	354	350	1
116	350	564	-1
100	353	374	0
13	353	501	0
100	501	353	0
15	677	354	0
116	680	354	-1
16	679	356	0
16	357	668	0
18	551	359	0
49	553	359	0
18	362	575	0
21	367	633	0
69	523	372	0
69	372	524	0
69	373	439	0
69	526	373	0
100	374	528	0
113	376	461	0
113	544	376	0
3	378	659	0
3	682	379	0
78	609	380	-1
4	663	380	0
4	381	663	0
5	531	382	0
5	382	532	0
5	383	533	0
5	534	383	0
107	446	384	0
107	384	469	0
107	385	447	0
107	471	385	0
7	386	686	0
8	535	388	0
8	388	536	0
8	541	389	0
8	389	546	0
9	390	603	0
9	626	390	0
9	552	391	0
9	391	573	0
12	690	399	0
18	558	412	0
113	429	413	0
18	691	413	0
100	528	414	0
53	640	414	0
19	584	416	0
19	416	636	0
19	417	678	0
69	508	424	0
69	424	628	0
69	425	511	0
70	596	425	-1
114	674	429	-1
5	430	484	0
5	516	430	0
5	431	518	0
87	619	431	-1
8	435	522	0
8	671	435	0
9	548	436	0
69	488	438	0
69	438	523	0
69	439	489	0
9	573	439	0
5	492	444	0
5	444	531	0
5	445	493	0
5	533	445	0
8	494	448	0
8	448	535	0
8	449	542	0
8	546	449	0
9	624	450	0
9	450	626	0
69	452	509	0
50	554	452	0
69	454	496	0
69	511	454	0
69	497	455	0
69	455	526	0
113	461	562	0
5	502	464	0
5	464	517	0
5	465	503	0
5	532	465	0
5	466	504	0
5	519	466	0
5	505	467	0
5	467	534	0
8	473	507	0
8	536	473	0
8	474	540	0
8	666	474	0
8	475	541	0
8	543	475	0
9	477	547	0
9	603	477	0
9	479	552	0
84	615	484	-1
18	493	658	0
100	500	501	0
101	648	500	-1
119	688	507	-1
50	585	554	0
18	594	558	0
53	563	589	0
116	564	680	-1
19	683	584	0
50	625	585	0
53	589	608	0
19	591	653	0
19	678	591	0
18	623	594	0
106	661	595	-1
53	608	640	0
18	617	691	0
18	632	623	0
18	641	632	0
18	652	641	0
12	647	657	1
117	657	647	1
117	647	684	-1
18	658	652	0
117	676	657	-1
117	684	676	-1
