384
53
490
0	 3.211315063545023e+02 -2.635427405144736e+02  4.000000000000000e+03	 1.067232759669423e-02  1.067232759669423e-02 -1.567760716231453e-18	1.000000000000000e+00	528	1	0
1	1.000000000000000e+03 4.153257531310242e+02 4.000000000000000e+03	0.000000000000000e+00 0.000000000000000e+00 0.000000000000000e+00	1.000000000000000e+00	528	1	1
2	1.000000000000000e+03 1.000000000000000e+03 3.415325753131025e+03	0.000000000000000e+00 0.000000000000000e+00 0.000000000000000e+00	1.000000000000000e+00	528	1	2
4	-1.000000000000000e+03 -1.062314961795131e+02  3.750479899814139e+03	 1.132204517276924e-18 -1.098610612098128e-02 -1.098610612098128e-02	1.000000000000000e+00	528	1	4
5	-1.000000000000000e+03 -1.000000000000000e+03  2.856711395993652e+03	0.000000000000000e+00 0.000000000000000e+00 0.000000000000000e+00	1.000000000000000e+00	528	1	5
7	5.900908104493705e+02 1.000000000000000e+03 1.807577676250384e+03	5.129950121045113e-03 2.763486413792830e-20 5.129950121045113e-03	1.000000000000000e+00	528	1	7
8	1.000000000000000e+03 1.000000000000000e+03 2.217486865801013e+03	0.000000000000000e+00 0.000000000000000e+00 0.000000000000000e+00	1.000000000000000e+00	528	1	8
9	 1.000000000000000e+03 -7.825131341989875e+02  4.000000000000000e+03	0.000000000000000e+00 0.000000000000000e+00 0.000000000000000e+00	1.000000000000000e+00	528	1	9
10	 7.825131341989878e+02 -1.000000000000000e+03  4.000000000000000e+03	0.000000000000000e+00 0.000000000000000e+00 0.000000000000000e+00	1.000000000000000e+00	528	1	10
11	-3.047419260900066e+00 -1.000000000000000e+03  3.214439446540112e+03	3.804622450843454e-03 4.108033315998040e-19 3.804622450843453e-03	1.000000000000000e+00	528	1	11
13	 1.000000000000000e+03 -8.865608922057086e+02  0.000000000000000e+00	0.000000000000000e+00 0.000000000000000e+00 0.000000000000000e+00	1.000000000000000e+00	487	1	13
14	 8.865608922057086e+02 -1.000000000000000e+03  0.000000000000000e+00	0.000000000000000e+00 0.000000000000000e+00 0.000000000000000e+00	1.000000000000000e+00	487	1	14
15	 1.824424279413098e+02 -1.000000000000000e+03  7.041184642643988e+02	 1.005046139471233e-02  3.931186016669036e-18 -1.005046139471233e-02	1.000000000000000e+00	487	1	15
17	-4.320901935349040e+02 -1.000000000000000e+03  4.000000000000000e+03	0.000000000000000e+00 0.000000000000000e+00 0.000000000000000e+00	1.000000000000000e+00	497	1	17
18	-2.508302236920881e+01 -1.000000000000000e+03  3.592992828834305e+03	-1.862004428403452e-04 -3.507731162244454e-05  1.511231239419430e-04	1.000000000000000e+00	497	1	18
19	6.230326362070889e+02 1.000000000000000e+03 3.624144826965018e+03	-3.224328625947236e-03 -3.753533110024157e-18 -3.224328625947238e-03	1.000000000000000e+00	19	1	19
20	-1.000000000000000e+03  1.000000000000000e+03  2.001112190757930e+03	0.000000000000000e+00 0.000000000000000e+00 0.000000000000000e+00	1.000000000000000e+00	19	1	20
21	-1.000000000000000e+03 -1.000000000000000e+03  1.112190757929056e+00	0.000000000000000e+00 0.000000000000000e+00 0.000000000000000e+00	1.000000000000000e+00	19	1	21
23	-1.000000000000000e+03 -3.469205326074363e+02  7.812351076581984e+02	 2.584821509166236e-19  6.098856450989842e-03 -6.098856450989842e-03	1.000000000000000e+00	453	1	23
24	-1.000000000000000e+03  4.343145750507622e+02  0.000000000000000e+00	0.000000000000000e+00 0.000000000000000e+00 0.000000000000000e+00	1.000000000000000e+00	453	1	24
26	1.000000000000000e+03 3.513912396813441e+02 2.537916418512371e+03	-5.214926594196932e-18  8.405471278820189e-03  8.405471278820187e-03	1.000000000000000e+00	26	1	26
27	1.000000000000000e+03 1.000000000000000e+03 3.186525178831027e+03	0.000000000000000e+00 0.000000000000000e+00 0.000000000000000e+00	1.000000000000000e+00	26	1	27
28	5.010832565103409e+02 1.000000000000000e+03 2.687608435341368e+03	 1.116108242422342e-02 -6.962293325160628e-19  1.116108242422342e-02	1.000000000000000e+00	26	1	28
30	1.000000000000000e+03 1.000000000000000e+03 6.066976182580577e+02	0.000000000000000e+00 0.000000000000000e+00 0.000000000000000e+00	1.000000000000000e+00	525	1	30
31	1.000000000000000e+03 3.933023817419428e+02 0.000000000000000e+00	0.000000000000000e+00 0.000000000000000e+00 0.000000000000000e+00	1.000000000000000e+00	525	1	31
32	7.405808628673858e+02 1.338832446093279e+02 0.000000000000000e+00	8.097458863630891e-03 8.097458863630891e-03 9.314580671767151e-20	1.000000000000000e+00	525	1	32
33	1.000000000000000e+03 8.754555964183758e+02 2.015160716288868e+03	4.067264335654555e-20 5.513473413884640e-03 5.513473413884640e-03	1.000000000000000e+00	528	1	33
34	 1.000000000000000e+03 -1.000000000000000e+03  1.397051198704921e+02	0.000000000000000e+00 0.000000000000000e+00 0.000000000000000e+00	1.000000000000000e+00	528	1	34
35	-1.000000000000000e+03 -1.000000000000000e+03  2.139705119870493e+03	0.000000000000000e+00 0.000000000000000e+00 0.000000000000000e+00	1.000000000000000e+00	528	1	35
36	-1.000000000000000e+03  2.488901702552889e+02  3.388595290125781e+03	 2.937780665419347e-19 -5.673886043950915e-03 -5.673886043950915e-03	1.000000000000000e+00	528	1	36
37	-5.395224740453357e+02  2.679934700697016e+02  1.091772870152029e+03	0.000000000000000e+00 0.000000000000000e+00 0.000000000000000e+00	1.000000000000000e+00	55	0	37
38	 2.192031021678289e+02 -4.907321061434643e+02  2.609224022578360e+03	0.000000000000000e+00 0.000000000000000e+00 0.000000000000000e+00	1.000000000000000e+00	55	0	38
39	-1.088944443027284e+02 -1.626345596729055e+02  2.937321569048918e+03	0.000000000000000e+00 0.000000000000000e+00 0.000000000000000e+00	1.000000000000000e+00	55	0	39
40	-8.676200205158938e+02  5.960910165402597e+02  1.419870416622587e+03	0.000000000000000e+00 0.000000000000000e+00 0.000000000000000e+00	1.000000000000000e+00	55	0	40
41	-1.278516220022632e+02 -8.375243710559882e+01  1.855189629370402e+03	6.911195756401867e-03 6.028707197401673e-03 8.824885590001940e-04	1.000000000000000e+00	55	0	41
42	-5.129019802621563e+02  1.892896867295993e+02  2.181389786686985e+03	-5.952489445917308e-03 -7.142472197301686e-03  1.189982751384377e-03	1.000000000000000e+00	55	0	42
43	-6.102331521639902e+02 -7.551900423072325e+02  1.997576656851997e+03	0.000000000000000e+00 0.000000000000000e+00 0.000000000000000e+00	1.000000000000000e+00	528	0	43
44	1.824335495461293e+02 3.747665940288727e+01 3.582910060272236e+03	0.000000000000000e+00 0.000000000000000e+00 0.000000000000000e+00	1.000000000000000e+00	528	0	44
45	9.984347750354049e+02 8.534778848921627e+02 2.766908834782960e+03	0.000000000000000e+00 0.000000000000000e+00 0.000000000000000e+00	1.000000000000000e+00	528	0	45
46	2.057680733252849e+02 6.081118318204353e+01 1.181575431362721e+03	0.000000000000000e+00 0.000000000000000e+00 0.000000000000000e+00	1.000000000000000e+00	528	0	46
48	7.001748716697565e+02 3.562365707137386e+02 1.971407617238888e+03	 1.456362831716736e-02 -1.699395120764772e-02 -2.430322890480360e-03	1.000000000000000e+00	528	0	48
49	-7.756961389616430e+02  2.248599564173225e+02  3.792213667503454e+03	0.000000000000000e+00 0.000000000000000e+00 0.000000000000000e+00	1.000000000000000e+00	528	0	49
50	 9.142890680742061e+02 -6.201326471006022e+02  2.947221063985530e+03	0.000000000000000e+00 0.000000000000000e+00 0.000000000000000e+00	1.000000000000000e+00	528	0	50
51	 6.965001794687494e+02 -8.379215357060586e+02  2.729432175380073e+03	0.000000000000000e+00 0.000000000000000e+00 0.000000000000000e+00	1.000000000000000e+00	528	0	51
52	-9.934850275670997e+02  7.071067811865984e+00  3.574424778897997e+03	0.000000000000000e+00 0.000000000000000e+00 0.000000000000000e+00	1.000000000000000e+00	528	0	52
53	 6.817284884714377e+01 -2.074965867019016e+02  3.380701222813891e+03	-4.837827582377940e-04 -8.948778267949820e-04  1.378660585032776e-03	7.500000000000000e-01	528	0	53
54	-1.512351316121198e+02 -5.344647717691432e+02  3.273710722524027e+03	-2.066711429506540e-03 -1.094315550290048e-02  1.300986693240702e-02	1.000000000000000e+00	528	0	54
55	-3.705239533417505e+02 -6.554879861599293e+02  2.054145199346920e+03	0.000000000000000e+00 0.000000000000000e+00 0.000000000000000e+00	1.000000000000000e+00	55	0	55
56	3.577960312803930e+02 7.283199846221450e+01 5.975052301026326e+02	0.000000000000000e+00 0.000000000000000e+00 0.000000000000000e+00	1.000000000000000e+00	55	0	56
57	6.279108216936542e+02 3.429467888754754e+02 8.676200205158938e+02	0.000000000000000e+00 0.000000000000000e+00 0.000000000000000e+00	1.000000000000000e+00	55	0	57
58	-1.004091629284902e+02 -3.853731957466688e+02  2.324259989760182e+03	0.000000000000000e+00 0.000000000000000e+00 0.000000000000000e+00	1.000000000000000e+00	55	0	58
59	 1.746986675485264e+02 -4.066970892904131e+02  1.260131681587127e+03	 2.253973484039307e-02 -1.283060014247894e-02 -9.709134697914124e-03	1.000000000000000e+00	55	0	59
60	2.412106434009344e+02 2.180927773436433e+00 1.595086059910652e+03	-1.242551239556633e-03  1.410069307894446e-03 -1.675180683378130e-04	1.000000000000000e+00	55	0	60
205	 3.211315063545023e+02 -2.635427405144736e+02  4.500000000000000e+03	0.000000000000000e+00 0.000000000000000e+00 0.000000000000000e+00	1.000000000000000e+00	528	-1	0
206	1.353553390593274e+03 4.153257531310242e+02 4.353553390593273e+03	0.000000000000000e+00 0.000000000000000e+00 0.000000000000000e+00	1.000000000000000e+00	528	-1	1
207	1.353553390593274e+03 1.353553390593274e+03 3.415325753131025e+03	0.000000000000000e+00 0.000000000000000e+00 0.000000000000000e+00	1.000000000000000e+00	528	-1	2
209	-1.500000000000000e+03 -1.062314961795131e+02  3.750479899814139e+03	0.000000000000000e+00 0.000000000000000e+00 0.000000000000000e+00	1.000000000000000e+00	528	-1	4
210	-1.353553390593274e+03 -1.353553390593274e+03  2.856711395993652e+03	0.000000000000000e+00 0.000000000000000e+00 0.000000000000000e+00	1.000000000000000e+00	528	-1	5
212	5.900908104493705e+02 1.500000000000000e+03 1.807577676250384e+03	0.000000000000000e+00 0.000000000000000e+00 0.000000000000000e+00	1.000000000000000e+00	528	-1	7
213	1.353553390593274e+03 1.353553390593274e+03 2.217486865801013e+03	0.000000000000000e+00 0.000000000000000e+00 0.000000000000000e+00	1.000000000000000e+00	528	-1	8
214	 1.353553390593274e+03 -7.825131341989875e+02  4.353553390593273e+03	0.000000000000000e+00 0.000000000000000e+00 0.000000000000000e+00	1.000000000000000e+00	528	-1	9
215	 7.825131341989878e+02 -1.353553390593274e+03  4.353553390593273e+03	0.000000000000000e+00 0.000000000000000e+00 0.000000000000000e+00	1.000000000000000e+00	528	-1	10
216	-3.047419260900067e+00 -1.500000000000000e+03  3.214439446540112e+03	0.000000000000000e+00 0.000000000000000e+00 0.000000000000000e+00	1.000000000000000e+00	528	-1	11
218	 1.353553390593274e+03 -8.865608922057086e+02 -3.535533905932737e+02	0.000000000000000e+00 0.000000000000000e+00 0.000000000000000e+00	1.000000000000000e+00	487	-1	13
219	 8.865608922057086e+02 -1.353553390593274e+03 -3.535533905932737e+02	0.000000000000000e+00 0.000000000000000e+00 0.000000000000000e+00	1.000000000000000e+00	487	-1	14
220	 1.824424279413098e+02 -1.500000000000000e+03  7.041184642643988e+02	0.000000000000000e+00 0.000000000000000e+00 0.000000000000000e+00	1.000000000000000e+00	487	-1	15
222	-4.320901935349040e+02 -1.353553390593274e+03  4.353553390593273e+03	0.000000000000000e+00 0.000000000000000e+00 0.000000000000000e+00	1.000000000000000e+00	497	-1	17
223	-2.508302236920881e+01 -1.500000000000000e+03  3.592992828834305e+03	0.000000000000000e+00 0.000000000000000e+00 0.000000000000000e+00	1.000000000000000e+00	497	-1	18
224	6.230326362070889e+02 1.500000000000000e+03 3.624144826965018e+03	0.000000000000000e+00 0.000000000000000e+00 0.000000000000000e+00	1.000000000000000e+00	19	-1	19
225	-1.353553390593274e+03  1.353553390593274e+03  2.001112190757930e+03	0.000000000000000e+00 0.000000000000000e+00 0.000000000000000e+00	1.000000000000000e+00	19	-1	20
226	-1.353553390593274e+03 -1.353553390593274e+03  1.112190757929058e+00	0.000000000000000e+00 0.000000000000000e+00 0.000000000000000e+00	1.000000000000000e+00	19	-1	21
228	-1.500000000000000e+03 -3.469205326074363e+02  7.812351076581984e+02	0.000000000000000e+00 0.000000000000000e+00 0.000000000000000e+00	1.000000000000000e+00	453	-1	23
229	-1.353553390593274e+03  4.343145750507622e+02 -3.535533905932737e+02	0.000000000000000e+00 0.000000000000000e+00 0.000000000000000e+00	1.000000000000000e+00	453	-1	24
231	1.500000000000000e+03 3.513912396813441e+02 2.537916418512371e+03	0.000000000000000e+00 0.000000000000000e+00 0.000000000000000e+00	1.000000000000000e+00	26	-1	26
232	1.353553390593274e+03 1.353553390593274e+03 3.186525178831027e+03	0.000000000000000e+00 0.000000000000000e+00 0.000000000000000e+00	1.000000000000000e+00	26	-1	27
233	5.010832565103409e+02 1.500000000000000e+03 2.687608435341368e+03	0.000000000000000e+00 0.000000000000000e+00 0.000000000000000e+00	1.000000000000000e+00	26	-1	28
235	1.353553390593274e+03 1.353553390593274e+03 6.066976182580577e+02	0.000000000000000e+00 0.000000000000000e+00 0.000000000000000e+00	1.000000000000000e+00	525	-1	30
236	 1.353553390593274e+03  3.933023817419428e+02 -3.535533905932737e+02	0.000000000000000e+00 0.000000000000000e+00 0.000000000000000e+00	1.000000000000000e+00	525	-1	31
237	 7.405808628673858e+02  1.338832446093279e+02 -5.000000000000000e+02	0.000000000000000e+00 0.000000000000000e+00 0.000000000000000e+00	1.000000000000000e+00	525	-1	32
238	1.500000000000000e+03 8.754555964183758e+02 2.015160716288868e+03	0.000000000000000e+00 0.000000000000000e+00 0.000000000000000e+00	1.000000000000000e+00	528	-1	33
239	 1.353553390593274e+03 -1.353553390593274e+03  1.397051198704921e+02	0.000000000000000e+00 0.000000000000000e+00 0.000000000000000e+00	1.000000000000000e+00	528	-1	34
240	-1.353553390593274e+03 -1.353553390593274e+03  2.139705119870493e+03	0.000000000000000e+00 0.000000000000000e+00 0.000000000000000e+00	1.000000000000000e+00	528	-1	35
241	-1.500000000000000e+03  2.488901702552889e+02  3.388595290125781e+03	0.000000000000000e+00 0.000000000000000e+00 0.000000000000000e+00	1.000000000000000e+00	528	-1	36
242	-5.338955979789728e+01  4.160528876256316e+02  2.945883305707495e+03	4.146729237011944e-04 2.800438912042106e-04 1.346290324969838e-04	1.000000000000000e+00	528	0	242
243	-2.531442276647838e+02 -3.109071753063578e+02  2.798948448352077e+03	-3.756823780791516e-19  1.772392378188670e-02  1.772392378188670e-02	1.000000000000000e+00	528	0	243
244	 1.973730307247970e+02 -4.080147342314306e+01  2.455661369948953e+03	-6.343015469610691e-03 -2.939149737358093e-03 -3.403865732252598e-03	1.000000000000000e+00	528	0	244
245	 6.018761285189244e+02 -6.188503411307356e+02  6.658344225560486e+02	 7.525146938860417e-03 -8.546271361410618e-03 -1.607141830027103e-02	1.000000000000000e+00	487	0	245
246	 7.621720386797352e+01 -6.017709029320005e+02  3.889921699665122e+03	-1.616961307202776e-02 -4.651448378960291e-03  1.151816469306747e-02	1.000000000000000e+00	497	0	246
247	3.694388407757423e+02 4.019186947254460e+01 2.410742901006216e+03	-5.192021393061926e-03  4.882629941372822e-03 -3.093914516891043e-04	1.000000000000000e+00	19	0	247
248	-3.295525889530286e+02 -6.020024274021265e+02  3.658695914059172e+02	-1.534733921289444e-03  7.678331341594458e-03 -6.143597420305014e-03	1.000000000000000e+00	453	0	248
249	7.663442741968106e+02 6.624089853918562e+02 2.615278438419693e+03	1.068837195634842e-02 4.446797072887421e-03 1.513516902923584e-02	1.000000000000000e+00	26	0	249
250	1.529649034025165e+02 5.981580307094063e+02 1.051890745564947e+03	8.696965679215888e-03 9.892666906428834e-03 1.195701227212946e-03	1.000000000000000e+00	525	0	250
251	3.743752802842105e+00 5.595978875106774e+02 2.695559254578328e+03	3.381878098783394e-04 1.656614835762108e-03 1.318427025883769e-03	1.000000000000000e+00	528	0	251
252	-2.902537206885598e+02  1.422634712462880e+02  1.466771622332219e+03	 6.735544690551857e-03  7.381601220307251e-03 -6.460565297553937e-04	1.000000000000000e+00	55	0	252
253	 1.694690231772695e+01 -3.156825263125678e+02  2.231918242897361e+03	7.197746890597045e-05 4.547174103208818e-05 2.650572423590347e-05	1.000000000000000e+00	55	0	253
254	-2.673994523987436e+02  6.193115677821594e+01  2.554250844501781e+03	 3.108783198210100e-03  3.997444136378665e-03 -8.886609381685653e-04	1.000000000000000e+00	55	0	254
255	-7.436987741000803e+02  3.374169440573636e+02  1.802465735521297e+03	-1.190384473496427e-02 -1.288650095618020e-02  9.826562212159233e-04	1.000000000000000e+00	55	0	255
256	-2.531442276647839e+02 -7.176195091460281e+02  2.392236114512407e+03	 4.748504836517560e-18 -1.401407830417156e-02 -1.401407830417157e-02	1.000000000000000e+00	528	0	256
257	-5.610313497792270e+01 -1.207690874877180e+02  3.186127628857579e+03	-7.589283476894100e-03  5.904987842465441e-03 -1.684295634428660e-03	1.000000000000000e+00	528	0	257
258	9.708078537168283e+02 4.823509243307745e+02 2.368154952902995e+03	 3.981406707316637e-02 -3.363414388149977e-02  6.179923191666602e-03	1.000000000000000e+00	528	0	258
259	4.337997876111649e+02 2.238483736423329e+02 1.572644336108890e+03	 2.064510248601437e-03 -3.010360058397055e-03 -9.458498097956181e-04	1.000000000000000e+00	528	0	259
260	-3.509843807491056e+02  7.931097584339909e+01  3.513050889864840e+03	 4.456940611513952e-04  7.548628908504422e-03 -7.994322969655817e-03	1.000000000000000e+00	528	0	260
261	 4.865143756611472e+02 -4.494875917226127e+02  3.204350701020599e+03	-8.172069210559132e-04 -4.184809629805386e-03  5.002016550861299e-03	1.000000000000000e+00	528	0	261
262	 1.852619766708759e+02 -3.235675124211261e+02  2.726316354893015e+03	-3.093059822788174e-18  2.970953285694122e-02 -2.970953285694123e-02	1.000000000000000e+00	528	0	262
263	-5.243247737361745e+02 -2.084408524212616e+02  3.320776445300200e+03	 1.217164952928821e-02  4.628277073303859e-03 -1.679992660259207e-02	1.000000000000000e+00	528	0	263
264	 7.650937872648183e+01 -7.469281653409265e+02  1.698552046459685e+03	 1.788465857195358e-02 -1.991587885034581e-02  2.031220278392236e-03	1.000000000000000e+00	55	0	264
265	 2.231585137827789e+02 -1.542397491558952e+02  9.592144952183564e+02	 1.345960694986085e-02 -1.099249355805417e-02 -2.467113391806682e-03	1.000000000000000e+00	55	0	265
266	4.459590597416935e+02 1.621212228070041e+02 1.230397348536326e+03	-1.255905347837446e-03  1.095347247125271e-03  1.605581007121752e-04	1.000000000000000e+00	55	0	266
267	 2.937172502691266e+01 -1.477723695835067e+02  1.956878275641617e+03	-5.231727845966816e-03  5.578414537012577e-03 -3.466866910457613e-04	1.000000000000000e+00	55	0	267
268	4.366093544685227e+00 2.616295090390248e+01 3.393528895771807e+03	-1.480417135462630e-02  4.953900777102407e-18 -1.480417135462631e-02	1.000000000000000e+00	528	0	268
269	-2.652720278533336e+02  7.323727448577431e+02  2.417680980419947e+03	7.111043630478282e-03 5.781039634409050e-03 1.330003996069232e-03	1.000000000000000e+00	528	0	269
271	-1.047592541942771e+02 -8.352336611144609e+02  2.126236989073468e+03	-1.728570255606125e-02 -1.623306629092743e-02  1.052636265133818e-03	1.000000000000000e+00	528	0	271
272	3.838734748858843e+02 4.933496403511890e+02 2.108010700335708e+03	-3.560935399339845e-03 -3.085567538316051e-04 -3.252378645508240e-03	1.000000000000000e+00	528	0	272
274	 8.235604932880271e+02 -4.109787889805033e+02  6.520216099371780e+02	 6.069146407147248e-03 -7.088542760660251e-03 -1.315768916780750e-02	1.000000000000000e+00	487	0	274
275	 3.790424614222803e+02 -8.324704006949228e+02  6.750480300885055e+02	 6.701071280986071e-03 -7.756195496767759e-03 -1.445726677775383e-02	1.000000000000000e+00	487	0	275
276	 1.870280470412953e+02 -3.808817594238006e+02  4.000000000000000e+03	-6.793881300836801e-03 -6.793881300836801e-03 -6.486342861418821e-18	1.000000000000000e+00	497	1	276
277	 3.359328457257512e+01 -8.005910901501943e+02  3.733725431742327e+03	-8.768995447705189e-03 -2.700625763585170e-03  6.068369684120020e-03	1.000000000000000e+00	497	0	277
278	5.362762095153328e+02 4.986342474722917e+02 3.036022647745554e+03	-3.446837693142394e-03  2.150588862908383e-03 -1.296248830234011e-03	1.000000000000000e+00	19	0	278
279	 2.959654057183958e+02 -4.970899066529713e+02  1.799987689823354e+03	 3.743340021173935e-04 -1.676103565841913e-04  2.067236455332022e-04	7.500000000000000e-01	19	0	279
280	-6.627631086229881e+02 -4.780141416264803e+02  5.750918253002303e+02	-6.388113445912799e-04  5.147888771413515e-03 -4.509077426822235e-03	1.000000000000000e+00	453	0	280
281	-1.892807025415814e+00 -7.005022236987500e+02  1.367096057749278e+02	-2.491558436304331e-03  1.039675832726061e-02 -7.905199890956283e-03	1.000000000000000e+00	453	0	281
282	9.017357806244956e+02 4.884683557355561e+02 2.576729315191079e+03	8.450372920682033e-03 4.144912896056971e-03 1.259528581673900e-02	1.000000000000000e+00	26	0	282
283	6.315675624805839e+02 8.402878030618361e+02 2.658380544373447e+03	1.069975287343065e-02 4.650132420162360e-03 1.534988529359301e-02	1.000000000000000e+00	26	0	283
284	-1.277134663409420e+02  8.314135448757544e+02  1.565824629474754e+03	 1.464108476648107e-02  1.418526464840397e-02 -4.558201180770995e-04	1.000000000000000e+00	525	0	284
285	4.263185330812819e+02 3.494483653646377e+02 5.298274505414134e+02	9.823483298532665e-03 1.114182930905372e-02 1.318346010521054e-03	1.000000000000000e+00	525	0	285
286	5.142583089748769e+02 7.172347060522238e+02 2.342681516947840e+03	8.919532410800457e-04 3.651095554232597e-03 2.759142313152552e-03	1.000000000000000e+00	528	0	286
287	-4.930491162606742e+02  4.406255472754587e+02  3.073379783406625e+03	-3.191262567270314e-05 -1.698835294519085e-04 -1.379709065076895e-04	7.500000000000000e-01	528	0	287
288	-4.109881726880219e+02  2.114441313804599e+02  1.276856510198585e+03	 4.950371532080074e-03  6.047646088215212e-03 -1.097274556135138e-03	1.000000000000000e+00	55	0	288
289	 1.301316479311439e+02 -3.905065941615330e+02  2.419927056359743e+03	-3.887420934916008e-04 -4.931338189635426e-04  1.043917254719417e-04	5.625000000000000e-01	55	0	289
290	-1.401021530626381e+02 -3.147427773291795e+00  2.746626728389394e+03	7.107844595642139e-03 6.766424494950722e-03 3.414201006914181e-04	1.000000000000000e+00	55	0	290
291	-8.426830172482327e+02  4.334845481963849e+02  1.607413888234123e+03	-1.170049491338432e-02 -1.008054544217885e-02 -1.619949471205473e-03	1.000000000000000e+00	55	0	291
292	-1.958249501374656e+02  3.610579361187636e+01  1.667358070517724e+03	7.244879302258292e-03 6.237255952631434e-03 1.007623349626859e-03	1.000000000000000e+00	55	0	292
293	-4.092147986788781e+01 -1.917628399104323e+02  2.050130174309611e+03	1.425684738205746e-02 8.787217782810330e-03 5.469629599247128e-03	5.625000000000000e-01	55	0	293
294	-3.920863274234171e+02  1.228399171359742e+02  2.368655209119349e+03	-1.481591976092507e-03 -1.817275284944723e-03  3.356833088522156e-04	1.000000000000000e+00	55	0	294
295	-6.309153487700692e+02  2.595966322952726e+02  1.993069472613399e+03	-9.479081219372651e-03 -1.101107619858036e-02  1.531994979207715e-03	1.000000000000000e+00	55	0	295
296	-4.072984595109528e+02 -7.798840360148348e+02  2.175817355797432e+03	 6.589494490375121e-03 -1.058997508759300e-02 -4.000480597217877e-03	1.000000000000000e+00	528	0	296
299	2.729861005105522e+02 1.909292388377933e+02 1.378911514203738e+03	 1.546690279307465e-04 -8.145868099139383e-04 -6.599177819831917e-04	1.000000000000000e+00	528	0	299
301	-1.159185886140627e+02 -2.616793836294784e+02  2.985401879079679e+03	-1.386617050350954e-02  1.245832144437979e-02 -1.407849059129755e-03	1.000000000000000e+00	528	0	301
302	8.189780494746263e+02 4.216730712984971e+02 2.155647295628516e+03	 2.070057562862833e-02 -2.639599532509844e-02 -5.695419696470101e-03	1.000000000000000e+00	528	0	302
303	5.753032473453492e+02 2.800063985754983e+02 1.770305820776240e+03	 6.862145421716074e-03 -8.489170072910687e-03 -1.627024651194612e-03	1.000000000000000e+00	528	0	303
304	-5.681975416367769e+02  1.834149178345961e+02  3.626160108761314e+03	-9.586608891064923e-04  6.893641218387832e-03 -5.934980329281340e-03	1.000000000000000e+00	528	0	304
305	 7.033495524185273e+02 -5.769114288526376e+02  3.114939361393244e+03	 3.215460067925355e-04 -5.103701211434479e-03  4.782155204641943e-03	1.000000000000000e+00	528	0	305
306	 5.133544631727044e+02 -6.508206672395028e+02  2.725477023209562e+03	 7.051283493638039e-03  9.226577822118998e-03 -1.627786131575704e-02	1.000000000000000e+00	528	0	306
307	-7.653642207848607e+02 -1.343502884254438e+02  3.487725328353069e+03	-2.945694141089914e-04 -5.070618904346569e-19  2.945694141089919e-04	1.000000000000000e+00	528	0	307
308	-1.361686568638941e+02 -4.868470085149416e+01  3.426230842674522e+03	 1.176379232977827e-03  3.563803465416034e-03 -4.740182698393862e-03	1.000000000000000e+00	528	0	308
309	 2.801617546458615e+02 -3.220372063684852e+02  3.283252936681757e+03	-2.845989268583554e-04 -3.282665032505368e-03  3.567263959363724e-03	1.000000000000000e+00	528	0	309
310	 7.695967563369109e+01 -6.861461775218741e+02  3.197197321030947e+03	-8.331182102362314e-03 -1.812233186016480e-02  2.645351396252711e-02	1.000000000000000e+00	528	0	310
311	-3.631058339117691e+02 -3.851257721780178e+02  3.336242425232551e+03	 1.603891490958631e-03  1.807697699405253e-03 -3.411589190363884e-03	1.000000000000000e+00	528	0	311
312	-1.448804205499831e+02 -7.722963115767304e+02  1.945309991971954e+03	 1.930403988808393e-03 -5.969924386590719e-03  4.039520397782326e-03	1.000000000000000e+00	55	0	312
313	 2.997678226361334e+02 -5.119351854679747e+01  7.795589557559042e+02	 4.449929062199469e-03 -4.074883230108147e-03 -3.750458320913216e-04	1.000000000000000e+00	55	0	313
314	5.237952963487462e+02 2.651386612604655e+02 1.049543673475812e+03	-6.955552232739137e-04  6.818184995154297e-04  1.373672375848401e-05	5.625000000000000e-01	55	0	314
315	-3.040559159102147e+01 -2.564392428841149e+02  2.125322465560160e+03	 3.803847108007934e-18  1.628449652343988e-03 -1.628449652343990e-03	1.000000000000000e+00	55	0	315
316	 1.507682995813955e+02 -5.670678768241473e+02  1.444432837087992e+03	 2.012041009341677e-02 -1.274247203643123e-02 -7.377938056985538e-03	1.000000000000000e+00	55	0	316
317	 1.861564936261604e+02 -2.730514396292215e+02  1.115028205848301e+03	 2.220020070672035e-02 -1.337076816707850e-02 -8.829432539641857e-03	1.000000000000000e+00	55	0	317
318	3.644011387747797e+02 6.428735545304887e+01 1.409789136857195e+03	-7.865790394134820e-04  1.590636326000094e-03 -8.040572865866125e-04	1.000000000000000e+00	55	0	318
319	 1.402154193685466e+02 -7.886261196022200e+01  1.777124823676699e+03	-2.775118754167731e-03  3.042766290794437e-03 -2.676475366267066e-04	1.000000000000000e+00	55	0	319
320	 2.696850435419420e+02 -5.198967524508434e+01  3.737000471918051e+03	2.176907884177126e-04 2.145905008319460e-04 3.100287585766639e-06	7.500000000000000e-01	528	0	320
321	-3.440629164763503e+02  9.058174451821702e+02  2.165445391472504e+03	7.026489009149373e-03 5.495752091519535e-03 1.530736917629838e-03	1.000000000000000e+00	528	0	321
323	 3.806771072272547e+01 -9.984771338791236e+02  1.820166551391802e+03	-2.302897473176321e-03 -1.096952163303892e-02 -8.666624159862598e-03	1.000000000000000e+00	528	0	323
324	4.877394701499511e+02 7.491633025920937e+02 1.956063033358870e+03	9.631671946408460e-05 1.231486464803311e-05 8.400186197832227e-05	5.625000000000000e-01	528	0	324
326	 9.373052427684343e+02 -2.957783834485215e+02  6.534772659887527e+02	 1.329891725132863e-02 -8.160444597403208e-03 -2.145936184873183e-02	1.000000000000000e+00	487	0	326
327	 2.600746272439243e+02 -9.437422710769754e+02  6.827439938848088e+02	 2.313643693923950e-03 -7.351292297244072e-03 -9.664935991168022e-03	1.000000000000000e+00	487	0	327
329	 7.853893906561477e+00 -9.042585227352088e+02  3.655797389823326e+03	-4.544075578451157e-03 -1.337613677605987e-03  3.206461900845170e-03	1.000000000000000e+00	497	0	329
330	5.622625893438932e+02 7.676817860309433e+02 3.331056566132766e+03	-7.234120198215048e-03  3.837582965691885e-03 -3.396537232523163e-03	1.000000000000000e+00	19	0	330
331	 3.335038496566763e+02 -7.990846337309706e+02  1.535531406683635e+03	 7.988205257182321e-03 -3.200109271953503e-03  4.788095985228817e-03	1.000000000000000e+00	19	0	331
332	-8.307022246939259e+02 -4.094936069424214e+02  6.745104066871094e+02	-5.156660530095299e-04  4.416930120593558e-03 -3.901264067584028e-03	1.000000000000000e+00	453	0	332
333	 1.784380025804085e+02 -7.609672268934044e+02  1.684379936375787e+01	 3.398576285690069e-03  6.548692006617785e-03 -9.947268292307854e-03	1.000000000000000e+00	453	0	333
334	9.784155393178531e+02 3.922890117816122e+02 2.557229729930492e+03	 8.578220401735356e-03 -5.964283288146059e-04  7.981792072920749e-03	1.000000000000000e+00	26	0	334
335	5.586746598997956e+02 9.344451230432333e+02 2.679644961774055e+03	8.643657124290865e-03 5.135762194792430e-03 1.377941931908329e-02	1.000000000000000e+00	26	0	335
336	-2.548437819381832e+02  9.725102520736183e+02  1.834051652269859e+03	4.041651667406162e-02 4.570059074709813e-02 5.284074073036512e-03	1.000000000000000e+00	525	0	336
337	5.889455895712994e+02 2.593089713919665e+02 2.770610000787248e+02	8.979262008021275e-03 1.101095027600726e-02 2.031688267985980e-03	1.000000000000000e+00	525	0	337
338	7.612200690155017e+02 7.936351125966726e+02 2.172120163451663e+03	1.314636785537004e-03 6.783565972000360e-03 5.468929186463356e-03	1.000000000000000e+00	528	0	338
339	-7.490919485367494e+02  3.520091406412815e+02  3.240806209048524e+03	-3.897965070791543e-04 -2.894056524382904e-03 -2.504260017303750e-03	1.000000000000000e+00	528	0	339
340	-4.715057439129475e+02  2.444594151822597e+02  1.183323655171859e+03	 3.022843777822952e-03  4.149334466395278e-03 -1.126490688572327e-03	1.000000000000000e+00	55	0	340
341	 1.881626424866522e+02 -4.317176374458202e+02  2.519169094199539e+03	-1.130183054556255e-03 -1.258610891454737e-03  1.284278368984814e-04	5.625000000000000e-01	55	0	341
342	-9.452142620445959e+01 -7.051101900326336e+01  2.859571046477544e+03	5.165773909538984e-03 2.306012669578195e-03 2.859761239960790e-03	1.000000000000000e+00	55	0	342
343	-8.774277755366402e+02  5.065006333770952e+02  1.499653044765005e+03	-6.312952920173605e-03 -3.189388119305173e-03 -3.123564800868432e-03	1.000000000000000e+00	55	0	343
344	-1.620992714016788e+02 -2.595659354295552e+01  1.763146136408343e+03	7.245672323430578e-03 6.014691277717550e-03 1.230981045713027e-03	1.000000000000000e+00	55	0	344
345	-8.899597320665444e+01 -1.363386527763732e+02  1.946631493836785e+03	6.465694411114479e-03 6.022907783820604e-03 4.427866272938749e-04	1.000000000000000e+00	55	0	345
346	-4.528163802020558e+02  1.556414584611039e+02  2.275123615015581e+03	-3.808206102500359e-03 -4.619473669057091e-03  8.112675665567318e-04	1.000000000000000e+00	55	0	346
347	-5.723424833494305e+02  2.238107887467485e+02  2.087428181582562e+03	-7.846530643291771e-03 -9.287910419516265e-03  1.441379776224494e-03	1.000000000000000e+00	55	0	347
348	-5.067031426449484e+02 -7.874090976368327e+02  2.068887611041439e+03	 1.046121353283525e-03 -3.901159856468439e-03 -2.855038503184915e-03	1.000000000000000e+00	528	0	348
350	1.000000000000000e+03 7.549498181773397e+02 2.669945993032733e+03	-8.759414488620237e-18  4.808800294995325e-04  4.808800294995291e-04	1.000000000000000e+00	528	1	350
351	2.220348374361118e+02 1.392375144319641e+02 1.276268526723468e+03	 2.811401500366628e-04 -3.329202299937606e-04 -5.178007995709777e-05	1.000000000000000e+00	528	0	351
353	-1.615334487599459e+02 -2.837126399374709e+02  2.917753762625803e+03	-1.435311573247115e-02  2.081774578740199e-02  6.464630054930845e-03	1.000000000000000e+00	528	0	353
354	7.588611038025132e+02 3.914880622534629e+02 2.065345340911369e+03	 1.788854016922414e-02 -2.175349579192698e-02 -3.864955622702837e-03	1.000000000000000e+00	528	0	354
355	6.398224877744683e+02 3.169484645138239e+02 1.871767127143685e+03	 1.051093265414238e-02 -1.233615539968014e-02 -1.825222745537758e-03	1.000000000000000e+00	528	0	355
356	-6.800958448193014e+02  2.204014739649016e+02  3.701071855813534e+03	-1.974452519789338e-03  4.329281859099865e-03 -2.354829339310527e-03	1.000000000000000e+00	528	0	356
357	 8.212102620148031e+02 -6.224618034446424e+02  3.042629026388973e+03	 2.063839191881319e-03 -3.749719394060473e-03  1.685880202179154e-03	1.000000000000000e+00	528	0	357
358	 6.103117441355834e+02 -7.387708016673513e+02  2.716469876674531e+03	 5.262875463813543e-03  4.034455399960279e-03 -9.297330863773823e-03	1.000000000000000e+00	528	0	358
359	-9.444072493663335e+02 -1.343502884254438e+02  3.666768356934542e+03	-3.346754703670740e-03 -8.913731578336681e-19  3.346754703670741e-03	1.000000000000000e+00	528	0	359
360	-3.438867572456454e+01 -1.279398276484702e+02  3.403705988332168e+03	-3.606953614507802e-04 -8.194098118110560e-04  1.180105173261836e-03	5.625000000000000e-01	528	0	360
361	 1.739662367133257e+02 -2.661194558689867e+02  3.333530704114795e+03	-1.368052811206629e-04 -2.008827378934560e-03  2.145632660055222e-03	1.000000000000000e+00	528	0	361
362	-4.723571599918105e+01 -5.987585130824011e+02  3.234005048224346e+03	-3.467440605163574e-03 -1.641463488340378e-02  1.988207548856735e-02	1.000000000000000e+00	528	0	362
363	-2.593721019222910e+02 -4.650187674948737e+02  3.312401688559929e+03	-1.290021697059274e-03 -4.505923599936068e-03  5.795945296995342e-03	1.000000000000000e+00	528	0	363
364	-2.653302530292817e+02 -7.229588603769114e+02  2.016422373251433e+03	 2.645378311475118e-04 -2.185482978044698e-03  1.920945146897187e-03	1.000000000000000e+00	55	0	364
365	3.409344015442391e+02 5.481086098883938e+00 6.817177722021171e+02	 2.144511323422194e-03 -1.155677950009704e-03 -9.888333734124899e-04	1.000000000000000e+00	55	0	365
366	5.713514916970563e+02 3.100932386699445e+02 9.570329007180225e+02	-6.645970861427486e-04  8.852151513565332e-04 -2.206180652137845e-04	7.500000000000000e-01	55	0	366
367	-8.681501564181127e+01 -3.193931819283358e+02  2.244685828655170e+03	-9.998934207639347e-04 -3.569791830765704e-04  1.356872603840505e-03	1.000000000000000e+00	55	0	367
368	 1.657466565928947e+02 -4.841375844360914e+02  1.346524187688437e+03	 2.141126462568839e-02 -1.292381497720877e-02 -8.487449648479620e-03	1.000000000000000e+00	55	0	368
369	 1.799290058117883e+02 -3.368976422758570e+02  1.185101896309309e+03	 2.300203746805589e-02 -1.291120362778505e-02 -1.009083384027084e-02	1.000000000000000e+00	55	0	369
370	2.968169261976113e+02 3.754020956946288e+01 1.504120495317949e+03	-1.152277827107658e-03  1.477011110788832e-03 -3.247332836811741e-04	1.000000000000000e+00	55	0	370
371	 1.900555519558523e+02 -3.818292431524287e+01  1.686605003444414e+03	-1.851735655994465e-03  1.993822612954924e-03 -1.420869569604595e-04	1.000000000000000e+00	55	0	371
372	-2.423356070491655e+01  2.029507207871748e+02  3.188141471638933e+03	-6.017045661186178e-03 -3.252247969309489e-03 -2.764797691876689e-03	1.000000000000000e+00	528	0	372
373	-1.621312229329435e+02  5.740179822036415e+02  2.679176547994439e+03	4.545826872345060e-03 3.823726030532271e-03 7.221008418127895e-04	1.000000000000000e+00	528	0	373
374	-3.694417384161795e+02 -2.327160088462076e+02  2.993437125563623e+03	8.545705350115895e-03 1.091115805320442e-02 2.365452703088522e-03	1.000000000000000e+00	528	0	374
376	2.729192276252153e+02 2.324260155199738e+02 2.257980077906254e+03	-5.199152976274490e-03 -5.608089268207549e-04 -4.638344049453735e-03	1.000000000000000e+00	528	0	376
377	 1.927899805076844e+02 -2.693200099475715e+02  2.679596856256268e+03	-2.905731787905097e-03 -1.616151537746191e-03 -1.289580250158906e-03	1.000000000000000e+00	528	0	377
378	 7.120671484409688e+02 -5.137104980320311e+02  6.607832457327087e+02	 7.811854593455791e-03 -9.476537816226482e-03 -1.728839240968227e-02	1.000000000000000e+00	487	0	378
379	 4.908367132347084e+02 -7.257830688997103e+02  6.699411100712897e+02	 6.866409443318844e-03 -7.794326171278954e-03 -1.466073561459780e-02	1.000000000000000e+00	487	0	379
380	 1.082118477920268e+02 -4.813971493768870e+02  3.978300809296183e+03	-1.315545725325743e-02  9.201090472439926e-03  2.235654772569736e-02	1.000000000000000e+00	497	0	380
381	 5.469333189363029e+01 -7.022639658867960e+02  3.810952508684670e+03	-1.277089491486549e-02 -4.085947759449482e-03  8.684947155416012e-03	1.000000000000000e+00	497	0	381
382	4.701336599793887e+02 2.543114919660694e+02 2.725557342703387e+03	-3.994853740247588e-03  2.845586005908748e-03 -1.149267734338840e-03	1.000000000000000e+00	19	0	382
383	 2.776188053060968e+02 -2.042921357302127e+02  2.074438860333813e+03	-6.455863437925776e-03  3.185006479422251e-03 -3.270856958503524e-03	1.000000000000000e+00	19	0	383
384	-4.955454499229549e+02 -5.430708726999136e+02  4.729308976736305e+02	-9.749424255763491e-04  6.270812804965924e-03 -5.295870379389574e-03	1.000000000000000e+00	453	0	384
385	-1.656769582098501e+02 -6.532434964732331e+02  2.532350297338452e+02	-2.239780345310767e-03  9.335572753722468e-03 -7.095792408411701e-03	1.000000000000000e+00	453	0	385
386	8.311724016099859e+02 5.774644075900012e+02 2.595161988031014e+03	1.015787214661638e-02 4.611721883217494e-03 1.476959402983387e-02	1.000000000000000e+00	26	0	386
387	7.001520553077177e+02 7.501662594800453e+02 2.636843493618790e+03	1.101079210639000e-02 4.568879492580892e-03 1.557967159897089e-02	1.000000000000000e+00	26	0	387
388	2.795531856890045e+00 7.059267814593144e+02 1.309828867860482e+03	1.014981057960540e-02 1.084673393052071e-02 6.969233509153129e-04	1.000000000000000e+00	525	0	388
389	3.021728282297030e+02 4.756681751425439e+02 7.801929651708986e+02	 9.776587627129629e-03  9.503752895398065e-03 -2.728347317315637e-04	1.000000000000000e+00	525	0	389
390	2.594165862106593e+02 6.433694479437112e+02 2.523657981603545e+03	4.730591705689828e-04 2.097992944375922e-03 1.624933773806940e-03	1.000000000000000e+00	528	0	390
391	-2.394420204487533e+02  5.072435464659329e+02  2.886390686785179e+03	3.987534049277504e-04 1.248771567285682e-03 8.500181623579314e-04	1.000000000000000e+00	528	0	391
392	-3.502512631258551e+02  1.789778015398759e+02  1.370059749601335e+03	 5.981506314128637e-03  7.151207886636257e-03 -1.169701572507620e-03	1.000000000000000e+00	55	0	392
393	-2.370545647159639e+02  9.488973657927777e+01  1.567344512971825e+03	7.156988596155618e-03 6.902901465461279e-03 2.540871306943399e-04	1.000000000000000e+00	55	0	393
394	 6.885175388317393e+01 -3.571140894433494e+02  2.325254657593590e+03	 7.053063745843247e-05  1.611613843124360e-04 -9.063075412996113e-05	1.000000000000000e+00	55	0	394
396	-2.030858249285219e+02  3.310220210232337e+01  2.647393426647895e+03	 5.157617386430502e-03  6.327637005597353e-03 -1.170019619166851e-03	1.000000000000000e+00	55	0	396
397	-3.304448683037964e+02  9.135685783019143e+01  2.461779727544753e+03	 8.821432226492713e-04  1.122636012344931e-03 -2.404927896956603e-04	1.000000000000000e+00	55	0	397
398	-7.959963181539321e+02  3.816636128491266e+02  1.705921522675682e+03	-1.233694879920222e-02 -1.246216343133710e-02  1.252146321348847e-04	1.000000000000000e+00	55	0	398
399	-6.883277206137777e+02  2.971589373097024e+02  1.898094795755261e+03	-1.084553357213736e-02 -1.225007791072130e-02  1.404544338583946e-03	1.000000000000000e+00	55	0	399
400	-3.303352729271884e+02 -7.546772644984036e+02  2.277987313897628e+03	 1.379280273492138e-02 -1.808546095465620e-02 -4.292658219734828e-03	1.000000000000000e+00	528	0	400
402	-2.313162953163038e+01 -5.602477083540945e+01  3.283843450956180e+03	-4.124103599072744e-03  3.613983727215479e-03 -5.101198718572656e-04	1.000000000000000e+00	528	0	402
403	-8.415819568183474e+01 -1.956589632585764e+02  3.083182692382808e+03	-8.406176387021938e-03  6.406713121881087e-03 -1.999463265140851e-03	1.000000000000000e+00	528	0	403
404	1.000000000000000e+03 5.577765237952814e+02 2.472772698650674e+03	-8.329451257470850e-18 -6.293569924309849e-03 -6.293569924309852e-03	1.000000000000000e+00	528	1	404
405	8.874090121430586e+02 4.518422806172211e+02 2.254247467615673e+03	 2.224183610330025e-02 -2.963726067294677e-02 -7.395424569646518e-03	1.000000000000000e+00	528	0	405
406	3.575913483801802e+02 2.065122669377725e+02 1.479099790173345e+03	 1.156461754969011e-03 -1.727604559467484e-03 -5.711428044984739e-04	1.000000000000000e+00	528	0	406
407	5.064665469165207e+02 2.490992232420574e+02 1.670561945013971e+03	 4.031678700509170e-03 -5.350565033343932e-03 -1.318886332834760e-03	1.000000000000000e+00	528	0	407
408	-4.592403562387569e+02  1.354146637722298e+02  3.565203177425660e+03	-2.236689712541802e-04  7.938103857062135e-03 -7.714434885807957e-03	1.000000000000000e+00	528	0	408
409	-2.434007162373633e+02  1.792925517669869e+01  3.466848946019798e+03	 8.542659149194756e-04  6.325785982577751e-03 -7.180051897497227e-03	1.000000000000000e+00	528	0	409
410	 5.930265184443316e+02 -5.164238501752839e+02  3.164774816690086e+03	-5.375943534697095e-04 -4.707041642783831e-03  5.244635996253540e-03	1.000000000000000e+00	528	0	410
411	 3.828956178351150e+02 -3.830729200099225e+02  3.241554787133941e+03	-6.774528883397578e-04 -3.847066778689623e-03  4.524519667029381e-03	1.000000000000000e+00	528	0	411
412	 4.220388647076712e+02 -5.666175867846869e+02  2.732589541219779e+03	 8.111933556695780e-03  9.984302644928297e-03 -1.809623620162408e-02	1.000000000000000e+00	528	0	412
413	 1.852619766708760e+02 -7.742618203265974e+02  3.177010662798486e+03	 3.969538700547940e-19 -2.689334563910961e-02  2.689334563910961e-02	1.000000000000000e+00	528	0	413
414	-5.757811092631680e+02 -1.343502884254438e+02  3.298142216831376e+03	 1.650971046183258e-02  1.091796279253222e-18 -1.650971046183258e-02	1.000000000000000e+00	528	0	414
415	-4.528025920144877e+02 -2.968797619466297e+02  3.337693173103881e+03	 6.961392238736153e-03  4.839598201215267e-03 -1.180099043995142e-02	1.000000000000000e+00	528	0	415
416	-3.094106483213410e+01 -7.819404360319816e+02  1.841014760709356e+03	 6.329118429372707e-03 -1.304501558964451e-02  6.715897160271803e-03	1.000000000000000e+00	55	0	416
417	 1.309754109198967e+02 -6.620040781392007e+02  1.559161927064544e+03	 2.003201454256972e-02 -1.377156671757499e-02 -6.260447824994722e-03	1.000000000000000e+00	55	0	417
418	 2.589467563086701e+02 -1.016379394131078e+02  8.708244429496777e+02	 8.152117060186962e-03 -7.375415375766655e-03 -7.767016844203075e-04	1.000000000000000e+00	55	0	418
419	 1.987369940838441e+02 -2.118833419985994e+02  1.041279607759995e+03	 1.905404590070248e-02 -1.326365023851395e-02 -5.790395662188530e-03	1.000000000000000e+00	55	0	419
420	4.815141028179045e+02 2.163235602801993e+02 1.140639967986919e+03	-7.237909021569067e-04  6.533084442708059e-04  7.048245788610075e-05	5.625000000000000e-01	55	0	420
421	4.122060425853244e+02 1.007915041735215e+02 1.325480084326177e+03	-1.326774926080058e-03  7.354808233988782e-04  5.912941026811799e-04	1.000000000000000e+00	55	0	421
422	-2.197871609260540e+01 -1.924497438733518e+02  2.052906091050981e+03	 1.484662480652332e-02 -8.076296187937260e-03 -6.770328618586063e-03	7.500000000000000e-01	55	0	422
423	 8.785993595333439e+01 -1.150834238626805e+02  1.865701118994369e+03	-3.874689864460379e-03  4.564358328934759e-03 -6.896684644743801e-04	1.000000000000000e+00	55	0	423
424	 3.167394223431279e+02 -1.379395155634566e+02  3.870004691037609e+03	3.443770362840345e-03 2.695200246913979e-03 7.485701159263650e-04	1.000000000000000e+00	528	0	424
425	-4.033354099290773e+02  1.000000000000000e+03  2.011990343201947e+03	 1.029730139998719e-02 -9.799991528277703e-19  1.029730139998719e-02	1.000000000000000e+00	528	1	425
428	5.386887272532306e+02 8.780370358745076e+02 1.878138557179736e+03	3.029547719052062e-03 3.417760599404572e-04 2.687771659111604e-03	7.500000000000000e-01	528	0	428
429	 8.300480305315726e+01 -8.893649322664420e+02  3.189856601120612e+03	 1.197500635559360e-02 -6.213270748655002e-03  1.818827710424860e-02	1.000000000000000e+00	528	0	429
430	5.667670100712224e+02 9.090104835964042e+02 3.476889684425556e+03	-7.849328142280379e-03  5.002544804786642e-03 -2.846783337493738e-03	1.000000000000000e+00	19	0	430
431	 3.405167009293154e+02 -9.683827325922124e+02  1.373246159095032e+03	 7.623017144699892e-03 -1.245813552911083e-02 -4.835118384410938e-03	1.000000000000000e+00	19	0	431
432	-9.182775991216032e+02 -3.740035163082921e+02  7.265956904806574e+02	-9.766748019804556e-04  5.016924852194886e-03 -4.040250050214429e-03	1.000000000000000e+00	453	0	432
433	 2.366839130354325e+02 -8.023693379846703e+02  0.000000000000000e+00	-6.413811817765237e-03  6.413811817765234e-03  6.506525561740751e-18	1.000000000000000e+00	453	1	433
435	6.754357805674872e+02 2.105651591153900e+02 1.418269968059604e+02	9.464586134223888e-03 1.012089198532825e-02 6.563058511043588e-04	1.000000000000000e+00	525	0	435
436	8.931012166918882e+02 8.401948643556397e+02 2.086798767534244e+03	1.113712787628174e-03 5.661148577928543e-03 4.547435790300369e-03	1.000000000000000e+00	528	0	436
437	-8.781569076429575e+02  2.997729109231526e+02  3.317634938436603e+03	-4.949653521180153e-04 -4.537344910204411e-03 -4.042379558086395e-03	1.000000000000000e+00	528	0	437
438	-3.317368073126984e+01  3.124026473762898e+02  3.069749425023464e+03	-2.687896601855755e-03 -1.571840723045170e-03 -1.116055878810585e-03	1.000000000000000e+00	528	0	438
439	-1.090730467517039e+02  5.287372698785620e+02  2.777515436500758e+03	 3.110038545855786e-03  3.110038545855788e-03 -9.382032937444780e-19	1.000000000000000e+00	528	0	439
440	-2.719261545017627e+02 -2.810291445276591e+02  2.847608405967755e+03	-1.274807564914227e-02 -1.417514635249972e-02 -1.427070703357458e-03	7.500000000000000e-01	528	0	440
442	2.169955236331797e+02 9.490827145017207e+01 2.339574117984020e+03	-7.229440379887819e-03 -2.188505139201880e-03 -5.040935240685940e-03	1.000000000000000e+00	528	0	442
443	 1.955486588553313e+02 -1.564153678341729e+02  2.569450892490517e+03	-5.135904997587204e-03 -2.496707020327449e-03 -2.639197977259755e-03	1.000000000000000e+00	528	0	443
444	4.279078873677955e+02 1.391351293758543e+02 2.568155207501579e+03	-5.279170776096483e-03  4.065582101854186e-03 -1.213588674242298e-03	1.000000000000000e+00	19	0	444
445	 2.927481953049008e+02 -5.948973371270758e+01  2.234370652350122e+03	-7.386577315628529e-03  5.517628043889999e-03 -1.868949271738529e-03	1.000000000000000e+00	19	0	445
446	-4.123514708993125e+02 -5.734494715620015e+02  4.201155175120759e+02	-1.223145130400856e-03  6.928329860481123e-03 -5.705184730080267e-03	1.000000000000000e+00	453	0	446
447	-2.473777913430952e+02 -6.284987927183746e+02  3.101911591122318e+02	-1.889760683601101e-03  8.489080743553737e-03 -6.599320059952636e-03	1.000000000000000e+00	453	0	447
448	7.576010621463300e+01 6.506065743437435e+02 1.181544086387168e+03	9.148259647190571e-03 1.024491153657436e-02 1.096651889383793e-03	1.000000000000000e+00	525	0	448
449	2.313012056876821e+02 5.423033985448484e+02 9.176998111152238e+02	9.006081168384602e-03 9.684190134673068e-03 6.781089662884673e-04	1.000000000000000e+00	525	0	449
450	1.316478779320456e+02 6.024837982636583e+02 2.610541040202105e+03	4.261289529191951e-04 2.013365495561933e-03 1.587236542642738e-03	1.000000000000000e+00	528	0	450
452	1.902670546378121e+02 2.616295090390254e+01 3.579429856864934e+03	 2.133524976670715e-04 -4.913778149332923e-18  2.133524976670769e-04	1.000000000000000e+00	528	0	452
453	-1.819469402284501e+01  8.264645535419275e+01  3.314484603753986e+03	-1.171760074794292e-02 -9.488780051469803e-03 -2.228820696473122e-03	1.000000000000000e+00	528	0	453
454	-3.059908445752610e+02  8.181491597692523e+02  2.291185748786511e+03	7.681731173458199e-03 5.894059742180009e-03 1.787671431278189e-03	1.000000000000000e+00	528	0	454
455	-2.175618920997715e+02  6.511590205558132e+02  2.546604840475439e+03	5.796166136860847e-03 5.037250462919474e-03 7.589156739413738e-04	1.000000000000000e+00	528	0	455
457	-4.605907783156818e+02 -1.918596767420977e+02  3.125442497567235e+03	2.410763154330198e-03 3.213260752090719e-03 8.024975977605210e-04	5.625000000000000e-01	528	0	457
458	-4.267944779237106e+01 -9.189597665336531e+02  1.980431077252370e+03	-1.630985147009293e-02 -1.497225308169921e-02  1.337598388393720e-03	1.000000000000000e+00	528	0	458
459	-1.716277428402069e+02 -7.730411002761476e+02  2.255298038557711e+03	-1.526707185742756e-02 -1.747617536845307e-02 -2.209103511025508e-03	1.000000000000000e+00	528	0	459
460	4.370799490956449e+02 6.203449518082421e+02 2.034221863088415e+03	-2.149990769491221e-03 -2.582421487507720e-04 -1.891748620740448e-03	1.000000000000000e+00	528	0	460
461	3.264461868481901e+02 3.618316692262841e+02 2.182101383422918e+03	-4.238816987102230e-03 -4.368246688197058e-04 -3.801992318282525e-03	1.000000000000000e+00	528	0	461
464	5.537262858049121e+02 6.309048094472394e+02 3.185743286010081e+03	-5.102232020969192e-03  2.880010831480225e-03 -2.222221189488967e-03	1.000000000000000e+00	19	0	464
465	5.067348959839953e+02 3.741051811945264e+02 2.881952267936451e+03	-3.056546925411870e-03  2.093940721048663e-03 -9.626062043632071e-04	1.000000000000000e+00	19	0	465
466	 3.080927541338957e+02 -6.442800262117423e+02  1.664924918680083e+03	 3.536657391426464e-03 -1.406046018625299e-03  2.130611372801165e-03	1.000000000000000e+00	19	0	466
467	 2.859800716896577e+02 -3.504943802885663e+02  1.936597882159021e+03	-3.212784184142947e-03  1.439907238818705e-03 -1.772876945324242e-03	1.000000000000000e+00	19	0	467
468	-7.465835764523191e+02 -4.440300203633503e+02  6.249281718664314e+02	-5.464152200147511e-04  4.722516459878534e-03 -4.176101239863783e-03	1.000000000000000e+00	453	0	468
469	-5.790649071120955e+02 -5.111577969392229e+02  5.245372791020803e+02	-7.856000835696857e-04  5.699610415225227e-03 -4.914010331655542e-03	1.000000000000000e+00	453	0	469
470	 8.186153313536161e+01 -7.258908148665652e+02  7.834385678196558e+01	-2.117412320027749e-03  1.132109768999120e-02 -9.203685369963447e-03	1.000000000000000e+00	453	0	470
471	-8.421381255159467e+01 -6.767693726545612e+02  1.952977602569179e+02	-2.503362639496724e-03  1.012949094486733e-02 -7.626128305370609e-03	1.000000000000000e+00	453	0	471
472	-1.896798896588788e+02  9.011690712717334e+02  1.697546579188670e+03	 2.108902117470279e-02  2.031237439950928e-02 -7.766467751935122e-04	1.000000000000000e+00	525	0	472
473	-6.505157997546557e+01  7.660877229150664e+02  1.437836921148590e+03	1.176332120182148e-02 1.191585980025896e-02 1.525385984374832e-04	1.000000000000000e+00	525	0	473
474	5.049047112271226e+02 3.035576123848500e+02 4.053505194157851e+02	9.230524922410646e-03 1.130651620527109e-02 2.075991282860438e-03	1.000000000000000e+00	525	0	474
475	3.627959990911294e+02 4.048819209769118e+02 6.487835401438399e+02	 1.025840447012646e-02  9.979391538460428e-03 -2.790129316660261e-04	1.000000000000000e+00	525	0	475
476	6.406223881423306e+02 7.542847206865321e+02 2.253367452414694e+03	1.299575824911396e-03 5.770974753734966e-03 4.471398928823571e-03	1.000000000000000e+00	528	0	476
477	3.864503682221584e+02 6.805053766515827e+02 2.433760128299917e+03	6.046902465944488e-04 2.473063107269506e-03 1.868372860675057e-03	1.000000000000000e+00	528	0	477
478	-6.208313005165444e+02  3.990634369222251e+02  3.159599857309262e+03	-2.029810857493430e-04 -1.125852882978506e-03 -9.228717972291633e-04	7.500000000000000e-01	528	0	478
479	-3.664949456442825e+02  4.765688907296132e+02  2.982768956244388e+03	1.644694226949165e-04 6.972555468867844e-04 5.327861241918678e-04	1.000000000000000e+00	528	0	479
481	 3.353883969634761e+02 -1.902922103929679e+02  3.941006360487468e+03	 6.826322913790743e-03 -2.664095411698024e-03  9.490418325488767e-03	1.000000000000000e+00	528	0	481
484	5.859178944181012e+02 9.810484713465245e+02 3.568078556522555e+03	-8.461514759498337e-03  1.006166796044757e-02  1.600153200949232e-03	1.000000000000000e+00	19	0	484
485	 2.973257478212019e+02 -1.000000000000000e+03  1.298437938579131e+03	7.578512537293136e-03 5.237229218270084e-18 7.578512537293136e-03	1.000000000000000e+00	19	1	485
487	7.242893136042743e+02 1.688016059448372e+02 5.120991059862052e+01	 1.100284066827347e-02  1.039934697716187e-02 -6.034936911116048e-04	1.000000000000000e+00	525	0	487
488	-4.149649144256751e+01  3.652838480996007e+02  3.008545413588856e+03	-1.137167787722622e-03 -7.010987125492345e-04 -4.360690751733879e-04	1.000000000000000e+00	528	0	488
489	-7.054822144747875e+01  4.706266055288560e+02  2.874150926154689e+03	 1.794929945996652e-03  2.394997999848177e-03 -6.000680538515251e-04	1.000000000000000e+00	528	0	489
492	4.018947962293952e+02 8.672372468983831e+01 2.489730711677163e+03	-5.489546242946138e-03  4.603738062238942e-03 -8.858081807071965e-04	1.000000000000000e+00	19	0	492
493	 3.273074951247387e+02 -4.573795195275844e+00  2.323845890687392e+03	-5.774488303965579e-03  5.048860698783149e-03 -7.256276051824292e-04	1.000000000000000e+00	19	0	493
494	1.139063897110565e+02 6.243008174710494e+02 1.117092046018050e+03	8.838096866384149e-03 1.004086970351636e-02 1.202772837132215e-03	1.000000000000000e+00	525	0	494
496	-2.864555109454970e+02  7.747207884513440e+02  2.354149453734183e+03	7.536383888994655e-03 5.934732422853509e-03 1.601651466141144e-03	1.000000000000000e+00	528	0	496
497	-2.423054920183593e+02  6.910978951790023e+02  2.481922365933663e+03	6.515072581047813e-03 5.472867827241619e-03 1.042204753806193e-03	1.000000000000000e+00	528	0	497
499	-5.080063900443008e+02 -1.736296083809612e+02  3.191088177656991e+03	1.203192645334639e-02 1.502315441030078e-02 2.991227956954390e-03	5.625000000000000e-01	528	0	499
500	-7.378400023634838e+01 -8.759850267496682e+02  2.054510369480332e+03	-1.697834224129716e-02 -1.535940620427330e-02  1.618936037023863e-03	1.000000000000000e+00	528	0	500
501	-1.370723446903471e+02 -8.000861547006033e+02  2.193697585983395e+03	-1.703659237440055e-02 -1.742868705575044e-02 -3.920946813498940e-04	1.000000000000000e+00	528	0	501
502	5.463545198521284e+02 5.640153056060351e+02 3.111482016216093e+03	-4.158730036579072e-03  2.459997893311083e-03 -1.698732143267989e-03	1.000000000000000e+00	19	0	502
503	5.229529267800265e+02 4.354369804294245e+02 2.959502097967380e+03	-3.078517310010890e-03  2.031301109430691e-03 -1.047216200580199e-03	1.000000000000000e+00	19	0	503
504	 3.008917897737526e+02 -5.702714803209766e+02  1.731732500210705e+03	 2.495401034442087e-03 -1.092803470479945e-03  1.402597563962142e-03	1.000000000000000e+00	19	0	504
505	 2.910373620911831e+02 -4.238106319271584e+02  1.868338920921954e+03	-1.360034473085155e-03  6.076193337018291e-04 -7.524151393833259e-04	1.000000000000000e+00	19	0	505
506	-1.585749853319346e+02  8.657657618964353e+02  1.631038365486428e+03	 1.721829953991498e-02  1.654816385901843e-02 -6.701356808965403e-04	1.000000000000000e+00	525	0	506
507	-9.693946924772757e+01  7.980196495204672e+02  1.501656737026252e+03	 1.298195108150442e-02  1.279458698506157e-02 -1.873640964428582e-04	1.000000000000000e+00	525	0	507
508	 2.956262415535721e+02 -9.282885878510764e+01  3.803780853469704e+03	1.092511922858345e-03 8.547072696577136e-04 2.378046532006313e-04	1.000000000000000e+00	528	0	508
509	 2.308650949889254e+02 -5.247157126835611e+00  3.651438005246785e+03	 2.407381640902410e-04  5.221645600007226e-04 -2.814263959104816e-04	1.000000000000000e+00	528	0	509
510	-3.658035306935100e+02  9.512456651867735e+02  2.098276557250741e+03	1.126532544731162e-02 1.038006847375073e-02 8.852569735608992e-04	7.500000000000000e-01	528	0	510
511	-3.245060089694746e+02  8.623333573674361e+02  2.228486386794114e+03	7.317846175283194e-03 5.619124043732882e-03 1.698722131550312e-03	1.000000000000000e+00	528	0	511
514	 9.831223733647177e+01 -1.000000000000000e+03  1.758399158657180e+03	-6.344560533761946e-04  1.111573872702183e-17  6.344560533762011e-04	1.000000000000000e+00	528	1	514
515	-8.459854989971044e+00 -9.606140511175964e+02  1.904557199866026e+03	-1.368166622220694e-02 -1.386393211335720e-02 -1.822658911502611e-04	1.000000000000000e+00	528	0	515
516	5.644710932929144e+02 8.366044942226796e+02 3.402187778273523e+03	-8.072851303343972e-03  4.226244908447067e-03 -3.846606394896905e-03	1.000000000000000e+00	19	0	516
517	5.587103331736214e+02 6.990695454739198e+02 3.258892069405470e+03	-6.141163408756256e-03  3.344708820804954e-03 -2.796454587951303e-03	1.000000000000000e+00	19	0	517
518	 3.410085980091471e+02 -8.762724898121579e+02  1.465848298954919e+03	 9.377007372677326e-03 -4.437484778463840e-03  4.939522594213486e-03	1.000000000000000e+00	19	0	518
519	 3.202868291987289e+02 -7.209548006508567e+02  1.600444219305802e+03	 5.136269998426239e-03 -1.864786570270856e-03  3.271483428155382e-03	1.000000000000000e+00	19	0	519
520	-3.021827140370010e+02  1.000000000000000e+03  1.908880332295059e+03	 9.488247800618408e-03 -9.212977911964598e-18 -9.488247800618414e-03	1.000000000000000e+00	525	1	520
521	-2.218192960103609e+02  9.366841574740680e+02  1.765201071742487e+03	 2.709991261751081e-02  2.630273475854968e-02 -7.971778589611249e-04	1.000000000000000e+00	525	0	521
522	6.312905248183182e+02 2.362287760102116e+02 2.116358694499510e+02	8.829902935152251e-03 1.063732143181066e-02 1.807418496658404e-03	1.000000000000000e+00	525	0	522
523	-2.774731123488220e+01  2.581547257887933e+02  3.129423716107349e+03	-4.264330530228714e-03 -2.371783562315007e-03 -1.892546967913707e-03	1.000000000000000e+00	528	0	523
524	-2.144562541460085e+01  1.470191232389547e+02  3.246861004477469e+03	-8.369133031616608e-03 -4.492092256744702e-03 -3.877040774871906e-03	1.000000000000000e+00	528	0	524
526	-1.909634608799894e+02  6.126812376258617e+02  2.611681054625173e+03	5.078034436640640e-03 4.560297859522204e-03 5.177365771184365e-04	1.000000000000000e+00	528	0	526
527	-3.236632119349063e+02 -2.543294739589871e+02  2.926045133969571e+03	8.117588159317771e-03 1.019016288531323e-02 2.072574725995461e-03	1.000000000000000e+00	528	0	527
528	-4.149187631505393e+02 -2.119191408590239e+02  3.059711018285167e+03	5.717624522124727e-03 7.374883551771442e-03 1.657259029646714e-03	1.000000000000000e+00	528	0	528
530	-2.106555105690203e+02 -7.518984911879874e+02  2.315468415374684e+03	-1.390128670027480e-02 -1.463545305887237e-02 -7.341663585975762e-04	1.000000000000000e+00	528	0	530
531	4.500719851403976e+02 1.957513622510299e+02 2.646935538149357e+03	-4.698188044130802e-03  3.440176136791706e-03 -1.258011907339096e-03	1.000000000000000e+00	19	0	531
532	4.889449491148532e+02 3.138458097223725e+02 2.803902949595155e+03	-3.371216123923659e-03  2.356524113565683e-03 -1.014692010357976e-03	1.000000000000000e+00	19	0	532
533	 2.785892026531228e+02 -1.301314309007918e+02  2.149569962510260e+03	-7.518675100679199e-03  4.454036786531408e-03 -3.064638314147790e-03	1.000000000000000e+00	19	0	533
534	 2.812000204057823e+02 -2.774394871818903e+02  2.004872723981821e+03	-4.946413061891993e-03  2.260824587816994e-03 -2.685588474075000e-03	1.000000000000000e+00	19	0	534
535	3.867292116595503e+01 6.777158173871120e+02 1.245740514479215e+03	9.584761282894760e-03 1.050539122661576e-02 9.206299437209965e-04	1.000000000000000e+00	525	0	535
536	-3.178060974385188e+01  7.353829753702751e+02  1.373861203372185e+03	1.086088998514848e-02 1.130122055959267e-02 4.403305744441844e-04	1.000000000000000e+00	525	0	536
537	-6.888974075337455e+01  5.370612406144081e+02  2.745656101238275e+03	-7.923339823416122e-05  1.492820929949327e-03  1.572054328183488e-03	1.000000000000000e+00	528	0	537
539	 1.000000000000000e+03 -2.195359236161022e+02  6.670249685896064e+02	-2.412519454211057e-18 -1.020496408455074e-02 -1.020496408455074e-02	1.000000000000000e+00	487	1	539
540	4.638425175442718e+02 3.262059338570057e+02 4.690610345707916e+02	9.506450810780128e-03 1.134283669913808e-02 1.836385888357958e-03	1.000000000000000e+00	525	0	540
541	3.331544087041259e+02 4.394596923880904e+02 7.130029019420222e+02	 1.009695879959812e-02  9.589036034109691e-03 -5.079227654884260e-04	1.000000000000000e+00	525	0	541
542	1.923520256697280e+02 5.712544567761545e+02 9.856000493644841e+02	8.757281000725925e-03 9.785335627384484e-03 1.028054626658559e-03	1.000000000000000e+00	525	0	542
543	3.932377914391722e+02 3.747926098456615e+02 5.882524366645470e+02	1.015026037930511e-02 1.062593972892500e-02 4.756793496198955e-04	1.000000000000000e+00	525	0	543
544	2.463859975016618e+02 1.687746031975903e+02 2.295098260105084e+03	-5.955276564539720e-03 -7.372238129998246e-04 -5.218052751539896e-03	1.000000000000000e+00	528	0	544
545	2.011613572744036e+02 2.742782519111666e+01 2.391220397884299e+03	-6.769014988094568e-03 -1.996808219701052e-03 -4.772206768393517e-03	1.000000000000000e+00	528	0	545
546	2.681662558725521e+02 5.105505673659547e+02 8.490819297514603e+02	9.380223995928342e-03 9.572165251787132e-03 1.919412558587887e-04	1.000000000000000e+00	525	0	546
547	4.503052909016740e+02 6.988374112050333e+02 2.388237240173852e+03	7.268334738910198e-04 2.927357098087668e-03 2.200523624196649e-03	1.000000000000000e+00	528	0	547
548	8.253082088756879e+02 8.162615179538211e+02 2.130658428948626e+03	1.140841360514363e-03 6.392724385174612e-03 5.251883024660249e-03	1.000000000000000e+00	528	0	548
549	 1.962713840138907e+02 -9.957988923763828e+01  2.513338139052541e+03	-6.029553245753050e-03 -2.943279687315226e-03 -3.086273558437824e-03	1.000000000000000e+00	528	0	549
551	-9.772914552118308e+02 -5.611179293114044e+01  3.621414067285735e+03	-1.864494445423285e-03  1.109977446806928e-03  7.545169986163577e-04	1.000000000000000e+00	528	0	551
552	-3.032120958780325e+02  4.925685037355956e+02  2.935485719484121e+03	3.153886840057870e-04 1.053157039374734e-03 7.377683553689469e-04	1.000000000000000e+00	528	0	552
553	-8.462531108331790e+02 -1.274596820607050e+02  3.561723612036647e+03	-1.085830173299958e-03  5.017734753588835e-04  5.840566979410747e-04	1.000000000000000e+00	528	0	553
554	1.479945270428013e+02 1.527680144522664e+01 3.526271179811247e+03	7.206766895251349e-04 2.045454166363925e-04 9.252221061615273e-04	1.000000000000000e+00	528	0	554
558	 3.646503627356033e+02 -5.120674727953093e+02  2.735427929202470e+03	 7.303440943360329e-03  8.510911837220192e-03 -1.581435278058052e-02	1.000000000000000e+00	528	0	558
562	3.552581404705533e+02 4.283727174478446e+02 2.144372288823721e+03	-3.846965933917090e-03 -3.130710101686418e-04 -3.533894923748448e-03	1.000000000000000e+00	528	0	562
563	-7.228330758484501e+02 -1.371387055840251e+02  3.447982600575239e+03	 3.719610322150402e-05 -8.876738320395816e-05  5.157127998245414e-05	7.500000000000000e-01	528	0	563
564	1.500000000000000e+03 7.549498181773397e+02 2.669945993032733e+03	0.000000000000000e+00 0.000000000000000e+00 0.000000000000000e+00	1.000000000000000e+00	528	-1	350
568	 2.366839130354325e+02 -8.023693379846703e+02 -5.000000000000000e+02	0.000000000000000e+00 0.000000000000000e+00 0.000000000000000e+00	1.000000000000000e+00	453	-1	433
573	-1.766152370779787e+02  5.198779988920220e+02  2.836198355840493e+03	6.637725746259093e-04 1.441300846636295e-03 7.775282720103860e-04	1.000000000000000e+00	528	0	573
574	 3.033985837794575e+02 -4.538673597005642e+02  2.738479595063870e+03	 5.943816931297381e-03  6.662914839883645e-03 -1.260673177118103e-02	1.000000000000000e+00	528	0	574
575	 1.329483168840756e+01 -6.398496324567564e+02  3.214565619911113e+03	-5.693721584975719e-03 -1.804571552202106e-02  2.373943710699677e-02	1.000000000000000e+00	528	0	575
577	 2.973257478212019e+02 -1.500000000000000e+03  1.298437938579131e+03	0.000000000000000e+00 0.000000000000000e+00 0.000000000000000e+00	1.000000000000000e+00	19	-1	485
579	 1.870280470412953e+02 -3.808817594238006e+02  4.500000000000000e+03	0.000000000000000e+00 0.000000000000000e+00 0.000000000000000e+00	1.000000000000000e+00	497	-1	276
580	 9.831223733647177e+01 -1.500000000000000e+03  1.758399158657180e+03	0.000000000000000e+00 0.000000000000000e+00 0.000000000000000e+00	1.000000000000000e+00	528	-1	514
581	 1.500000000000000e+03 -2.195359236161022e+02  6.670249685896064e+02	0.000000000000000e+00 0.000000000000000e+00 0.000000000000000e+00	1.000000000000000e+00	487	-1	539
584	 2.740434130288572e+01 -7.702659666837270e+02  1.770994885226081e+03	 1.275613221029441e-02 -1.776169830312331e-02  5.005566092828910e-03	1.000000000000000e+00	55	0	584
585	8.842529776537796e+01 1.766002669678553e+01 3.469085175785383e+03	-1.609914877917618e-03  3.836799820419401e-03  2.226884942501783e-03	7.500000000000000e-01	528	0	585
588	 1.441107629990025e+02 -8.178074370079440e+02  3.179405065807959e+03	 1.421343907713890e-02 -1.027993112802505e-02  2.449337020516396e-02	1.000000000000000e+00	528	0	588
589	-6.635440095455618e+02 -1.394196233033171e+02  3.390974451991643e+03	 2.753778917394811e-04 -3.305324917164398e-04  5.515459997695872e-05	7.500000000000000e-01	528	0	589
591	 1.109758641371078e+02 -7.113312746761293e+02  1.628488670384262e+03	 2.052021965694924e-02 -1.782472982692222e-02 -2.695489830027023e-03	1.000000000000000e+00	55	0	591
592	1.500000000000000e+03 5.577765237952814e+02 2.472772698650674e+03	0.000000000000000e+00 0.000000000000000e+00 0.000000000000000e+00	1.000000000000000e+00	528	-1	404
593	 3.211527630822927e+02 -8.874030209046825e+02  6.780051082187333e+02	 5.541875027120113e-03 -6.751371547579765e-03 -1.229324657469988e-02	1.000000000000000e+00	487	0	593
594	 2.463367829628196e+02 -3.977350405491896e+02  2.739409076729134e+03	 6.835435982793570e-03  5.324724595993757e-03 -1.216016057878733e-02	1.000000000000000e+00	528	0	594
595	 8.807864057716367e+02 -3.534319487293599e+02  6.523425377047118e+02	 8.439854718744755e-03 -8.131015114486217e-03 -1.657086983323097e-02	1.000000000000000e+00	487	0	595
596	-4.033354099290773e+02  1.500000000000000e+03  2.011990343201947e+03	0.000000000000000e+00 0.000000000000000e+00 0.000000000000000e+00	1.000000000000000e+00	528	-1	425
598	-3.021827140370010e+02  1.500000000000000e+03  1.908880332295059e+03	0.000000000000000e+00 0.000000000000000e+00 0.000000000000000e+00	1.000000000000000e+00	525	-1	520
2	 0.000000000000000e+00  7.071067811865475e-01 -7.071067811865475e-01	 5.773502691896257e-01 -5.773502691896257e-01 -5.773502691896257e-01	-7.391622886003375e+02  7.391622886003375e+02  7.391622886003375e+02	1	0	0.000000000000000e+00	0.000000000000000e+00	0.000000000000000e+00
3	-7.071067811865475e-01  0.000000000000000e+00  7.071067811865475e-01	-5.773502691896257e-01  5.773502691896257e-01 -5.773502691896257e-01	 6.288536307352362e+02 -6.288536307352362e+02  6.288536307352362e+02	1	0	0.000000000000000e+00	0.000000000000000e+00	0.000000000000000e+00
4	0.000000000000000e+00 7.071067811865475e-01 7.071067811865475e-01	 5.773502691896257e-01 -5.773502691896257e-01  5.773502691896257e-01	 1.522636602155032e+03 -1.522636602155032e+03  1.522636602155032e+03	1	0	0.000000000000000e+00	0.000000000000000e+00	0.000000000000000e+00
5	 7.071067811865475e-01 -7.071067811865475e-01  0.000000000000000e+00	-5.773502691896257e-01 -5.773502691896257e-01  5.773502691896257e-01	-6.670373969193098e+02 -6.670373969193098e+02  6.670373969193098e+02	1	0	0.000000000000000e+00	0.000000000000000e+00	0.000000000000000e+00
7	-7.071067811865475e-01  7.071067811865475e-01  0.000000000000000e+00	-5.773502691896257e-01 -5.773502691896257e-01  5.773502691896257e-01	-3.955083929436755e+02 -3.955083929436755e+02  3.955083929436755e+02	1	0	0.000000000000000e+00	0.000000000000000e+00	0.000000000000000e+00
8	 0.000000000000000e+00 -7.071067811865475e-01 -7.071067811865475e-01	-5.773502691896257e-01  5.773502691896257e-01 -5.773502691896257e-01	 2.022325394193525e+02 -2.022325394193525e+02  2.022325394193525e+02	1	0	0.000000000000000e+00	0.000000000000000e+00	0.000000000000000e+00
9	-7.071067811865475e-01  0.000000000000000e+00  7.071067811865475e-01	-5.773502691896257e-01  5.773502691896257e-01 -5.773502691896257e-01	 7.132350399568309e+02 -7.132350399568309e+02  7.132350399568309e+02	1	0	0.000000000000000e+00	0.000000000000000e+00	0.000000000000000e+00
10	-7.071067811865475e-01 -7.071067811865475e-01  0.000000000000000e+00	-5.773502691896257e-01  5.773502691896257e-01  5.773502691896257e-01	-6.330962714223555e+02  6.330962714223555e+02  6.330962714223555e+02	1	0	0.000000000000000e+00	0.000000000000000e+00	0.000000000000000e+00
11	-7.071067811865475e-01 -7.071067811865475e-01  0.000000000000000e+00	0.000000000000000e+00 0.000000000000000e+00 0.000000000000000e+00	 2.192031021678289e+02 -4.907321061434643e+02  2.609224022578360e+03	1	1	0.000000000000000e+00	0.000000000000000e+00	0.000000000000000e+00
12	-7.071067811865475e-01 -7.071067811865475e-01  0.000000000000000e+00	-5.773502691896257e-01  5.773502691896257e-01  5.773502691896257e-01	-9.611938178929136e+02  9.611938178929136e+02  9.611938178929136e+02	1	0	0.000000000000000e+00	0.000000000000000e+00	0.000000000000000e+00
13	-7.071067811865475e-01  7.071067811865475e-01  0.000000000000000e+00	 5.773502691896257e-01  5.773502691896257e-01 -5.773502691896257e-01	-1.120999950441073e+03 -1.120999950441073e+03  1.120999950441073e+03	1	0	0.000000000000000e+00	0.000000000000000e+00	0.000000000000000e+00
14	-7.071067811865475e-01  7.071067811865475e-01  0.000000000000000e+00	0.000000000000000e+00 0.000000000000000e+00 0.000000000000000e+00	1.824335495461293e+02 3.747665940288727e+01 3.582910060272236e+03	1	1	0.000000000000000e+00	0.000000000000000e+00	0.000000000000000e+00
15	-7.071067811865475e-01  7.071067811865475e-01  0.000000000000000e+00	-5.773502691896257e-01 -5.773502691896257e-01  5.773502691896257e-01	-3.049987249517975e+02 -3.049987249517975e+02  3.049987249517975e+02	1	0	0.000000000000000e+00	0.000000000000000e+00	0.000000000000000e+00
16	 0.000000000000000e+00 -7.071067811865475e-01  7.071067811865475e-01	5.773502691896257e-01 5.773502691896257e-01 5.773502691896257e-01	1.080459161653044e+03 1.080459161653044e+03 1.080459161653044e+03	1	0	0.000000000000000e+00	0.000000000000000e+00	0.000000000000000e+00
17	 0.000000000000000e+00 -7.071067811865475e-01  7.071067811865475e-01	0.000000000000000e+00 0.000000000000000e+00 0.000000000000000e+00	 9.142890680742061e+02 -6.201326471006022e+02  2.947221063985530e+03	1	1	0.000000000000000e+00	0.000000000000000e+00	0.000000000000000e+00
18	 0.000000000000000e+00 -7.071067811865475e-01  7.071067811865475e-01	5.773502691896257e-01 5.773502691896257e-01 5.773502691896257e-01	8.626702730475879e+02 8.626702730475879e+02 8.626702730475879e+02	1	0	0.000000000000000e+00	0.000000000000000e+00	0.000000000000000e+00
19	 7.071067811865475e-01 -7.071067811865475e-01  0.000000000000000e+00	-5.773502691896257e-01 -5.773502691896257e-01 -5.773502691896257e-01	3.427110866150800e+02 3.427110866150800e+02 3.427110866150800e+02	1	0	0.000000000000000e+00	0.000000000000000e+00	0.000000000000000e+00
20	 7.071067811865475e-01 -7.071067811865475e-01  0.000000000000000e+00	0.000000000000000e+00 0.000000000000000e+00 0.000000000000000e+00	3.577960312803930e+02 7.283199846221450e+01 5.975052301026326e+02	1	1	0.000000000000000e+00	0.000000000000000e+00	0.000000000000000e+00
21	 7.071067811865475e-01 -7.071067811865475e-01  0.000000000000000e+00	-5.773502691896257e-01 -5.773502691896257e-01 -5.773502691896257e-01	6.128258770283411e+02 6.128258770283411e+02 6.128258770283411e+02	1	0	0.000000000000000e+00	0.000000000000000e+00	0.000000000000000e+00
22	-7.071067811865475e-01  0.000000000000000e+00 -7.071067811865475e-01	0.000000000000000e+00 0.000000000000000e+00 0.000000000000000e+00	1.000000000000000e+03 4.153257531310242e+02 4.000000000000000e+03	1	2	0.000000000000000e+00	0.000000000000000e+00	0.000000000000000e+00
23	-7.071067811865475e-01  0.000000000000000e+00 -7.071067811865475e-01	0.000000000000000e+00 0.000000000000000e+00 0.000000000000000e+00	1.000000000000000e+03 1.000000000000000e+03 3.415325753131025e+03	1	2	0.000000000000000e+00	0.000000000000000e+00	0.000000000000000e+00
25	-7.071067811865475e-01  0.000000000000000e+00  7.071067811865475e-01	0.000000000000000e+00 0.000000000000000e+00 0.000000000000000e+00	-1.000000000000000e+03 -1.000000000000000e+03  2.856711395993652e+03	1	2	0.000000000000000e+00	0.000000000000000e+00	0.000000000000000e+00
27	 0.000000000000000e+00  7.071067811865475e-01 -7.071067811865475e-01	0.000000000000000e+00 0.000000000000000e+00 0.000000000000000e+00	1.000000000000000e+03 1.000000000000000e+03 2.217486865801013e+03	1	2	0.000000000000000e+00	0.000000000000000e+00	0.000000000000000e+00
28	 0.000000000000000e+00  7.071067811865475e-01 -7.071067811865475e-01	0.000000000000000e+00 0.000000000000000e+00 0.000000000000000e+00	 1.000000000000000e+03 -7.825131341989875e+02  4.000000000000000e+03	1	2	0.000000000000000e+00	0.000000000000000e+00	0.000000000000000e+00
29	 0.000000000000000e+00  7.071067811865475e-01 -7.071067811865475e-01	0.000000000000000e+00 0.000000000000000e+00 0.000000000000000e+00	 7.825131341989878e+02 -1.000000000000000e+03  4.000000000000000e+03	1	2	0.000000000000000e+00	0.000000000000000e+00	0.000000000000000e+00
30	 0.000000000000000e+00  7.071067811865475e-01 -7.071067811865475e-01	0.000000000000000e+00 0.000000000000000e+00 0.000000000000000e+00	-3.047419260900066e+00 -1.000000000000000e+03  3.214439446540112e+03	1	2	0.000000000000000e+00	0.000000000000000e+00	0.000000000000000e+00
32	-7.071067811865475e-01  0.000000000000000e+00  7.071067811865475e-01	0.000000000000000e+00 0.000000000000000e+00 0.000000000000000e+00	 8.865608922057086e+02 -1.000000000000000e+03  0.000000000000000e+00	1	2	0.000000000000000e+00	0.000000000000000e+00	0.000000000000000e+00
33	-7.071067811865475e-01  0.000000000000000e+00  7.071067811865475e-01	0.000000000000000e+00 0.000000000000000e+00 0.000000000000000e+00	 1.824424279413098e+02 -1.000000000000000e+03  7.041184642643988e+02	1	2	0.000000000000000e+00	0.000000000000000e+00	0.000000000000000e+00
35	0.000000000000000e+00 7.071067811865475e-01 7.071067811865475e-01	0.000000000000000e+00 0.000000000000000e+00 0.000000000000000e+00	-2.508302236920881e+01 -1.000000000000000e+03  3.592992828834305e+03	1	2	0.000000000000000e+00	0.000000000000000e+00	0.000000000000000e+00
36	 7.071067811865475e-01 -7.071067811865475e-01  0.000000000000000e+00	0.000000000000000e+00 0.000000000000000e+00 0.000000000000000e+00	-1.000000000000000e+03  1.000000000000000e+03  2.001112190757930e+03	1	2	0.000000000000000e+00	0.000000000000000e+00	0.000000000000000e+00
37	 7.071067811865475e-01 -7.071067811865475e-01  0.000000000000000e+00	0.000000000000000e+00 0.000000000000000e+00 0.000000000000000e+00	-1.000000000000000e+03 -1.000000000000000e+03  1.112190757929056e+00	1	2	0.000000000000000e+00	0.000000000000000e+00	0.000000000000000e+00
39	 7.071067811865475e-01 -7.071067811865475e-01  0.000000000000000e+00	0.000000000000000e+00 0.000000000000000e+00 0.000000000000000e+00	-1.000000000000000e+03  4.343145750507622e+02  0.000000000000000e+00	1	2	0.000000000000000e+00	0.000000000000000e+00	0.000000000000000e+00
41	-7.071067811865475e-01  7.071067811865475e-01  0.000000000000000e+00	0.000000000000000e+00 0.000000000000000e+00 0.000000000000000e+00	1.000000000000000e+03 1.000000000000000e+03 3.186525178831027e+03	1	2	0.000000000000000e+00	0.000000000000000e+00	0.000000000000000e+00
42	-7.071067811865475e-01  7.071067811865475e-01  0.000000000000000e+00	0.000000000000000e+00 0.000000000000000e+00 0.000000000000000e+00	5.010832565103409e+02 1.000000000000000e+03 2.687608435341368e+03	1	2	0.000000000000000e+00	0.000000000000000e+00	0.000000000000000e+00
44	 0.000000000000000e+00 -7.071067811865475e-01 -7.071067811865475e-01	0.000000000000000e+00 0.000000000000000e+00 0.000000000000000e+00	1.000000000000000e+03 3.933023817419428e+02 0.000000000000000e+00	1	2	0.000000000000000e+00	0.000000000000000e+00	0.000000000000000e+00
45	 0.000000000000000e+00 -7.071067811865475e-01 -7.071067811865475e-01	0.000000000000000e+00 0.000000000000000e+00 0.000000000000000e+00	7.405808628673858e+02 1.338832446093279e+02 0.000000000000000e+00	1	2	0.000000000000000e+00	0.000000000000000e+00	0.000000000000000e+00
46	-7.071067811865475e-01  0.000000000000000e+00  7.071067811865475e-01	0.000000000000000e+00 0.000000000000000e+00 0.000000000000000e+00	 1.000000000000000e+03 -1.000000000000000e+03  1.397051198704921e+02	1	2	0.000000000000000e+00	0.000000000000000e+00	0.000000000000000e+00
47	-7.071067811865475e-01  0.000000000000000e+00  7.071067811865475e-01	0.000000000000000e+00 0.000000000000000e+00 0.000000000000000e+00	-1.000000000000000e+03 -1.000000000000000e+03  2.139705119870493e+03	1	2	0.000000000000000e+00	0.000000000000000e+00	0.000000000000000e+00
48	-7.071067811865475e-01  0.000000000000000e+00  7.071067811865475e-01	0.000000000000000e+00 0.000000000000000e+00 0.000000000000000e+00	-1.000000000000000e+03  2.488901702552889e+02  3.388595290125781e+03	1	2	0.000000000000000e+00	0.000000000000000e+00	0.000000000000000e+00
49	-7.071067811865475e-01  7.071067811865475e-01  0.000000000000000e+00	5.773502691896257e-01 5.773502691896257e-01 5.773502691896257e-01	8.626702730475879e+02 8.626702730475879e+02 8.626702730475879e+02	1	0	0.000000000000000e+00	0.000000000000000e+00	0.000000000000000e+00
50	 0.000000000000000e+00 -7.071067811865475e-01 -7.071067811865475e-01	-5.773502691896257e-01 -5.773502691896257e-01  5.773502691896257e-01	-1.120999950441073e+03 -1.120999950441073e+03  1.120999950441073e+03	1	0	0.000000000000000e+00	0.000000000000000e+00	0.000000000000000e+00
53	 7.071067811865475e-01 -7.071067811865475e-01  0.000000000000000e+00	5.773502691896257e-01 5.773502691896257e-01 5.773502691896257e-01	8.626702730475879e+02 8.626702730475879e+02 8.626702730475879e+02	1	0	0.000000000000000e+00	0.000000000000000e+00	0.000000000000000e+00
56	 7.071067811865475e-01 -7.071067811865475e-01  0.000000000000000e+00	-5.773502691896257e-01 -5.773502691896257e-01 -5.773502691896257e-01	-1.885618083164127e+02 -1.885618083164127e+02 -1.885618083164127e+02	1	0	0.000000000000000e+00	0.000000000000000e+00	0.000000000000000e+00
57	 7.071067811865475e-01 -7.071067811865475e-01  0.000000000000000e+00	0.000000000000000e+00 0.000000000000000e+00 0.000000000000000e+00	-1.000000000000000e+03  4.343145750507622e+02  0.000000000000000e+00	1	2	0.000000000000000e+00	0.000000000000000e+00	0.000000000000000e+00
61	 7.071067811865475e-01 -7.071067811865475e-01  0.000000000000000e+00	0.000000000000000e+00 0.000000000000000e+00 0.000000000000000e+00	-1.000000000000000e+03 -1.000000000000000e+03  1.112190757929056e+00	1	2	0.000000000000000e+00	0.000000000000000e+00	0.000000000000000e+00
62	-7.071067811865475e-01  0.000000000000000e+00  7.071067811865475e-01	 5.773502691896257e-01 -5.773502691896257e-01  5.773502691896257e-01	 9.522371319978838e+02 -9.522371319978838e+02  9.522371319978838e+02	1	0	0.000000000000000e+00	0.000000000000000e+00	0.000000000000000e+00
64	-7.071067811865475e-01  0.000000000000000e+00  7.071067811865475e-01	0.000000000000000e+00 0.000000000000000e+00 0.000000000000000e+00	-1.000000000000000e+03 -1.000000000000000e+03  2.856711395993652e+03	1	2	0.000000000000000e+00	0.000000000000000e+00	0.000000000000000e+00
65	 7.071067811865475e-01  0.000000000000000e+00 -7.071067811865475e-01	0.000000000000000e+00 0.000000000000000e+00 0.000000000000000e+00	 1.000000000000000e+03 -8.865608922057086e+02  0.000000000000000e+00	1	2	0.000000000000000e+00	0.000000000000000e+00	0.000000000000000e+00
67	 0.000000000000000e+00 -7.071067811865475e-01 -7.071067811865475e-01	0.000000000000000e+00 0.000000000000000e+00 0.000000000000000e+00	-4.320901935349040e+02 -1.000000000000000e+03  4.000000000000000e+03	1	2	0.000000000000000e+00	0.000000000000000e+00	0.000000000000000e+00
68	 7.071067811865475e-01 -7.071067811865475e-01  0.000000000000000e+00	0.000000000000000e+00 0.000000000000000e+00 0.000000000000000e+00	1.000000000000000e+03 5.577765237952814e+02 2.472772698650674e+03	1	2	0.000000000000000e+00	0.000000000000000e+00	0.000000000000000e+00
69	-7.071067811865475e-01  0.000000000000000e+00 -7.071067811865475e-01	-5.773502691896257e-01  5.773502691896257e-01  5.773502691896257e-01	-1.138441917710341e+03  1.138441917710341e+03  1.138441917710341e+03	1	0	0.000000000000000e+00	0.000000000000000e+00	0.000000000000000e+00
70	-7.071067811865475e-01  0.000000000000000e+00 -7.071067811865475e-01	0.000000000000000e+00 0.000000000000000e+00 0.000000000000000e+00	1.000000000000000e+03 1.000000000000000e+03 3.415325753131025e+03	1	2	0.000000000000000e+00	0.000000000000000e+00	0.000000000000000e+00
73	0.000000000000000e+00 7.071067811865475e-01 7.071067811865475e-01	0.000000000000000e+00 0.000000000000000e+00 0.000000000000000e+00	1.000000000000000e+03 1.000000000000000e+03 6.066976182580577e+02	1	2	0.000000000000000e+00	0.000000000000000e+00	0.000000000000000e+00
69	0	1	1
22	1	0	1
22	0	205	-1
69	481	0	0
69	1	2	1
23	2	1	1
22	206	1	-1
23	1	206	-1
23	207	2	-1
70	2	207	-1
69	2	425	1
70	425	2	1
62	4	5	1
25	5	4	1
25	4	209	-1
62	359	4	0
25	210	5	-1
64	5	210	-1
62	5	514	1
64	514	5	1
2	7	8	1
27	8	7	1
27	7	212	-1
2	428	7	0
2	8	9	1
28	9	8	1
27	213	8	-1
28	8	213	-1
2	9	10	1
29	10	9	1
28	214	9	-1
29	9	214	-1
2	10	11	1
30	11	10	1
29	215	10	-1
30	10	215	-1
30	216	11	-1
2	11	429	0
3	13	14	1
32	14	13	1
32	13	218	-1
65	13	218	-1
3	539	13	1
65	539	13	1
3	14	15	1
33	15	14	1
32	219	14	-1
33	14	219	-1
33	220	15	-1
3	15	327	0
4	17	18	1
35	18	17	1
35	17	222	-1
67	17	222	-1
4	276	17	1
67	276	17	1
35	223	18	-1
4	18	329	0
5	19	20	1
36	20	19	1
36	19	224	-1
5	484	19	0
5	20	21	1
37	21	20	1
36	225	20	-1
37	20	225	-1
37	226	21	-1
61	21	226	-1
5	21	485	1
61	485	21	1
56	23	24	1
39	24	23	1
39	23	228	-1
56	432	23	0
39	229	24	-1
57	24	229	-1
56	24	433	1
57	433	24	1
7	26	27	1
41	27	26	1
41	26	231	-1
7	334	26	0
7	27	28	1
42	28	27	1
41	232	27	-1
42	27	232	-1
42	233	28	-1
7	28	335	0
8	30	31	1
44	31	30	1
44	30	235	-1
73	30	235	-1
8	520	30	1
73	520	30	1
8	31	32	1
45	32	31	1
44	236	31	-1
45	31	236	-1
45	237	32	-1
8	32	487	0
9	33	34	1
46	34	33	1
46	33	238	-1
9	436	33	0
9	34	35	1
47	35	34	1
46	239	34	-1
47	34	239	-1
9	35	36	1
48	36	35	1
47	240	35	-1
48	35	240	-1
48	241	36	-1
9	36	437	0
10	37	38	0
11	38	37	0
11	37	40	0
10	340	37	0
11	39	38	0
10	38	341	0
11	40	39	0
12	39	40	0
12	342	39	0
12	40	343	0
10	41	344	0
10	345	41	0
12	42	346	0
12	347	42	0
13	43	44	0
14	44	43	0
14	43	46	0
13	348	43	0
14	45	44	0
13	44	452	0
14	46	45	0
15	45	46	0
15	350	45	0
15	46	351	0
15	48	354	0
15	355	48	0
16	49	50	0
17	50	49	0
17	49	52	0
16	356	49	0
17	51	50	0
16	50	357	0
17	52	51	0
18	51	52	0
18	358	51	0
18	52	551	0
16	53	360	0
16	361	53	0
18	54	362	0
18	363	54	0
19	55	56	0
20	56	55	0
20	55	58	0
19	364	55	0
20	57	56	0
19	56	365	0
20	58	57	0
21	57	58	0
21	366	57	0
21	58	367	0
19	59	368	0
19	369	59	0
21	60	370	0
21	371	60	0
22	205	206	-1
23	206	207	-1
70	207	596	-1
25	209	210	-1
64	210	580	-1
27	212	213	-1
28	213	214	-1
29	214	215	-1
30	215	216	-1
32	218	219	-1
65	218	581	-1
33	219	220	-1
35	222	223	-1
67	222	579	-1
36	224	225	-1
37	225	226	-1
61	226	577	-1
39	228	229	-1
57	229	568	-1
41	231	232	-1
42	232	233	-1
44	235	236	-1
73	235	598	-1
45	236	237	-1
46	238	239	-1
47	239	240	-1
48	240	241	-1
69	242	488	0
69	489	242	0
13	243	256	0
62	256	243	0
13	353	243	0
62	243	440	0
2	244	545	0
2	549	244	0
3	245	378	0
3	379	245	0
4	246	380	0
4	381	246	0
5	247	492	0
5	493	247	0
56	248	446	0
56	447	248	0
7	249	386	0
7	387	249	0
8	250	494	0
8	542	250	0
9	251	450	0
9	537	251	0
10	252	392	0
10	393	252	0
10	253	315	0
10	394	253	0
12	254	396	0
12	397	254	0
12	398	255	0
12	255	399	0
13	256	400	0
62	530	256	0
13	402	257	0
13	257	403	0
15	258	404	0
15	405	258	0
15	406	259	0
15	259	407	0
16	260	408	0
16	409	260	0
16	410	261	0
16	261	411	0
2	262	377	0
18	413	262	0
2	413	262	0
18	262	594	0
18	414	263	0
18	263	415	0
19	264	584	0
19	591	264	0
19	418	265	0
19	265	419	0
21	266	420	0
21	421	266	0
21	422	267	0
21	267	423	0
13	268	402	0
69	268	452	0
13	452	268	0
50	452	268	0
69	453	268	0
50	268	585	0
69	496	269	0
69	269	497	0
62	500	271	0
62	271	501	0
2	272	460	0
2	562	272	0
3	378	274	0
3	274	595	0
3	275	379	0
3	593	275	0
4	380	276	0
67	579	276	-1
4	329	277	0
4	277	381	0
5	278	502	0
5	503	278	0
5	504	279	0
5	279	505	0
56	280	468	0
56	469	280	0
56	470	281	0
56	281	471	0
7	282	334	0
7	386	282	0
7	335	283	0
7	283	387	0
8	284	506	0
8	507	284	0
8	540	285	0
8	285	543	0
9	286	476	0
9	547	286	0
9	478	287	0
9	287	479	0
10	288	340	0
10	392	288	0
10	341	289	0
10	289	394	0
12	290	342	0
12	396	290	0
12	343	291	0
12	291	398	0
10	344	292	0
10	292	393	0
10	315	293	0
10	293	345	0
12	346	294	0
12	294	397	0
12	295	347	0
12	399	295	0
13	296	348	0
13	400	296	0
15	351	299	0
15	299	406	0
13	301	353	0
13	403	301	0
15	354	302	0
15	302	405	0
15	303	355	0
15	407	303	0
16	304	356	0
16	408	304	0
16	357	305	0
16	305	410	0
18	306	358	0
18	412	306	0
18	359	307	0
62	307	359	0
49	359	307	0
18	307	414	0
62	414	307	0
53	414	307	0
49	307	553	0
53	307	563	0
16	360	308	0
16	308	409	0
16	309	361	0
16	411	309	0
18	310	413	0
18	575	310	0
18	311	363	0
18	415	311	0
19	312	364	0
19	416	312	0
19	365	313	0
19	313	418	0
21	314	366	0
21	420	314	0
21	367	315	0
21	315	422	0
19	368	316	0
19	316	417	0
19	317	369	0
19	419	317	0
21	370	318	0
21	318	421	0
21	319	371	0
21	423	319	0
69	320	508	0
69	509	320	0
69	510	321	0
69	321	511	0
62	514	323	0
62	323	515	0
2	324	428	0
2	460	324	0
3	326	539	0
3	595	326	0
3	327	593	0
5	330	516	0
5	517	330	0
5	518	331	0
5	331	519	0
56	332	432	0
56	468	332	0
56	433	333	0
56	333	470	0
8	336	520	0
8	521	336	0
8	337	474	0
8	522	337	0
9	476	338	0
9	338	548	0
9	437	339	0
9	339	478	0
15	404	350	1
68	404	350	1
68	350	564	-1
18	551	359	0
49	553	359	0
18	362	575	0
69	523	372	0
69	372	524	0
69	373	439	0
69	526	373	0
62	527	374	0
62	374	528	0
2	376	461	0
2	544	376	0
2	377	443	0
5	531	382	0
5	382	532	0
5	383	533	0
5	534	383	0
56	446	384	0
56	384	469	0
56	385	447	0
56	471	385	0
8	535	388	0
8	388	536	0
8	541	389	0
8	389	546	0
9	450	390	0
9	390	477	0
9	552	391	0
9	391	573	0
68	592	404	-1
18	558	412	0
2	588	413	0
62	499	414	0
53	589	414	0
19	584	416	0
19	417	591	0
69	424	481	0
69	508	424	0
69	425	510	0
70	596	425	-1
2	429	588	0
5	430	484	0
5	516	430	0
5	485	431	0
5	431	518	0
57	568	433	-1
8	487	435	0
8	435	522	0
9	548	436	0
69	488	438	0
69	438	523	0
69	439	489	0
9	439	537	0
9	573	439	0
62	440	527	0
2	442	544	0
2	545	442	0
2	443	549	0
5	492	444	0
5	444	531	0
5	445	493	0
5	533	445	0
8	494	448	0
8	448	535	0
8	449	542	0
8	546	449	0
69	452	509	0
50	554	452	0
69	524	453	0
69	454	496	0
69	511	454	0
69	497	455	0
69	455	526	0
62	457	499	0
62	528	457	0
62	458	500	0
62	515	458	0
62	501	459	0
62	459	530	0
2	461	562	0
5	502	464	0
5	464	517	0
5	465	503	0
5	532	465	0
5	466	504	0
5	519	466	0
5	505	467	0
5	467	534	0
8	506	472	0
8	472	521	0
8	473	507	0
8	536	473	0
8	474	540	0
8	475	541	0
8	543	475	0
9	477	547	0
9	479	552	0
61	577	485	-1
64	580	514	-1
73	598	520	-1
65	581	539	-1
50	585	554	0
18	574	558	0
53	563	589	0
68	564	592	-1
18	594	574	0
