382
53
488
0	 3.308715894068544e+02 -2.538026574621216e+02  4.000000000000000e+03	 9.893796406686306e-03  9.893796406686306e-03 -1.999237760754614e-18	1.000000000000000e+00	539	1	0
1	1.000000000000000e+03 4.153257531310242e+02 4.000000000000000e+03	0.000000000000000e+00 0.000000000000000e+00 0.000000000000000e+00	1.000000000000000e+00	539	1	1
2	1.000000000000000e+03 1.000000000000000e+03 3.415325753131025e+03	0.000000000000000e+00 0.000000000000000e+00 0.000000000000000e+00	1.000000000000000e+00	539	1	2
4	-1.000000000000000e+03 -1.160852225001422e+02  3.740626173493510e+03	 2.826665475753959e-18 -1.009427430108190e-02 -1.009427430108190e-02	1.000000000000000e+00	539	1	4
5	-1.000000000000000e+03 -1.000000000000000e+03  2.856711395993652e+03	0.000000000000000e+00 0.000000000000000e+00 0.000000000000000e+00	1.000000000000000e+00	539	1	5
7	5.944179517047339e+02 1.000000000000000e+03 1.811904817505747e+03	4.357122583314776e-03 1.831504146729212e-19 4.357122583314776e-03	1.000000000000000e+00	539	1	7
8	1.000000000000000e+03 1.000000000000000e+03 2.217486865801013e+03	0.000000000000000e+00 0.000000000000000e+00 0.000000000000000e+00	1.000000000000000e+00	539	1	8
9	 1.000000000000000e+03 -7.825131341989875e+02  4.000000000000000e+03	0.000000000000000e+00 0.000000000000000e+00 0.000000000000000e+00	1.000000000000000e+00	539	1	9
10	 7.825131341989878e+02 -1.000000000000000e+03  4.000000000000000e+03	0.000000000000000e+00 0.000000000000000e+00 0.000000000000000e+00	1.000000000000000e+00	539	1	10
11	-3.285397703055186e-01 -1.000000000000000e+03  3.217158326030707e+03	4.360213526524603e-03 3.712757208999887e-19 4.360213526524603e-03	1.000000000000000e+00	539	1	11
13	 1.000000000000000e+03 -8.865608922057086e+02  0.000000000000000e+00	0.000000000000000e+00 0.000000000000000e+00 0.000000000000000e+00	1.000000000000000e+00	487	1	13
14	 8.865608922057086e+02 -1.000000000000000e+03  0.000000000000000e+00	0.000000000000000e+00 0.000000000000000e+00 0.000000000000000e+00	1.000000000000000e+00	487	1	14
15	 1.915538433894954e+02 -1.000000000000000e+03  6.950070488162131e+02	 9.675421053543689e-03  3.491522545712082e-18 -9.675421053543685e-03	1.000000000000000e+00	487	1	15
17	-4.320901935349040e+02 -1.000000000000000e+03  4.000000000000000e+03	0.000000000000000e+00 0.000000000000000e+00 0.000000000000000e+00	1.000000000000000e+00	497	1	17
18	-2.523079795876995e+01 -1.000000000000000e+03  3.593140604423866e+03	-3.013676177943125e-04  6.533753712162128e-20  3.013676177943125e-04	1.000000000000000e+00	497	1	18
19	6.204311010442437e+02 1.000000000000000e+03 3.621543291802173e+03	-2.309665782377123e-03 -2.610924097201085e-18 -2.309665782377125e-03	1.000000000000000e+00	19	1	19
20	-1.000000000000000e+03  1.000000000000000e+03  2.001112190757930e+03	0.000000000000000e+00 0.000000000000000e+00 0.000000000000000e+00	1.000000000000000e+00	19	1	20
21	-1.000000000000000e+03 -1.000000000000000e+03  1.112190757929056e+00	0.000000000000000e+00 0.000000000000000e+00 0.000000000000000e+00	1.000000000000000e+00	19	1	21
23	-1.000000000000000e+03 -3.417101551364927e+02  7.760247301872549e+02	 4.065327018546237e-19  5.278661381453276e-03 -5.278661381453276e-03	1.000000000000000e+00	453	1	23
24	-1.000000000000000e+03  4.343145750507622e+02  0.000000000000000e+00	0.000000000000000e+00 0.000000000000000e+00 0.000000000000000e+00	1.000000000000000e+00	453	1	24
26	1.000000000000000e+03 3.615959694224136e+02 2.548121148253441e+03	-6.161131538464850e-18  1.160711771808565e-02  1.160711771808564e-02	1.000000000000000e+00	26	1	26
27	1.000000000000000e+03 1.000000000000000e+03 3.186525178831027e+03	0.000000000000000e+00 0.000000000000000e+00 0.000000000000000e+00	1.000000000000000e+00	26	1	27
28	5.107720868132382e+02 1.000000000000000e+03 2.697297265644266e+03	 9.796274825930595e-03 -1.243760965953717e-18  9.796274825930595e-03	1.000000000000000e+00	26	1	28
30	1.000000000000000e+03 1.000000000000000e+03 6.066976182580577e+02	0.000000000000000e+00 0.000000000000000e+00 0.000000000000000e+00	1.000000000000000e+00	525	1	30
31	1.000000000000000e+03 3.933023817419428e+02 0.000000000000000e+00	0.000000000000000e+00 0.000000000000000e+00 0.000000000000000e+00	1.000000000000000e+00	525	1	31
32	7.484790174335413e+02 1.417813991754834e+02 0.000000000000000e+00	9.285891894251108e-03 9.285891894251108e-03 1.106608868839306e-19	1.000000000000000e+00	525	1	32
33	1.000000000000000e+03 8.802129811238503e+02 2.019918100994343e+03	-1.822814203541195e-19  4.228556877933443e-03  4.228556877933443e-03	1.000000000000000e+00	539	1	33
34	 1.000000000000000e+03 -1.000000000000000e+03  1.397051198704921e+02	0.000000000000000e+00 0.000000000000000e+00 0.000000000000000e+00	1.000000000000000e+00	539	1	34
35	-1.000000000000000e+03 -1.000000000000000e+03  2.139705119870493e+03	0.000000000000000e+00 0.000000000000000e+00 0.000000000000000e+00	1.000000000000000e+00	539	1	35
36	-1.000000000000000e+03  2.438972590402780e+02  3.383602378910770e+03	 9.281411732883998e-21 -5.143919959664345e-03 -5.143919959664345e-03	1.000000000000000e+00	539	1	36
37	-5.395224740453357e+02  2.679934700697016e+02  1.091772870152029e+03	0.000000000000000e+00 0.000000000000000e+00 0.000000000000000e+00	1.000000000000000e+00	55	0	37
38	 2.192031021678290e+02 -4.907321061434644e+02  2.609224022578360e+03	0.000000000000000e+00 0.000000000000000e+00 0.000000000000000e+00	1.000000000000000e+00	55	0	38
39	-1.088944443027285e+02 -1.626345596729055e+02  2.937321569048918e+03	0.000000000000000e+00 0.000000000000000e+00 0.000000000000000e+00	1.000000000000000e+00	55	0	39
40	-8.676200205158938e+02  5.960910165402597e+02  1.419870416622587e+03	0.000000000000000e+00 0.000000000000000e+00 0.000000000000000e+00	1.000000000000000e+00	55	0	40
41	-1.217429176670540e+02 -7.843872249732158e+01  1.855984619097334e+03	6.114871668008466e-03 5.293824283095698e-03 8.210473849127691e-04	1.000000000000000e+00	55	0	41
42	-5.184127779980450e+02  1.825948361748406e+02  2.182573839505855e+03	-5.941004065486292e-03 -7.338673768875499e-03  1.397669703389208e-03	1.000000000000000e+00	55	0	42
43	-6.102331521639902e+02 -7.551900423072325e+02  1.997576656851997e+03	0.000000000000000e+00 0.000000000000000e+00 0.000000000000000e+00	1.000000000000000e+00	539	0	43
44	1.824335495461294e+02 3.747665940288736e+01 3.582910060272236e+03	0.000000000000000e+00 0.000000000000000e+00 0.000000000000000e+00	1.000000000000000e+00	539	0	44
45	9.984347750354048e+02 8.534778848921626e+02 2.766908834782960e+03	0.000000000000000e+00 0.000000000000000e+00 0.000000000000000e+00	1.000000000000000e+00	539	0	45
46	2.057680733252849e+02 6.081118318204359e+01 1.181575431362721e+03	0.000000000000000e+00 0.000000000000000e+00 0.000000000000000e+00	1.000000000000000e+00	539	0	46
48	7.136891314008946e+02 3.400950636850027e+02 1.968780369941290e+03	 1.436143818621834e-02 -1.772575654710333e-02 -3.364318360884985e-03	1.000000000000000e+00	539	0	48
49	-7.756961389616431e+02  2.248599564173224e+02  3.792213667503454e+03	0.000000000000000e+00 0.000000000000000e+00 0.000000000000000e+00	1.000000000000000e+00	539	0	49
50	 9.142890680742061e+02 -6.201326471006022e+02  2.947221063985530e+03	0.000000000000000e+00 0.000000000000000e+00 0.000000000000000e+00	1.000000000000000e+00	539	0	50
51	 6.965001794687494e+02 -8.379215357060586e+02  2.729432175380073e+03	0.000000000000000e+00 0.000000000000000e+00 0.000000000000000e+00	1.000000000000000e+00	539	0	51
52	-9.934850275670998e+02  7.071067811866065e+00  3.574424778897997e+03	0.000000000000000e+00 0.000000000000000e+00 0.000000000000000e+00	1.000000000000000e+00	539	0	52
53	 6.766617233149692e+01 -2.083681982308326e+02  3.382079510858469e+03	-4.946297073426346e-04 -7.753225897128383e-04  1.269952297055473e-03	1.000000000000000e+00	539	0	53
54	-1.533774495691917e+02 -5.439053060629851e+02  3.285293574774940e+03	-2.595884415010611e-03 -9.136249466488758e-03  1.173213388149937e-02	1.000000000000000e+00	539	0	54
55	-3.705239533417505e+02 -6.554879861599293e+02  2.054145199346920e+03	0.000000000000000e+00 0.000000000000000e+00 0.000000000000000e+00	1.000000000000000e+00	55	0	55
56	3.577960312803930e+02 7.283199846221450e+01 5.975052301026326e+02	0.000000000000000e+00 0.000000000000000e+00 0.000000000000000e+00	1.000000000000000e+00	55	0	56
57	6.279108216936542e+02 3.429467888754754e+02 8.676200205158938e+02	0.000000000000000e+00 0.000000000000000e+00 0.000000000000000e+00	1.000000000000000e+00	55	0	57
58	-1.004091629284902e+02 -3.853731957466687e+02  2.324259989760182e+03	0.000000000000000e+00 0.000000000000000e+00 0.000000000000000e+00	1.000000000000000e+00	55	0	58
59	 1.950051330358776e+02 -4.183149398091954e+02  1.251443066618558e+03	 2.115563303232193e-02 -1.219907589256763e-02 -8.956557139754295e-03	1.000000000000000e+00	55	0	59
60	2.400795999606185e+02 3.465819745588369e+00 1.594932211378816e+03	-1.166131696663797e-03  1.327016158029437e-03 -1.608844613656402e-04	1.000000000000000e+00	55	0	60
205	 3.308715894068544e+02 -2.538026574621216e+02  4.500000000000000e+03	0.000000000000000e+00 0.000000000000000e+00 0.000000000000000e+00	1.000000000000000e+00	539	-1	0
206	1.353553390593274e+03 4.153257531310242e+02 4.353553390593273e+03	0.000000000000000e+00 0.000000000000000e+00 0.000000000000000e+00	1.000000000000000e+00	539	-1	1
207	1.353553390593274e+03 1.353553390593274e+03 3.415325753131025e+03	0.000000000000000e+00 0.000000000000000e+00 0.000000000000000e+00	1.000000000000000e+00	539	-1	2
209	-1.500000000000000e+03 -1.160852225001422e+02  3.740626173493510e+03	0.000000000000000e+00 0.000000000000000e+00 0.000000000000000e+00	1.000000000000000e+00	539	-1	4
210	-1.353553390593274e+03 -1.353553390593274e+03  2.856711395993652e+03	0.000000000000000e+00 0.000000000000000e+00 0.000000000000000e+00	1.000000000000000e+00	539	-1	5
212	5.944179517047339e+02 1.500000000000000e+03 1.811904817505747e+03	0.000000000000000e+00 0.000000000000000e+00 0.000000000000000e+00	1.000000000000000e+00	539	-1	7
213	1.353553390593274e+03 1.353553390593274e+03 2.217486865801013e+03	0.000000000000000e+00 0.000000000000000e+00 0.000000000000000e+00	1.000000000000000e+00	539	-1	8
214	 1.353553390593274e+03 -7.825131341989875e+02  4.353553390593273e+03	0.000000000000000e+00 0.000000000000000e+00 0.000000000000000e+00	1.000000000000000e+00	539	-1	9
215	 7.825131341989878e+02 -1.353553390593274e+03  4.353553390593273e+03	0.000000000000000e+00 0.000000000000000e+00 0.000000000000000e+00	1.000000000000000e+00	539	-1	10
216	-3.285397703055204e-01 -1.500000000000000e+03  3.217158326030707e+03	0.000000000000000e+00 0.000000000000000e+00 0.000000000000000e+00	1.000000000000000e+00	539	-1	11
218	 1.353553390593274e+03 -8.865608922057086e+02 -3.535533905932737e+02	0.000000000000000e+00 0.000000000000000e+00 0.000000000000000e+00	1.000000000000000e+00	487	-1	13
219	 8.865608922057086e+02 -1.353553390593274e+03 -3.535533905932737e+02	0.000000000000000e+00 0.000000000000000e+00 0.000000000000000e+00	1.000000000000000e+00	487	-1	14
220	 1.915538433894954e+02 -1.500000000000000e+03  6.950070488162131e+02	0.000000000000000e+00 0.000000000000000e+00 0.000000000000000e+00	1.000000000000000e+00	487	-1	15
222	-4.320901935349040e+02 -1.353553390593274e+03  4.353553390593273e+03	0.000000000000000e+00 0.000000000000000e+00 0.000000000000000e+00	1.000000000000000e+00	497	-1	17
223	-2.523079795876995e+01 -1.500000000000000e+03  3.593140604423866e+03	0.000000000000000e+00 0.000000000000000e+00 0.000000000000000e+00	1.000000000000000e+00	497	-1	18
224	6.204311010442437e+02 1.500000000000000e+03 3.621543291802173e+03	0.000000000000000e+00 0.000000000000000e+00 0.000000000000000e+00	1.000000000000000e+00	19	-1	19
225	-1.353553390593274e+03  1.353553390593274e+03  2.001112190757930e+03	0.000000000000000e+00 0.000000000000000e+00 0.000000000000000e+00	1.000000000000000e+00	19	-1	20
226	-1.353553390593274e+03 -1.353553390593274e+03  1.112190757929058e+00	0.000000000000000e+00 0.000000000000000e+00 0.000000000000000e+00	1.000000000000000e+00	19	-1	21
228	-1.500000000000000e+03 -3.417101551364927e+02  7.760247301872549e+02	0.000000000000000e+00 0.000000000000000e+00 0.000000000000000e+00	1.000000000000000e+00	453	-1	23
229	-1.353553390593274e+03  4.343145750507622e+02 -3.535533905932737e+02	0.000000000000000e+00 0.000000000000000e+00 0.000000000000000e+00	1.000000000000000e+00	453	-1	24
231	1.500000000000000e+03 3.615959694224136e+02 2.548121148253441e+03	0.000000000000000e+00 0.000000000000000e+00 0.000000000000000e+00	1.000000000000000e+00	26	-1	26
232	1.353553390593274e+03 1.353553390593274e+03 3.186525178831027e+03	0.000000000000000e+00 0.000000000000000e+00 0.000000000000000e+00	1.000000000000000e+00	26	-1	27
233	5.107720868132382e+02 1.500000000000000e+03 2.697297265644266e+03	0.000000000000000e+00 0.000000000000000e+00 0.000000000000000e+00	1.000000000000000e+00	26	-1	28
235	1.353553390593274e+03 1.353553390593274e+03 6.066976182580577e+02	0.000000000000000e+00 0.000000000000000e+00 0.000000000000000e+00	1.000000000000000e+00	525	-1	30
236	 1.353553390593274e+03  3.933023817419428e+02 -3.535533905932737e+02	0.000000000000000e+00 0.000000000000000e+00 0.000000000000000e+00	1.000000000000000e+00	525	-1	31
237	 7.484790174335413e+02  1.417813991754834e+02 -5.000000000000000e+02	0.000000000000000e+00 0.000000000000000e+00 0.000000000000000e+00	1.000000000000000e+00	525	-1	32
238	1.500000000000000e+03 8.802129811238503e+02 2.019918100994343e+03	0.000000000000000e+00 0.000000000000000e+00 0.000000000000000e+00	1.000000000000000e+00	539	-1	33
239	 1.353553390593274e+03 -1.353553390593274e+03  1.397051198704921e+02	0.000000000000000e+00 0.000000000000000e+00 0.000000000000000e+00	1.000000000000000e+00	539	-1	34
240	-1.353553390593274e+03 -1.353553390593274e+03  2.139705119870493e+03	0.000000000000000e+00 0.000000000000000e+00 0.000000000000000e+00	1.000000000000000e+00	539	-1	35
241	-1.500000000000000e+03  2.438972590402780e+02  3.383602378910770e+03	0.000000000000000e+00 0.000000000000000e+00 0.000000000000000e+00	1.000000000000000e+00	539	-1	36
242	-5.304190307408081e+01  4.162856570095628e+02  2.945998193047380e+03	3.337412963446695e-04 2.202058931288775e-04 1.135354032157920e-04	7.500000000000000e-01	539	0	242
243	-2.531442276647838e+02 -2.956676043828401e+02  2.814188019275595e+03	-2.284038701321553e-18  1.614514365792274e-02  1.614514365792275e-02	1.000000000000000e+00	539	0	243
244	 1.924058832871102e+02 -4.310880352339537e+01  2.453001552611518e+03	-4.657154902815819e-03 -2.183300908654928e-03 -2.473853994160891e-03	1.000000000000000e+00	539	0	244
245	 6.085491809500368e+02 -6.265188315723111e+02  6.514928796833607e+02	 6.977435822288196e-03 -8.123670859883230e-03 -1.510110668217142e-02	1.000000000000000e+00	487	0	245
246	 6.356182985101078e+01 -6.055339069898257e+02  3.898814069624259e+03	-7.226987664277355e-03 -2.251876828571161e-03  4.975110835706194e-03	1.000000000000000e+00	497	0	246
247	3.646659968120061e+02 4.468170971388079e+01 2.410459897283816e+03	-5.048682350510110e-03  4.749295864409457e-03 -2.993864861006538e-04	1.000000000000000e+00	19	0	247
248	-3.310185322420297e+02 -5.947941112923312e+02  3.601272185851230e+02	-1.686057619129618e-03  8.104582355978588e-03 -6.418524736848971e-03	1.000000000000000e+00	453	0	248
249	7.755768973431440e+02 6.662822403926108e+02 2.628384316566781e+03	9.008045153071484e-03 3.710938928027948e-03 1.271898408109943e-02	1.000000000000000e+00	26	0	249
250	1.609064379593178e+02 6.071845814413789e+02 1.052975761740119e+03	8.350815740413964e-03 9.480809676460922e-03 1.129993936046958e-03	1.000000000000000e+00	525	0	250
251	4.554733994485790e+00 5.633027625420024e+02 2.698453148418009e+03	-1.280111881593863e-03 -5.043521601085861e-03 -3.763409719491999e-03	1.000000000000000e+00	539	0	251
252	-2.842066755071023e+02  1.488950650880732e+02  1.466187073671891e+03	 6.278951652348042e-03  6.892000325024128e-03 -6.130486726760865e-04	1.000000000000000e+00	55	0	252
253	 1.712796843383951e+01 -3.155260705952926e+02  2.231942853296199e+03	1.164170535048470e-04 9.325869905296713e-05 2.315834899491165e-05	1.000000000000000e+00	55	0	253
254	-2.646487023750816e+02  6.551442829679121e+01  2.553418323006868e+03	 2.903794210093717e-03  3.852992745426794e-03 -9.491985353330770e-04	1.000000000000000e+00	55	0	254
255	-7.545058727684503e+02  3.256991111896963e+02  1.803376469720594e+03	-1.141227777892103e-02 -1.239061080074559e-02  9.783330218245585e-04	1.000000000000000e+00	55	0	255
256	-2.531442276647839e+02 -7.307944738964080e+02  2.379061149762028e+03	 3.301880374095862e-18 -1.470371731556952e-02 -1.470371731556952e-02	1.000000000000000e+00	539	0	256
257	-6.250588213602997e+01 -1.157379705653423e+02  3.184755998621848e+03	-6.432241837804516e-03  5.102600824708740e-03 -1.329641013095776e-03	1.000000000000000e+00	539	0	257
258	1.000000000000000e+03 4.606323524563110e+02 2.375628527311704e+03	-2.162678253848207e-18 -8.186635677702725e-03 -8.186635677702725e-03	1.000000000000000e+00	539	1	258
259	4.358414483565452e+02 2.208420277123380e+02 1.571679650924276e+03	 2.232268491449455e-03 -3.329932650861641e-03 -1.097664159412185e-03	1.000000000000000e+00	539	0	259
260	-3.505670291181780e+02  8.610912063024797e+01  3.505835393447063e+03	 4.565312992781399e-04  7.031976361759007e-03 -7.488507661037147e-03	1.000000000000000e+00	539	0	260
261	 4.857894963323133e+02 -4.531679571457195e+02  3.208755945772540e+03	-7.420838422452410e-04 -3.743635626354565e-03  4.485719468599807e-03	1.000000000000000e+00	539	0	261
262	 1.852619766708759e+02 -2.981451753401008e+02  2.700894017811989e+03	-4.622661363987016e-18  2.602985221892595e-02 -2.602985221892596e-02	1.000000000000000e+00	539	0	262
263	-5.127729730215657e+02 -2.043501754462165e+02  3.305133967610546e+03	 1.228289228553573e-02  3.985180209080378e-03 -1.626807249461611e-02	1.000000000000000e+00	539	0	263
264	 9.206948831420671e+01 -7.644315018435266e+02  1.700495273374560e+03	 1.500090894599756e-02 -1.719415901849667e-02  2.193250072499116e-03	1.000000000000000e+00	55	0	264
265	 2.362379476990277e+02 -1.646230427140050e+02  9.565183548602174e+02	 1.501351796711485e-02 -1.148653573667010e-02 -3.526982230444749e-03	1.000000000000000e+00	55	0	265
266	4.446075465727213e+02 1.632960307970421e+02 1.230574053715260e+03	-1.783317769877613e-03  1.542180543765426e-03  2.411372261121869e-04	1.000000000000000e+00	55	0	266
267	 2.481593524364117e+01 -1.431146864355592e+02  1.956776382276941e+03	-4.601464063550035e-03  4.527024071042736e-03  7.443999250729885e-05	1.000000000000000e+00	55	0	267
268	-8.461870914565379e+00  2.616295090390248e+01  3.380700931312556e+03	-1.275040640030056e-02  6.102584632612025e-18 -1.275040640030057e-02	1.000000000000000e+00	539	0	268
269	-2.589042610716322e+02  7.375340577368803e+02  2.418887434322512e+03	6.430703680962324e-03 5.193272139877081e-03 1.237431541085243e-03	1.000000000000000e+00	539	0	269
271	-1.204079768047445e+02 -8.499191259148738e+02  2.127200246883522e+03	-1.728762333126118e-02 -1.607604864208649e-02  1.211574689174692e-03	1.000000000000000e+00	539	0	271
272	3.807542354313445e+02 4.930879373000622e+02 2.105153163932295e+03	-3.129741681429247e-03 -2.505458736171325e-04 -2.879195807812115e-03	1.000000000000000e+00	539	0	272
274	 8.295505990651473e+02 -4.179194164372516e+02  6.390908767033096e+02	 6.519327095399300e-03 -7.438842828075090e-03 -1.395816992347439e-02	1.000000000000000e+00	487	0	274
275	 3.846632882006546e+02 -8.390848259143619e+02  6.628127780906919e+02	 5.526629121353229e-03 -6.678452094395955e-03 -1.220508121574918e-02	1.000000000000000e+00	487	0	275
276	 1.824660129427169e+02 -3.854437935223791e+02  4.000000000000000e+03	-2.528161741793155e-03 -2.528161741793158e-03 -6.932918267410451e-18	1.000000000000000e+00	497	1	276
277	 2.580813901113017e+01 -8.031052934390058e+02  3.738996374014960e+03	-6.737596432988842e-03 -2.300175062070290e-03  4.437421370918552e-03	1.000000000000000e+00	497	0	277
278	5.328799793707180e+02 5.007456792676745e+02 3.034737849396322e+03	-3.446028140994410e-03  2.133921448451777e-03 -1.312106692542632e-03	1.000000000000000e+00	19	0	278
279	 2.960973145632957e+02 -4.971478408508912e+02  1.800061664470334e+03	 3.398991296611105e-04 -1.471086240295942e-04  1.927905056315164e-04	1.000000000000000e+00	19	0	279
280	-6.633769070564483e+02 -4.731610276444807e+02  5.708525097516909e+02	-7.181550220896800e-04  5.547427611115078e-03 -4.829272589025398e-03	1.000000000000000e+00	453	0	280
281	-4.349186107466315e+00 -6.904552757482111e+02  1.291190369064394e+02	-2.873027852425972e-03  1.144807979774972e-02 -8.575051945323745e-03	1.000000000000000e+00	453	0	281
282	9.086056371597587e+02 4.914516975602854e+02 2.586582513551071e+03	9.046220143015187e-03 3.847654132793347e-03 1.289387427580853e-02	1.000000000000000e+00	26	0	282
283	6.401328644983009e+02 8.440944299085445e+02 2.670752473237872e+03	7.676182314753532e-03 3.521185368299485e-03 1.119736768305302e-02	1.000000000000000e+00	26	0	283
284	-1.142087137864408e+02  8.443137453817793e+02  1.565220077426278e+03	 1.292270528695857e-02  1.219918658413614e-02 -7.235187028224270e-04	1.000000000000000e+00	525	0	284
285	4.353029229772334e+02 3.596383398732041e+02 5.310330351540283e+02	9.594948186228672e-03 1.088531672333678e-02 1.290368537108103e-03	1.000000000000000e+00	525	0	285
286	5.154467422639250e+02 7.220559031357675e+02 2.346314280742335e+03	8.279818575829268e-04 3.555079689249396e-03 2.727097831666470e-03	1.000000000000000e+00	539	0	286
287	-4.931363450374725e+02  4.402045148403760e+02  3.073045979748341e+03	-1.303288057291259e-04 -6.246185463775570e-04 -4.942897406484311e-04	1.000000000000000e+00	539	0	287
288	-4.065651922735727e+02  2.168901952081276e+02  1.275833426785366e+03	 4.575329289461176e-03  5.695338438575466e-03 -1.120009149114291e-03	1.000000000000000e+00	55	0	288
289	 1.293470371689031e+02 -3.914733642624235e+02  2.420109215698393e+03	-1.233455259352922e-03 -1.485696993768215e-03  2.522417344152927e-04	1.000000000000000e+00	55	0	289
290	-1.338503059557419e+02  2.721088697937180e+00  2.747010059025061e+03	6.503187566219519e-03 5.981233921678116e-03 5.219536445414026e-04	1.000000000000000e+00	55	0	290
291	-8.527587554243263e+02  4.249600524562235e+02  1.605862645798191e+03	-9.903890041944882e-03 -8.149702140750984e-03 -1.754187901193897e-03	1.000000000000000e+00	55	0	291
292	-1.893422279828214e+02  4.168319906910339e+01  1.668263387215142e+03	6.673212609409044e-03 5.736732874841740e-03 9.364797345673046e-04	1.000000000000000e+00	55	0	292
293	-3.877185649592979e+01 -1.905972510445630e+02  2.051114208815700e+03	1.914267624670174e-03 9.790826770768035e-04 9.351849475933705e-04	4.218750000000000e-01	55	0	293
294	-3.935050350784315e+02  1.210719985775634e+02  2.369004420022746e+03	-1.537774689495564e-03 -1.955109415575862e-03  4.173347260802984e-04	1.000000000000000e+00	55	0	294
295	-6.396431055341458e+02  2.493770157632342e+02  1.994561332381361e+03	-9.378806649086375e-03 -1.109773483282576e-02  1.718928183739384e-03	1.000000000000000e+00	55	0	295
296	-4.014150699010571e+02 -7.896881377911971e+02  2.171896643630966e+03	 6.223718170076609e-03 -1.086763199418783e-02 -4.643913824111223e-03	1.000000000000000e+00	539	0	296
299	2.733763839949009e+02 1.898730781501243e+02 1.378245637000418e+03	 6.020067958161235e-04 -1.360875437967479e-03 -7.588686421513557e-04	1.000000000000000e+00	539	0	299
301	-1.287161304880646e+02 -2.496360902315806e+02  2.984647630603574e+03	-1.366124094473283e-02  1.366486328644593e-02  3.622341713101084e-06	1.000000000000000e+00	539	0	301
302	8.379168666616744e+02 3.969878921260473e+02 2.149900933643114e+03	 1.893061616768439e-02 -2.585641822467248e-02 -6.925802056988081e-03	1.000000000000000e+00	539	0	302
303	5.817076448816459e+02 2.719370283751853e+02 1.768640848112224e+03	 6.807980205242833e-03 -8.798158649976054e-03 -1.990178444733222e-03	1.000000000000000e+00	539	0	303
304	-5.690910962348863e+02  1.894956338573352e+02  3.620972947336684e+03	-9.738953861718375e-04  6.146939335546146e-03 -5.173043949374308e-03	1.000000000000000e+00	539	0	304
305	 7.036473333685631e+02 -5.810893020696678e+02  3.118819453660238e+03	 3.289812399695317e-04 -3.907807714616259e-03  3.578826474646727e-03	1.000000000000000e+00	539	0	305
306	 5.192132363470637e+02 -6.435318967000419e+02  2.712329479495742e+03	 5.437183349082868e-03  6.314675013224284e-03 -1.175185836230715e-02	1.000000000000000e+00	539	0	306
307	-7.656459211115990e+02 -1.343502884254438e+02  3.488007028679807e+03	-3.255185438320043e-04 -2.711435576016657e-19  3.255185438320038e-04	1.000000000000000e+00	539	0	307
308	-1.351224998361845e+02 -4.577400130682754e+01  3.422273986102145e+03	 1.056039473041892e-03  2.613730495795608e-03 -3.669769968837500e-03	1.000000000000000e+00	539	0	308
309	 2.798802805849747e+02 -3.250941541295341e+02  3.286591358503693e+03	-3.322449047118426e-04 -3.366508986800909e-03  3.698753891512752e-03	1.000000000000000e+00	539	0	309
310	 7.013584436833874e+01 -7.006804634797554e+02  3.218555438254180e+03	-6.804690075417360e-03 -1.439322096606096e-02  2.119791104147832e-02	1.000000000000000e+00	539	0	310
311	-3.613158858384705e+02 -3.832582552383969e+02  3.332584960219631e+03	 2.486032200977206e-03  2.376873744651675e-03 -4.862905945628881e-03	1.000000000000000e+00	539	0	311
312	-1.435527740685402e+02 -7.765239194213331e+02  1.948209953335113e+03	 9.060727898031474e-04 -3.015912137925625e-03  2.109839348122478e-03	1.000000000000000e+00	55	0	312
313	 3.043199256222025e+02 -5.528735301056136e+01  7.791006872335989e+02	 5.575482306691508e-03 -4.893562717673679e-03 -6.819195890178283e-04	1.000000000000000e+00	55	0	313
314	5.225600024275267e+02 2.663509913699133e+02 1.049566637287583e+03	-1.732903980761572e-03  1.703831151947573e-03  2.907282881399925e-05	1.000000000000000e+00	55	0	314
315	-3.040559159102147e+01 -2.550179455766053e+02  2.123901168252651e+03	 2.379807408875551e-18  1.305707730352883e-03 -1.305707730352874e-03	1.000000000000000e+00	55	0	315
316	 1.687870065968596e+02 -5.784998167056315e+02  1.437846069954012e+03	 1.849887318288286e-02 -1.176289577657978e-02 -6.735977406303087e-03	1.000000000000000e+00	55	0	316
317	 2.064423133527211e+02 -2.851361394395124e+02  1.106827085932031e+03	 2.157002501189709e-02 -1.268357131630182e-02 -8.886453695595264e-03	1.000000000000000e+00	55	0	317
318	3.636247966955304e+02 6.581691577385141e+01 1.409035918615642e+03	-8.883661163660387e-04  1.719247569174816e-03 -8.308814528087775e-04	1.000000000000000e+00	55	0	318
319	 1.376683807152328e+02 -7.605112415029089e+01  1.776860374520081e+03	-2.688330627279356e-03  2.994446520460770e-03 -3.061158931814135e-04	1.000000000000000e+00	55	0	319
320	 2.706582136929670e+02 -5.108823969437982e+01  3.737072206518371e+03	1.516667429920441e-03 1.403640254769319e-03 1.130271751511221e-04	1.000000000000000e+00	539	0	320
321	-3.367202784916475e+02  9.114887338858493e+02  2.167116740753527e+03	6.983743088009457e-03 5.358013285634418e-03 1.625729802375038e-03	1.000000000000000e+00	539	0	321
323	 3.213162133745584e+01 -1.000000000000000e+03  1.824579774656196e+03	-6.769596599042415e-03  4.774162574513745e-18  6.769596599042417e-03	1.000000000000000e+00	539	1	323
324	4.880964645904182e+02 7.492052432201098e+02 1.956378087171321e+03	7.055610767565668e-04 7.640372496098283e-05 6.291573517955840e-04	1.000000000000000e+00	539	0	324
326	 9.464998119270564e+02 -3.004915169590894e+02  6.395695633195627e+02	 8.566023781895638e-03 -3.368766047060490e-03 -1.193478982895613e-02	1.000000000000000e+00	487	0	326
327	 2.619641960294861e+02 -9.502463549161637e+02  6.743503412600586e+02	 1.594790567954381e-03 -6.587603905548653e-03 -8.182394473503033e-03	1.000000000000000e+00	487	0	327
329	 4.197303801279210e+00 -9.054200446733217e+02  3.658292457990495e+03	-3.621779188203315e-03 -1.244401404013237e-03  2.377377784190079e-03	1.000000000000000e+00	497	0	329
330	5.560126775446350e+02 7.709792473405743e+02 3.328104115643138e+03	-5.647235084325075e-03  2.970651723444462e-03 -2.676583360880613e-03	1.000000000000000e+00	19	0	330
331	 3.389663733224168e+02 -8.012504762068796e+02  1.538828087873467e+03	 4.850623624709745e-03 -1.889790796364347e-03  2.960832828345398e-03	1.000000000000000e+00	19	0	331
332	-8.312020502351909e+02 -4.052082500527293e+02  6.707248753386822e+02	-5.742638992766540e-04  4.908282853042086e-03 -4.334018953765432e-03	1.000000000000000e+00	453	0	332
333	 1.820320102409728e+02 -7.555388250535161e+02  7.821389863305395e+00	 4.966289736330509e-03  5.120878107845783e-03 -1.008716784417629e-02	1.000000000000000e+00	453	0	333
335	5.653967059091102e+02 9.386260565131524e+02 2.690547941253289e+03	6.200643411527077e-03 4.017880807320276e-03 1.021852421884735e-02	1.000000000000000e+00	26	0	335
336	-2.430575980805718e+02  9.893879973727210e+02  1.839143213711350e+03	5.147027627875407e-03 1.215179000670711e-02 7.004762378831704e-03	1.000000000000000e+00	525	0	336
337	5.972212254586115e+02 2.694456170377339e+02 2.789220098371800e+02	8.921088573212424e-03 1.091631509674092e-02 1.995226523528497e-03	1.000000000000000e+00	525	0	337
338	7.625099079601077e+02 8.002591394011313e+02 2.177454351311516e+03	1.438632374629378e-03 7.310985005460680e-03 5.872352630831301e-03	1.000000000000000e+00	539	0	338
339	-7.494355635362177e+02  3.493766170943828e+02  3.238517300501093e+03	-3.370421472936869e-04 -2.689872868359089e-03 -2.352830721065402e-03	1.000000000000000e+00	539	0	339
340	-4.688528470319182e+02  2.481998254295775e+02  1.182236141805571e+03	 2.650357278374334e-03  3.889336988019446e-03 -1.238979709645113e-03	1.000000000000000e+00	55	0	340
341	 1.861757140441389e+02 -4.338251043938712e+02  2.519289632705077e+03	-2.669264332022673e-03 -2.738136562887424e-03  6.887223086475085e-05	1.000000000000000e+00	55	0	341
342	-9.056004953969293e+01 -6.883479926554190e+01  2.861856203404590e+03	3.479912450226645e-03 1.403166990106304e-03 2.076745460120340e-03	1.000000000000000e+00	55	0	342
343	-8.824219018708174e+02  5.041540609087640e+02  1.497005490899159e+03	-4.385274834930897e-03 -1.815835246816278e-03 -2.569439588114619e-03	1.000000000000000e+00	55	0	343
344	-1.556336364160470e+02 -2.059409893353554e+01  1.764249276784555e+03	6.606733504061897e-03 5.471460443610947e-03 1.135273060450951e-03	1.000000000000000e+00	55	0	344
345	-8.377202154618466e+01 -1.315303256707583e+02  1.947047118391640e+03	4.944379499647766e-03 4.478051734622568e-03 4.663277650251985e-04	1.000000000000000e+00	55	0	345
346	-4.563687388738730e+02  1.512706530004873e+02  2.275942061804381e+03	-3.837970143649727e-03 -4.812580940779299e-03  9.746107971295712e-04	1.000000000000000e+00	55	0	346
347	-5.795822051358767e+02  2.151523083776070e+02  2.088846940165257e+03	-7.795739530896147e-03 -9.453602988893786e-03  1.657863457997640e-03	1.000000000000000e+00	55	0	347
348	-5.058054583428498e+02 -7.909420070230292e+02  2.066252385957341e+03	 8.679699773589771e-04 -3.725604348195096e-03 -2.857634370836119e-03	1.000000000000000e+00	539	0	348
350	1.000000000000000e+03 7.553638028719416e+02 2.670359977727334e+03	-8.003207076801507e-18  4.862602800130857e-04  4.862602800130832e-04	1.000000000000000e+00	539	1	350
351	2.226409863254930e+02 1.386582260336435e+02 1.276295387214529e+03	 9.305034788364235e-04 -8.365595106927988e-04  9.394396814362455e-05	1.000000000000000e+00	539	0	351
353	-1.739311412223257e+02 -2.662019429071244e+02  2.922866767193770e+03	-1.331074535846710e-02  1.810226589441299e-02  4.791520535945892e-03	1.000000000000000e+00	539	0	353
354	7.753660895671196e+02 3.709699791043266e+02 2.061332243526839e+03	 1.744140855347117e-02 -2.240940385187666e-02 -4.967995298405488e-03	1.000000000000000e+00	539	0	354
355	6.496084506900718e+02 3.052103911707745e+02 1.869815016716239e+03	 1.042761281132698e-02 -1.289275009185076e-02 -2.465137280523777e-03	1.000000000000000e+00	539	0	355
356	-6.818393337562522e+02  2.240238213468536e+02  3.699192997368532e+03	-1.780674210749567e-03  3.426414914429188e-03 -1.645740703679621e-03	1.000000000000000e+00	539	0	356
357	 8.229522105109750e+02 -6.253633357873269e+02  3.043788610235486e+03	 1.700977561995387e-03 -2.503707539290190e-03  8.027299772948027e-04	1.000000000000000e+00	539	0	357
358	 6.147149178482742e+02 -7.358317227987370e+02  2.709127624093227e+03	 4.121575349320968e-03  2.201673419525226e-03 -6.323248768846194e-03	1.000000000000000e+00	539	0	358
359	-9.474036628259838e+02 -1.343502884254438e+02  3.669764770394192e+03	-2.691737841814756e-03  6.022943383607356e-20  2.691737841814756e-03	1.000000000000000e+00	539	0	359
360	-3.465310394650167e+01 -1.287697077666924e+02  3.404800296672328e+03	-2.294159003213283e-06 -5.696665509731247e-04  5.719607099763380e-04	1.000000000000000e+00	539	0	360
361	 1.738281517595339e+02 -2.680319074905084e+02  3.335581240690108e+03	-1.711857718570779e-04 -2.191795235072883e-03  2.362981006929961e-03	1.000000000000000e+00	539	0	361
362	-5.070320418711342e+01 -6.129295642274511e+02  3.251643587557328e+03	-4.002106686433156e-03 -1.380602534239491e-02  1.780813202882807e-02	1.000000000000000e+00	539	0	362
363	-2.605284761615164e+02 -4.685655266167985e+02  3.317104821921078e+03	-1.127018515641490e-03 -2.883406511197487e-03  4.010425026838978e-03	1.000000000000000e+00	539	0	363
364	-2.651164955452755e+02 -7.243361698028136e+02  2.017585925193329e+03	 1.761174741356323e-04 -7.653940750363594e-04  5.892766009007270e-04	1.000000000000000e+00	55	0	364
365	3.431126567927349e+02 4.274414586350560e+00 6.807461884661546e+02	 2.653123073590299e-03 -1.502349429453413e-03 -1.150773644136886e-03	1.000000000000000e+00	55	0	365
366	5.704823081054645e+02 3.112432301583697e+02 9.567520928211890e+02	-1.134718748896072e-03  1.491769469187905e-03 -3.570507202918331e-04	1.000000000000000e+00	55	0	366
367	-8.751178207418651e+01 -3.199001978694262e+02  2.245889611028636e+03	-6.110903923399746e-04 -6.333338678814471e-04  1.244424260221422e-03	1.000000000000000e+00	55	0	367
368	 1.849570361403111e+02 -4.958031500011165e+02  1.338979373706046e+03	 1.984886266291142e-02 -1.216327492147684e-02 -7.685587741434574e-03	1.000000000000000e+00	55	0	368
369	 2.007541446769081e+02 -3.485836267688580e+02  1.175962741937190e+03	 2.187288552522659e-02 -1.228526234626770e-02 -9.587623178958893e-03	1.000000000000000e+00	55	0	369
370	2.957534721790433e+02 3.891024905595116e+01 1.503813909850029e+03	-1.123917512207602e-03  1.459592730194951e-03 -3.356752179873486e-04	1.000000000000000e+00	55	0	370
371	 1.883743595308329e+02 -3.636491733138860e+01  1.686468188885579e+03	-1.751113241577211e-03  1.905166752597627e-03 -1.540535110204170e-04	1.000000000000000e+00	55	0	371
372	-2.973939675674037e+01  2.000305843580550e+02  3.185555772016229e+03	-5.808426610504587e-03 -3.007075438896815e-03 -2.801351171607772e-03	1.000000000000000e+00	539	0	372
373	-1.574281292004848e+02  5.780886143218912e+02  2.679809009608648e+03	3.185688032923887e-03 2.613509326086690e-03 5.721787068371972e-04	1.000000000000000e+00	539	0	373
374	-3.615397133353911e+02 -2.224747011154344e+02  2.995776408213608e+03	5.682645365595818e-03 7.391246501356363e-03 1.708601135760546e-03	1.000000000000000e+00	539	0	374
376	2.684321021743402e+02 2.319580126896195e+02 2.253960955285733e+03	-4.323241329984739e-03 -4.324650508351624e-04 -3.890776279149577e-03	1.000000000000000e+00	539	0	376
378	 7.188729154945455e+02 -5.218876686577370e+02  6.458003080534259e+02	 7.031720752517383e-03 -8.365898548314970e-03 -1.539761930083235e-02	1.000000000000000e+00	487	0	378
379	 4.969808334411379e+02 -7.328337470862715e+02  6.567463116782991e+02	 6.439750703672568e-03 -7.525284929821889e-03 -1.396503563349446e-02	1.000000000000000e+00	487	0	379
380	 1.035009987283639e+02 -4.721406946019093e+02  3.992268113134823e+03	5.485136449957880e-04 1.500701906237130e-02 1.445850541737551e-02	1.000000000000000e+00	497	0	380
381	 4.330111985095038e+01 -7.060792235711883e+02  3.818529463042958e+03	-7.320747322713335e-03 -2.480985751996438e-03  4.839761570716898e-03	1.000000000000000e+00	497	0	381
382	4.663146410630526e+02 2.570437206755013e+02 2.724470552496483e+03	-4.021800006739795e-03  2.892023534514010e-03 -1.129776472225785e-03	1.000000000000000e+00	19	0	382
383	 2.718614818153626e+02 -2.014759234419486e+02  2.071497749131343e+03	-5.888811390226086e-03  2.845319143186013e-03 -3.043492247040073e-03	1.000000000000000e+00	19	0	383
384	-4.964784064438439e+02 -5.371806280581502e+02  4.679736095527562e+02	-1.079156994819641e-03  6.649576593190432e-03 -5.570419598370790e-03	1.000000000000000e+00	453	0	384
385	-1.678073179334769e+02 -6.444969260322857e+02  2.466188190165247e+02	-2.441418667634328e-03  9.818947796399396e-03 -7.377529128765066e-03	1.000000000000000e+00	453	0	385
386	8.398881277580637e+02 5.814619915969016e+02 2.607875298185992e+03	1.036533992737532e-02 4.372482188045979e-03 1.473782211542130e-02	1.000000000000000e+00	26	0	386
387	7.093735377366276e+02 7.540325686599261e+02 2.649931285227580e+03	8.325133705511689e-03 3.520605619996786e-03 1.184573932550848e-02	1.000000000000000e+00	26	0	387
388	1.217490639413428e+01 7.159058449527512e+02 1.310428556816674e+03	1.004323177039623e-02 1.061593554913998e-02 5.727037787437438e-04	1.000000000000000e+00	525	0	388
389	3.110845703607500e+02 4.843438867889394e+02 7.799569346862469e+02	 9.373443235138742e-03  9.143999743779810e-03 -2.294434913589310e-04	1.000000000000000e+00	525	0	389
390	2.597081483365300e+02 6.449667916835940e+02 2.524963763217556e+03	8.512025233358145e-04 3.882568329572678e-03 3.031365806236863e-03	1.000000000000000e+00	539	0	390
391	-2.391587055423381e+02  5.081309713621549e+02  2.886994796774985e+03	5.155811668373643e-04 1.627340738195926e-03 1.111759571358562e-03	7.500000000000000e-01	539	0	391
392	-3.448857017179303e+02  1.854165688790812e+02  1.368986543670055e+03	 5.580640786016980e-03  6.731228514884910e-03 -1.150587728867928e-03	1.000000000000000e+00	55	0	392
393	-2.306433932990823e+02  1.010711820535987e+02  1.567574238914385e+03	6.625461852915275e-03 6.385648162298215e-03 2.398136906170597e-04	1.000000000000000e+00	55	0	393
394	 6.877028195702829e+01 -3.571428354230227e+02  2.325201931647117e+03	-1.594218341551823e-04 -1.430921998917256e-04 -1.632963426345668e-05	5.625000000000000e-01	55	0	394
396	-1.985108172516804e+02  3.874923485741949e+01  2.646321401569641e+03	 4.817345102007191e-03  5.994087628399332e-03 -1.176742526392142e-03	1.000000000000000e+00	55	0	396
397	-3.297023337808149e+02  9.231597766213804e+01  2.461563142235788e+03	 7.805634425797811e-04  1.031210073657955e-03 -2.506466310781738e-04	1.000000000000000e+00	55	0	397
398	-8.070658000768934e+02  3.705358067441505e+02  1.705979846857697e+03	-1.150651177643643e-02 -1.146857352675094e-02 -3.793824968549135e-05	1.000000000000000e+00	55	0	398
399	-6.982356381519767e+02  2.859070405973301e+02  1.899438774929434e+03	-1.055277445508788e-02 -1.206556401060273e-02  1.512789555514852e-03	1.000000000000000e+00	55	0	399
400	-3.178366137340113e+02 -7.707666633997075e+02  2.274396574189501e+03	 1.404505587803821e-02 -1.750620462310811e-02 -3.461148745069901e-03	1.000000000000000e+00	539	0	400
402	-2.800648882787264e+01 -5.177335507454050e+01  3.283220007420807e+03	-6.378678643765548e-03  5.518178416726490e-03 -8.605002270390591e-04	1.000000000000000e+00	539	0	402
403	-9.212983145848702e+01 -1.894741685085411e+02  3.081395851356192e+03	-8.781294338405132e-03  6.985829677432775e-03 -1.795464660972357e-03	1.000000000000000e+00	539	0	403
405	9.104982720235174e+02 4.205827031990688e+02 2.246077150077979e+03	 1.718247464547554e-02 -2.387952276815971e-02 -6.697048122684160e-03	1.000000000000000e+00	539	0	405
406	3.588301627323203e+02 2.046330587723409e+02 1.478459396360053e+03	 1.431801007129252e-03 -2.200493821874261e-03 -7.686928147450089e-04	1.000000000000000e+00	539	0	406
407	5.102760713235638e+02 2.439676974839477e+02 1.669239943662904e+03	 4.061864223331213e-03 -5.581750534474850e-03 -1.519886311143636e-03	1.000000000000000e+00	539	0	407
408	-4.594633886138649e+02  1.425426189109040e+02  3.558298254662094e+03	-2.654048536593719e-04  7.380619780936589e-03 -7.115214927277218e-03	1.000000000000000e+00	539	0	408
409	-2.425985205280124e+02  2.347983076636116e+01  3.460496174720784e+03	 8.793879533186555e-04  5.519841739442199e-03 -6.399229692760855e-03	1.000000000000000e+00	539	0	409
410	 5.925719485097836e+02 -5.204173869274163e+02  3.169222923376766e+03	-4.371261651006839e-04 -3.897939740757768e-03  4.335065905858452e-03	1.000000000000000e+00	539	0	410
411	 3.822715424529256e+02 -3.865644134428057e+02  3.245670355949014e+03	-6.701233020673195e-04 -3.691034081081549e-03  4.361157383148869e-03	1.000000000000000e+00	539	0	411
412	 4.285314923454544e+02 -5.586066904227653e+02  2.718086017220075e+03	 5.847323685884476e-03  7.208390161395073e-03 -1.305571384727955e-02	1.000000000000000e+00	539	0	412
413	 1.852619766708760e+02 -7.952751776890581e+02  3.198024020160947e+03	-1.751597479564398e-18 -1.657217927277089e-02  1.657217927277088e-02	1.000000000000000e+00	539	0	413
414	-5.606715869532725e+02 -1.343502884254439e+02  3.283032694521481e+03	 1.622640085406601e-02  2.397267587043791e-19 -1.622640085406601e-02	1.000000000000000e+00	539	0	414
415	-4.460480142990356e+02 -2.926182723055393e+02  3.326677105747338e+03	 7.830936772127947e-03  4.351945904393991e-03 -1.218288267652194e-02	1.000000000000000e+00	539	0	415
416	-2.592004736069127e+01 -7.926799449567291e+02  1.846733252162660e+03	 4.365823076417048e-03 -9.944618834803501e-03  5.578795758386453e-03	1.000000000000000e+00	55	0	416
417	 1.493117854064739e+02 -6.745695341656434e+02  1.553391008604410e+03	 1.910005137324333e-02 -1.303853001445532e-02 -6.061521358788013e-03	1.000000000000000e+00	55	0	417
418	 2.671062163313550e+02 -1.088390893846442e+02  8.698661328985293e+02	 9.741064316282669e-03 -8.319126286854347e-03 -1.421938029428323e-03	1.000000000000000e+00	55	0	418
419	 2.165712137304151e+02 -2.240169012134544e+02  1.035578947328279e+03	 1.951772548879186e-02 -1.289723704879483e-02 -6.620488439997037e-03	1.000000000000000e+00	55	0	419
420	4.801915568775716e+02 2.175204213480685e+02 1.140765652859383e+03	-1.871234882855788e-03  1.694832084467635e-03  1.764027983881533e-04	1.000000000000000e+00	55	0	420
421	4.108307685559494e+02 1.016067794525076e+02 1.326040083076566e+03	-1.676761642253647e-03  1.046119510040929e-03  6.306421322127184e-04	1.000000000000000e+00	55	0	421
422	-2.234542744083284e+01 -1.912243723624202e+02  2.052047430888276e+03	-2.815034584955356e-03  2.554020929210310e-03  2.610136557450460e-04	3.164062500000000e-01	55	0	422
423	 8.438480412419092e+01 -1.109636169786622e+02  1.865056443939495e+03	-3.582381895588090e-03  4.279053284941862e-03 -6.966713893537719e-04	1.000000000000000e+00	55	0	423
424	 3.199418107613536e+02 -1.354194236447269e+02  3.870686987537104e+03	3.849340389327457e-03 3.048734021528313e-03 8.006063677991429e-04	1.000000000000000e+00	539	0	424
425	-3.941142417328294e+02  1.000000000000000e+03  2.021211511398195e+03	 9.724191069835793e-03 -5.162826373764235e-18  9.724191069835800e-03	1.000000000000000e+00	539	1	425
428	5.416280295860253e+02 8.783488180856762e+02 1.880766077301362e+03	2.901368347617487e-03 2.806858004381259e-04 2.620682547179361e-03	1.000000000000000e+00	539	0	428
429	 8.694366852511561e+01 -8.915027006349143e+02  3.195933234961042e+03	 1.654689231266578e-02 -1.241096419592698e-02  2.895785650859276e-02	1.000000000000000e+00	539	0	429
430	5.613699274725028e+02 9.124544925497290e+02 3.474936610780161e+03	-3.288994776085019e-03  2.190876519307494e-03 -1.098118256777525e-03	1.000000000000000e+00	19	0	430
431	 3.467831079500401e+02 -9.790217303081394e+02  1.368873568399830e+03	 7.991740324844917e-03 -1.336292099828521e-02 -5.371180673440298e-03	1.000000000000000e+00	19	0	431
432	-9.191137572571720e+02 -3.695139814185093e+02  7.229423137264433e+02	-8.372544155766568e-04  4.689065778317551e-03 -3.851811362740894e-03	1.000000000000000e+00	453	0	432
433	 2.318537073556656e+02 -7.975391323049033e+02  0.000000000000000e+00	-3.490838222205640e-03  3.490838222205638e-03  5.103553229457918e-18	1.000000000000000e+00	453	1	433
435	6.842499897285521e+02 2.200339168339960e+02 1.424815453635014e+02	9.595169821598878e-03 1.036030506171907e-02 7.651352401201922e-04	1.000000000000000e+00	525	0	435
436	8.941396614411907e+02 8.454740532990202e+02 2.091039511728322e+03	7.042116873587172e-04 3.538855370910218e-03 2.834643683551500e-03	1.000000000000000e+00	539	0	436
437	-8.785431155127939e+02  2.960652265263849e+02  3.314313461909671e+03	-3.515679078797500e-04 -3.656001257089277e-03 -3.304433349209527e-03	1.000000000000000e+00	539	0	437
438	-3.559915725782596e+01  3.110043116224538e+02  3.068722284250744e+03	-2.631667070090771e-03 -1.488295849412680e-03 -1.143371220678091e-03	1.000000000000000e+00	539	0	438
439	-1.066795681667621e+02  5.311307484635038e+02  2.777515436500758e+03	 2.282551839016378e-03  2.282551839016378e-03 -5.594958128029037e-19	1.000000000000000e+00	539	0	439
442	2.109862207648303e+02 9.302889854682445e+01 2.335444188019018e+03	-5.704214835229020e-03 -1.875523555402954e-03 -3.828691279826065e-03	1.000000000000000e+00	539	0	442
443	 1.918462734853324e+02 -1.582368493428545e+02  2.567569988629200e+03	-6.396163720637560e-03 -3.166278358548880e-03 -3.229885362088680e-03	1.000000000000000e+00	539	0	443
444	4.230032204511958e+02 1.429241491958182e+02 2.567039560404943e+03	-5.201908837382992e-03  4.032317005718748e-03 -1.169591831664244e-03	1.000000000000000e+00	19	0	444
445	 2.860744532472636e+02 -5.449069747250599e+01  2.232695946532687e+03	-6.960690875227253e-03  5.230391941343744e-03 -1.730298933883508e-03	1.000000000000000e+00	19	0	445
446	-4.135212396972505e+02 -5.669422603070649e+02  4.147780750550774e+02	-1.349087338894606e-03  7.329169660806656e-03 -5.980082321912050e-03	1.000000000000000e+00	453	0	446
447	-2.491804431174861e+02 -6.205316319465173e+02  3.040266501147656e+02	-2.068525801102320e-03  8.947735497107109e-03 -6.879209696004788e-03	1.000000000000000e+00	453	0	447
448	8.414835699511701e+01 6.599776757777250e+02 1.182526937040666e+03	8.884724889261028e-03 9.890976633566121e-03 1.006251744305094e-03	1.000000000000000e+00	525	0	448
449	2.395085312775286e+02 5.511340764231735e+02 9.183231634037024e+02	8.609667381582161e-03 9.271084369781116e-03 6.614169881989560e-04	1.000000000000000e+00	525	0	449
450	1.320586577777303e+02 6.043665051289462e+02 2.612012967221709e+03	7.287039576719205e-04 3.385344248575469e-03 2.656640290903548e-03	1.000000000000000e+00	539	0	450
452	1.902912087833515e+02 2.616295090390254e+01 3.579454011010473e+03	 1.614913344383092e-05 -2.251539058519302e-18  1.614913344383387e-05	7.500000000000000e-01	539	0	452
453	-2.749337985674678e+01  7.489078077948358e+01  3.312941592494794e+03	-8.888322743587196e-03 -7.553663221187890e-03 -1.334659522399306e-03	1.000000000000000e+00	539	0	453
454	-2.991965180274527e+02  8.233640315138751e+02  2.292765203589696e+03	6.744195707142353e-03 5.174973048269749e-03 1.569222658872605e-03	1.000000000000000e+00	539	0	454
455	-2.122197828571595e+02  6.557803125465723e+02  2.547325657727292e+03	5.711196339689195e-03 4.919623141176999e-03 7.915731985121965e-04	1.000000000000000e+00	539	0	455
457	-4.536675456511463e+02 -1.828975559371180e+02  3.127481385707680e+03	6.613182757670681e-03 8.589306923871240e-03 1.976124166200558e-03	1.000000000000000e+00	539	0	457
458	-5.960807312639052e+01 -9.343905886521716e+02  1.981928880467870e+03	-1.622029409433405e-02 -1.483788232629498e-02  1.382411768039067e-03	1.000000000000000e+00	539	0	458
459	-1.852000887084624e+02 -7.884459599127058e+02  2.253465524789408e+03	-1.432411601611723e-02 -1.605856562188516e-02 -1.734449605767925e-03	1.000000000000000e+00	539	0	459
460	4.351845352781535e+02 6.201306447023079e+02 2.032540756376858e+03	-1.785524325290074e-03 -1.835872341568271e-04 -1.601937091133247e-03	1.000000000000000e+00	539	0	460
461	3.227878731905565e+02 3.614658421843147e+02 2.178808896807254e+03	-3.606186277465895e-03 -3.470751107670366e-04 -3.259111166698858e-03	1.000000000000000e+00	539	0	461
464	5.489934120673186e+02 6.335585829054552e+02 3.183664185730703e+03	-4.701738711446524e-03  2.615962410345674e-03 -2.085776301100850e-03	1.000000000000000e+00	19	0	464
465	5.037005469722209e+02 3.761857205367523e+02 2.880998458266902e+03	-3.111017615689585e-03  2.136477987126758e-03 -9.745396285628279e-04	1.000000000000000e+00	19	0	465
466	 3.103763015442266e+02 -6.451875931930023e+02  1.666300899109154e+03	 2.718025818467140e-03 -1.081164227798581e-03  1.636861590668559e-03	1.000000000000000e+00	19	0	466
467	 2.830300619476700e+02 -3.491915888997050e+02  1.934950663805894e+03	-2.960824912103514e-03  1.279563720648487e-03 -1.681261191455026e-03	1.000000000000000e+00	19	0	467
468	-7.471118284795322e+02 -4.395294005964143e+02  6.209558041267085e+02	-6.183182122185826e-04  5.180924723390490e-03 -4.562606511171907e-03	1.000000000000000e+00	453	0	468
469	-5.798164325512042e+02 -5.058109368004813e+02  5.199419444024476e+02	-8.732539135962724e-04  6.059465114958584e-03 -5.186211201362312e-03	1.000000000000000e+00	453	0	469
470	 7.998425277751481e+01 -7.147214790636718e+02  6.905180133691901e+01	-1.695493080963691e-03  1.256175890254478e-02 -1.086626582158109e-02	1.000000000000000e+00	453	0	470
471	-8.659512847928659e+01 -6.672441573968990e+02  1.881538609269476e+02	-2.719916558514039e-03  1.068832919312020e-02 -7.968412634606162e-03	1.000000000000000e+00	453	0	471
472	-1.733061825220331e+02  9.166371010454255e+02  1.696640901825516e+03	 1.129314018180594e-02  1.069143420318142e-02 -6.017059786245225e-04	1.000000000000000e+00	525	0	472
473	-5.400785359055543e+01  7.771861616866640e+02  1.437891633535277e+03	 1.178193912589146e-02  1.171494293278859e-02 -6.699619310287121e-05	1.000000000000000e+00	525	0	473
474	5.133601217602976e+02 3.139054102089052e+02 4.072429067066652e+02	9.029555910577377e-03 1.103917524839441e-02 2.009619337817033e-03	1.000000000000000e+00	525	0	474
475	3.721831843004990e+02 4.140367040394054e+02 6.485511379969639e+02	 9.943216204798469e-03  9.731722898626080e-03 -2.114933061723911e-04	1.000000000000000e+00	525	0	475
476	6.419912334672897e+02 7.604334732187773e+02 2.258147359621980e+03	1.557688772057493e-03 7.195930501135687e-03 5.638241729078193e-03	1.000000000000000e+00	539	0	476
477	3.872650053175956e+02 6.836011181205643e+02 2.436041232673461e+03	2.907141533796676e-04 1.237183685589116e-03 9.464695322094484e-04	5.625000000000000e-01	539	0	477
478	-6.210920869854001e+02  3.975889590934138e+02  3.158386165949306e+03	-2.841274254024029e-04 -1.649209181778133e-03 -1.365081756375730e-03	1.000000000000000e+00	539	0	478
479	-3.664166818865805e+02  4.769312198704263e+02  2.983053021627499e+03	2.274905955346185e-05 1.484804597566836e-04 1.257313961104956e-04	7.500000000000000e-01	539	0	479
481	 3.418386505994583e+02 -1.924775685361502e+02  3.949641972266633e+03	 3.714463828752439e-03 -3.723214302832882e-03  7.437678131585320e-03	1.000000000000000e+00	539	0	481
484	5.811541705833267e+02 9.884867380430072e+02 3.570753099384263e+03	-1.427118433639407e-03  5.180317442864180e-03  3.753199009224772e-03	1.000000000000000e+00	19	0	484
485	 3.033743926038213e+02 -1.000000000000000e+03  1.304486583361751e+03	5.386087927035987e-03 3.556800961309833e-18 5.386087927035987e-03	1.000000000000000e+00	19	1	485
487	7.343473378226832e+02 1.781152667466827e+02 5.046554718205708e+01	 1.050118329779555e-02  9.214871834653119e-03 -1.286311463142435e-03	1.000000000000000e+00	525	0	487
488	-4.248625604265865e+01  3.646827304141655e+02  3.008156766674200e+03	-1.116948085837066e-03 -6.670287111774087e-04 -4.499193746596575e-04	1.000000000000000e+00	539	0	488
489	-6.908904717172838e+01  4.726883404663209e+02  2.873548365492975e+03	 1.261017576325685e-03  2.009684860240668e-03 -7.486672839149832e-04	1.000000000000000e+00	539	0	489
492	3.968420987988334e+02 9.096489923883634e+01 2.488919188795599e+03	-5.350869168372204e-03  4.493721275745581e-03 -8.571478926266233e-04	1.000000000000000e+00	19	0	492
493	3.220369820362867e+02 5.636028625306588e-02 2.323205533080469e+03	-5.543108622077852e-03  4.892469325568527e-03 -6.506392965093255e-04	1.000000000000000e+00	19	0	493
494	1.219925725592830e+02 6.334726525208805e+02 1.118177698219655e+03	8.530399645678699e-03 9.652936947531998e-03 1.122537301853299e-03	1.000000000000000e+00	525	0	494
496	-2.797619711833481e+02  7.799842928134080e+02  2.355579489134268e+03	6.729054846800864e-03 5.281066871248186e-03 1.447987975552678e-03	1.000000000000000e+00	539	0	496
497	-2.364131745949706e+02  6.960277375315783e+02  2.482884841004475e+03	6.099409928234915e-03 5.079223735568424e-03 1.020186192666491e-03	1.000000000000000e+00	539	0	497
499	-4.991207756707357e+02 -1.624672544338709e+02  3.193364917230516e+03	5.710219110672673e-03 7.344917782271901e-03 1.634698671599230e-03	1.000000000000000e+00	539	0	499
500	-9.021939436770825e+01 -8.908374313705351e+02  2.056093358990825e+03	-1.771766723444064e-02 -1.587844050178925e-02  1.839226732651393e-03	1.000000000000000e+00	539	0	500
501	-1.518581421195661e+02 -8.152017191087223e+02  2.193367819004495e+03	-1.614560734014958e-02 -1.643735554534942e-02 -2.917482051998385e-04	1.000000000000000e+00	539	0	501
502	5.423682522553476e+02 5.663609041164602e+02 3.109841347129737e+03	-4.035907331854105e-03  2.360163256525993e-03 -1.675744075328112e-03	1.000000000000000e+00	19	0	502
503	5.198847509975851e+02 4.374584938886756e+02 2.958455435644190e+03	-3.123396697143713e-03  2.055594775204857e-03 -1.067801921938857e-03	1.000000000000000e+00	19	0	503
504	 3.024424262817520e+02 -5.709435366490882e+02  1.732611080390593e+03	 1.947619486600161e-03 -8.296503219753503e-04  1.117969164624810e-03	1.000000000000000e+00	19	0	504
505	 2.896340753875335e+02 -4.231928902419948e+02  1.867553375903468e+03	-1.362533677214136e-03  5.863708599160115e-04 -7.761628172981242e-04	1.000000000000000e+00	19	0	505
506	-1.435388938117971e+02  8.799524674405766e+02  1.630188979510431e+03	 1.267224635618428e-02  1.184793290061255e-02 -8.243134555717314e-04	1.000000000000000e+00	525	0	506
507	-8.471253240127764e+01  8.099431432167812e+02  1.501353293876117e+03	 1.259556407846200e-02  1.213854090504659e-02 -4.570231734154125e-04	1.000000000000000e+00	525	0	507
508	 2.974381465463666e+02 -9.135468031293068e+01  3.804118579990321e+03	2.496688374473403e-03 2.062998498634746e-03 4.336898758386572e-04	1.000000000000000e+00	539	0	508
509	 2.312050952657859e+02 -4.648569815090380e+00  3.651179418211901e+03	 4.860597255174071e-04  7.715241517871618e-04 -2.854644262697548e-04	1.000000000000000e+00	539	0	509
510	-3.576111950588203e+02  9.595460652337855e+02  2.098168492838418e+03	 5.753831045391659e-03  6.733798848775526e-03 -9.799678033838670e-04	1.000000000000000e+00	539	0	510
511	-3.177090195161576e+02  8.675461402423566e+02  2.230070593372510e+03	5.993762558015685e-03 4.583029968974491e-03 1.410732589041193e-03	1.000000000000000e+00	539	0	511
515	-2.380711985970426e+01 -9.780315851033005e+02  1.902486930750055e+03	-8.473801581809918e-03 -1.231297928219040e-02 -3.839177700380484e-03	1.000000000000000e+00	539	0	515
516	5.580832748072010e+02 8.399516522596427e+02 3.399147117824773e+03	-4.789181519299746e-03  2.527778968214989e-03 -2.261402551084757e-03	1.000000000000000e+00	19	0	516
517	5.531848106741645e+02 7.020578841432969e+02 3.256354885575391e+03	-5.333297885954380e-03  2.862777560949326e-03 -2.470520325005054e-03	1.000000000000000e+00	19	0	517
518	 3.479566757289583e+02 -8.795991866610545e+02  1.469469679825833e+03	 6.435653117174904e-03 -3.093032243972023e-03  3.342620873202880e-03	1.000000000000000e+00	19	0	518
519	 3.236221891204939e+02 -7.221302691085086e+02  1.602604110769915e+03	 3.116156013372044e-03 -1.054769925152262e-03  2.061386088219781e-03	1.000000000000000e+00	19	0	519
520	-2.966153168691952e+02  1.000000000000000e+03  1.903312935127253e+03	 3.592485561966894e-03 -4.884257668148396e-18 -3.592485561966896e-03	1.000000000000000e+00	525	1	520
521	-2.051408434903510e+02  9.526285959911093e+02  1.764467057739518e+03	 8.936418193722298e-03  8.818532366907069e-03 -1.178858268152302e-04	1.000000000000000e+00	525	0	521
522	6.395834988245363e+02 2.462086392674271e+02 2.133227587009485e+02	8.838186156935990e-03 1.062325655948371e-02 1.785070402547717e-03	1.000000000000000e+00	525	0	522
523	-3.165246026083508e+01  2.560168271732674e+02  3.127656465696922e+03	-4.214627202600241e-03 -2.258483320474625e-03 -1.956143882125616e-03	1.000000000000000e+00	539	0	523
524	-2.880529401963645e+01  1.431500019118051e+02  3.243370457199582e+03	-7.418971043080091e-03 -3.809140529483557e-03 -3.609830513596535e-03	1.000000000000000e+00	539	0	524
526	-1.861093448789049e+02  6.170217718159445e+02  2.612194636436175e+03	4.867959767580032e-03 4.342107102274895e-03 5.258526653051374e-04	1.000000000000000e+00	539	0	526
527	-3.140640069842153e+02 -2.436496844386906e+02  2.927125718539176e+03	 7.812928602409860e-03  7.187417048650484e-03 -6.255115537593763e-04	1.000000000000000e+00	539	0	527
528	-4.077757215128712e+02 -2.026007928089265e+02  3.061886324697596e+03	6.502809002995491e-03 8.497855626046658e-03 1.995046623051167e-03	1.000000000000000e+00	539	0	528
530	-2.236153586815537e+02 -7.647136321795113e+02  2.315613122495694e+03	-1.369828913205614e-02 -1.223847460156927e-02  1.459814530486862e-03	1.000000000000000e+00	539	0	530
531	4.456503320642926e+02 1.990033015672738e+02 2.645765824389496e+03	-4.679882433265448e-03  3.459139261394739e-03 -1.220743171870708e-03	1.000000000000000e+00	19	0	531
532	4.856485654211576e+02 3.161570122775423e+02 2.802917768456629e+03	-3.428414308776458e-03  2.412570562834541e-03 -1.015843745941917e-03	1.000000000000000e+00	19	0	532
533	 2.718415566001609e+02 -1.261369660450046e+02  2.146816781313085e+03	-6.969809454555312e-03  4.121635186796388e-03 -2.848174267758926e-03	1.000000000000000e+00	19	0	533
534	 2.767717531392922e+02 -2.754418131969446e+02  2.002442130700277e+03	-4.488719161599874e-03  1.986695919185877e-03 -2.502023242413998e-03	1.000000000000000e+00	19	0	534
535	4.748562830917354e+01 6.873433573873265e+02 1.246555347336211e+03	9.385914638793716e-03 1.020470438137030e-02 8.187897425765795e-04	1.000000000000000e+00	525	0	535
536	-2.166785731256943e+01  7.458437641247174e+02  1.374209239695345e+03	1.086866933231552e-02 1.114704847956697e-02 2.783791472514468e-04	1.000000000000000e+00	525	0	536
539	 1.000000000000000e+03 -2.284181647214636e+02  6.581427274842449e+02	-2.574455475652786e-18 -9.157021762803197e-03 -9.157021762803197e-03	1.000000000000000e+00	487	1	539
540	4.725172855898244e+02 3.365525164933012e+02 4.707328491615343e+02	9.263229672797024e-03 1.104127790313214e-02 1.778048230335117e-03	1.000000000000000e+00	525	0	540
541	3.423637243884788e+02 4.482226512592316e+02 7.125565451288103e+02	 9.716476381678756e-03  9.271296604614083e-03 -4.451797770646708e-04	1.000000000000000e+00	525	0	541
542	2.003349826975127e+02 5.801747730359660e+02 9.865374085965109e+02	8.378424681723118e-03 9.361829608678818e-03 9.834049269556997e-04	1.000000000000000e+00	525	0	542
543	4.025515811473756e+02 3.845610211048691e+02 5.887070582155511e+02	9.901177254505455e-03 1.041162561159581e-02 5.104483570903539e-04	1.000000000000000e+00	525	0	543
544	2.413220002273952e+02 1.681617708204251e+02 2.290647095207983e+03	-4.824612755328417e-03 -5.738940089941024e-04 -4.250718746334314e-03	1.000000000000000e+00	539	0	544
545	1.956512009180553e+02 2.586791454297133e+01 2.387270152176096e+03	-5.008201037223141e-03 -1.320891858388980e-03 -3.687309178834160e-03	1.000000000000000e+00	539	0	545
546	2.767210131529167e+02 5.192895161670945e+02 8.492661212722353e+02	8.982975821709260e-03 9.189554635668173e-03 2.065788139589133e-04	1.000000000000000e+00	525	0	546
547	4.513803965713871e+02 7.028526153689262e+02 2.391177338668032e+03	4.971446081375083e-04 2.112892727988462e-03 1.615748119850953e-03	1.000000000000000e+00	539	0	547
548	8.264145790825054e+02 8.223317740786026e+02 2.135622314866590e+03	1.058499716843168e-03 5.599610003021856e-03 4.541110286178688e-03	1.000000000000000e+00	539	0	548
549	 1.918719101531883e+02 -1.017457153408598e+02  2.511104491295061e+03	-5.014272406697273e-03 -2.489840146154165e-03 -2.524432260543108e-03	1.000000000000000e+00	539	0	549
551	-9.787171182856027e+02 -5.519910301293216e+01  3.621927040441299e+03	-5.348679842427373e-04  7.626188453286886e-04 -2.277508610859513e-04	1.000000000000000e+00	539	0	551
552	-3.030160410246012e+02  4.932217116876583e+02  2.935942872582752e+03	1.796294673113152e-04 5.985557218082249e-04 4.189262544969097e-04	7.500000000000000e-01	539	0	552
553	-8.472182125677476e+02 -1.271066205101303e+02  3.562335652220642e+03	-9.971540469753866e-04  2.319413567117105e-04  7.652126902636762e-04	1.000000000000000e+00	539	0	553
554	1.483811662825032e+02 1.592387640892149e+01 3.527304894014645e+03	5.515149096027017e-04 3.925627679564059e-04 9.440776775591075e-04	1.000000000000000e+00	539	0	554
558	 3.705652668635940e+02 -5.048734539265954e+02  2.722319006205765e+03	 5.413051073749860e-03  6.885308617105086e-03 -1.229835969085495e-02	1.000000000000000e+00	539	0	558
562	3.519006522690145e+02 4.281064158811510e+02 2.141281102188876e+03	-3.344408003613353e-03 -2.567383926361799e-04 -3.087669610977173e-03	1.000000000000000e+00	539	0	562
563	-7.227660227700250e+02 -1.372945000048275e+02  3.448071341917617e+03	 1.113840626203455e-04 -2.551771758589894e-04  1.437931059626862e-04	1.000000000000000e+00	539	0	563
564	1.500000000000000e+03 7.553638028719416e+02 2.670359977727334e+03	0.000000000000000e+00 0.000000000000000e+00 0.000000000000000e+00	1.000000000000000e+00	539	-1	350
568	 2.318537073556656e+02 -7.975391323049033e+02 -5.000000000000000e+02	0.000000000000000e+00 0.000000000000000e+00 0.000000000000000e+00	1.000000000000000e+00	453	-1	433
573	-1.760352773081906e+02  5.211979338203444e+02  2.836938330999028e+03	1.616191759239882e-03 4.152280976995826e-03 2.536089217755944e-03	7.500000000000000e-01	539	0	573
574	 3.085816683353751e+02 -4.478793813325380e+02  2.727308532139927e+03	 5.188834853470325e-03  6.143448874354362e-03 -1.133228372782469e-02	1.000000000000000e+00	539	0	574
575	 8.155073089832001e+00 -6.550850630831154e+02  3.234940809136047e+03	-5.198517193396887e-03 -1.461212600891789e-02  1.981064320231477e-02	1.000000000000000e+00	539	0	575
577	 3.033743926038213e+02 -1.500000000000000e+03  1.304486583361751e+03	0.000000000000000e+00 0.000000000000000e+00 0.000000000000000e+00	1.000000000000000e+00	19	-1	485
579	 1.824660129427169e+02 -3.854437935223791e+02  4.500000000000000e+03	0.000000000000000e+00 0.000000000000000e+00 0.000000000000000e+00	1.000000000000000e+00	497	-1	276
581	 1.500000000000000e+03 -2.284181647214636e+02  6.581427274842449e+02	0.000000000000000e+00 0.000000000000000e+00 0.000000000000000e+00	1.000000000000000e+00	487	-1	539
584	 3.800142834753353e+01 -7.854001476263147e+02  1.775531979124022e+03	 9.678676569213469e-03 -1.439999059463541e-02  4.721314025421937e-03	1.000000000000000e+00	55	0	584
585	8.744027460329144e+01 1.996933389096839e+01 3.470409459817480e+03	-3.816844643248866e-04  8.414552915686121e-04  4.597708272437254e-04	1.000000000000000e+00	539	0	585
589	-6.632238455184963e+02 -1.398096956207185e+02  3.391044360281979e+03	 3.958572876096393e-04 -5.153198774981623e-04  1.194625898885230e-04	1.000000000000000e+00	539	0	589
591	 1.296232224093305e+02 -7.274720982204376e+02  1.625982135656347e+03	 1.910988062930604e-02 -1.651434033798675e-02 -2.595540291319292e-03	1.000000000000000e+00	55	0	591
593	 3.258837393737829e+02 -8.934114739479500e+02  6.672656788839756e+02	 4.545028011004130e-03 -6.105075745532910e-03 -1.065010375653704e-02	1.000000000000000e+00	487	0	593
594	 2.531738404455030e+02 -3.928245231122042e+02  2.727661501809465e+03	 8.085969059417646e-03  5.101736324528853e-03 -1.318770538394650e-02	1.000000000000000e+00	539	0	594
595	 8.876990395792782e+02 -3.603324695781260e+02  6.385293830483042e+02	 6.506971549242734e-03 -6.464978214353322e-03 -1.297194976359606e-02	1.000000000000000e+00	487	0	595
596	-3.941142417328294e+02  1.500000000000000e+03  2.021211511398195e+03	0.000000000000000e+00 0.000000000000000e+00 0.000000000000000e+00	1.000000000000000e+00	539	-1	425
598	-2.966153168691952e+02  1.500000000000000e+03  1.903312935127253e+03	0.000000000000000e+00 0.000000000000000e+00 0.000000000000000e+00	1.000000000000000e+00	525	-1	520
600	 3.213162133745584e+01 -1.500000000000000e+03  1.824579774656196e+03	0.000000000000000e+00 0.000000000000000e+00 0.000000000000000e+00	1.000000000000000e+00	539	-1	323
602	9.613279837637831e+02 4.222664871229642e+02 2.570119649717774e+03	5.173041783564258e-03 4.225927259540184e-04 5.595634509518277e-03	5.625000000000000e-01	26	0	602
603	3.234018041171011e+02 6.644206740034964e+02 2.480723989756888e+03	6.107270795231063e-04 2.633842387391875e-03 2.023115307868769e-03	1.000000000000000e+00	539	0	603
604	 8.024013253627400e+01 -5.417577650711886e+02  3.945911908857634e+03	-7.462275175688168e-03 -1.703080643589298e-03  5.759194532098869e-03	1.000000000000000e+00	497	0	604
605	 1.908825038301270e+02 -2.317197924406044e+02  2.640089162071744e+03	-1.436252292478457e-03 -8.428097062278539e-04 -5.934425862506033e-04	7.500000000000000e-01	539	0	605
606	9.566445414337328e+02 4.376581599738346e+02 2.309298876262960e+03	 2.273430302739143e-02 -2.894039824604988e-02 -6.206095218658448e-03	1.000000000000000e+00	539	0	606
607	1.500000000000000e+03 4.606323524563110e+02 2.375628527311704e+03	0.000000000000000e+00 0.000000000000000e+00 0.000000000000000e+00	1.000000000000000e+00	539	-1	258
2	 0.000000000000000e+00  7.071067811865475e-01 -7.071067811865475e-01	 5.773502691896257e-01 -5.773502691896257e-01 -5.773502691896257e-01	-7.391622886003375e+02  7.391622886003375e+02  7.391622886003375e+02	1	0	0.000000000000000e+00	0.000000000000000e+00	0.000000000000000e+00
3	-7.071067811865475e-01  0.000000000000000e+00  7.071067811865475e-01	-5.773502691896257e-01  5.773502691896257e-01 -5.773502691896257e-01	 6.288536307352362e+02 -6.288536307352362e+02  6.288536307352362e+02	1	0	0.000000000000000e+00	0.000000000000000e+00	0.000000000000000e+00
4	0.000000000000000e+00 7.071067811865475e-01 7.071067811865475e-01	 5.773502691896257e-01 -5.773502691896257e-01  5.773502691896257e-01	 1.522636602155032e+03 -1.522636602155032e+03  1.522636602155032e+03	1	0	0.000000000000000e+00	0.000000000000000e+00	0.000000000000000e+00
5	 7.071067811865475e-01 -7.071067811865475e-01  0.000000000000000e+00	-5.773502691896257e-01 -5.773502691896257e-01  5.773502691896257e-01	-6.670373969193098e+02 -6.670373969193098e+02  6.670373969193098e+02	1	0	0.000000000000000e+00	0.000000000000000e+00	0.000000000000000e+00
7	-7.071067811865475e-01  7.071067811865475e-01  0.000000000000000e+00	-5.773502691896257e-01 -5.773502691896257e-01  5.773502691896257e-01	-3.955083929436755e+02 -3.955083929436755e+02  3.955083929436755e+02	1	0	0.000000000000000e+00	0.000000000000000e+00	0.000000000000000e+00
8	 0.000000000000000e+00 -7.071067811865475e-01 -7.071067811865475e-01	-5.773502691896257e-01  5.773502691896257e-01 -5.773502691896257e-01	 2.022325394193525e+02 -2.022325394193525e+02  2.022325394193525e+02	1	0	0.000000000000000e+00	0.000000000000000e+00	0.000000000000000e+00
9	-7.071067811865475e-01  0.000000000000000e+00  7.071067811865475e-01	-5.773502691896257e-01  5.773502691896257e-01 -5.773502691896257e-01	 7.132350399568309e+02 -7.132350399568309e+02  7.132350399568309e+02	1	0	0.000000000000000e+00	0.000000000000000e+00	0.000000000000000e+00
10	-7.071067811865475e-01 -7.071067811865475e-01  0.000000000000000e+00	-5.773502691896257e-01  5.773502691896257e-01  5.773502691896257e-01	-6.330962714223555e+02  6.330962714223555e+02  6.330962714223555e+02	1	0	0.000000000000000e+00	0.000000000000000e+00	0.000000000000000e+00
11	-7.071067811865475e-01 -7.071067811865475e-01  0.000000000000000e+00	0.000000000000000e+00 0.000000000000000e+00 0.000000000000000e+00	 2.192031021678290e+02 -4.907321061434644e+02  2.609224022578360e+03	1	1	0.000000000000000e+00	0.000000000000000e+00	0.000000000000000e+00
12	-7.071067811865475e-01 -7.071067811865475e-01  0.000000000000000e+00	-5.773502691896257e-01  5.773502691896257e-01  5.773502691896257e-01	-9.611938178929136e+02  9.611938178929136e+02  9.611938178929136e+02	1	0	0.000000000000000e+00	0.000000000000000e+00	0.000000000000000e+00
13	-7.071067811865475e-01  7.071067811865475e-01  0.000000000000000e+00	 5.773502691896257e-01  5.773502691896257e-01 -5.773502691896257e-01	-1.120999950441073e+03 -1.120999950441073e+03  1.120999950441073e+03	1	0	0.000000000000000e+00	0.000000000000000e+00	0.000000000000000e+00
14	-7.071067811865475e-01  7.071067811865475e-01  0.000000000000000e+00	0.000000000000000e+00 0.000000000000000e+00 0.000000000000000e+00	1.824335495461294e+02 3.747665940288736e+01 3.582910060272236e+03	1	1	0.000000000000000e+00	0.000000000000000e+00	0.000000000000000e+00
15	-7.071067811865475e-01  7.071067811865475e-01  0.000000000000000e+00	-5.773502691896257e-01 -5.773502691896257e-01  5.773502691896257e-01	-3.049987249517975e+02 -3.049987249517975e+02  3.049987249517975e+02	1	0	0.000000000000000e+00	0.000000000000000e+00	0.000000000000000e+00
16	 0.000000000000000e+00 -7.071067811865475e-01  7.071067811865475e-01	5.773502691896257e-01 5.773502691896257e-01 5.773502691896257e-01	1.080459161653044e+03 1.080459161653044e+03 1.080459161653044e+03	1	0	0.000000000000000e+00	0.000000000000000e+00	0.000000000000000e+00
17	 0.000000000000000e+00 -7.071067811865475e-01  7.071067811865475e-01	0.000000000000000e+00 0.000000000000000e+00 0.000000000000000e+00	 9.142890680742061e+02 -6.201326471006022e+02  2.947221063985530e+03	1	1	0.000000000000000e+00	0.000000000000000e+00	0.000000000000000e+00
18	 0.000000000000000e+00 -7.071067811865475e-01  7.071067811865475e-01	5.773502691896257e-01 5.773502691896257e-01 5.773502691896257e-01	8.626702730475879e+02 8.626702730475879e+02 8.626702730475879e+02	1	0	0.000000000000000e+00	0.000000000000000e+00	0.000000000000000e+00
19	 7.071067811865475e-01 -7.071067811865475e-01  0.000000000000000e+00	-5.773502691896257e-01 -5.773502691896257e-01 -5.773502691896257e-01	3.427110866150800e+02 3.427110866150800e+02 3.427110866150800e+02	1	0	0.000000000000000e+00	0.000000000000000e+00	0.000000000000000e+00
20	 7.071067811865475e-01 -7.071067811865475e-01  0.000000000000000e+00	0.000000000000000e+00 0.000000000000000e+00 0.000000000000000e+00	3.577960312803930e+02 7.283199846221450e+01 5.975052301026326e+02	1	1	0.000000000000000e+00	0.000000000000000e+00	0.000000000000000e+00
21	 7.071067811865475e-01 -7.071067811865475e-01  0.000000000000000e+00	-5.773502691896257e-01 -5.773502691896257e-01 -5.773502691896257e-01	6.128258770283411e+02 6.128258770283411e+02 6.128258770283411e+02	1	0	0.000000000000000e+00	0.000000000000000e+00	0.000000000000000e+00
22	-7.071067811865475e-01  0.000000000000000e+00 -7.071067811865475e-01	0.000000000000000e+00 0.000000000000000e+00 0.000000000000000e+00	1.000000000000000e+03 4.153257531310242e+02 4.000000000000000e+03	1	2	0.000000000000000e+00	0.000000000000000e+00	0.000000000000000e+00
23	-7.071067811865475e-01  0.000000000000000e+00 -7.071067811865475e-01	0.000000000000000e+00 0.000000000000000e+00 0.000000000000000e+00	1.000000000000000e+03 1.000000000000000e+03 3.415325753131025e+03	1	2	0.000000000000000e+00	0.000000000000000e+00	0.000000000000000e+00
25	-7.071067811865475e-01  0.000000000000000e+00  7.071067811865475e-01	0.000000000000000e+00 0.000000000000000e+00 0.000000000000000e+00	-1.000000000000000e+03 -1.000000000000000e+03  2.856711395993652e+03	1	2	0.000000000000000e+00	0.000000000000000e+00	0.000000000000000e+00
27	 0.000000000000000e+00  7.071067811865475e-01 -7.071067811865475e-01	0.000000000000000e+00 0.000000000000000e+00 0.000000000000000e+00	1.000000000000000e+03 1.000000000000000e+03 2.217486865801013e+03	1	2	0.000000000000000e+00	0.000000000000000e+00	0.000000000000000e+00
28	 0.000000000000000e+00  7.071067811865475e-01 -7.071067811865475e-01	0.000000000000000e+00 0.000000000000000e+00 0.000000000000000e+00	 1.000000000000000e+03 -7.825131341989875e+02  4.000000000000000e+03	1	2	0.000000000000000e+00	0.000000000000000e+00	0.000000000000000e+00
29	 0.000000000000000e+00  7.071067811865475e-01 -7.071067811865475e-01	0.000000000000000e+00 0.000000000000000e+00 0.000000000000000e+00	 7.825131341989878e+02 -1.000000000000000e+03  4.000000000000000e+03	1	2	0.000000000000000e+00	0.000000000000000e+00	0.000000000000000e+00
30	 0.000000000000000e+00  7.071067811865475e-01 -7.071067811865475e-01	0.000000000000000e+00 0.000000000000000e+00 0.000000000000000e+00	-3.285397703055186e-01 -1.000000000000000e+03  3.217158326030707e+03	1	2	0.000000000000000e+00	0.000000000000000e+00	0.000000000000000e+00
32	-7.071067811865475e-01  0.000000000000000e+00  7.071067811865475e-01	0.000000000000000e+00 0.000000000000000e+00 0.000000000000000e+00	 8.865608922057086e+02 -1.000000000000000e+03  0.000000000000000e+00	1	2	0.000000000000000e+00	0.000000000000000e+00	0.000000000000000e+00
33	-7.071067811865475e-01  0.000000000000000e+00  7.071067811865475e-01	0.000000000000000e+00 0.000000000000000e+00 0.000000000000000e+00	 1.915538433894954e+02 -1.000000000000000e+03  6.950070488162131e+02	1	2	0.000000000000000e+00	0.000000000000000e+00	0.000000000000000e+00
35	0.000000000000000e+00 7.071067811865475e-01 7.071067811865475e-01	0.000000000000000e+00 0.000000000000000e+00 0.000000000000000e+00	-2.523079795876995e+01 -1.000000000000000e+03  3.593140604423866e+03	1	2	0.000000000000000e+00	0.000000000000000e+00	0.000000000000000e+00
36	 7.071067811865475e-01 -7.071067811865475e-01  0.000000000000000e+00	0.000000000000000e+00 0.000000000000000e+00 0.000000000000000e+00	-1.000000000000000e+03  1.000000000000000e+03  2.001112190757930e+03	1	2	0.000000000000000e+00	0.000000000000000e+00	0.000000000000000e+00
37	 7.071067811865475e-01 -7.071067811865475e-01  0.000000000000000e+00	0.000000000000000e+00 0.000000000000000e+00 0.000000000000000e+00	-1.000000000000000e+03 -1.000000000000000e+03  1.112190757929056e+00	1	2	0.000000000000000e+00	0.000000000000000e+00	0.000000000000000e+00
39	 7.071067811865475e-01 -7.071067811865475e-01  0.000000000000000e+00	0.000000000000000e+00 0.000000000000000e+00 0.000000000000000e+00	-1.000000000000000e+03  4.343145750507622e+02  0.000000000000000e+00	1	2	0.000000000000000e+00	0.000000000000000e+00	0.000000000000000e+00
41	-7.071067811865475e-01  7.071067811865475e-01  0.000000000000000e+00	0.000000000000000e+00 0.000000000000000e+00 0.000000000000000e+00	1.000000000000000e+03 1.000000000000000e+03 3.186525178831027e+03	1	2	0.000000000000000e+00	0.000000000000000e+00	0.000000000000000e+00
42	-7.071067811865475e-01  7.071067811865475e-01  0.000000000000000e+00	0.000000000000000e+00 0.000000000000000e+00 0.000000000000000e+00	5.107720868132382e+02 1.000000000000000e+03 2.697297265644266e+03	1	2	0.000000000000000e+00	0.000000000000000e+00	0.000000000000000e+00
44	 0.000000000000000e+00 -7.071067811865475e-01 -7.071067811865475e-01	0.000000000000000e+00 0.000000000000000e+00 0.000000000000000e+00	1.000000000000000e+03 3.933023817419428e+02 0.000000000000000e+00	1	2	0.000000000000000e+00	0.000000000000000e+00	0.000000000000000e+00
45	 0.000000000000000e+00 -7.071067811865475e-01 -7.071067811865475e-01	0.000000000000000e+00 0.000000000000000e+00 0.000000000000000e+00	7.484790174335413e+02 1.417813991754834e+02 0.000000000000000e+00	1	2	0.000000000000000e+00	0.000000000000000e+00	0.000000000000000e+00
46	-7.071067811865475e-01  0.000000000000000e+00  7.071067811865475e-01	0.000000000000000e+00 0.000000000000000e+00 0.000000000000000e+00	 1.000000000000000e+03 -1.000000000000000e+03  1.397051198704921e+02	1	2	0.000000000000000e+00	0.000000000000000e+00	0.000000000000000e+00
47	-7.071067811865475e-01  0.000000000000000e+00  7.071067811865475e-01	0.000000000000000e+00 0.000000000000000e+00 0.000000000000000e+00	-1.000000000000000e+03 -1.000000000000000e+03  2.139705119870493e+03	1	2	0.000000000000000e+00	0.000000000000000e+00	0.000000000000000e+00
48	-7.071067811865475e-01  0.000000000000000e+00  7.071067811865475e-01	0.000000000000000e+00 0.000000000000000e+00 0.000000000000000e+00	-1.000000000000000e+03  2.438972590402780e+02  3.383602378910770e+03	1	2	0.000000000000000e+00	0.000000000000000e+00	0.000000000000000e+00
49	-7.071067811865475e-01  7.071067811865475e-01  0.000000000000000e+00	5.773502691896257e-01 5.773502691896257e-01 5.773502691896257e-01	8.626702730475879e+02 8.626702730475879e+02 8.626702730475879e+02	1	0	0.000000000000000e+00	0.000000000000000e+00	0.000000000000000e+00
50	 0.000000000000000e+00 -7.071067811865475e-01 -7.071067811865475e-01	-5.773502691896257e-01 -5.773502691896257e-01  5.773502691896257e-01	-1.120999950441073e+03 -1.120999950441073e+03  1.120999950441073e+03	1	0	0.000000000000000e+00	0.000000000000000e+00	0.000000000000000e+00
53	 7.071067811865475e-01 -7.071067811865475e-01  0.000000000000000e+00	5.773502691896257e-01 5.773502691896257e-01 5.773502691896257e-01	8.626702730475879e+02 8.626702730475879e+02 8.626702730475879e+02	1	0	0.000000000000000e+00	0.000000000000000e+00	0.000000000000000e+00
56	 7.071067811865475e-01 -7.071067811865475e-01  0.000000000000000e+00	-5.773502691896257e-01 -5.773502691896257e-01 -5.773502691896257e-01	-1.885618083164127e+02 -1.885618083164127e+02 -1.885618083164127e+02	1	0	0.000000000000000e+00	0.000000000000000e+00	0.000000000000000e+00
57	 7.071067811865475e-01 -7.071067811865475e-01  0.000000000000000e+00	0.000000000000000e+00 0.000000000000000e+00 0.000000000000000e+00	-1.000000000000000e+03  4.343145750507622e+02  0.000000000000000e+00	1	2	0.000000000000000e+00	0.000000000000000e+00	0.000000000000000e+00
61	 7.071067811865475e-01 -7.071067811865475e-01  0.000000000000000e+00	0.000000000000000e+00 0.000000000000000e+00 0.000000000000000e+00	-1.000000000000000e+03 -1.000000000000000e+03  1.112190757929056e+00	1	2	0.000000000000000e+00	0.000000000000000e+00	0.000000000000000e+00
65	 7.071067811865475e-01  0.000000000000000e+00 -7.071067811865475e-01	0.000000000000000e+00 0.000000000000000e+00 0.000000000000000e+00	 1.000000000000000e+03 -8.865608922057086e+02  0.000000000000000e+00	1	2	0.000000000000000e+00	0.000000000000000e+00	0.000000000000000e+00
67	 0.000000000000000e+00 -7.071067811865475e-01 -7.071067811865475e-01	0.000000000000000e+00 0.000000000000000e+00 0.000000000000000e+00	-4.320901935349040e+02 -1.000000000000000e+03  4.000000000000000e+03	1	2	0.000000000000000e+00	0.000000000000000e+00	0.000000000000000e+00
69	-7.071067811865475e-01  0.000000000000000e+00 -7.071067811865475e-01	-5.773502691896257e-01  5.773502691896257e-01  5.773502691896257e-01	-1.138441917710341e+03  1.138441917710341e+03  1.138441917710341e+03	1	0	0.000000000000000e+00	0.000000000000000e+00	0.000000000000000e+00
70	-7.071067811865475e-01  0.000000000000000e+00 -7.071067811865475e-01	0.000000000000000e+00 0.000000000000000e+00 0.000000000000000e+00	1.000000000000000e+03 1.000000000000000e+03 3.415325753131025e+03	1	2	0.000000000000000e+00	0.000000000000000e+00	0.000000000000000e+00
73	0.000000000000000e+00 7.071067811865475e-01 7.071067811865475e-01	0.000000000000000e+00 0.000000000000000e+00 0.000000000000000e+00	1.000000000000000e+03 1.000000000000000e+03 6.066976182580577e+02	1	2	0.000000000000000e+00	0.000000000000000e+00	0.000000000000000e+00
74	-7.071067811865475e-01  0.000000000000000e+00  7.071067811865475e-01	 5.773502691896257e-01 -5.773502691896257e-01  5.773502691896257e-01	 9.522371319978838e+02 -9.522371319978838e+02  9.522371319978838e+02	1	0	0.000000000000000e+00	0.000000000000000e+00	0.000000000000000e+00
75	-7.071067811865475e-01  0.000000000000000e+00  7.071067811865475e-01	0.000000000000000e+00 0.000000000000000e+00 0.000000000000000e+00	-1.000000000000000e+03 -1.000000000000000e+03  2.856711395993652e+03	1	2	0.000000000000000e+00	0.000000000000000e+00	0.000000000000000e+00
76	-7.071067811865475e-01  7.071067811865475e-01  0.000000000000000e+00	0.000000000000000e+00 0.000000000000000e+00 0.000000000000000e+00	1.000000000000000e+03 7.553638028719416e+02 2.670359977727334e+03	1	2	0.000000000000000e+00	0.000000000000000e+00	0.000000000000000e+00
69	0	1	1
22	1	0	1
22	0	205	-1
69	481	0	0
69	1	2	1
23	2	1	1
22	206	1	-1
23	1	206	-1
23	207	2	-1
70	2	207	-1
69	2	425	1
70	425	2	1
74	4	5	1
25	5	4	1
25	4	209	-1
74	359	4	0
25	210	5	-1
75	5	210	-1
74	5	323	1
75	323	5	1
2	7	8	1
27	8	7	1
27	7	212	-1
2	428	7	0
2	8	9	1
28	9	8	1
27	213	8	-1
28	8	213	-1
2	9	10	1
29	10	9	1
28	214	9	-1
29	9	214	-1
2	10	11	1
30	11	10	1
29	215	10	-1
30	10	215	-1
30	216	11	-1
2	11	429	0
3	13	14	1
32	14	13	1
32	13	218	-1
65	13	218	-1
3	539	13	1
65	539	13	1
3	14	15	1
33	15	14	1
32	219	14	-1
33	14	219	-1
33	220	15	-1
3	15	327	0
4	17	18	1
35	18	17	1
35	17	222	-1
67	17	222	-1
4	276	17	1
67	276	17	1
35	223	18	-1
4	18	329	0
5	19	20	1
36	20	19	1
36	19	224	-1
5	484	19	0
5	20	21	1
37	21	20	1
36	225	20	-1
37	20	225	-1
37	226	21	-1
61	21	226	-1
5	21	485	1
61	485	21	1
56	23	24	1
39	24	23	1
39	23	228	-1
56	432	23	0
39	229	24	-1
57	24	229	-1
56	24	433	1
57	433	24	1
7	26	27	1
41	27	26	1
41	26	231	-1
7	602	26	0
7	27	28	1
42	28	27	1
41	232	27	-1
42	27	232	-1
42	233	28	-1
7	28	335	0
8	30	31	1
44	31	30	1
44	30	235	-1
73	30	235	-1
8	520	30	1
73	520	30	1
8	31	32	1
45	32	31	1
44	236	31	-1
45	31	236	-1
45	237	32	-1
8	32	487	0
9	33	34	1
46	34	33	1
46	33	238	-1
9	436	33	0
9	34	35	1
47	35	34	1
46	239	34	-1
47	34	239	-1
9	35	36	1
48	36	35	1
47	240	35	-1
48	35	240	-1
48	241	36	-1
9	36	437	0
10	37	38	0
11	38	37	0
11	37	40	0
10	340	37	0
11	39	38	0
10	38	341	0
11	40	39	0
12	39	40	0
12	342	39	0
12	40	343	0
10	41	344	0
10	345	41	0
12	42	346	0
12	347	42	0
13	43	44	0
14	44	43	0
14	43	46	0
13	348	43	0
14	45	44	0
13	44	452	0
14	46	45	0
15	45	46	0
15	350	45	0
15	46	351	0
15	48	354	0
15	355	48	0
16	49	50	0
17	50	49	0
17	49	52	0
16	356	49	0
17	51	50	0
16	50	357	0
17	52	51	0
18	51	52	0
18	358	51	0
18	52	551	0
16	53	360	0
16	361	53	0
18	54	362	0
18	363	54	0
19	55	56	0
20	56	55	0
20	55	58	0
19	364	55	0
20	57	56	0
19	56	365	0
20	58	57	0
21	57	58	0
21	366	57	0
21	58	367	0
19	59	368	0
19	369	59	0
21	60	370	0
21	371	60	0
22	205	206	-1
23	206	207	-1
70	207	596	-1
25	209	210	-1
75	210	600	-1
27	212	213	-1
28	213	214	-1
29	214	215	-1
30	215	216	-1
32	218	219	-1
65	218	581	-1
33	219	220	-1
35	222	223	-1
67	222	579	-1
36	224	225	-1
37	225	226	-1
61	226	577	-1
39	228	229	-1
57	229	568	-1
41	231	232	-1
42	232	233	-1
44	235	236	-1
73	235	598	-1
45	236	237	-1
46	238	239	-1
47	239	240	-1
48	240	241	-1
69	242	488	0
69	489	242	0
13	243	256	0
74	256	243	0
13	353	243	0
74	243	527	0
2	244	545	0
2	549	244	0
3	245	378	0
3	379	245	0
4	381	246	0
4	246	604	0
5	247	492	0
5	493	247	0
56	248	446	0
56	447	248	0
7	249	386	0
7	387	249	0
8	250	494	0
8	542	250	0
9	439	251	0
9	251	450	0
10	252	392	0
10	393	252	0
10	253	315	0
10	394	253	0
12	254	396	0
12	397	254	0
12	398	255	0
12	255	399	0
13	256	400	0
74	530	256	0
13	402	257	0
13	257	403	0
15	258	350	1
76	350	258	1
15	606	258	0
76	258	607	-1
15	406	259	0
15	259	407	0
16	260	408	0
16	409	260	0
16	410	261	0
16	261	411	0
18	413	262	0
2	413	262	0
18	262	594	0
2	262	605	0
18	414	263	0
18	263	415	0
19	264	584	0
19	591	264	0
19	418	265	0
19	265	419	0
21	266	420	0
21	421	266	0
21	422	267	0
21	267	423	0
13	268	402	0
69	268	452	0
13	452	268	0
50	452	268	0
69	453	268	0
50	268	585	0
69	496	269	0
69	269	497	0
74	500	271	0
74	271	501	0
2	272	460	0
2	562	272	0
3	378	274	0
3	274	595	0
3	275	379	0
3	593	275	0
4	380	276	0
67	579	276	-1
4	329	277	0
4	277	381	0
5	278	502	0
5	503	278	0
5	504	279	0
5	279	505	0
56	280	468	0
56	469	280	0
56	470	281	0
56	281	471	0
7	386	282	0
7	282	602	0
7	335	283	0
7	283	387	0
8	284	506	0
8	507	284	0
8	540	285	0
8	285	543	0
9	286	476	0
9	547	286	0
9	478	287	0
9	287	479	0
10	288	340	0
10	392	288	0
10	341	289	0
10	289	394	0
12	290	342	0
12	396	290	0
12	343	291	0
12	291	398	0
10	344	292	0
10	292	393	0
10	315	293	0
10	293	345	0
12	346	294	0
12	294	397	0
12	295	347	0
12	399	295	0
13	296	348	0
13	400	296	0
15	351	299	0
15	299	406	0
13	301	353	0
13	403	301	0
15	354	302	0
15	302	405	0
15	303	355	0
15	407	303	0
16	304	356	0
16	408	304	0
16	357	305	0
16	305	410	0
18	306	358	0
18	412	306	0
18	359	307	0
74	307	359	0
49	359	307	0
18	307	414	0
74	414	307	0
53	414	307	0
49	307	553	0
53	307	563	0
16	360	308	0
16	308	409	0
16	309	361	0
16	411	309	0
18	310	413	0
18	575	310	0
18	311	363	0
18	415	311	0
19	312	364	0
19	416	312	0
19	365	313	0
19	313	418	0
21	314	366	0
21	420	314	0
21	367	315	0
21	315	422	0
19	368	316	0
19	316	417	0
19	317	369	0
19	419	317	0
21	370	318	0
21	318	421	0
21	319	371	0
21	423	319	0
69	320	508	0
69	509	320	0
69	510	321	0
69	321	511	0
74	323	515	0
75	600	323	-1
2	324	428	0
2	460	324	0
3	326	539	0
3	595	326	0
3	327	593	0
5	330	516	0
5	517	330	0
5	518	331	0
5	331	519	0
56	332	432	0
56	468	332	0
56	433	333	0
56	333	470	0
8	336	520	0
8	521	336	0
8	337	474	0
8	522	337	0
9	476	338	0
9	338	548	0
9	437	339	0
9	339	478	0
76	564	350	-1
18	551	359	0
49	553	359	0
18	362	575	0
69	523	372	0
69	372	524	0
69	373	439	0
69	526	373	0
74	527	374	0
74	374	528	0
2	376	461	0
2	544	376	0
4	604	380	0
5	531	382	0
5	382	532	0
5	383	533	0
5	534	383	0
56	446	384	0
56	384	469	0
56	385	447	0
56	471	385	0
8	535	388	0
8	388	536	0
8	541	389	0
8	389	546	0
9	450	390	0
9	390	603	0
9	552	391	0
9	391	573	0
15	405	606	0
18	558	412	0
2	429	413	0
74	499	414	0
53	589	414	0
19	584	416	0
19	417	591	0
69	424	481	0
69	508	424	0
69	425	510	0
70	596	425	-1
5	430	484	0
5	516	430	0
5	485	431	0
5	431	518	0
57	568	433	-1
8	487	435	0
8	435	522	0
9	548	436	0
69	488	438	0
69	438	523	0
69	439	489	0
9	573	439	0
2	442	544	0
2	545	442	0
2	443	549	0
2	605	443	0
5	492	444	0
5	444	531	0
5	445	493	0
5	533	445	0
8	494	448	0
8	448	535	0
8	449	542	0
8	546	449	0
69	452	509	0
50	554	452	0
69	524	453	0
69	454	496	0
69	511	454	0
69	497	455	0
69	455	526	0
74	457	499	0
74	528	457	0
74	458	500	0
74	515	458	0
74	501	459	0
74	459	530	0
2	461	562	0
5	502	464	0
5	464	517	0
5	465	503	0
5	532	465	0
5	466	504	0
5	519	466	0
5	505	467	0
5	467	534	0
8	506	472	0
8	472	521	0
8	473	507	0
8	536	473	0
8	474	540	0
8	475	541	0
8	543	475	0
9	477	547	0
9	603	477	0
9	479	552	0
61	577	485	-1
73	598	520	-1
65	581	539	-1
50	585	554	0
18	574	558	0
53	563	589	0
76	607	564	-1
18	594	574	0
